0,352
81,178,188
82,175,194
83,173,197
84,171,200
85,170,202
86,170,205
87,170,208
88,170,210
89,170,212
90,170,214
91,171,215
92,172,217
93,172,219
94,173,220
95,174,221
96,175,222
97,176,223
98,177,224
99,178,225
100,179,225
101,180,225
102,181,226
103,182,226
104,182,226
105,183,225
106,184,225
107,184,225
108,185,225
109,186,224
110,186,224
111,187,224
112,187,224
113,187,223
114,188,223
115,188,223
116,188,223
117,189,222
118,189,222
119,189,222
120,189,222
121,189,222
122,190,222
123,190,221
124,190,221
125,190,221
126,190,221
127,190,221
128,190,221
129,190,220
130,190,220
131,190,220
132,190,220
133,190,220
134,191,220
135,191,219
136,191,219
137,191,219
138,191,219
139,191,219
140,191,219
141,191,219
142,191,219
143,191,219
144,191,219
145,191,219
146,191,219
147,191,219
148,191,219
149,191,219
150,191,219
151,191,219
152,192,219
153,192,219
154,192,219
155,192,219
156,192,219
157,192,219
158,192,219
159,192,219
160,192,219
161,192,219
162,192,219
163,192,219
164,192,219
165,192,219
166,192,219
167,192,219
168,192,219
169,192,219
170,192,219
171,192,219
172,192,219
173,192,219
174,192,219
175,192,219
176,192,219
177,192,219
178,192,219
179,192,219
180,193,219
181,193,219
182,193,219
183,193,219
184,193,219
185,193,219
186,193,219
187,193,219
188,193,220
189,193,220
190,193,220
191,193,220
192,193,220
193,193,220
194,193,220
195,193,220
196,193,220
197,193,220
198,193,220
199,193,220
200,193,220
201,193,220
202,193,220
203,193,220
204,193,220
205,193,220
206,193,220
207,193,220
208,193,220
209,193,220
210,193,220
211,193,220
212,193,220
213,193,220
214,193,220
215,193,220
216,193,220
217,193,220
218,192,220
219,192,220
220,192,220
221,192,220
222,192,220
223,192,220
224,192,220
225,192,220
226,192,220
227,192,220
228,192,220
229,192,220
230,192,220
231,192,220
232,192,219
233,192,219
234,192,219
235,192,219
236,192,219
237,192,219
238,192,219
239,191,219
240,191,219
241,191,219
242,191,219
243,191,219
244,191,219
245,191,218
246,191,218
247,191,218
248,191,218
249,191,218
250,191,218
251,191,218
252,191,218
253,190,218
254,190,218
255,190,217
256,190,217
257,190,217
258,190,217
259,190,217
260,190,217
261,190,217
262,189,217
263,189,216
264,189,216
265,189,216
266,189,216
267,189,216
268,189,216
269,189,216
270,189,215
271,189,215
272,188,215
273,188,215
274,188,215
275,188,215
276,188,215
277,188,214
278,188,214
279,188,214
280,188,214
281,187,214
282,187,214
283,187,213
284,187,213
285,187,213
286,187,213
287,186,213
288,186,213
289,186,212
290,186,212
291,186,212
292,186,212
293,185,212
294,185,212
295,185,211
296,185,211
297,185,211
298,184,211
299,184,211
300,184,210
301,184,210
302,184,210
303,183,210
304,183,210
305,183,209
306,183,209
307,182,209
308,182,209
309,182,209
310,182,208
311,181,208
312,181,208
313,181,208
314,180,207
315,180,207
316,180,207
317,179,207
318,179,207
319,179,206
320,178,206
321,178,206
322,178,205
323,177,205
324,177,205
325,177,204
326,176,204
327,176,204
328,175,204
329,175,203
330,174,203
331,174,203
332,174,202
333,173,202
334,173,202
335,172,201
336,172,201
337,171,201
338,171,200
339,170,200
340,170,199
341,169,199
342,169,198
343,168,198
344,167,198
345,167,197
346,166,197
347,166,196
348,165,196
349,164,195
350,164,195
351,163,194
352,163,194
353,162,193
354,161,193
355,161,192
356,160,192
357,159,191
358,159,190
359,158,190
360,157,189
361,156,188
362,156,188
363,155,187
364,154,187
365,154,186
366,153,185
367,152,185
368,151,184
369,150,183
370,149,182
371,149,181
372,148,181
373,147,180
374,146,179
375,145,178
376,144,177
377,143,176
378,142,175
379,141,175
380,140,173
381,139,173
382,138,172
383,137,171
384,136,170
385,135,169
386,134,167
387,133,166
388,132,165
389,131,164
390,130,163
391,129,162
392,127,161
393,126,159
394,125,158
395,124,157
396,123,156
397,121,155
398,120,153
399,119,152
400,118,151
401,116,149
402,115,148
403,114,146
404,112,145
405,111,143
406,110,142
407,108,141
408,107,139
409,106,137
410,104,136
411,103,134
412,101,133
413,100,131
414,98,129
415,97,128
416,96,126
417,94,124
418,93,122
419,91,120
420,90,118
421,88,116
422,87,114
423,85,112
424,84,109
425,82,107
426,80,104
427,79,102
428,78,99
429,77,96
430,76,94
431,77,90
432,81,85
0,0
0,54
160,108,108
161,105,113
162,103,118
163,102,122
164,102,125
165,102,129
166,102,132
167,102,135
168,102,138
169,103,140
170,103,143
171,104,146
172,104,148
173,105,150
174,106,152
175,107,153
176,108,155
177,109,156
178,110,157
179,111,158
180,112,159
181,113,160
182,114,160
183,116,161
184,117,162
185,118,162
186,119,162
187,121,163
188,122,163
189,123,163
190,124,164
191,125,164
192,126,164
193,127,164
194,129,165
195,130,165
196,131,165
197,132,165
198,133,165
199,134,165
200,135,165
201,136,165
202,137,165
203,138,165
204,139,165
205,141,165
206,142,165
207,143,164
208,144,164
209,145,163
210,146,163
211,148,162
212,149,161
213,152,159
0,0
1,137
63,305,312
64,303,313
65,303,314
66,302,315
67,302,316
68,301,317
69,301,317
70,301,318
71,300,318
72,300,319
73,300,319
74,300,320
75,300,320
76,299,321
77,299,321
78,299,321
79,298,322
80,298,322
81,298,323
82,297,323
83,297,323
84,297,324
85,296,324
86,296,325
87,296,325
88,295,325
89,295,325
90,294,326
91,294,326
92,294,326
93,293,327
94,293,327
95,292,327
96,292,327
97,291,328
98,291,328
99,291,328
100,290,328
101,290,328
102,289,328
103,289,328
104,288,328
105,288,327
106,288,327
107,287,327
108,287,326
109,286,326
110,286,325
111,285,324
112,285,322
113,285,321
114,284,320
115,284,319
116,283,318
117,283,317
118,282,316
119,282,315
120,281,314
121,281,313
122,280,312
123,280,311
124,279,311
125,279,310
126,278,309
127,278,308
128,277,307
129,277,306
130,276,305
131,276,305
132,276,304
133,275,303
134,275,302
135,274,301
136,274,301
137,273,300
138,273,299
139,272,298
140,272,298
141,271,297
142,271,296
143,270,295
144,270,295
145,269,294
146,269,293
147,268,293
148,268,292
149,267,291
150,267,290
151,266,290
152,266,289
153,265,288
154,265,287
155,264,287
156,264,286
157,263,285
158,263,285
159,262,284
160,262,283
161,261,282
162,261,282
163,260,281
164,260,280
165,259,279
166,259,279
167,258,278
168,258,277
169,257,276
170,257,276
171,256,275
172,256,274
173,255,273
174,255,273
175,254,272
176,253,271
177,253,270
178,253,270
179,252,269
180,251,268
181,251,267
182,250,267
183,250,266
184,249,265
185,249,264
186,248,263
187,248,263
188,247,262
189,247,261
190,246,260
191,246,259
192,246,258
193,245,257
194,245,256
195,245,255
196,245,254
197,246,253
198,246,252
199,247,250
0,0
0,329
44,272,272
45,265,276
46,262,279
47,261,282
48,260,285
49,259,288
50,259,290
51,259,292
52,259,294
53,259,296
54,260,297
55,260,299
56,261,300
57,261,301
58,262,303
59,263,304
60,264,305
61,265,306
62,265,307
63,266,308
64,267,309
65,267,310
66,268,310
67,268,311
68,268,311
69,269,312
70,269,312
71,270,312
72,270,313
73,270,313
74,271,313
75,271,313
76,271,313
77,271,313
78,271,312
79,271,312
80,271,312
81,271,311
82,271,311
83,271,310
84,271,310
85,271,310
86,271,309
87,271,309
88,271,309
89,271,308
90,272,308
91,272,308
92,272,308
93,272,307
94,272,307
95,272,307
96,272,307
97,272,306
98,272,306
99,272,306
100,272,306
101,272,306
102,272,305
103,272,305
104,272,305
105,272,305
106,271,304
107,271,304
108,271,304
109,271,304
110,271,304
111,271,303
112,271,303
113,271,303
114,271,303
115,271,303
116,271,302
117,271,302
118,271,302
119,271,302
120,271,302
121,271,302
122,271,301
123,271,301
124,271,301
125,271,301
126,271,301
127,271,301
128,271,300
129,271,300
130,271,300
131,271,300
132,271,300
133,271,300
134,271,300
135,271,299
136,271,299
137,271,299
138,271,299
139,271,299
140,270,299
141,270,299
142,270,299
143,270,298
144,270,298
145,270,298
146,270,298
147,270,298
148,270,298
149,270,298
150,270,298
151,270,297
152,270,297
153,270,297
154,270,297
155,270,297
156,270,297
157,270,297
158,270,297
159,270,297
160,270,297
161,270,296
162,270,296
163,270,296
164,270,296
165,269,296
166,269,296
167,269,296
168,269,296
169,269,296
170,269,296
171,269,296
172,269,296
173,269,295
174,269,295
175,269,295
176,269,295
177,269,295
178,269,295
179,269,295
180,269,295
181,269,295
182,269,295
183,269,295
184,269,295
185,269,295
186,269,295
187,268,294
188,268,294
189,268,294
190,268,294
191,268,294
192,268,294
193,268,294
194,268,294
195,268,294
196,268,294
197,268,294
198,268,294
199,268,294
200,268,294
201,268,293
202,268,293
203,268,293
204,268,293
205,268,293
206,268,293
207,268,293
208,268,293
209,268,293
210,268,293
211,268,293
212,268,293
213,267,293
214,267,293
215,267,293
216,267,293
217,267,293
218,267,292
219,267,292
220,267,292
221,267,292
222,267,292
223,267,292
224,267,292
225,267,292
226,267,292
227,267,292
228,267,292
229,267,292
230,267,292
231,267,292
232,267,292
233,267,292
234,267,292
235,267,292
236,267,292
237,267,292
238,267,291
239,267,291
240,267,291
241,267,291
242,267,291
243,267,291
244,267,291
245,267,291
246,267,291
247,267,291
248,267,291
249,267,291
250,267,291
251,267,291
252,267,291
253,267,291
254,267,291
255,267,291
256,267,291
257,267,291
258,267,291
259,267,291
260,267,291
261,267,291
262,267,291
263,267,291
264,267,290
265,267,290
266,267,290
267,267,290
268,267,290
269,267,290
270,267,290
271,267,290
272,267,290
273,267,290
274,267,290
275,267,290
276,267,290
277,267,290
278,267,290
279,267,290
280,267,290
281,267,290
282,267,290
283,267,290
284,267,290
285,267,290
286,267,290
287,267,290
288,267,290
289,267,290
290,267,290
291,267,290
292,267,290
293,267,290
294,267,290
295,267,290
296,267,290
297,267,290
298,267,290
299,267,290
300,267,290
301,267,290
302,267,290
303,267,290
304,267,290
305,267,290
306,267,290
307,267,290
308,267,290
309,268,291
310,268,291
311,268,291
312,268,291
313,268,291
314,268,291
315,268,291
316,268,291
317,268,291
318,268,291
319,268,291
320,268,291
321,268,291
322,268,291
323,268,291
324,268,291
325,268,291
326,268,292
327,269,292
328,269,292
329,269,292
330,269,292
331,269,292
332,269,292
333,269,292
334,269,292
335,269,292
336,269,292
337,269,292
338,269,293
339,269,293
340,269,293
341,270,293
342,270,293
343,270,293
344,270,293
345,270,293
346,270,293
347,270,293
348,270,294
349,270,294
350,270,294
351,270,294
352,270,294
353,271,294
354,271,294
355,271,294
356,271,294
357,271,295
358,271,295
359,271,295
360,271,295
361,271,295
362,272,295
363,272,296
364,272,296
365,272,296
366,272,296
367,272,295
368,273,291
369,273,286
370,273,282
371,273,278
372,273,273
1,241
273,372,373
274,372,379
275,372,382
276,372,386
277,372,389
278,371,391
279,371,394
280,371,395
281,371,397
282,370,398
283,370,399
284,370,401
285,370,402
286,369,403
287,369,404
288,369,405
289,369,406
290,369,407
291,368,408
292,368,408
293,368,409
294,368,410
295,367,411
296,367,412
297,367,412
298,370,413
299,373,414
300,375,414
301,377,415
302,379,416
303,381,416
304,383,417
305,384,417
306,386,418
307,387,418
308,388,419
309,389,419
310,390,419
311,391,420
312,392,420
313,392,421
314,393,421
315,394,421
316,394,422
317,395,422
318,396,422
319,396,423
320,397,423
321,397,423
322,398,424
323,398,424
324,398,424
325,399,425
326,399,425
327,400,425
328,400,425
329,400,426
330,401,426
331,401,426
332,401,426
333,401,427
334,402,427
335,402,427
336,402,427
337,402,427
338,402,428
339,403,428
340,403,428
341,403,428
342,403,428
343,403,429
344,403,429
345,403,429
346,404,429
347,404,429
348,404,429
349,404,429
350,404,430
351,404,430
352,404,430
353,404,430
354,405,430
355,405,430
356,405,430
357,405,431
358,405,431
359,405,431
360,405,431
361,405,431
362,405,431
363,405,431
364,405,431
365,405,431
366,405,431
367,405,431
368,405,432
369,405,432
370,405,432
371,405,410
371,405,432
372,405,410
372,405,432
373,405,410
373,405,432
374,405,410
374,405,432
375,405,410
375,405,432
376,405,410
376,405,432
377,405,410
377,405,432
378,405,410
378,405,432
379,405,410
379,405,432
380,405,410
380,405,432
381,405,410
381,405,432
382,405,410
382,405,432
383,405,410
383,405,433
384,405,410
384,405,433
385,405,410
385,405,433
386,405,410
386,405,433
387,405,410
387,405,433
388,405,410
388,404,433
389,405,410
389,404,433
390,405,410
390,404,433
391,405,410
391,404,433
392,405,410
392,404,433
393,405,410
393,404,433
394,405,410
394,404,433
395,405,410
395,404,433
396,405,410
396,404,433
397,405,410
397,403,433
398,405,410
398,403,433
399,405,410
399,403,433
400,405,410
400,403,433
401,405,410
401,403,433
402,405,410
402,403,433
403,405,410
403,402,433
404,405,410
404,402,433
405,405,410
405,402,433
406,405,410
406,402,433
407,405,410
407,401,433
408,405,410
408,401,432
409,405,410
409,401,432
410,405,410
410,401,432
411,405,410
411,400,432
412,405,410
412,400,432
413,405,410
413,400,432
414,405,410
414,399,432
415,405,410
415,399,432
416,405,410
416,398,432
417,405,410
417,398,432
418,405,410
418,397,432
419,397,431
420,396,431
421,395,431
422,394,431
423,393,431
424,393,431
425,394,430
426,394,430
427,395,430
428,395,430
429,396,430
430,396,430
431,397,429
432,398,429
433,398,429
434,399,429
435,399,428
436,400,428
437,400,428
438,401,428
439,402,427
440,402,427
441,403,427
442,403,427
443,404,426
444,404,426
445,405,426
446,406,425
447,406,425
448,407,425
449,407,424
450,408,424
451,408,424
452,409,423
453,410,423
454,410,422
455,411,422
456,411,422
457,412,421
458,412,421
459,413,420
460,414,420
461,414,419
462,415,419
463,415,418
464,416,418
465,416,417
0,105
417,466,466
416,464,467
415,462,468
414,461,468
413,459,469
412,457,469
411,455,470
410,454,470
409,452,470
408,450,471
407,448,471
406,447,471
405,445,471
404,443,471
403,441,471
402,440,471
401,438,471
400,436,471
399,434,470
398,433,470
397,431,470
396,429,470
395,427,469
394,426,469
393,424,469
392,424,469
391,424,468
390,425,468
389,426,468
388,426,467
387,427,467
386,427,467
385,427,466
384,428,466
383,428,465
382,429,465
381,429,465
380,429,464
379,430,464
378,430,464
377,430,463
376,431,463
375,431,463
374,431,462
373,432,462
372,432,462
371,432,461
370,432,461
369,433,461
368,433,461
367,433,460
366,433,460
365,434,460
364,434,460
363,434,459
362,434,459
361,435,459
360,435,459
359,435,459
358,435,458
357,435,458
356,436,458
355,436,458
354,436,458
353,436,458
352,436,457
351,437,457
350,437,457
349,437,457
348,437,457
347,438,457
346,438,457
345,438,456
344,438,456
343,438,456
342,439,456
341,439,456
340,439,456
339,439,456
338,440,456
337,440,456
336,440,455
335,440,455
334,440,455
333,441,455
332,441,455
331,441,455
330,441,455
329,442,455
328,442,455
327,442,455
326,442,455
325,443,455
324,443,455
323,443,455
322,443,455
321,444,455
320,444,454
319,444,454
318,444,454
317,445,453
316,445,452
315,445,452
314,446,451
313,447,449
0,0
0,103
123,367,372
124,365,375
125,364,378
126,363,380
127,363,382
128,363,383
129,363,385
130,363,386
131,363,388
132,363,389
133,363,391
134,363,392
135,363,393
136,363,394
137,363,395
138,363,396
139,362,397
140,362,398
141,361,399
142,361,400
143,360,401
144,360,401
145,359,402
146,358,403
147,357,403
148,357,404
149,356,405
150,355,405
151,354,405
152,353,405
153,353,405
154,352,405
155,351,405
156,350,404
157,349,403
158,348,402
159,348,401
160,347,398
161,346,396
162,345,393
163,344,391
164,343,389
165,342,387
166,342,385
167,341,383
168,340,381
169,339,380
170,338,378
171,337,377
172,336,375
173,335,374
174,334,372
175,333,371
176,332,369
177,331,368
178,330,366
179,329,364
180,328,363
181,327,361
182,326,360
183,325,358
184,324,357
185,322,355
186,321,354
187,320,353
188,319,351
189,318,350
190,317,348
191,316,347
192,315,345
193,314,344
194,313,342
195,312,341
196,310,339
197,309,338
198,308,336
199,307,335
200,306,333
201,305,332
202,304,330
203,303,328
204,302,327
205,301,325
206,300,323
207,299,322
208,298,320
209,296,318
210,295,317
211,294,315
212,293,313
213,292,311
214,291,310
215,290,308
216,289,306
217,288,304
218,287,302
219,286,301
220,286,299
221,285,297
222,285,295
223,285,293
224,286,291
225,288,288
0,0
1,123
287,244,248
288,243,251
289,242,253
290,243,254
291,243,255
292,243,256
293,243,256
294,244,257
295,244,257
296,244,258
297,244,258
298,245,259
299,245,260
300,245,260
301,245,261
302,245,261
303,246,262
304,246,262
305,246,263
306,246,264
307,247,264
308,247,265
309,247,265
310,247,266
311,248,266
312,248,267
313,248,268
314,249,268
315,249,269
316,249,269
317,249,270
318,250,271
319,250,271
320,250,272
321,250,272
322,251,273
323,251,274
324,251,274
325,252,275
326,252,275
327,252,276
328,252,277
329,253,277
330,253,278
331,253,279
332,253,279
333,254,280
334,254,280
335,254,281
336,255,282
337,255,282
338,255,283
339,255,284
340,256,284
341,256,285
342,256,285
343,257,286
344,257,287
345,257,287
346,258,288
347,258,289
348,258,289
349,259,290
350,259,291
351,259,291
352,259,292
353,260,292
354,260,293
355,260,294
356,261,294
357,261,295
358,262,296
359,262,296
360,262,297
361,263,298
362,263,298
363,263,299
364,264,300
365,264,300
366,264,301
367,265,302
368,265,302
369,266,303
370,266,304
371,266,304
372,267,305
373,267,306
374,268,306
375,268,307
376,269,308
377,269,308
378,269,309
379,270,310
380,270,310
381,271,311
382,271,312
383,272,313
384,272,313
385,273,314
386,274,315
387,274,315
388,275,316
389,275,317
390,276,317
391,277,318
392,278,318
393,279,319
394,280,319
395,281,320
396,282,320
397,283,320
398,285,320
399,286,321
400,287,320
401,289,320
402,291,320
403,292,319
404,294,319
405,296,318
406,298,317
407,300,316
408,303,314
409,307,311
0,0
