1,166
88,112,114
89,111,115
90,110,116
91,110,116
92,109,117
93,109,117
94,108,118
95,108,119
96,108,119
97,108,119
98,107,120
99,107,120
100,107,121
101,107,121
102,107,122
103,107,122
104,106,122
105,106,123
106,106,123
107,106,123
108,106,123
109,106,124
110,105,124
111,105,124
112,105,124
113,105,125
114,105,125
115,105,125
116,105,125
117,104,125
118,104,126
119,104,126
120,104,126
121,104,126
122,104,126
123,103,126
124,103,126
125,103,126
126,103,127
127,103,126
128,103,126
129,102,126
130,102,126
131,102,126
132,102,126
133,101,126
134,101,126
135,101,126
136,101,125
137,101,125
138,100,125
139,100,125
140,100,125
141,100,125
142,100,125
143,99,124
144,99,124
145,99,124
146,99,124
147,98,123
148,98,123
149,98,123
150,98,122
151,97,122
152,97,122
153,97,122
154,97,121
155,96,121
156,96,121
157,96,121
158,95,120
159,95,120
160,95,120
161,95,120
162,94,119
163,94,119
164,94,119
165,93,119
166,93,119
167,93,118
168,92,118
169,92,118
170,92,118
171,92,117
172,91,117
173,91,117
174,91,117
175,90,116
176,90,116
177,90,116
178,89,116
179,89,115
180,89,115
181,88,115
182,88,115
183,88,114
184,87,114
185,87,114
186,87,114
187,86,113
188,86,113
189,86,113
190,85,113
191,85,112
192,84,112
193,84,112
194,84,112
195,83,111
196,83,111
197,83,111
198,82,111
199,82,110
200,81,110
201,81,110
202,81,110
203,80,109
204,80,109
205,79,109
206,79,109
207,79,108
208,79,108
209,78,108
210,78,108
211,78,107
212,78,107
213,78,107
214,77,107
215,77,106
216,77,106
217,77,106
218,77,106
219,77,105
220,77,105
221,77,105
222,77,105
223,76,104
224,77,104
225,77,104
226,77,104
227,77,103
228,77,103
229,77,103
230,77,102
231,78,102
232,78,102
233,78,102
234,78,101
235,78,101
236,79,101
237,79,100
238,79,100
239,79,100
240,80,100
241,80,99
242,80,99
243,81,99
244,81,98
245,81,98
246,82,98
247,82,97
248,83,97
249,83,96
250,84,96
251,85,95
252,86,94
253,88,92
0,0
1,239
29,243,246
30,241,248
31,240,249
32,239,250
33,239,251
34,238,252
35,238,253
36,238,254
37,237,254
38,237,255
39,237,255
40,237,256
41,237,257
42,237,257
43,237,258
44,236,258
45,236,259
46,236,259
47,236,260
48,236,260
49,236,260
50,236,261
51,236,261
52,235,261
53,235,262
54,235,262
55,235,262
56,235,262
57,235,263
58,235,263
59,235,263
60,235,263
61,234,263
62,234,263
63,234,263
64,234,263
65,234,263
66,234,264
67,234,263
68,233,263
69,233,263
70,233,263
71,233,263
72,233,263
73,233,263
74,233,263
75,232,262
76,232,262
77,232,262
78,232,262
79,232,261
80,232,261
81,232,261
82,231,260
83,231,260
84,231,260
85,231,259
86,231,259
87,231,259
88,230,258
89,230,258
90,230,258
91,230,257
92,230,257
93,230,257
94,229,256
95,229,256
96,229,256
97,229,255
98,229,255
99,228,255
100,228,254
101,228,254
102,228,254
103,227,253
104,227,253
105,227,253
106,227,252
107,227,252
108,226,252
109,226,251
110,226,251
111,226,251
112,225,250
113,225,250
114,225,250
115,225,249
116,225,249
117,224,249
118,224,248
119,224,248
120,224,248
121,223,247
122,223,247
123,223,247
124,223,247
125,223,246
126,222,246
127,222,246
128,222,245
129,222,245
130,221,245
131,221,244
132,221,244
133,221,244
134,221,243
135,220,243
136,220,243
137,220,243
138,220,242
139,219,242
140,219,242
141,219,241
142,219,241
143,218,241
144,218,241
145,218,240
146,218,240
147,217,240
148,217,239
149,217,239
150,217,239
151,216,239
152,216,238
153,216,238
154,216,238
155,216,237
156,215,237
157,215,237
158,215,237
159,215,236
160,214,236
161,214,236
162,214,236
163,214,235
164,213,235
165,213,235
166,213,235
167,213,234
168,212,234
169,212,234
170,212,234
171,212,233
172,211,233
173,211,233
174,211,233
175,211,233
176,210,232
177,210,232
178,210,232
179,210,232
180,209,231
181,209,231
182,209,231
183,209,231
184,208,230
185,208,230
186,208,230
187,208,230
188,208,230
189,207,229
190,207,229
191,207,229
192,206,229
193,206,229
194,206,228
195,206,228
196,206,228
197,205,228
198,205,227
199,205,227
200,205,227
201,204,227
202,204,227
203,204,226
204,204,226
205,203,226
206,203,226
207,203,226
208,203,226
209,202,225
210,202,225
211,202,225
212,202,225
213,201,225
214,201,224
215,201,224
216,201,224
217,200,224
218,200,224
219,200,223
220,200,223
221,199,223
222,199,223
223,199,223
224,199,223
225,198,222
226,198,222
227,198,222
228,198,222
229,197,222
230,197,221
231,197,221
232,197,221
233,197,221
234,197,221
235,196,221
236,196,220
237,196,220
238,196,220
239,196,220
240,196,220
241,196,220
242,196,219
243,196,219
244,196,219
245,197,219
246,197,219
247,197,219
248,197,218
249,197,218
250,198,218
251,198,218
252,198,218
253,199,218
254,199,218
255,199,217
256,200,217
257,200,217
258,201,217
259,201,217
260,202,216
261,202,216
262,203,216
263,204,215
264,205,215
265,205,214
266,206,213
267,208,212
0,0
0,319
112,155,155
113,151,157
114,148,161
115,147,163
116,146,165
117,146,167
118,146,169
119,146,171
120,146,173
121,146,174
122,147,176
123,147,177
124,147,179
125,148,180
126,148,181
127,148,182
128,149,183
129,149,183
130,150,184
131,150,185
132,150,185
133,151,185
134,151,186
135,152,186
136,152,186
137,153,186
138,153,186
139,153,186
140,154,186
141,154,186
142,155,186
143,155,186
144,155,185
145,156,185
146,156,185
147,156,185
148,156,185
149,157,185
150,157,185
151,157,185
152,157,184
153,157,184
154,158,184
155,158,184
156,158,184
157,158,184
158,158,184
159,158,184
160,158,184
161,159,184
162,159,184
163,159,184
164,159,184
165,159,184
166,159,184
167,159,184
168,159,184
169,159,184
170,159,184
171,159,184
172,160,184
173,160,184
174,160,184
175,160,184
176,160,184
177,160,184
178,160,184
179,160,184
180,160,183
181,160,183
182,160,183
183,160,183
184,160,183
185,160,183
186,160,183
187,160,183
188,160,183
189,160,183
190,161,183
191,161,183
192,161,183
193,161,183
194,161,183
195,161,183
196,161,183
197,161,183
198,161,183
199,161,183
200,161,183
201,161,183
202,161,183
203,161,183
204,161,183
205,161,183
206,161,183
207,161,183
208,161,183
209,161,183
210,161,183
211,161,183
212,161,183
213,161,183
214,161,183
215,161,183
216,161,183
217,161,183
218,161,183
219,161,183
220,161,182
221,161,182
222,161,182
223,161,182
224,161,182
225,161,182
226,161,182
227,161,182
228,161,182
229,161,182
230,161,182
231,161,182
232,161,182
233,161,182
234,161,182
235,161,182
236,161,182
237,161,182
238,161,182
239,161,182
240,161,182
241,161,182
242,161,182
243,161,182
244,161,182
245,161,182
246,161,182
247,161,182
248,161,182
249,161,182
250,160,182
251,160,182
252,160,182
253,160,182
254,160,182
255,160,182
256,160,182
257,160,182
258,160,182
259,160,182
260,160,182
261,160,182
262,160,182
263,160,182
264,160,182
265,160,182
266,160,182
267,160,182
268,160,182
269,160,182
270,160,182
271,160,182
272,160,182
273,160,182
274,160,182
275,160,182
276,160,182
277,160,182
278,160,182
279,159,182
280,159,181
281,159,181
282,159,181
283,159,181
284,159,181
285,159,181
286,159,181
287,159,181
288,159,181
289,159,181
290,159,181
291,159,181
292,159,181
293,159,181
294,159,181
295,159,181
296,158,181
297,158,181
298,158,181
299,158,181
300,158,181
301,158,181
302,158,181
303,158,181
304,158,181
305,158,181
306,158,181
307,158,181
308,157,181
309,157,181
310,157,181
311,157,181
312,157,181
313,157,181
314,157,181
315,157,181
316,157,181
317,157,181
318,157,181
319,156,181
320,156,181
321,156,181
322,156,181
323,156,181
324,156,181
325,156,181
326,156,181
327,155,181
328,155,181
329,155,180
330,155,180
331,155,180
332,155,180
333,155,180
334,155,180
335,154,180
336,154,180
337,154,180
338,154,180
339,154,180
340,154,180
341,153,180
342,153,180
343,153,180
344,153,180
345,153,180
346,153,180
347,152,180
348,152,180
349,152,180
350,152,180
351,152,180
352,152,180
353,151,180
354,151,180
355,151,180
356,151,180
357,151,180
358,150,180
359,150,180
360,150,180
361,150,180
362,149,180
363,149,180
364,149,180
365,149,179
366,149,179
367,148,179
368,148,179
369,148,179
370,148,179
371,147,179
372,147,179
373,147,179
374,147,179
375,146,179
376,146,179
377,146,179
378,146,179
379,145,179
380,145,179
381,145,179
382,145,179
383,145,179
384,145,179
385,145,179
386,145,179
387,145,179
388,145,178
389,145,178
390,144,178
391,144,178
392,144,178
393,145,178
394,145,178
395,145,178
396,145,178
397,145,178
398,145,178
399,145,178
400,145,178
401,146,178
402,146,177
403,146,177
404,146,177
405,147,177
406,147,177
407,147,177
408,148,177
409,148,177
410,149,177
411,149,177
412,149,177
413,150,176
414,150,176
415,151,176
416,151,176
417,152,175
418,152,175
419,153,175
420,153,174
421,154,174
422,154,173
423,155,173
424,156,172
425,156,171
426,157,171
427,158,170
428,159,169
429,160,168
430,163,165
0,0
0,183
131,286,291
132,284,294
133,282,297
134,281,299
135,281,301
136,280,303
137,280,305
138,280,307
139,280,309
140,280,310
141,280,312
142,280,314
143,281,315
144,281,316
145,281,317
146,282,318
147,282,318
148,283,319
149,283,319
150,283,319
151,284,319
152,284,319
153,284,319
154,284,319
155,285,319
156,285,319
157,285,319
158,285,319
159,286,318
160,286,318
161,286,318
162,286,318
163,287,318
164,287,318
165,287,318
166,287,317
167,287,317
168,288,317
169,288,317
170,288,317
171,288,317
172,288,317
173,288,317
174,288,317
175,289,317
176,289,317
177,289,316
178,289,316
179,289,316
180,289,316
181,289,316
182,289,316
183,289,316
184,289,316
185,290,316
186,290,316
187,290,316
188,290,316
189,290,316
190,290,316
191,290,316
192,290,316
193,290,316
194,290,316
195,290,316
196,290,316
197,290,316
198,290,315
199,290,315
200,290,315
201,290,315
202,290,315
203,290,315
204,290,315
205,290,315
206,290,315
207,290,315
208,290,315
209,290,315
210,290,315
211,290,315
212,290,315
213,290,315
214,290,315
215,290,315
216,290,315
217,290,315
218,290,315
219,290,315
220,290,315
221,290,315
222,290,315
223,290,315
224,290,315
225,290,315
226,290,315
227,290,315
228,290,315
229,290,315
230,290,315
231,290,315
232,289,315
233,289,315
234,289,315
235,289,315
236,289,315
237,289,315
238,289,315
239,289,315
240,289,315
241,289,315
242,289,315
243,289,315
244,289,315
245,288,315
246,288,315
247,288,315
248,288,316
249,288,316
250,288,316
251,288,316
252,288,316
253,288,316
254,287,316
255,287,316
256,287,316
257,287,316
258,287,316
259,287,316
260,287,316
261,286,316
262,286,316
263,286,316
264,286,316
265,286,316
266,286,316
267,286,316
268,286,316
269,285,316
270,285,316
271,285,316
272,285,316
273,285,316
274,285,316
275,285,316
276,285,316
277,285,316
278,285,316
279,285,316
280,285,316
281,285,316
282,285,316
283,285,315
284,285,315
285,285,315
286,285,315
287,286,315
288,286,314
289,286,314
290,286,314
291,287,314
292,287,313
293,287,313
294,288,313
295,288,312
296,288,312
297,289,312
298,289,311
299,290,311
300,290,311
301,291,310
302,291,310
303,292,310
304,292,309
305,293,309
306,293,308
307,294,308
308,295,307
309,296,307
310,297,306
311,297,305
312,299,303
313,301,301
0,0
0,413
47,371,373
48,366,381
49,364,385
50,363,388
51,362,391
52,361,394
53,361,396
54,361,399
55,361,401
56,361,403
57,361,405
58,362,407
59,362,408
60,363,410
61,363,411
62,364,412
63,365,413
64,365,414
65,366,415
66,367,416
67,367,417
68,368,417
69,369,418
70,369,418
71,370,419
72,371,419
73,371,419
74,372,419
75,372,419
76,373,419
77,373,419
78,373,419
79,374,419
80,374,419
81,375,419
82,375,419
83,375,419
84,376,418
85,376,418
86,376,418
87,376,417
88,376,417
89,377,417
90,377,416
91,377,416
92,377,416
93,377,415
94,377,415
95,378,415
96,378,415
97,378,414
98,378,414
99,378,414
100,378,413
101,378,413
102,378,413
103,378,413
104,378,413
105,378,412
106,378,412
107,378,412
108,378,412
109,378,412
110,379,411
111,379,411
112,379,411
113,379,411
114,379,411
115,379,411
116,379,411
117,379,410
118,379,410
119,379,410
120,379,410
121,379,410
122,379,410
123,379,410
124,379,410
125,379,409
126,379,409
127,379,409
128,379,409
129,379,409
130,379,409
131,379,409
132,379,409
133,379,409
134,379,409
135,379,409
136,379,408
137,379,408
138,379,408
139,379,408
140,379,408
141,379,408
142,379,408
143,379,408
144,379,408
145,379,408
146,379,408
147,379,408
148,379,408
149,379,408
150,379,408
151,379,408
152,379,407
153,379,407
154,379,407
155,379,407
156,379,407
157,379,407
158,379,407
159,379,407
160,379,407
161,379,407
162,379,407
163,379,407
164,379,407
165,379,407
166,379,407
167,379,407
168,379,407
169,379,407
170,379,407
171,379,407
172,379,407
173,379,407
174,379,407
175,379,407
176,379,407
177,379,407
178,379,407
179,379,407
180,379,407
181,379,407
182,379,407
183,379,407
184,379,407
185,379,407
186,379,407
187,379,407
188,379,407
189,379,407
190,379,407
191,379,407
192,379,407
193,379,407
194,379,407
195,379,407
196,379,407
197,379,407
198,379,407
199,379,407
200,379,407
201,379,407
202,379,407
203,379,407
204,379,407
205,379,407
206,379,407
207,379,407
208,379,407
209,379,407
210,379,407
211,379,407
212,379,407
213,379,407
214,379,407
215,379,407
216,379,407
217,379,407
218,379,407
219,379,407
220,379,407
221,379,407
222,379,407
223,379,407
224,379,407
225,379,407
226,379,407
227,379,407
228,379,407
229,379,407
230,379,407
231,379,407
232,379,407
233,379,407
234,379,407
235,379,407
236,379,407
237,379,407
238,379,407
239,379,407
240,379,407
241,379,407
242,379,407
243,379,407
244,379,407
245,379,407
246,379,407
247,379,407
248,379,407
249,379,407
250,379,407
251,379,407
252,379,407
253,379,407
254,379,407
255,379,408
256,379,408
257,379,408
258,379,408
259,379,408
260,379,408
261,379,408
262,379,408
263,379,408
264,379,408
265,379,408
266,379,408
267,379,408
268,379,408
269,379,408
270,379,408
271,379,408
272,379,408
273,379,408
274,379,408
275,379,408
276,379,408
277,379,408
278,379,408
279,379,408
280,379,408
281,379,408
282,379,408
283,379,408
284,379,408
285,379,408
286,379,409
287,379,409
288,379,409
289,379,409
290,379,409
291,379,409
292,379,409
293,379,409
294,379,409
295,379,409
296,379,409
297,379,409
298,379,409
299,379,409
300,379,409
301,379,409
302,379,409
303,379,409
304,379,409
305,379,409
306,379,409
307,379,409
308,379,410
309,379,410
310,379,410
311,378,410
312,378,410
313,378,410
314,378,410
315,378,410
316,378,410
317,378,410
318,378,410
319,378,410
320,378,410
321,378,410
322,378,410
323,378,410
324,378,410
325,378,410
326,378,411
327,378,411
328,378,411
329,378,411
330,378,411
331,378,411
332,378,411
333,378,411
334,378,411
335,378,411
336,378,411
337,378,411
338,378,411
339,378,411
340,378,411
341,378,411
342,378,411
343,378,412
344,377,412
345,377,412
346,377,412
347,377,412
348,377,412
349,377,412
350,377,412
351,377,412
352,377,412
353,377,412
354,377,412
355,377,412
356,377,412
357,377,413
358,377,413
359,377,413
360,377,413
361,377,413
362,377,413
363,377,413
364,377,413
365,376,413
366,376,413
367,376,413
368,376,413
369,376,413
370,376,414
371,376,414
372,376,414
373,376,414
374,376,414
375,376,414
376,376,414
377,375,414
378,375,414
379,375,414
380,375,414
381,375,414
382,375,414
383,375,414
384,374,414
385,374,414
386,374,414
387,374,414
388,374,414
389,373,414
390,373,414
391,373,414
392,373,414
393,373,414
394,373,414
395,374,414
396,374,414
397,374,414
398,374,414
399,375,413
400,375,413
401,375,413
402,375,413
403,376,413
404,376,413
405,376,413
406,376,413
407,377,413
408,377,413
409,377,413
410,377,412
411,377,412
412,378,412
413,378,412
414,378,412
415,378,412
416,379,412
417,379,411
418,379,411
419,379,411
420,380,411
421,380,411
422,380,411
423,380,410
424,381,410
425,381,410
426,381,410
427,381,409
428,381,409
429,382,409
430,382,408
431,382,408
432,382,408
433,383,407
434,383,407
435,383,407
436,383,406
437,384,406
438,384,406
439,384,405
440,384,405
441,385,404
442,385,404
443,385,403
444,385,403
445,385,402
446,386,402
447,386,401
448,386,401
449,386,400
450,387,400
451,387,399
452,387,398
453,387,398
454,388,397
455,388,396
456,388,395
457,388,394
458,388,392
459,389,389
1,74
389,458,459
388,454,458
387,450,458
386,445,458
385,441,457
384,437,457
383,432,456
382,428,456
381,424,455
380,420,454
379,415,453
378,411,452
377,407,451
376,403,450
375,398,448
374,394,447
373,390,445
372,391,443
371,391,441
370,391,440
369,391,438
368,392,437
367,392,435
366,392,433
365,392,432
364,392,431
363,392,430
362,391,428
361,391,427
360,391,426
359,391,425
358,391,424
357,391,423
356,390,422
355,390,420
354,390,419
353,390,418
352,389,417
351,389,416
350,389,415
349,388,414
348,388,413
347,388,412
346,388,412
345,387,411
344,387,410
343,387,409
342,387,408
341,386,407
340,386,406
339,386,405
338,386,404
337,385,403
336,385,402
335,385,402
334,385,401
333,385,400
332,384,399
331,384,398
330,384,397
329,383,396
328,383,396
327,382,395
326,382,394
325,382,393
324,382,392
323,381,392
322,381,391
321,381,390
320,381,389
319,381,388
318,381,387
317,380,386
316,381,384
0,0
