0,209
61,154,160
62,151,164
63,150,167
64,149,169
65,149,171
66,149,172
67,149,174
68,149,176
69,149,177
70,149,178
71,149,180
72,150,181
73,150,182
74,150,184
75,151,185
76,151,186
77,151,187
78,152,188
79,152,189
80,152,190
81,152,191
82,152,192
83,152,193
84,152,194
85,152,195
86,152,195
87,152,196
88,152,197
89,152,197
90,152,197
91,152,198
92,152,198
93,151,198
94,151,198
95,151,198
96,151,198
97,151,198
98,150,198
99,150,197
100,150,197
101,150,196
102,149,196
103,149,195
104,149,193
105,148,192
106,148,192
107,147,190
108,147,190
109,147,189
110,146,188
111,146,187
112,146,186
113,145,185
114,145,185
115,144,184
116,144,183
117,143,182
118,143,181
119,142,181
120,142,180
121,141,179
122,141,178
123,140,178
124,140,177
125,139,176
126,139,176
127,138,175
128,138,174
129,138,173
130,137,173
131,136,172
132,136,171
133,135,171
134,135,170
135,134,169
136,134,169
137,133,168
138,132,167
139,132,167
140,131,166
141,131,165
142,130,165
143,130,164
144,129,163
145,128,163
146,128,162
147,127,162
148,127,161
149,126,160
150,126,160
151,125,159
152,124,158
153,124,158
154,123,157
155,122,156
156,122,156
157,121,155
158,120,154
159,120,153
160,119,153
161,119,152
162,118,151
163,117,151
164,117,150
165,116,149
166,115,148
167,115,148
168,114,147
169,113,146
170,113,146
171,112,145
172,111,144
173,111,144
174,110,143
175,109,142
176,109,141
177,108,141
178,107,140
179,107,139
180,106,138
181,105,137
182,104,137
183,104,136
184,103,135
185,102,134
186,102,134
187,101,133
188,100,132
189,99,131
190,99,130
191,98,130
192,97,129
193,97,128
194,96,127
195,95,126
196,94,125
197,94,125
198,93,124
199,92,123
200,91,122
201,91,121
202,90,120
203,89,120
204,88,119
205,88,118
206,87,117
207,86,116
208,85,115
209,85,114
210,84,114
211,83,113
212,82,112
213,82,111
214,81,110
215,80,109
216,79,108
217,78,107
218,78,106
219,77,105
220,76,104
221,75,103
222,74,102
223,74,101
224,73,101
225,72,100
226,71,99
227,70,98
228,70,97
229,69,96
230,68,95
231,67,94
232,66,93
233,66,92
234,65,91
235,64,90
236,63,89
237,62,88
238,61,87
239,61,86
240,60,85
241,59,83
242,58,82
243,57,81
244,57,80
245,56,79
246,55,78
247,54,77
248,53,76
249,52,75
250,52,73
251,51,72
252,50,71
253,49,70
254,48,69
255,47,67
256,46,66
257,45,65
258,44,64
259,43,62
260,43,61
261,42,60
262,41,58
263,41,57
264,40,56
265,40,54
266,40,52
267,40,50
268,40,48
269,42,42
0,0
0,257
169,126,127
170,123,130
171,121,132
172,121,134
173,120,136
174,120,137
175,120,138
176,120,140
177,120,141
178,120,142
179,120,143
180,120,144
181,120,145
182,120,145
183,121,146
184,121,147
185,121,148
186,122,149
187,122,150
188,122,151
189,123,152
190,123,153
191,123,154
192,124,155
193,124,155
194,125,156
195,125,157
196,126,158
197,126,158
198,127,159
199,127,159
200,128,160
201,128,160
202,129,160
203,129,160
204,129,160
205,130,160
206,130,160
207,131,160
208,131,160
209,131,160
210,132,160
211,132,160
212,132,160
213,132,160
214,132,159
215,133,159
216,133,159
217,133,159
218,133,159
219,133,159
220,133,158
221,134,158
222,134,158
223,134,158
224,134,158
225,134,158
226,134,158
227,134,158
228,134,158
229,134,158
230,134,157
231,134,157
232,134,157
233,134,157
234,134,157
235,134,157
236,134,157
237,134,157
238,134,157
239,134,157
240,134,157
241,134,157
242,134,157
243,134,157
244,134,156
245,134,156
246,134,156
247,134,156
248,134,156
249,134,156
250,134,156
251,134,156
252,134,156
253,134,156
254,134,156
255,134,156
256,134,156
257,134,156
258,134,156
259,134,156
260,134,156
261,134,156
262,134,156
263,134,156
264,134,156
265,134,156
266,134,155
267,134,155
268,134,155
269,134,155
270,134,155
271,134,155
272,134,155
273,134,155
274,134,155
275,134,155
276,134,155
277,134,155
278,134,155
279,134,155
280,134,155
281,134,155
282,134,155
283,134,155
284,134,155
285,134,155
286,134,155
287,134,155
288,134,155
289,134,155
290,133,155
291,133,155
292,133,155
293,133,155
294,133,154
295,133,154
296,133,154
297,133,154
298,133,154
299,133,154
300,133,154
301,133,154
302,133,154
303,132,154
304,132,154
305,132,154
306,132,154
307,132,154
308,132,154
309,132,154
310,132,154
311,131,154
312,131,154
313,131,154
314,131,154
315,131,154
316,131,154
317,131,154
318,131,154
319,130,154
320,130,154
321,130,154
322,130,154
323,130,154
324,130,154
325,129,154
326,129,154
327,129,154
328,129,154
329,129,154
330,129,154
331,128,154
332,128,154
333,128,154
334,128,154
335,128,154
336,127,154
337,127,154
338,127,154
339,127,154
340,127,154
341,126,154
342,126,154
343,126,154
344,126,154
345,126,153
346,125,153
347,125,153
348,125,153
349,125,153
350,124,153
351,124,153
352,124,153
353,124,153
354,124,153
355,123,153
356,123,153
357,123,153
358,123,153
359,122,153
360,122,153
361,122,153
362,122,153
363,121,153
364,121,153
365,121,153
366,121,153
367,121,153
368,120,153
369,120,153
370,120,153
371,119,153
372,119,153
373,119,153
374,119,153
375,118,153
376,118,153
377,118,153
378,118,153
379,118,153
380,118,153
381,118,153
382,118,153
383,118,153
384,118,153
385,118,153
386,118,153
387,118,153
388,118,153
389,118,152
390,119,152
391,119,152
392,119,152
393,119,152
394,119,152
395,120,152
396,120,152
397,120,151
398,121,151
399,121,151
400,121,151
401,121,151
402,122,150
403,122,150
404,122,150
405,123,150
406,123,149
407,123,149
408,124,149
409,124,149
410,125,148
411,125,148
412,126,147
413,126,147
414,127,147
415,127,146
416,128,146
417,128,145
418,129,145
419,129,144
420,130,144
421,131,143
422,132,142
423,133,142
424,134,141
425,136,139
0,0
1,170
261,209,212
262,208,213
263,208,213
264,207,214
265,207,215
266,207,216
267,206,216
268,206,217
269,206,217
270,206,218
271,206,218
272,205,219
273,205,219
274,205,220
275,205,220
276,205,221
277,205,221
278,205,222
279,205,222
280,205,222
281,205,223
282,205,223
283,205,223
284,205,224
285,204,224
286,204,224
287,204,224
288,204,225
289,204,225
290,204,225
291,204,225
292,204,226
293,204,226
294,204,226
295,204,226
296,203,226
297,203,226
298,203,226
299,203,226
300,203,226
301,203,227
302,203,227
303,203,227
304,203,227
305,203,227
306,202,227
307,202,226
308,202,226
309,202,226
310,202,226
311,202,226
312,202,226
313,201,226
314,201,226
315,201,226
316,201,226
317,201,225
318,201,225
319,201,225
320,200,225
321,200,225
322,200,224
323,200,224
324,200,224
325,200,224
326,199,224
327,199,224
328,199,223
329,199,223
330,199,223
331,198,223
332,198,223
333,198,223
334,198,222
335,198,222
336,197,222
337,197,222
338,197,222
339,197,222
340,197,221
341,196,221
342,196,221
343,196,221
344,196,221
345,196,221
346,195,220
347,195,220
348,195,220
349,195,220
350,194,220
351,194,220
352,194,219
353,194,219
354,193,219
355,193,219
356,193,219
357,193,219
358,192,218
359,192,218
360,192,218
361,192,218
362,191,218
363,191,218
364,191,217
365,191,217
366,190,217
367,190,217
368,190,217
369,189,217
370,189,216
371,189,216
372,189,216
373,188,216
374,188,216
375,188,215
376,187,215
377,187,215
378,187,215
379,186,215
380,186,215
381,186,215
382,186,214
383,185,214
384,185,214
385,185,214
386,185,214
387,185,213
388,185,213
389,184,213
390,184,213
391,184,213
392,184,213
393,184,213
394,184,212
395,184,212
396,184,212
397,184,212
398,184,212
399,184,211
400,184,211
401,183,211
402,184,211
403,184,211
404,184,210
405,184,210
406,184,210
407,184,210
408,185,210
409,185,210
410,186,209
411,186,209
412,186,209
413,186,209
414,187,209
415,187,208
416,187,208
417,188,208
418,188,208
419,189,207
420,189,207
421,189,207
422,190,207
423,190,206
424,191,206
425,192,206
426,192,205
427,193,205
428,194,204
429,195,203
430,198,201
0,0
0,309
58,255,255
59,247,257
60,244,262
61,243,265
62,242,268
63,242,271
64,241,273
65,241,275
66,241,277
67,242,278
68,242,280
69,243,282
70,243,283
71,244,284
72,245,286
73,246,287
74,247,288
75,247,289
76,248,290
77,249,291
78,249,292
79,250,292
80,250,293
81,251,294
82,251,294
83,252,295
84,252,295
85,252,295
86,253,295
87,253,295
88,253,295
89,253,295
90,254,295
91,254,295
92,254,295
93,254,295
94,254,294
95,254,294
96,254,293
97,254,293
98,254,293
99,254,292
100,254,292
101,254,292
102,254,291
103,254,291
104,254,291
105,254,291
106,254,290
107,254,290
108,254,290
109,254,290
110,254,289
111,254,289
112,254,289
113,254,289
114,254,288
115,254,288
116,254,288
117,254,288
118,254,288
119,254,287
120,254,287
121,254,287
122,254,287
123,254,287
124,254,286
125,254,286
126,254,286
127,254,286
128,254,286
129,254,286
130,254,285
131,254,285
132,254,285
133,254,285
134,254,285
135,254,284
136,254,284
137,254,284
138,254,284
139,254,284
140,254,284
141,254,284
142,254,283
143,254,283
144,254,283
145,254,283
146,254,283
147,253,283
148,253,283
149,253,283
150,253,282
151,253,282
152,253,282
153,253,282
154,253,282
155,253,282
156,253,282
157,253,282
158,253,281
159,253,281
160,253,281
161,253,281
162,253,281
163,253,281
164,253,281
165,253,281
166,253,281
167,253,281
168,253,281
169,253,280
170,253,280
171,253,280
172,253,280
173,253,280
174,253,280
175,253,280
176,253,280
177,252,280
178,252,280
179,252,280
180,252,279
181,252,279
182,252,279
183,252,279
184,252,279
185,252,279
186,252,279
187,252,279
188,252,279
189,252,279
190,252,279
191,252,279
192,252,279
193,252,278
194,252,278
195,252,278
196,252,278
197,252,278
198,252,278
199,252,278
200,252,278
201,252,278
202,252,278
203,252,278
204,251,278
205,251,278
206,251,278
207,251,278
208,251,277
209,251,277
210,251,277
211,251,277
212,251,277
213,251,277
214,251,277
215,251,277
216,251,277
217,251,277
218,251,277
219,251,277
220,251,277
221,251,277
222,251,277
223,251,277
224,251,277
225,251,277
226,251,277
227,251,276
228,251,276
229,251,276
230,251,276
231,251,276
232,251,276
233,251,276
234,251,276
235,251,276
236,251,276
237,251,276
238,251,276
239,251,276
240,251,276
241,251,276
242,251,276
243,251,276
244,251,276
245,251,276
246,251,276
247,251,276
248,251,275
249,251,275
250,251,275
251,251,275
252,251,275
253,251,275
254,251,275
255,251,275
256,251,275
257,251,275
258,251,275
259,251,275
260,251,275
261,251,275
262,251,275
263,251,275
264,251,275
265,251,275
266,251,275
267,251,275
268,251,275
269,251,275
270,251,275
271,251,275
272,251,275
273,251,275
274,251,275
275,251,275
276,251,275
277,251,275
278,251,275
279,251,275
280,251,275
281,251,275
282,251,275
283,251,275
284,251,275
285,251,275
286,251,275
287,251,275
288,251,275
289,251,275
290,251,275
291,251,275
292,251,275
293,251,275
294,251,275
295,251,275
296,251,275
297,251,275
298,251,275
299,251,275
300,251,275
301,251,275
302,251,275
303,251,275
304,251,275
305,252,275
306,252,275
307,252,275
308,252,275
309,252,275
310,252,275
311,252,275
312,252,275
313,252,275
314,252,275
315,252,275
316,252,275
317,252,276
318,252,276
319,252,276
320,252,276
321,252,276
322,253,276
323,253,276
324,253,276
325,253,276
326,253,276
327,253,276
328,253,276
329,253,277
330,253,277
331,253,277
332,253,277
333,253,277
334,253,277
335,254,277
336,254,277
337,254,277
338,254,277
339,254,277
340,254,278
341,254,278
342,254,278
343,254,278
344,254,278
345,254,278
346,255,278
347,255,278
348,255,278
349,255,279
350,255,279
351,255,279
352,255,279
353,255,279
354,255,279
355,256,279
356,256,280
357,256,280
358,256,280
359,256,280
360,256,280
361,256,280
362,257,276
363,257,272
364,257,267
365,257,263
366,257,259
1,253
258,367,370
259,366,374
260,366,377
261,366,380
262,366,382
263,365,384
264,365,386
265,365,388
266,365,390
267,364,391
268,364,392
269,364,393
270,364,394
271,363,395
272,363,396
273,363,397
274,363,398
275,363,399
276,362,400
277,362,401
278,362,401
279,362,402
280,361,403
281,361,404
282,363,404
283,365,405
284,367,406
285,369,406
286,371,407
287,372,407
288,374,408
289,376,409
290,377,409
291,378,410
292,380,410
293,381,411
294,382,411
295,383,411
296,384,412
297,385,412
298,385,413
299,386,413
300,387,413
301,387,414
302,388,414
303,388,414
304,389,415
305,389,415
306,390,415
307,390,415
308,391,416
309,391,416
310,391,416
311,392,416
312,392,417
313,392,417
314,393,417
315,393,417
316,393,417
317,394,418
318,394,418
319,394,418
320,394,418
321,394,418
322,395,419
323,395,419
324,395,419
325,395,419
326,395,419
327,395,419
328,395,419
329,396,420
330,396,420
331,396,420
332,396,420
333,396,420
334,396,420
335,396,420
336,396,420
337,396,420
338,396,420
339,396,420
340,396,420
341,396,421
342,396,421
343,396,421
344,396,421
345,396,421
346,396,402
346,396,421
347,396,402
347,396,421
348,396,402
348,396,421
349,396,402
349,396,421
350,396,402
350,396,421
351,396,402
351,396,421
352,396,402
352,396,421
353,396,402
353,396,421
354,396,402
354,396,421
355,396,402
355,396,421
356,396,402
356,396,421
357,396,402
357,396,421
358,396,402
358,396,421
359,396,402
359,396,421
360,396,402
360,396,421
361,396,402
361,396,421
362,396,402
362,396,421
363,396,402
363,396,421
364,396,402
364,396,421
365,396,402
365,395,421
366,396,402
366,395,421
367,396,402
367,395,421
368,396,402
368,395,421
369,396,402
369,395,421
370,396,402
370,395,421
371,396,402
371,395,421
372,396,402
372,395,421
373,396,402
373,395,422
374,396,402
374,394,421
375,396,402
375,394,421
376,396,402
376,394,421
377,396,402
377,394,421
378,396,402
378,394,421
379,396,402
379,394,421
380,396,402
380,394,421
381,396,402
381,393,421
382,396,402
382,393,421
383,396,402
383,393,421
384,396,402
384,393,421
385,396,402
385,393,421
386,396,402
386,392,421
387,396,402
387,392,421
388,396,402
388,392,421
389,396,402
389,392,421
390,396,402
390,392,421
391,396,402
391,391,421
392,391,420
393,391,420
394,391,420
395,390,420
396,390,420
397,390,420
398,390,420
399,389,420
400,389,420
401,389,420
402,388,419
403,388,419
404,388,419
405,387,419
406,387,419
407,386,419
408,386,419
409,386,418
410,385,418
411,385,418
412,384,418
413,384,418
414,383,417
415,382,417
416,382,417
417,381,417
418,380,417
419,379,416
420,377,416
421,377,416
422,378,416
423,378,415
424,379,415
425,379,415
426,380,415
427,380,414
428,381,414
429,381,414
430,382,414
431,382,413
432,383,413
433,383,413
434,384,412
435,384,412
436,384,412
437,385,411
438,385,411
439,386,410
440,386,410
441,387,410
442,387,409
443,388,409
444,388,409
445,389,408
446,389,408
447,390,407
448,390,407
449,391,406
450,391,406
451,391,405
452,392,405
453,392,404
454,393,404
455,393,403
456,394,403
457,394,402
458,395,402
459,395,401
460,396,400
461,396,400
462,397,399
463,397,398
464,398,398
0,92
398,464,464
397,463,465
396,461,466
395,459,467
394,457,467
393,455,468
392,452,468
391,450,468
390,448,468
389,446,468
388,444,469
387,442,469
386,440,468
385,438,468
384,435,468
383,433,468
382,431,468
381,429,468
380,427,468
379,425,467
378,423,467
377,420,467
376,421,466
375,422,466
374,422,465
373,423,465
372,423,465
371,424,464
370,424,464
369,425,464
368,425,463
367,426,463
366,426,462
365,427,462
364,427,462
363,427,461
362,428,461
361,428,461
360,428,460
359,429,460
358,429,460
357,429,459
356,430,459
355,430,459
354,430,458
353,431,458
352,431,458
351,431,458
350,432,457
349,432,457
348,432,457
347,432,457
346,433,457
345,433,456
344,433,456
343,433,456
342,434,456
341,434,456
340,434,455
339,435,455
338,435,455
337,435,455
336,435,455
335,436,455
334,436,454
333,436,454
332,437,454
331,437,454
330,437,454
329,437,454
328,438,454
327,438,454
326,438,453
325,439,453
324,439,453
323,439,453
322,440,453
321,440,453
320,440,453
319,440,453
318,441,453
317,441,453
316,441,453
315,442,452
314,442,452
313,442,452
312,442,452
311,443,451
310,443,450
309,443,450
308,444,449
307,445,447
0,0
