0,145
122,52,55
123,49,61
124,48,65
125,48,69
126,48,72
127,48,74
128,48,77
129,48,78
130,48,80
131,49,81
132,49,81
133,50,82
134,50,82
135,51,82
136,51,83
137,51,83
138,52,83
139,52,83
140,52,83
141,53,83
142,53,83
143,53,83
144,54,83
145,54,83
146,55,83
147,55,83
148,55,83
149,56,84
150,56,84
151,56,84
152,56,84
153,57,84
154,57,84
155,57,84
156,58,84
157,58,84
158,58,84
159,59,85
160,59,85
161,59,85
162,59,85
163,60,85
164,60,85
165,60,85
166,61,85
167,61,85
168,61,86
169,61,86
170,61,86
171,62,86
172,62,86
173,62,86
174,62,86
175,63,86
176,63,87
177,63,87
178,63,87
179,64,87
180,64,87
181,64,87
182,64,87
183,64,87
184,64,88
185,65,88
186,65,88
187,65,88
188,65,88
189,65,88
190,66,88
191,66,89
192,66,89
193,66,89
194,66,89
195,66,89
196,66,89
197,67,89
198,67,90
199,67,90
200,67,90
201,67,90
202,67,90
203,67,90
204,67,90
205,68,91
206,68,91
207,68,91
208,68,91
209,68,91
210,68,91
211,68,91
212,68,91
213,68,91
214,68,92
215,68,92
216,69,92
217,69,92
218,69,92
219,69,92
220,69,92
221,69,92
222,69,93
223,69,93
224,70,93
225,70,93
226,70,93
227,70,93
228,70,93
229,70,93
230,70,93
231,71,93
232,71,93
233,71,93
234,71,93
235,71,94
236,72,94
237,72,94
238,72,94
239,72,94
240,72,94
241,73,94
242,73,94
243,73,94
244,73,94
245,74,94
246,74,94
247,74,94
248,75,94
249,75,94
250,75,94
251,76,94
252,76,94
253,77,94
254,77,94
255,77,93
256,78,93
257,79,93
258,79,93
259,80,93
260,81,93
261,81,92
262,82,92
263,83,92
264,84,91
265,85,91
266,87,90
0,0
1,87
58,134,136
59,133,137
60,133,138
61,133,139
62,133,140
63,133,140
64,132,141
65,132,141
66,132,142
67,132,142
68,132,142
69,131,143
70,131,143
71,131,143
72,131,143
73,131,143
74,130,143
75,130,143
76,130,144
77,130,143
78,130,143
79,129,143
80,129,143
81,129,143
82,129,142
83,128,142
84,128,142
85,128,142
86,128,142
87,127,141
88,127,141
89,127,141
90,127,141
91,126,140
92,126,140
93,126,140
94,126,139
95,125,139
96,125,139
97,125,138
98,124,138
99,124,138
100,124,137
101,123,137
102,123,137
103,123,136
104,123,136
105,122,136
106,122,136
107,122,135
108,121,135
109,121,135
110,120,134
111,120,134
112,120,134
113,119,134
114,119,133
115,118,133
116,118,133
117,118,132
118,117,132
119,117,132
120,116,132
121,116,131
122,115,131
123,115,131
124,114,131
125,114,130
126,113,130
127,113,130
128,112,129
129,112,129
130,111,129
131,111,129
132,110,129
133,109,129
134,109,129
135,108,129
136,107,129
137,107,129
138,106,129
139,105,129
140,109,129
141,115,129
142,120,130
143,126,131
143,129,131
0,107
102,148,148
103,144,153
104,141,156
105,139,158
106,139,160
107,139,162
108,139,164
109,139,166
110,140,168
111,140,170
112,140,172
113,140,174
114,140,176
115,140,178
116,141,180
117,141,181
118,141,183
119,141,184
120,141,185
121,142,186
122,142,186
123,142,186
124,142,187
125,142,187
126,142,186
127,143,186
128,143,186
129,143,186
130,143,185
131,143,185
132,144,184
133,145,183
134,145,183
135,145,182
136,146,181
137,146,180
138,146,180
139,146,179
140,146,179
141,146,178
142,146,178
143,146,177
144,146,177
145,146,176
146,146,176
147,146,175
148,146,175
149,146,175
150,146,174
151,146,174
152,146,173
153,146,173
154,145,173
155,145,172
156,145,172
157,145,172
158,145,172
159,145,171
160,145,171
161,145,171
162,144,171
163,144,170
164,144,170
165,144,170
166,144,169
167,144,169
168,144,169
169,143,169
170,143,169
171,143,168
172,143,168
173,143,168
174,143,168
175,143,168
176,143,167
177,142,167
178,142,167
179,142,167
180,142,167
181,142,166
182,142,166
183,142,166
184,142,166
185,141,166
186,141,166
187,141,165
188,141,165
189,141,165
190,141,165
191,141,165
192,140,165
193,140,165
194,140,165
195,140,164
196,140,164
197,140,164
198,140,164
199,139,164
200,139,164
201,139,164
202,139,163
203,139,163
204,139,163
205,139,163
206,138,163
207,138,154
208,138,138
0,0
1,96
82,218,221
83,217,222
84,216,223
85,216,224
86,216,225
87,215,226
88,215,226
89,215,227
90,215,227
91,214,228
92,214,228
93,214,229
94,213,229
95,213,229
96,213,229
97,212,229
98,212,229
99,212,229
100,212,229
101,211,229
102,211,228
103,211,228
104,210,228
105,210,228
106,210,227
107,209,227
108,209,227
109,209,226
110,208,226
111,208,226
112,208,225
113,207,225
114,207,225
115,207,225
116,206,224
117,206,224
118,206,224
119,205,223
120,205,223
121,205,223
122,204,223
123,204,222
124,204,222
125,203,222
126,203,222
127,202,221
128,202,221
129,202,221
130,201,221
131,201,221
132,200,220
133,200,220
134,200,220
135,199,220
136,199,219
137,199,219
138,198,219
139,198,219
140,197,219
141,197,218
142,197,218
143,197,218
144,196,218
145,196,217
146,196,217
147,196,217
148,196,217
149,196,217
150,196,216
151,195,216
152,195,216
153,195,216
154,195,216
155,196,215
156,196,215
157,196,215
158,196,215
159,196,215
160,196,214
161,197,214
162,197,214
163,197,214
164,198,214
165,198,214
166,199,213
167,199,213
168,199,213
169,200,213
170,200,213
171,201,212
172,202,212
173,202,212
174,203,212
175,204,211
176,205,210
177,206,209
0,0
1,169
231,82,84
232,81,85
233,81,86
234,80,87
235,80,88
236,80,88
237,79,89
238,79,89
239,79,90
240,79,90
241,78,91
242,78,91
243,78,92
244,78,92
245,78,93
246,78,93
247,78,94
248,77,94
249,77,94
250,77,95
251,77,95
252,77,95
253,77,95
254,77,96
255,77,96
256,77,96
257,77,96
258,76,97
259,76,97
260,76,97
261,76,97
262,76,97
263,76,98
264,76,98
265,76,98
266,75,98
267,75,98
268,75,98
269,75,98
270,75,98
271,75,98
272,75,99
273,74,98
274,74,98
275,74,98
276,74,98
277,74,98
278,74,98
279,73,98
280,73,98
281,73,98
282,73,97
283,73,97
284,73,97
285,72,97
286,72,97
287,72,97
288,72,96
289,72,96
290,71,96
291,71,96
292,71,96
293,71,95
294,71,95
295,70,95
296,70,95
297,70,94
298,70,94
299,70,94
300,69,94
301,69,94
302,69,93
303,69,93
304,68,93
305,68,93
306,68,93
307,68,92
308,67,92
309,67,92
310,67,92
311,67,92
312,66,91
313,66,91
314,66,91
315,66,91
316,65,91
317,65,90
318,65,90
319,64,90
320,64,90
321,64,90
322,64,89
323,63,89
324,63,89
325,63,89
326,62,89
327,62,88
328,62,88
329,62,88
330,61,88
331,61,88
332,61,87
333,60,87
334,60,87
335,60,87
336,59,86
337,59,86
338,59,86
339,58,86
340,58,86
341,58,85
342,58,85
343,57,85
344,57,85
345,57,85
346,56,84
347,56,84
348,55,84
349,55,84
350,55,84
351,54,83
352,54,83
353,54,83
354,54,83
355,54,83
356,53,82
357,53,82
358,53,82
359,53,82
360,53,81
361,53,81
362,52,81
363,52,81
364,52,81
365,52,80
366,52,80
367,52,80
368,52,80
369,52,80
370,51,79
371,52,79
372,52,79
373,52,79
374,52,78
375,52,78
376,53,78
377,53,78
378,53,78
379,54,77
380,54,77
381,54,77
382,54,77
383,55,76
384,55,76
385,55,76
386,56,76
387,56,75
388,56,75
389,57,75
390,57,75
391,57,74
392,58,74
393,58,74
394,59,73
395,60,73
396,60,72
397,61,72
398,62,70
399,64,69
0,0
1,280
188,200,203
189,199,205
190,199,206
191,199,207
192,199,208
193,198,209
194,198,210
195,198,210
196,198,211
197,198,212
198,198,213
199,198,213
200,197,214
201,197,214
202,197,215
203,197,215
204,197,215
205,197,216
206,197,216
207,196,216
208,196,217
209,196,217
210,196,217
211,196,217
212,196,217
213,196,218
214,195,218
215,195,218
216,195,218
217,195,218
218,195,219
219,195,218
220,195,218
221,194,218
222,194,218
223,194,218
224,194,217
225,194,217
226,194,217
227,194,217
228,193,217
229,193,216
230,193,216
231,193,216
232,193,216
233,193,215
234,193,215
235,192,215
236,192,215
237,192,214
238,192,214
239,192,214
240,192,214
241,192,213
242,192,213
243,191,213
244,191,213
245,191,212
246,191,212
247,191,212
248,191,212
249,191,211
250,190,211
251,190,211
252,190,211
253,190,210
254,190,210
255,190,210
256,190,210
257,189,210
258,189,209
259,189,209
260,189,209
261,189,209
262,189,209
263,188,208
264,188,208
265,188,208
266,188,208
267,188,208
268,188,207
269,188,207
270,187,207
271,187,207
272,187,207
273,187,206
274,187,206
275,187,206
276,187,206
277,186,206
278,186,205
279,186,205
280,186,205
281,186,205
282,186,205
283,186,205
284,185,204
285,185,204
286,185,204
287,185,204
288,185,204
289,185,204
290,184,203
291,184,203
292,184,203
293,184,203
294,184,203
295,184,203
296,184,202
297,183,202
298,183,202
299,183,202
300,183,202
301,183,202
302,183,202
303,183,201
304,182,201
305,182,201
306,182,201
307,182,201
308,182,201
309,182,201
310,182,201
311,181,200
312,181,200
313,181,200
314,181,200
315,181,200
316,181,200
317,180,200
318,180,199
319,180,199
320,180,199
321,180,199
322,180,199
323,179,199
324,179,199
325,179,199
326,179,198
327,179,198
328,179,198
329,179,198
330,178,198
331,178,198
332,178,198
333,178,198
334,178,198
335,178,197
336,177,197
337,177,197
338,177,197
339,177,197
340,177,197
341,177,197
342,176,197
343,176,197
344,176,197
345,176,197
346,176,197
347,176,196
348,175,196
349,175,196
350,175,196
351,175,196
352,175,196
353,175,196
354,174,196
355,174,196
356,174,196
357,174,196
358,174,196
359,174,196
360,173,196
361,173,195
362,173,195
363,173,195
364,173,195
365,173,195
366,172,195
367,172,195
368,172,195
369,172,195
370,172,195
371,171,195
372,171,195
373,171,195
374,171,195
375,171,195
376,170,195
377,170,195
378,170,195
379,170,195
380,170,195
381,170,195
382,169,195
383,169,195
384,169,195
385,169,195
386,169,195
387,168,195
388,168,195
389,168,195
390,168,195
391,168,194
392,167,194
393,167,194
394,167,194
395,167,194
396,167,194
397,166,194
398,166,194
399,166,194
400,166,194
401,166,194
402,165,194
403,165,194
404,165,194
405,165,194
406,165,194
407,164,194
408,164,194
409,164,194
410,164,194
411,164,194
412,163,194
413,163,194
414,163,194
415,163,194
416,162,194
417,162,194
418,162,194
419,162,194
420,162,194
421,162,194
422,162,194
423,162,194
424,162,194
425,161,194
426,162,194
427,162,194
428,162,194
429,162,194
430,162,194
431,162,194
432,163,194
433,163,194
434,163,194
435,163,194
436,164,194
437,164,194
438,164,194
439,165,194
440,165,194
441,166,194
442,166,194
443,166,194
444,167,194
445,167,194
446,168,194
447,168,194
448,169,194
449,170,194
450,170,194
451,171,194
452,171,194
453,172,194
454,173,194
455,173,194
456,174,194
457,175,194
458,176,194
459,176,194
460,177,193
461,178,193
462,179,193
463,180,193
464,181,192
465,182,192
466,183,191
467,185,190
0,0
0,363
83,298,298
84,295,303
85,293,306
86,292,308
87,291,311
88,291,313
89,291,314
90,291,316
91,291,318
92,291,319
93,291,321
94,291,322
95,292,324
96,292,325
97,293,326
98,293,327
99,294,328
100,294,329
101,295,330
102,295,330
103,296,330
104,296,331
105,296,331
106,297,331
107,297,331
108,297,331
109,298,331
110,298,331
111,298,331
112,298,331
113,299,331
114,299,331
115,299,331
116,299,331
117,299,331
118,299,330
119,299,330
120,300,330
121,300,330
122,300,330
123,300,330
124,300,330
125,300,330
126,300,330
127,300,330
128,300,330
129,300,329
130,300,329
131,300,329
132,300,329
133,300,329
134,300,329
135,300,329
136,300,329
137,300,329
138,300,329
139,300,329
140,300,329
141,300,329
142,300,329
143,300,329
144,300,329
145,300,328
146,300,328
147,300,328
148,300,328
149,300,328
150,300,328
151,300,328
152,300,328
153,300,328
154,300,328
155,300,328
156,300,328
157,300,328
158,300,328
159,300,328
160,300,328
161,300,328
162,300,328
163,300,328
164,300,327
165,300,327
166,300,327
167,301,327
168,301,327
169,301,327
170,301,327
171,301,327
172,301,327
173,301,327
174,301,327
175,301,327
176,301,327
177,301,327
178,301,327
179,301,327
180,301,327
181,301,327
182,301,327
183,301,327
184,301,327
185,301,327
186,301,327
187,301,327
188,301,327
189,301,327
190,301,327
191,301,327
192,301,327
193,301,326
194,301,326
195,301,326
196,301,326
197,301,326
198,301,326
199,301,326
200,301,326
201,301,326
202,301,326
203,301,326
204,301,326
205,301,326
206,301,326
207,301,326
208,301,326
209,301,326
210,301,326
211,301,326
212,301,326
213,301,326
214,301,326
215,301,326
216,301,326
217,301,326
218,301,326
219,301,326
220,301,326
221,301,326
222,301,326
223,301,326
224,301,326
225,301,326
226,301,326
227,301,326
228,301,326
229,301,326
230,301,326
231,301,326
232,301,326
233,301,326
234,301,326
235,301,326
236,301,326
237,301,326
238,301,326
239,301,326
240,301,326
241,301,326
242,301,326
243,301,326
244,301,326
245,301,326
246,301,326
247,301,326
248,301,326
249,301,326
250,301,326
251,301,326
252,301,326
253,301,326
254,301,326
255,301,326
256,301,326
257,301,326
258,301,326
259,301,326
260,301,326
261,301,327
262,301,327
263,301,327
264,301,327
265,301,327
266,301,327
267,301,327
268,301,327
269,301,327
270,301,327
271,301,327
272,301,327
273,301,327
274,301,327
275,301,327
276,301,327
277,301,327
278,301,327
279,301,327
280,301,327
281,301,327
282,301,327
283,301,327
284,301,327
285,301,327
286,301,327
287,301,327
288,301,327
289,301,327
290,301,327
291,301,327
292,300,327
293,300,327
294,300,327
295,300,327
296,300,327
297,300,327
298,300,327
299,300,327
300,300,328
301,300,328
302,300,328
303,300,328
304,300,328
305,300,328
306,300,328
307,300,328
308,300,328
309,300,328
310,300,328
311,300,328
312,300,328
313,300,328
314,300,328
315,300,328
316,300,328
317,300,328
318,300,328
319,300,328
320,300,328
321,300,328
322,300,328
323,300,328
324,300,328
325,300,328
326,300,328
327,300,328
328,300,328
329,300,328
330,300,328
331,300,328
332,300,329
333,300,329
334,300,329
335,300,329
336,300,329
337,300,329
338,300,329
339,300,329
340,300,329
341,300,329
342,300,329
343,300,329
344,300,329
345,300,329
346,300,329
347,300,329
348,300,329
349,300,329
350,300,329
351,300,329
352,300,329
353,300,329
354,300,329
355,300,329
356,300,329
357,300,329
358,300,329
359,300,330
360,300,330
361,300,330
362,300,330
363,300,330
364,300,330
365,300,330
366,300,330
367,300,330
368,300,330
369,300,330
370,300,330
371,300,330
372,300,330
373,300,330
374,299,330
375,299,330
376,299,330
377,299,330
378,299,330
379,299,330
380,298,330
381,298,330
382,298,330
383,297,330
384,297,330
385,296,330
386,296,330
387,295,330
388,294,330
388,277,277
388,294,330
389,277,281
389,292,330
390,278,288
390,288,329
390,278,329
391,278,329
392,279,329
393,279,329
394,280,329
395,280,329
396,281,329
397,281,328
398,281,328
399,282,328
400,282,328
401,283,327
402,283,327
403,284,327
404,284,327
405,284,326
406,285,326
407,285,326
408,286,325
409,286,325
410,287,324
411,287,324
412,288,324
413,288,323
414,288,323
415,289,322
416,289,322
417,290,321
418,290,321
419,291,321
420,291,320
421,292,320
422,292,319
423,292,319
424,293,318
425,293,318
426,294,317
427,294,316
428,295,316
429,295,315
430,296,315
431,296,314
432,296,313
433,297,313
434,297,312
435,298,311
436,298,310
437,299,309
438,299,308
439,301,306
440,304,304
1,61
299,437,438
298,435,437
297,432,436
296,430,435
295,428,434
294,426,433
293,423,432
292,421,431
291,419,430
290,416,429
289,414,427
288,412,426
287,410,425
286,407,425
285,405,424
284,403,422
283,401,422
282,398,421
281,396,420
280,394,419
279,392,418
278,389,417
277,388,416
276,388,415
275,387,414
274,387,413
273,387,412
272,386,411
271,386,410
270,385,409
269,385,408
268,385,407
267,384,406
266,384,405
265,383,405
264,383,404
263,383,403
262,382,402
261,382,401
260,381,400
259,381,399
258,381,398
257,380,397
256,380,396
255,380,396
254,379,395
253,379,394
252,378,393
251,378,392
250,378,391
249,377,390
248,377,389
247,377,389
246,376,388
245,376,387
244,376,386
243,375,385
242,375,384
241,375,383
240,375,381
239,376,380
0,0
