0,147
160,47,47
161,43,52
162,42,56
163,41,59
164,41,63
165,41,66
166,41,68
167,41,70
168,41,72
169,41,74
170,42,74
171,42,75
172,43,76
173,43,76
174,43,77
175,44,77
176,44,77
177,44,77
178,45,77
179,45,78
180,46,78
181,46,78
182,46,78
183,46,78
184,47,78
185,47,78
186,47,78
187,48,78
188,48,78
189,48,78
190,49,78
191,49,78
192,49,78
193,50,78
194,50,78
195,50,78
196,50,78
197,51,78
198,51,78
199,51,79
200,51,79
201,52,79
202,52,79
203,52,79
204,52,79
205,53,79
206,53,79
207,53,79
208,53,79
209,54,79
210,54,79
211,54,80
212,54,80
213,54,80
214,55,80
215,55,80
216,55,80
217,55,80
218,55,80
219,56,80
220,56,80
221,56,80
222,56,81
223,56,81
224,56,81
225,57,81
226,57,81
227,57,81
228,57,81
229,57,81
230,57,81
231,57,81
232,58,82
233,58,82
234,58,82
235,58,82
236,58,82
237,58,82
238,58,82
239,58,82
240,58,82
241,59,83
242,59,83
243,59,83
244,59,83
245,59,83
246,59,83
247,59,83
248,59,83
249,59,83
250,59,83
251,59,84
252,59,84
253,59,84
254,60,84
255,60,84
256,60,84
257,60,84
258,60,84
259,60,84
260,60,84
261,60,84
262,60,84
263,60,84
264,61,85
265,61,85
266,61,85
267,61,85
268,61,85
269,61,85
270,61,85
271,61,85
272,62,85
273,62,85
274,62,85
275,62,85
276,62,85
277,63,85
278,63,85
279,63,85
280,63,85
281,63,85
282,64,85
283,64,85
284,64,85
285,64,85
286,65,85
287,65,85
288,65,85
289,66,85
290,66,85
291,67,85
292,67,84
293,67,84
294,68,84
295,68,84
296,69,84
297,70,84
298,70,84
299,71,83
300,72,83
301,72,83
302,73,82
303,74,82
304,75,81
305,77,80
306,79,79
0,0
1,92
49,170,172
50,170,173
51,169,174
52,169,175
53,169,176
54,169,176
55,169,177
56,169,178
57,168,178
58,168,179
59,168,179
60,168,179
61,168,180
62,167,180
63,167,180
64,167,180
65,167,181
66,167,181
67,167,181
68,166,181
69,166,181
70,166,181
71,166,181
72,166,181
73,165,181
74,165,180
75,165,180
76,165,180
77,165,180
78,164,180
79,164,180
80,164,179
81,164,179
82,164,179
83,163,179
84,163,179
85,163,178
86,163,178
87,162,178
88,162,177
89,162,177
90,162,177
91,161,177
92,161,176
93,161,176
94,161,176
95,160,176
96,160,175
97,160,175
98,160,175
99,159,175
100,159,174
101,159,174
102,158,174
103,158,174
104,158,173
105,157,173
106,157,173
107,157,173
108,156,172
109,156,172
110,155,172
111,155,172
112,155,172
113,154,171
114,154,171
115,154,171
116,153,171
117,153,170
118,152,170
119,152,170
120,151,170
121,151,169
122,150,169
123,150,169
124,149,169
125,149,169
126,148,168
127,148,168
128,147,168
129,146,168
130,146,168
131,145,168
132,145,168
133,144,168
134,143,168
135,167,168
135,143,169
136,147,169
137,154,170
138,161,170
139,169,171
0,115
140,142,146
141,138,151
142,136,154
143,135,156
144,135,157
145,135,159
146,135,161
147,136,162
148,136,164
149,136,166
150,136,168
151,136,169
152,136,171
153,136,173
154,137,174
155,137,176
156,137,178
157,137,179
158,137,181
159,137,183
160,137,184
161,138,184
162,138,185
163,138,186
164,138,186
165,138,186
166,138,186
167,138,186
168,138,186
169,139,186
170,139,185
171,139,185
172,139,184
173,140,184
174,140,183
175,141,183
176,141,182
177,141,181
178,141,180
179,141,179
180,141,179
181,141,178
182,141,177
183,141,176
184,141,176
185,141,175
186,141,175
187,141,174
188,141,173
189,141,173
190,140,172
191,140,172
192,140,172
193,140,171
194,140,171
195,140,170
196,139,170
197,139,169
198,139,169
199,139,169
200,139,168
201,138,168
202,138,167
203,138,167
204,138,167
205,138,166
206,137,166
207,137,166
208,137,165
209,137,165
210,137,165
211,136,164
212,136,164
213,136,164
214,136,164
215,135,163
216,135,163
217,135,163
218,135,162
219,135,162
220,134,162
221,134,162
222,134,161
223,134,161
224,134,161
225,133,161
226,133,160
227,133,160
228,133,160
229,133,160
230,132,159
231,132,159
232,132,159
233,132,159
234,131,158
235,131,158
236,131,158
237,131,158
238,131,158
239,130,157
240,130,157
241,130,157
242,130,157
243,129,157
244,129,156
245,129,156
246,129,156
247,129,156
248,128,156
249,128,155
250,128,155
251,128,155
252,128,155
253,127,155
254,127,155
0,0
1,102
66,266,267
67,265,268
68,264,270
69,263,271
70,263,272
71,263,272
72,262,273
73,262,274
74,262,275
75,262,275
76,261,275
77,261,276
78,261,276
79,261,276
80,260,276
81,260,277
82,260,276
83,260,276
84,259,276
85,259,276
86,259,276
87,259,276
88,258,276
89,258,275
90,258,275
91,258,275
92,257,275
93,257,274
94,257,274
95,256,274
96,256,273
97,256,273
98,256,273
99,255,273
100,255,272
101,255,272
102,254,272
103,254,272
104,254,271
105,253,271
106,253,271
107,253,271
108,252,270
109,252,270
110,252,270
111,252,270
112,251,270
113,251,269
114,251,269
115,250,269
116,250,269
117,250,269
118,249,268
119,249,268
120,249,268
121,248,268
122,248,268
123,247,267
124,247,267
125,247,267
126,246,267
127,246,267
128,246,266
129,245,266
130,245,266
131,245,266
132,245,266
133,244,265
134,244,265
135,244,265
136,244,265
137,244,265
138,244,265
139,244,265
140,244,264
141,243,264
142,243,264
143,243,264
144,244,264
145,244,264
146,244,263
147,244,263
148,244,263
149,244,263
150,244,263
151,245,262
152,245,262
153,246,262
154,246,262
155,246,262
156,247,262
157,247,262
158,248,261
159,248,261
160,249,261
161,250,261
162,250,261
163,251,260
164,252,260
165,253,260
166,254,259
167,255,257
0,0
1,280
186,208,211
187,207,213
188,207,214
189,207,215
190,207,216
191,207,217
192,206,218
193,206,218
194,206,219
195,206,220
196,206,220
197,206,221
198,206,222
199,205,222
200,205,222
201,205,223
202,205,223
203,205,224
204,205,224
205,205,224
206,204,224
207,204,225
208,204,225
209,204,225
210,204,225
211,204,225
212,204,225
213,203,226
214,203,226
215,203,226
216,203,226
217,203,225
218,203,225
219,203,225
220,203,225
221,202,225
222,202,225
223,202,225
224,202,224
225,202,224
226,202,224
227,202,224
228,201,223
229,201,223
230,201,223
231,201,223
232,201,222
233,201,222
234,201,222
235,200,221
236,200,221
237,200,221
238,200,221
239,200,220
240,200,220
241,200,220
242,199,220
243,199,220
244,199,219
245,199,219
246,199,219
247,199,219
248,199,218
249,198,218
250,198,218
251,198,218
252,198,217
253,198,217
254,198,217
255,198,217
256,198,217
257,197,216
258,197,216
259,197,216
260,197,216
261,197,216
262,197,215
263,196,215
264,196,215
265,196,215
266,196,215
267,196,214
268,196,214
269,196,214
270,195,214
271,195,214
272,195,213
273,195,213
274,195,213
275,195,213
276,195,213
277,194,213
278,194,212
279,194,212
280,194,212
281,194,212
282,194,212
283,194,211
284,193,211
285,193,211
286,193,211
287,193,211
288,193,211
289,193,210
290,192,210
291,192,210
292,192,210
293,192,210
294,192,210
295,192,209
296,192,209
297,191,209
298,191,209
299,191,209
300,191,209
301,191,209
302,191,208
303,190,208
304,190,208
305,190,208
306,190,208
307,190,208
308,190,208
309,190,208
310,190,207
311,189,207
312,189,207
313,189,207
314,189,207
315,189,207
316,189,207
317,188,206
318,188,206
319,188,206
320,188,206
321,188,206
322,188,206
323,187,206
324,187,206
325,187,206
326,187,205
327,187,205
328,187,205
329,187,205
330,186,205
331,186,205
332,186,205
333,186,205
334,186,205
335,186,204
336,185,204
337,185,204
338,185,204
339,185,204
340,185,204
341,185,204
342,184,204
343,184,204
344,184,204
345,184,204
346,184,203
347,184,203
348,183,203
349,183,203
350,183,203
351,183,203
352,183,203
353,183,203
354,182,203
355,182,203
356,182,203
357,182,203
358,182,203
359,182,203
360,181,203
361,181,202
362,181,202
363,181,202
364,181,202
365,181,202
366,180,202
367,180,202
368,180,202
369,180,202
370,180,202
371,179,202
372,179,202
373,179,202
374,179,202
375,179,202
376,179,202
377,178,202
378,178,202
379,178,202
380,178,202
381,178,202
382,177,202
383,177,202
384,177,202
385,177,202
386,177,202
387,176,202
388,176,201
389,176,201
390,176,201
391,176,201
392,175,201
393,175,201
394,175,201
395,175,201
396,175,201
397,174,201
398,174,201
399,174,201
400,174,201
401,174,201
402,173,201
403,173,201
404,173,201
405,173,201
406,173,201
407,172,201
408,172,201
409,172,201
410,172,201
411,172,201
412,171,201
413,171,201
414,171,201
415,171,201
416,171,201
417,170,201
418,170,201
419,170,201
420,170,201
421,170,201
422,170,201
423,170,201
424,170,201
425,169,201
426,170,201
427,170,201
428,170,201
429,170,201
430,170,201
431,170,201
432,171,201
433,171,201
434,171,201
435,172,201
436,172,201
437,172,201
438,173,201
439,173,201
440,173,201
441,174,201
442,174,201
443,175,201
444,175,201
445,176,201
446,176,201
447,177,201
448,178,201
449,178,201
450,179,201
451,179,201
452,180,201
453,181,201
454,181,201
455,182,201
456,183,201
457,184,200
458,184,200
459,185,200
460,186,200
461,187,200
462,188,199
463,189,199
464,190,198
465,192,197
0,0
0,276
34,297,297
35,289,300
36,287,304
37,286,306
38,285,309
39,284,311
40,284,313
41,284,315
42,283,317
43,283,318
44,283,320
45,284,321
46,284,323
47,284,324
48,284,326
49,285,327
50,285,329
51,286,330
52,286,331
53,287,332
54,287,334
55,287,335
56,288,336
57,288,337
58,289,338
59,289,339
60,289,340
61,289,340
62,290,341
63,290,341
64,290,342
65,291,342
66,291,342
67,291,342
68,291,342
69,291,342
70,292,341
71,292,341
72,292,341
73,292,340
74,292,340
75,293,340
76,293,339
77,293,339
78,293,339
79,293,338
80,293,338
81,293,337
82,294,337
83,294,337
84,294,337
85,294,336
86,294,336
87,294,336
88,294,335
89,294,335
90,294,335
91,294,334
92,294,334
93,294,334
94,294,333
95,295,333
96,295,333
97,295,332
98,295,332
99,295,332
100,295,332
101,295,331
102,295,331
103,295,331
104,295,331
105,295,331
106,295,330
107,295,330
108,295,330
109,295,330
110,295,330
111,295,329
112,295,329
113,295,329
114,295,329
115,295,329
116,295,328
117,295,328
118,295,328
119,295,328
120,295,328
121,295,327
122,294,327
123,294,327
124,294,327
125,294,327
126,294,326
127,294,326
128,294,326
129,294,326
130,294,326
131,294,326
132,294,325
133,294,325
134,294,325
135,294,325
136,294,325
137,294,324
138,294,324
139,293,324
140,293,324
141,293,324
142,293,324
143,293,323
144,293,323
145,293,323
146,293,323
147,293,323
148,293,323
149,293,322
150,293,322
151,292,322
152,292,322
153,292,322
154,292,322
155,292,321
156,292,321
157,292,321
158,292,321
159,292,321
160,292,321
161,292,320
162,291,320
163,291,320
164,291,320
165,291,320
166,291,320
167,291,319
168,291,319
169,291,319
170,291,319
171,291,319
172,290,319
173,290,318
174,290,318
175,290,318
176,290,318
177,290,318
178,290,318
179,290,317
180,289,317
181,289,317
182,289,317
183,289,317
184,289,317
185,289,316
186,289,316
187,289,316
188,289,316
189,288,316
190,288,315
191,288,315
192,288,315
193,288,315
194,288,315
195,288,315
196,288,314
197,287,314
198,287,314
199,287,314
200,287,314
201,287,314
202,287,313
203,287,313
204,287,313
205,286,313
206,286,313
207,286,313
208,286,312
209,286,312
210,286,312
211,286,312
212,286,312
213,285,312
214,285,311
215,285,311
216,285,311
217,285,311
218,285,311
219,285,311
220,284,310
221,284,310
222,284,310
223,284,310
224,284,310
225,284,310
226,284,309
227,284,309
228,283,309
229,283,309
230,283,309
231,283,309
232,283,308
233,283,308
234,282,308
235,282,308
236,282,308
237,282,308
238,282,307
239,282,307
240,282,307
241,282,307
242,281,307
243,281,306
244,281,306
245,281,306
246,281,306
247,281,306
248,280,306
249,280,305
250,280,305
251,280,305
252,280,305
253,280,305
254,280,305
255,279,305
256,279,304
257,279,304
258,279,304
259,279,304
260,279,304
261,279,303
262,278,303
263,278,303
264,278,303
265,278,303
266,278,303
267,278,302
268,277,302
269,277,302
270,277,302
271,277,302
272,277,302
273,277,301
274,276,301
275,276,301
276,276,301
277,276,301
278,276,301
279,276,300
280,276,300
281,275,300
282,275,300
283,275,300
284,275,300
285,275,299
286,275,299
287,274,299
288,274,299
289,274,299
290,274,299
291,274,298
292,274,298
293,273,298
294,273,298
295,273,298
296,273,297
297,273,297
298,273,297
299,272,297
300,272,297
301,272,297
302,272,296
303,272,296
304,272,296
305,272,294
306,271,288
307,271,281
308,271,275
309,271,271
0,0
0,142
299,208,208
300,204,212
301,203,219
302,202,223
303,202,227
304,202,229
305,202,232
306,202,234
307,202,236
308,203,237
309,203,238
310,203,239
311,204,240
312,204,240
313,205,240
314,205,241
315,205,241
316,206,241
317,206,241
318,207,241
319,207,241
320,208,241
321,208,241
322,208,241
323,209,241
324,209,242
325,210,242
326,210,242
327,210,242
328,211,242
329,211,242
330,211,242
331,212,242
332,212,242
333,212,242
334,213,242
335,213,243
336,213,243
337,214,243
338,214,243
339,214,243
340,215,243
341,215,243
342,215,243
343,215,244
344,216,244
345,216,244
346,216,244
347,217,244
348,217,244
349,217,244
350,217,244
351,218,245
352,218,245
353,218,245
354,218,245
355,219,245
356,219,245
357,219,245
358,219,246
359,220,246
360,220,246
361,220,246
362,220,246
363,221,246
364,221,246
365,221,247
366,221,247
367,221,247
368,222,247
369,222,247
370,222,247
371,222,247
372,222,247
373,222,248
374,223,248
375,223,248
376,223,248
377,223,248
378,223,248
379,223,249
380,223,249
381,224,249
382,224,249
383,224,249
384,224,249
385,224,249
386,224,249
387,224,250
388,225,250
389,225,250
390,225,250
391,225,250
392,225,250
393,225,250
394,225,250
395,225,251
396,226,251
397,226,251
398,226,251
399,226,251
400,226,251
401,226,251
402,227,251
403,227,251
404,227,251
405,227,251
406,227,252
407,228,252
408,228,252
409,228,252
410,228,252
411,229,252
412,229,252
413,229,252
414,229,252
415,230,252
416,230,252
417,230,252
418,230,252
419,231,252
420,231,252
421,231,252
422,232,252
423,232,252
424,233,252
425,233,252
426,233,252
427,234,252
428,234,252
429,235,252
430,236,252
431,236,252
432,237,251
433,238,251
434,238,251
435,239,251
436,240,250
437,241,250
438,242,250
439,243,249
440,245,248
0,0
1,153
210,310,314
211,309,315
212,309,316
213,309,317
214,308,318
215,308,318
216,308,319
217,308,320
218,308,320
219,308,321
220,308,321
221,308,322
222,308,322
223,308,322
224,308,323
225,308,323
226,308,323
227,308,324
228,307,324
229,307,324
230,307,324
231,307,324
232,307,324
233,307,324
234,307,325
235,307,324
236,307,324
237,307,324
238,307,324
239,307,324
240,307,324
241,307,324
242,306,323
243,306,323
244,306,323
245,306,323
246,306,323
247,306,322
248,306,322
249,306,322
250,306,322
251,306,322
252,305,321
253,305,321
254,305,321
255,305,321
256,305,321
257,305,321
258,305,321
259,305,320
260,305,320
261,305,320
262,304,320
263,304,320
264,304,320
265,304,319
266,304,319
267,304,319
268,304,319
269,304,319
270,303,319
271,303,319
272,303,318
273,303,318
274,303,318
275,303,318
276,303,318
277,302,318
278,302,318
279,302,317
280,302,317
281,302,317
282,302,317
283,302,317
284,301,317
285,301,317
286,301,316
287,301,316
288,301,316
289,301,316
290,300,316
291,300,316
292,300,315
293,300,315
294,300,315
295,299,315
296,299,315
297,299,315
298,299,315
299,299,314
300,299,314
301,298,314
302,298,314
303,298,314
304,298,314
305,297,313
306,297,313
307,297,313
308,297,313
309,297,313
310,296,313
311,296,313
312,296,312
313,296,312
314,295,312
315,295,312
316,295,312
317,295,312
318,295,311
319,294,311
320,294,311
321,294,311
322,294,311
323,293,311
324,293,311
325,293,310
326,292,310
327,292,310
328,292,310
329,292,310
330,291,309
331,291,309
332,291,309
333,290,309
334,290,308
335,290,308
336,290,308
337,289,308
338,289,308
339,289,308
340,288,308
341,288,308
342,288,308
343,287,308
344,287,308
345,287,308
346,286,308
347,286,308
348,286,308
349,285,308
350,285,308
351,285,308
352,284,308
353,284,308
354,307,308
354,284,309
355,307,308
355,283,309
356,286,309
357,292,309
358,298,310
359,305,311
360,311,311
0,121
282,360,368
283,356,373
284,355,376
285,355,379
286,355,381
287,356,384
288,356,386
289,356,388
290,356,390
291,356,392
292,356,394
293,357,395
294,357,397
295,357,399
296,357,400
297,357,402
298,357,403
299,357,405
300,358,406
301,358,408
302,358,409
303,358,410
304,358,411
305,358,413
306,359,414
307,359,415
308,359,415
309,359,416
310,359,417
311,359,418
312,360,418
313,361,418
314,361,419
315,361,419
316,362,419
317,362,419
318,362,419
319,362,418
320,362,418
321,363,418
322,363,417
323,363,416
324,363,416
325,363,415
326,363,414
327,363,413
328,362,412
329,362,411
330,362,410
331,362,409
332,362,408
333,362,407
334,362,406
335,362,405
336,362,404
337,362,403
338,361,403
339,361,402
340,361,401
341,361,400
342,361,400
343,361,399
344,361,398
345,360,398
346,360,397
347,360,396
348,360,396
349,360,395
350,359,395
351,359,394
352,359,394
353,359,393
354,359,393
355,358,393
356,358,392
357,358,392
358,358,391
359,357,391
360,357,390
361,357,390
362,357,389
363,357,389
364,356,389
365,356,388
366,356,388
367,356,388
368,355,387
369,355,387
370,355,386
371,355,386
372,354,386
373,354,385
374,354,385
375,353,385
376,353,384
377,353,384
378,353,384
379,352,383
380,352,383
381,352,383
382,352,382
383,351,382
384,351,382
385,351,381
386,350,381
387,350,381
388,350,380
389,349,380
390,349,380
391,349,379
392,348,379
393,348,379
394,348,378
395,348,378
396,347,378
397,347,378
398,347,377
399,346,377
400,346,376
401,346,364
402,345,351
0,0
1,164
232,405,409
233,404,410
234,403,412
235,403,413
236,403,414
237,403,415
238,403,416
239,403,417
240,402,418
241,402,418
242,402,419
243,402,419
244,402,419
245,402,419
246,402,420
247,402,420
248,402,420
249,402,420
250,402,421
251,402,420
252,401,420
253,401,420
254,401,420
255,401,420
256,401,420
257,401,420
258,401,420
259,401,419
260,401,419
261,401,419
262,400,419
263,400,419
264,400,419
265,400,418
266,400,418
267,400,418
268,400,418
269,400,418
270,400,418
271,399,418
272,399,417
273,399,417
274,399,417
275,399,417
276,399,417
277,399,417
278,399,417
279,398,416
280,398,416
281,398,416
282,398,416
283,398,416
284,398,416
285,398,416
286,398,416
287,397,415
288,397,415
289,397,415
290,397,415
291,397,415
292,397,415
293,397,415
294,396,415
295,396,415
296,396,414
297,396,414
298,396,414
299,396,414
300,395,414
301,395,414
302,395,414
303,395,414
304,395,414
305,395,414
306,395,414
307,394,413
308,394,413
309,394,413
310,394,413
311,394,413
312,393,413
313,393,413
314,393,413
315,393,413
316,393,413
317,393,413
318,393,413
319,392,412
320,392,412
321,392,412
322,392,412
323,392,412
324,391,412
325,391,412
326,391,412
327,391,412
328,391,412
329,391,412
330,390,412
331,390,412
332,390,412
333,390,411
334,390,411
335,389,411
336,389,411
337,389,411
338,389,411
339,389,411
340,389,411
341,388,411
342,388,411
343,388,411
344,388,411
345,388,411
346,387,411
347,387,411
348,387,410
349,387,410
350,387,410
351,386,410
352,386,410
353,386,410
354,386,410
355,386,410
356,386,410
357,386,410
358,386,410
359,385,410
360,385,410
361,385,410
362,385,410
363,385,410
364,385,410
365,385,410
366,386,410
367,386,410
368,386,409
369,386,409
370,386,409
371,386,409
372,386,409
373,387,409
374,387,409
375,387,409
376,388,409
377,388,409
378,389,409
379,389,409
380,390,409
381,390,409
382,391,409
383,392,409
384,392,409
385,393,409
386,394,409
387,395,409
388,396,409
389,396,408
390,397,408
391,398,408
392,399,407
393,401,406
394,403,405
394,403,403
0,0
