0,105
90,83,83
91,77,91
92,75,97
93,74,102
94,73,104
95,73,106
96,73,107
97,74,108
98,74,108
99,75,109
100,75,109
101,76,110
102,76,110
103,77,110
104,77,110
105,78,110
106,79,111
107,79,111
108,80,111
109,80,111
110,81,111
111,82,112
112,82,112
113,83,112
114,83,112
115,84,112
116,84,113
117,85,113
118,85,113
119,86,113
120,86,114
121,87,114
122,87,114
123,88,114
124,88,115
125,89,115
126,89,115
127,90,115
128,90,115
129,90,116
130,91,116
131,91,116
132,92,116
133,92,117
134,93,117
135,93,117
136,93,117
137,94,118
138,94,118
139,94,118
140,95,119
141,95,119
142,96,119
143,96,119
144,96,120
145,96,120
146,97,120
147,97,120
148,98,121
149,98,121
150,98,121
151,98,121
152,99,121
153,99,122
154,99,122
155,100,122
156,100,123
157,100,123
158,100,123
159,101,123
160,101,123
161,101,124
162,102,124
163,102,124
164,102,124
165,102,124
166,103,125
167,103,125
168,104,125
169,104,125
170,104,125
171,105,126
172,105,126
173,105,126
174,106,126
175,106,126
176,107,126
177,107,126
178,108,127
179,108,127
180,109,127
181,109,127
182,110,127
183,110,127
184,111,127
185,112,127
186,112,127
187,113,127
188,114,127
189,115,127
190,116,126
191,117,126
192,119,126
193,120,125
194,122,124
0,0
1,97
87,96,98
88,95,99
89,95,100
90,95,101
91,95,102
92,95,103
93,95,103
94,95,104
95,94,104
96,94,105
97,94,105
98,94,106
99,94,106
100,94,106
101,94,106
102,93,106
103,93,106
104,93,107
105,93,107
106,93,107
107,93,107
108,93,107
109,92,106
110,92,106
111,92,106
112,92,106
113,92,106
114,92,106
115,91,106
116,91,106
117,91,105
118,91,105
119,91,105
120,91,105
121,90,105
122,90,104
123,90,104
124,90,104
125,89,104
126,89,103
127,89,103
128,89,103
129,89,103
130,88,102
131,88,102
132,88,102
133,88,102
134,87,101
135,87,101
136,87,101
137,87,101
138,86,100
139,86,100
140,86,100
141,86,100
142,85,100
143,85,99
144,85,99
145,84,99
146,84,99
147,84,98
148,83,98
149,83,98
150,83,98
151,82,97
152,82,97
153,81,97
154,81,97
155,81,97
156,80,96
157,80,96
158,80,96
159,79,96
160,79,95
161,78,95
162,78,95
163,77,95
164,77,95
165,76,94
166,76,94
167,75,94
168,75,94
169,74,94
170,74,94
171,73,94
172,73,94
173,93,94
173,72,95
174,93,94
174,71,95
175,93,94
175,70,95
176,93,94
176,71,95
177,80,96
178,88,97
179,97,98
0,92
68,183,183
69,178,189
70,176,192
71,175,194
72,176,196
73,176,197
74,176,199
75,176,200
76,176,202
77,176,203
78,176,205
79,176,207
80,176,208
81,177,210
82,177,211
83,177,213
84,177,214
85,177,216
86,177,218
87,177,219
88,177,220
89,178,221
90,178,222
91,178,222
92,178,223
93,178,223
94,178,223
95,178,223
96,178,223
97,178,223
98,179,222
99,179,222
100,180,221
101,180,221
102,180,220
103,180,219
104,180,218
105,180,218
106,180,217
107,180,216
108,179,215
109,179,214
110,179,213
111,179,212
112,179,212
113,179,211
114,178,210
115,178,210
116,178,209
117,178,209
118,178,208
119,177,208
120,177,207
121,177,207
122,176,206
123,176,206
124,176,205
125,176,205
126,175,204
127,175,204
128,175,203
129,175,203
130,174,203
131,174,202
132,174,202
133,173,201
134,173,201
135,173,201
136,173,200
137,172,200
138,172,200
139,172,199
140,172,199
141,171,198
142,171,198
143,171,198
144,171,197
145,170,197
146,170,197
147,170,197
148,169,196
149,169,196
150,169,196
151,169,195
152,168,195
153,168,195
154,168,194
155,167,194
156,167,194
157,167,193
158,173,193
159,188,193
0,0
1,93
112,165,169
113,164,170
114,164,171
115,164,172
116,163,173
117,163,174
118,163,174
119,162,175
120,162,176
121,162,176
122,162,176
123,162,177
124,161,177
125,161,177
126,161,177
127,161,177
128,160,177
129,160,177
130,160,177
131,160,177
132,159,176
133,159,176
134,159,176
135,159,176
136,158,176
137,158,175
138,158,175
139,158,175
140,157,175
141,157,174
142,157,174
143,156,174
144,156,174
145,156,173
146,156,173
147,155,173
148,155,173
149,155,173
150,154,173
151,154,172
152,154,172
153,153,172
154,153,172
155,153,171
156,152,171
157,152,171
158,152,171
159,151,171
160,151,171
161,151,170
162,150,170
163,150,170
164,150,170
165,150,170
166,149,170
167,149,169
168,149,169
169,148,169
170,148,169
171,148,169
172,148,169
173,148,168
174,147,168
175,147,168
176,147,168
177,147,168
178,147,168
179,147,168
180,147,168
181,147,167
182,148,167
183,148,167
184,148,167
185,148,167
186,148,167
187,148,167
188,149,166
189,149,166
190,149,166
191,150,166
192,150,166
193,151,166
194,151,166
195,152,166
196,153,165
197,153,165
198,154,165
199,154,165
200,155,165
201,156,164
202,157,164
203,158,163
204,160,161
0,0
0,105
70,251,253
71,246,259
72,244,264
73,243,268
74,243,271
75,243,273
76,243,275
77,244,276
78,244,277
79,244,278
80,245,278
81,245,278
82,246,279
83,246,279
84,247,279
85,247,279
86,248,279
87,248,279
88,249,279
89,249,280
90,250,280
91,250,280
92,251,280
93,251,280
94,252,280
95,252,280
96,253,280
97,253,281
98,253,281
99,254,281
100,254,281
101,255,281
102,255,281
103,255,282
104,256,282
105,256,282
106,257,282
107,257,282
108,257,282
109,258,283
110,258,283
111,258,283
112,259,283
113,259,283
114,259,283
115,260,284
116,260,284
117,260,284
118,261,284
119,261,284
120,261,284
121,261,285
122,262,285
123,262,285
124,262,285
125,262,285
126,263,285
127,263,286
128,263,286
129,263,286
130,264,286
131,264,286
132,264,287
133,264,287
134,265,287
135,265,287
136,265,287
137,265,287
138,265,287
139,266,288
140,266,288
141,266,288
142,266,288
143,266,288
144,267,288
145,267,289
146,267,289
147,267,289
148,268,289
149,268,289
150,268,289
151,269,289
152,269,289
153,269,289
154,270,289
155,270,290
156,270,290
157,271,290
158,271,290
159,272,290
160,272,290
161,272,290
162,273,290
163,273,290
164,274,290
165,275,290
166,275,290
167,276,289
168,277,289
169,278,289
170,279,289
171,280,289
172,281,288
173,282,288
174,284,287
0,0
1,104
251,78,81
252,77,82
253,77,83
254,77,83
255,77,84
256,76,85
257,76,86
258,76,86
259,76,87
260,76,87
261,76,88
262,76,88
263,76,88
264,76,89
265,76,89
266,76,89
267,76,89
268,75,89
269,75,89
270,75,90
271,75,89
272,75,89
273,75,89
274,75,89
275,74,89
276,74,89
277,74,89
278,74,89
279,74,88
280,74,88
281,73,88
282,73,88
283,73,88
284,73,88
285,73,88
286,73,88
287,73,87
288,72,87
289,72,87
290,72,87
291,72,86
292,72,86
293,71,86
294,71,86
295,71,85
296,71,85
297,71,85
298,70,85
299,70,84
300,70,84
301,70,84
302,70,84
303,69,84
304,69,83
305,69,83
306,69,83
307,68,83
308,68,82
309,68,82
310,68,82
311,67,82
312,67,82
313,67,81
314,67,81
315,66,81
316,66,81
317,66,81
318,65,80
319,65,80
320,65,80
321,64,80
322,64,79
323,64,79
324,63,79
325,63,79
326,62,79
327,62,78
328,62,78
329,61,78
330,61,78
331,61,77
332,60,77
333,60,77
334,59,77
335,59,77
336,58,77
337,58,77
338,57,77
339,57,77
340,56,77
341,56,77
342,55,77
343,55,77
344,54,77
345,54,77
346,53,77
347,75,77
347,53,78
348,75,77
348,52,78
349,54,79
350,64,80
351,74,81
351,79,81
0,94
49,356,356
50,352,361
51,350,364
52,348,366
53,348,368
54,348,370
55,349,371
56,349,373
57,349,374
58,349,376
59,349,377
60,349,378
61,349,380
62,349,382
63,349,383
64,349,384
65,349,386
66,350,387
67,350,389
68,350,391
69,350,392
70,350,394
71,350,395
72,350,396
73,350,396
74,350,397
75,350,397
76,351,398
77,351,398
78,351,398
79,351,398
80,351,398
81,351,397
82,352,397
83,352,396
84,352,396
85,352,395
86,352,394
87,352,394
88,352,393
89,352,392
90,352,391
91,352,390
92,352,389
93,351,388
94,351,387
95,351,386
96,351,386
97,350,385
98,350,384
99,350,384
100,350,383
101,349,382
102,349,382
103,349,381
104,348,381
105,348,380
106,348,380
107,348,379
108,347,379
109,347,378
110,347,378
111,347,377
112,346,377
113,346,376
114,346,376
115,345,375
116,345,375
117,345,374
118,344,374
119,344,374
120,344,373
121,344,373
122,343,372
123,343,372
124,343,372
125,342,371
126,342,371
127,342,371
128,342,370
129,341,370
130,341,369
131,341,369
132,340,369
133,340,368
134,340,368
135,339,368
136,339,367
137,339,367
138,339,367
139,338,366
140,341,366
141,352,366
142,363,365
0,0
1,102
276,146,148
277,146,150
278,145,152
279,145,153
280,144,154
281,144,155
282,144,156
283,144,156
284,144,157
285,144,158
286,144,158
287,144,158
288,143,159
289,143,159
290,143,159
291,143,159
292,143,160
293,143,159
294,143,159
295,142,159
296,142,159
297,142,159
298,142,159
299,142,159
300,142,158
301,142,158
302,141,158
303,141,158
304,141,158
305,141,158
306,141,157
307,141,157
308,140,157
309,140,157
310,140,157
311,140,157
312,140,157
313,139,157
314,139,156
315,139,156
316,139,156
317,139,156
318,138,156
319,138,156
320,138,156
321,138,156
322,138,156
323,138,155
324,137,155
325,137,155
326,137,155
327,137,155
328,137,155
329,136,155
330,136,155
331,136,155
332,136,155
333,135,155
334,135,155
335,135,155
336,135,154
337,135,154
338,134,154
339,134,154
340,134,154
341,134,154
342,134,154
343,133,154
344,133,154
345,133,154
346,133,154
347,133,154
348,133,154
349,133,154
350,133,154
351,132,154
352,133,154
353,133,154
354,133,154
355,133,153
356,134,153
357,134,153
358,134,153
359,134,153
360,135,153
361,135,153
362,135,153
363,136,153
364,136,153
365,137,153
366,138,153
367,138,153
368,139,153
369,140,153
370,140,153
371,141,153
372,142,153
373,143,152
374,144,152
375,145,151
376,146,150
377,148,149
0,0
1,223
101,269,271
102,268,272
103,267,273
104,267,274
105,267,274
106,267,275
107,266,276
108,266,277
109,266,277
110,266,278
111,266,279
112,266,280
113,266,280
114,265,281
115,265,282
116,265,282
117,265,283
118,265,284
119,265,284
120,265,285
121,265,285
122,264,285
123,264,286
124,264,286
125,264,286
126,264,286
127,264,287
128,264,286
129,264,286
130,264,286
131,263,286
132,263,286
133,263,286
134,263,285
135,263,285
136,263,285
137,263,285
138,263,284
139,263,284
140,262,284
141,262,284
142,262,284
143,262,283
144,262,283
145,262,283
146,262,283
147,262,283
148,262,282
149,261,282
150,261,282
151,261,282
152,261,282
153,261,281
154,261,281
155,261,281
156,261,281
157,261,281
158,260,280
159,260,280
160,260,280
161,260,280
162,260,280
163,260,279
164,260,279
165,260,279
166,260,279
167,259,279
168,259,278
169,259,278
170,259,278
171,259,278
172,259,278
173,259,278
174,259,277
175,258,277
176,258,277
177,258,277
178,258,277
179,258,276
180,258,276
181,258,276
182,257,276
183,257,276
184,257,276
185,257,275
186,257,275
187,257,275
188,256,275
189,256,275
190,256,274
191,256,274
192,256,274
193,256,274
194,255,274
195,255,274
196,255,273
197,255,273
198,255,273
199,255,273
200,254,273
201,254,273
202,254,272
203,254,272
204,254,272
205,253,272
206,253,272
207,253,271
208,253,271
209,253,271
210,252,271
211,252,271
212,252,271
213,252,271
214,252,270
215,251,270
216,251,270
217,251,270
218,251,270
219,251,270
220,250,269
221,250,269
222,250,269
223,250,269
224,250,269
225,249,269
226,249,268
227,249,268
228,249,268
229,248,268
230,248,268
231,248,268
232,248,268
233,247,267
234,247,267
235,247,267
236,247,267
237,247,267
238,246,267
239,246,267
240,246,266
241,246,266
242,245,266
243,245,266
244,245,266
245,245,266
246,244,265
247,244,265
248,244,265
249,244,265
250,244,265
251,243,265
252,243,265
253,243,264
254,243,264
255,242,264
256,242,264
257,242,264
258,242,264
259,241,264
260,241,263
261,241,263
262,241,263
263,241,263
264,240,263
265,240,263
266,240,263
267,240,262
268,239,262
269,239,262
270,239,262
271,239,262
272,238,262
273,238,262
274,238,261
275,238,261
276,237,261
277,237,261
278,237,261
279,237,261
280,236,261
281,236,260
282,236,260
283,236,260
284,235,260
285,235,260
286,235,260
287,235,260
288,235,260
289,235,259
290,235,259
291,234,259
292,234,259
293,234,259
294,234,259
295,234,259
296,234,259
297,234,258
298,234,258
299,235,258
300,235,258
301,235,258
302,235,258
303,236,258
304,236,258
305,236,257
306,237,257
307,237,257
308,238,257
309,238,257
310,238,257
311,239,257
312,239,257
313,240,257
314,240,257
315,241,257
316,241,257
317,242,256
318,242,256
319,243,256
320,243,255
321,244,254
322,245,253
323,246,252
0,0
0,239
186,189,195
187,186,199
188,184,203
189,183,206
190,183,208
191,182,210
192,182,213
193,182,215
194,183,217
195,183,219
196,183,220
197,184,222
198,184,224
199,185,225
200,185,226
201,185,228
202,186,228
203,186,229
204,187,230
205,187,230
206,187,230
207,188,230
208,188,230
209,189,230
210,189,229
211,189,228
212,190,228
213,190,227
214,190,227
215,190,227
216,191,226
217,191,226
218,191,226
219,191,226
220,191,225
221,191,225
222,191,225
223,191,225
224,191,224
225,191,224
226,192,224
227,192,224
228,192,224
229,192,223
230,192,223
231,192,223
232,192,223
233,192,223
234,192,222
235,192,222
236,192,222
237,192,222
238,192,222
239,191,221
240,191,221
241,191,221
242,191,221
243,191,221
244,191,221
245,191,221
246,191,220
247,191,220
248,191,220
249,191,220
250,191,220
251,191,220
252,191,219
253,190,219
254,190,219
255,190,219
256,190,219
257,190,218
258,190,218
259,190,218
260,190,218
261,189,218
262,189,218
263,189,217
264,189,217
265,189,217
266,189,217
267,188,217
268,188,216
269,188,216
270,188,216
271,188,216
272,187,215
273,187,215
274,187,215
275,187,215
276,186,214
277,186,214
278,186,214
279,186,214
280,186,213
281,185,213
282,185,213
283,185,213
284,185,212
285,184,212
286,184,212
287,184,211
288,183,211
289,183,211
290,183,211
291,183,210
292,182,210
293,182,210
294,182,209
295,181,209
296,181,209
297,181,208
298,180,208
299,180,208
300,180,207
301,179,207
302,179,207
303,179,206
304,178,206
305,178,206
306,178,205
307,177,205
308,177,205
309,176,204
310,176,204
311,176,203
312,175,203
313,175,203
314,174,202
315,174,202
316,174,202
317,173,201
318,173,201
319,172,200
320,172,200
321,171,199
322,171,199
323,170,199
324,170,198
325,169,198
326,169,197
327,168,197
328,168,196
329,167,196
330,167,196
331,166,195
332,166,195
333,165,194
334,165,194
335,164,193
336,163,193
337,163,192
338,162,192
339,161,191
340,161,191
341,160,190
342,159,189
343,159,189
344,158,188
345,157,188
346,157,187
347,156,187
348,155,186
349,154,185
350,153,185
351,153,184
352,152,184
353,151,183
354,150,182
355,149,182
356,148,181
357,148,181
358,147,180
359,146,179
360,145,178
361,144,178
362,143,177
363,142,176
364,141,176
365,140,175
366,139,174
367,138,173
368,137,173
369,136,172
370,135,171
371,134,170
372,133,169
373,131,168
374,130,167
375,129,166
376,128,166
377,127,165
378,126,164
379,124,163
380,123,162
381,121,161
382,120,160
383,118,158
384,117,157
385,115,156
386,114,155
387,112,154
388,111,152
389,109,151
390,107,150
391,105,149
392,104,147
393,102,146
394,100,144
395,98,143
396,97,141
397,95,140
398,93,138
399,91,136
400,89,134
401,87,132
402,85,131
403,83,129
404,81,127
405,79,125
406,77,122
407,75,120
408,73,118
409,71,116
410,69,113
411,67,111
412,65,108
413,63,105
414,61,103
415,59,100
416,56,97
417,54,94
418,53,91
419,51,87
420,50,83
421,49,79
422,49,74
423,52,68
424,60,60
0,0
1,261
201,264,272
202,263,274
203,263,276
204,263,277
205,263,278
206,264,280
207,264,281
208,265,282
209,266,283
210,267,285
211,268,286
212,268,287
213,269,288
214,270,290
215,271,291
216,272,292
217,273,293
218,274,294
219,275,296
220,276,297
221,277,298
222,278,299
223,279,301
224,279,302
225,280,303
226,281,304
227,282,305
228,283,307
229,284,308
230,285,309
231,286,310
232,287,312
233,288,313
234,289,314
235,289,315
236,290,316
237,291,317
238,292,319
239,293,320
240,294,321
241,295,322
242,296,323
243,297,324
244,298,326
245,298,327
246,299,328
247,300,329
248,301,330
249,302,331
250,303,333
251,304,334
252,305,335
253,305,336
254,306,337
255,307,338
256,308,340
257,309,341
258,310,342
259,311,343
260,312,344
261,312,345
262,313,346
263,314,348
264,315,349
265,316,350
266,317,351
267,318,352
268,319,353
269,319,354
270,320,355
271,321,357
272,322,358
273,323,359
274,324,360
275,324,361
276,325,362
277,326,363
278,327,365
279,328,366
280,329,367
281,329,368
282,330,369
283,331,370
284,332,371
285,333,372
286,334,373
287,334,374
288,335,375
289,336,377
290,337,378
291,338,379
292,339,380
293,339,381
294,340,382
295,341,383
296,342,384
297,342,385
298,343,386
299,344,387
300,345,389
301,346,390
302,346,391
303,347,392
304,348,393
305,349,394
306,349,395
307,350,396
308,351,397
309,352,398
310,352,399
311,353,400
312,354,401
313,354,402
314,355,403
315,356,405
316,357,406
317,357,407
318,358,408
319,359,409
320,359,410
321,360,411
322,361,412
323,362,413
324,362,414
325,363,415
326,364,416
327,364,417
328,365,418
329,366,419
330,366,420
331,367,421
332,368,422
333,369,423
334,369,424
335,370,425
336,371,426
337,371,428
338,372,428
339,373,429
340,373,430
341,374,431
342,374,431
343,375,432
344,376,432
345,376,433
346,377,433
347,378,434
348,378,434
349,379,434
350,379,435
351,380,435
352,380,435
353,381,435
354,382,435
355,382,436
356,383,436
357,383,436
358,384,436
359,384,436
360,385,436
361,385,436
362,386,436
363,386,436
364,386,437
365,387,437
366,387,437
367,388,437
368,388,437
369,389,437
370,389,437
371,390,437
372,390,437
373,390,438
374,391,437
375,391,437
376,392,437
377,392,437
378,392,437
379,393,437
380,393,437
381,394,437
382,394,437
383,394,437
384,395,437
385,395,437
386,396,437
387,396,437
388,396,437
389,397,436
390,397,436
391,397,436
392,398,436
393,398,436
394,398,436
395,399,436
396,399,436
397,399,436
398,400,436
399,400,436
400,401,436
401,401,436
402,401,435
403,401,435
404,402,435
405,402,435
406,403,435
407,403,435
408,403,435
409,404,435
410,404,435
411,404,434
412,405,434
413,405,434
414,405,434
415,406,434
416,406,434
417,406,434
418,407,434
419,407,434
420,407,433
421,408,433
422,408,433
423,408,433
424,408,433
425,409,433
426,409,433
427,409,433
428,410,433
429,410,432
430,410,432
431,411,432
432,411,432
433,411,432
434,412,432
435,412,432
436,412,431
437,413,431
438,413,431
439,413,431
440,414,431
441,414,431
442,414,430
443,415,430
444,415,430
445,415,430
446,416,430
447,416,429
448,416,429
449,417,429
450,417,429
451,417,428
452,418,428
453,418,428
454,419,427
455,419,427
456,420,427
457,420,426
458,421,426
459,421,425
460,422,425
461,423,424
0,0
0,47
187,319,319
188,314,326
189,311,335
190,310,343
191,309,347
192,309,350
193,309,353
194,309,356
195,309,358
196,310,360
197,310,362
198,310,364
199,311,366
200,312,367
201,313,368
202,313,369
203,314,370
204,316,371
205,317,372
206,318,372
207,320,373
208,321,373
209,322,374
210,324,374
211,325,375
212,326,375
213,327,376
214,329,376
215,330,376
216,331,376
217,333,377
218,334,377
219,336,377
220,337,377
221,338,377
222,340,377
223,341,377
224,343,377
225,345,377
226,346,376
227,348,376
228,350,376
229,352,375
230,354,374
231,357,374
232,360,373
233,364,370
0,0
