0,146
141,61,61
142,58,67
143,56,71
144,56,75
145,56,78
146,56,80
147,56,83
148,56,85
149,56,86
150,56,87
151,57,88
152,57,89
153,58,89
154,58,90
155,58,90
156,59,90
157,59,90
158,59,90
159,60,90
160,60,90
161,60,90
162,61,90
163,61,90
164,61,90
165,62,90
166,62,90
167,62,91
168,63,91
169,63,91
170,63,91
171,63,91
172,64,91
173,64,91
174,64,91
175,65,91
176,65,91
177,65,91
178,65,91
179,66,91
180,66,92
181,66,92
182,66,92
183,67,92
184,67,92
185,67,92
186,67,92
187,68,92
188,68,92
189,68,92
190,68,92
191,68,93
192,69,93
193,69,93
194,69,93
195,69,93
196,69,93
197,70,93
198,70,93
199,70,93
200,70,93
201,70,94
202,70,94
203,71,94
204,71,94
205,71,94
206,71,94
207,71,94
208,71,94
209,71,94
210,72,94
211,72,95
212,72,95
213,72,95
214,72,95
215,72,95
216,72,95
217,72,95
218,73,95
219,73,95
220,73,96
221,73,96
222,73,96
223,73,96
224,73,96
225,73,96
226,73,96
227,73,96
228,73,96
229,73,96
230,74,97
231,74,97
232,74,97
233,74,97
234,74,97
235,74,97
236,74,97
237,74,97
238,74,97
239,74,97
240,74,97
241,74,98
242,74,98
243,75,98
244,75,98
245,75,98
246,75,98
247,75,98
248,75,98
249,75,98
250,75,98
251,76,98
252,76,98
253,76,98
254,76,98
255,76,98
256,76,98
257,77,98
258,77,98
259,77,98
260,77,98
261,77,98
262,78,98
263,78,98
264,78,98
265,78,98
266,79,98
267,79,98
268,79,98
269,80,98
270,80,98
271,80,98
272,81,98
273,81,98
274,81,98
275,82,98
276,82,97
277,83,97
278,84,97
279,84,97
280,85,96
281,86,96
282,87,96
283,87,96
284,88,95
285,90,94
286,92,92
0,0
1,82
64,152,153
65,151,155
66,151,156
67,151,156
68,151,157
69,151,158
70,151,158
71,150,159
72,150,159
73,150,160
74,150,160
75,150,160
76,150,161
77,149,161
78,149,161
79,149,161
80,149,161
81,149,162
82,149,161
83,148,161
84,148,161
85,148,161
86,148,161
87,148,161
88,147,161
89,147,160
90,147,160
91,147,160
92,147,160
93,146,159
94,146,159
95,146,159
96,146,159
97,146,158
98,145,158
99,145,158
100,145,158
101,145,157
102,144,157
103,144,157
104,144,157
105,144,156
106,143,156
107,143,156
108,143,156
109,143,155
110,142,155
111,142,155
112,142,155
113,141,155
114,141,154
115,141,154
116,140,154
117,140,154
118,140,153
119,139,153
120,139,153
121,138,153
122,138,152
123,138,152
124,137,152
125,137,152
126,136,152
127,136,151
128,135,151
129,135,151
130,134,151
131,134,151
132,133,150
133,133,150
134,132,150
135,132,150
136,131,150
137,131,150
138,130,150
139,129,150
140,149,150
140,128,151
141,129,151
142,136,151
143,144,152
144,151,153
0,110
126,147,151
127,143,155
128,141,158
129,140,160
130,141,161
131,141,163
132,141,165
133,141,167
134,141,169
135,141,170
136,141,172
137,141,174
138,142,176
139,142,178
140,142,179
141,142,181
142,142,183
143,142,184
144,142,184
145,143,185
146,143,185
147,143,185
148,143,185
149,143,185
150,143,185
151,143,185
152,143,184
153,144,184
154,144,183
155,145,183
156,145,182
157,146,181
158,146,181
159,146,180
160,146,179
161,146,178
162,147,178
163,147,177
164,147,177
165,147,176
166,146,176
167,146,175
168,146,175
169,146,174
170,146,174
171,146,173
172,146,173
173,146,173
174,146,172
175,146,172
176,146,172
177,146,171
178,145,171
179,145,171
180,145,170
181,145,170
182,145,170
183,145,170
184,145,169
185,144,169
186,144,169
187,144,168
188,144,168
189,144,168
190,144,168
191,144,167
192,143,167
193,143,167
194,143,167
195,143,166
196,143,166
197,143,166
198,143,166
199,142,166
200,142,165
201,142,165
202,142,165
203,142,165
204,142,165
205,142,165
206,141,164
207,141,164
208,141,164
209,141,164
210,141,164
211,141,163
212,140,163
213,140,163
214,140,163
215,140,163
216,140,163
217,140,163
218,139,162
219,139,162
220,139,162
221,139,162
222,139,162
223,139,162
224,138,162
225,138,161
226,138,161
227,138,161
228,138,161
229,138,161
230,138,161
231,137,161
232,137,161
233,137,161
234,137,160
235,137,139
0,0
1,93
82,240,242
83,239,244
84,239,245
85,239,246
86,238,247
87,238,248
88,238,248
89,238,249
90,237,250
91,237,250
92,237,250
93,237,251
94,236,251
95,236,251
96,236,251
97,236,251
98,235,251
99,235,251
100,235,251
101,235,251
102,234,250
103,234,250
104,234,250
105,234,250
106,233,249
107,233,249
108,233,249
109,233,249
110,232,248
111,232,248
112,232,248
113,232,248
114,231,247
115,231,247
116,231,247
117,230,247
118,230,247
119,230,246
120,230,246
121,229,246
122,229,246
123,229,246
124,228,245
125,228,245
126,228,245
127,227,245
128,227,245
129,227,244
130,226,244
131,226,244
132,226,244
133,225,244
134,225,244
135,225,243
136,224,243
137,224,243
138,224,243
139,224,243
140,223,242
141,223,242
142,223,242
143,222,242
144,222,242
145,222,242
146,222,241
147,222,241
148,222,241
149,221,241
150,222,241
151,222,241
152,222,241
153,222,241
154,222,240
155,222,240
156,222,240
157,222,240
158,223,240
159,223,240
160,223,239
161,224,239
162,224,239
163,224,239
164,225,239
165,225,239
166,226,239
167,227,239
168,227,238
169,228,238
170,229,238
171,229,238
172,230,237
173,231,237
174,232,236
0,0
0,62
42,268,273
43,267,276
44,266,279
45,266,282
46,266,284
47,266,286
48,266,289
49,266,291
50,266,293
51,266,295
52,266,297
53,267,299
54,267,301
55,268,303
56,269,305
57,269,306
58,270,308
59,271,309
60,272,311
61,273,312
62,273,314
63,274,315
64,275,316
65,276,317
66,277,318
67,278,319
68,279,320
69,280,321
70,281,321
71,282,322
72,282,322
73,283,323
74,284,323
75,285,323
76,286,324
77,287,324
78,288,324
79,288,324
80,289,324
81,290,324
82,291,324
83,292,325
84,293,325
85,294,325
86,294,325
87,295,325
88,296,325
89,297,325
90,298,325
91,298,325
92,299,324
93,300,324
94,301,324
95,302,324
96,302,323
97,303,323
98,304,322
99,305,322
100,307,321
101,308,320
102,310,318
103,314,314
0,0
1,236
197,124,125
198,123,127
199,122,128
200,122,129
201,122,130
202,122,131
203,121,131
204,121,132
205,121,133
206,121,133
207,121,134
208,120,134
209,120,135
210,120,135
211,120,136
212,120,136
213,120,136
214,119,137
215,119,137
216,119,137
217,119,137
218,119,137
219,119,137
220,118,137
221,118,137
222,118,138
223,118,138
224,118,138
225,117,138
226,117,138
227,117,137
228,117,137
229,117,137
230,117,137
231,116,137
232,116,136
233,116,136
234,116,136
235,116,135
236,116,135
237,115,135
238,115,134
239,115,134
240,115,134
241,115,134
242,114,133
243,114,133
244,114,133
245,114,132
246,114,132
247,114,132
248,113,132
249,113,131
250,113,131
251,113,131
252,113,131
253,113,130
254,112,130
255,112,130
256,112,130
257,112,129
258,112,129
259,111,129
260,111,129
261,111,128
262,111,128
263,111,128
264,110,128
265,110,127
266,110,127
267,110,127
268,110,127
269,110,126
270,109,126
271,109,126
272,109,126
273,109,126
274,109,125
275,109,125
276,108,125
277,108,125
278,108,125
279,108,124
280,108,124
281,107,124
282,107,124
283,107,124
284,107,123
285,107,123
286,106,123
287,106,123
288,106,123
289,106,122
290,106,122
291,106,122
292,105,122
293,105,122
294,105,121
295,105,121
296,105,121
297,104,121
298,104,121
299,104,121
300,104,120
301,104,120
302,104,120
303,103,120
304,103,120
305,103,120
306,103,119
307,103,119
308,102,119
309,102,119
310,102,119
311,102,119
312,102,118
313,101,118
314,101,118
315,101,118
316,101,118
317,101,118
318,100,118
319,100,117
320,100,117
321,100,117
322,100,117
323,99,117
324,99,117
325,99,117
326,99,117
327,99,116
328,98,116
329,98,116
330,98,116
331,98,116
332,98,116
333,97,116
334,97,116
335,97,116
336,97,115
337,97,115
338,96,115
339,96,115
340,96,115
341,96,115
342,96,115
343,95,115
344,95,115
345,95,115
346,95,114
347,94,114
348,94,114
349,94,114
350,94,114
351,94,114
352,93,114
353,93,114
354,93,114
355,93,114
356,92,114
357,92,114
358,92,114
359,92,113
360,92,113
361,91,113
362,91,113
363,91,113
364,91,113
365,90,113
366,90,113
367,90,113
368,90,113
369,89,113
370,89,113
371,89,113
372,89,113
373,89,113
374,88,113
375,88,113
376,88,113
377,88,113
378,87,113
379,87,113
380,87,113
381,87,112
382,86,112
383,86,112
384,86,112
385,86,112
386,85,112
387,85,112
388,85,112
389,85,112
390,85,112
391,85,112
392,84,112
393,84,112
394,84,112
395,84,112
396,84,112
397,84,112
398,84,112
399,84,112
400,85,112
401,85,112
402,85,112
403,85,112
404,85,112
405,85,112
406,86,112
407,86,112
408,86,112
409,87,111
410,87,111
411,88,111
412,88,111
413,88,111
414,89,111
415,89,111
416,90,111
417,91,111
418,91,111
419,92,111
420,92,111
421,93,111
422,94,111
423,94,111
424,95,111
425,96,110
426,96,110
427,97,110
428,98,110
429,99,110
430,100,109
431,101,108
432,102,107
0,0
0,86
125,250,250
126,249,252
127,248,254
128,247,255
129,246,255
130,246,256
131,246,257
132,246,258
133,246,259
134,246,259
135,246,260
136,247,261
137,247,262
138,247,262
139,247,263
140,248,264
141,248,264
142,248,265
143,249,266
144,249,266
145,249,267
146,249,268
147,250,268
148,250,269
149,250,269
150,250,270
151,251,271
152,251,271
153,251,272
154,252,272
155,252,273
156,252,274
157,252,274
158,253,275
159,253,275
160,253,276
161,253,277
162,254,277
163,254,278
164,254,278
165,255,279
166,255,279
167,255,280
168,256,280
169,256,281
170,256,281
171,256,281
172,257,282
173,257,282
174,257,283
175,258,283
176,258,283
177,258,284
178,259,284
179,259,284
180,259,284
181,260,285
182,260,285
183,260,285
184,261,285
185,261,286
186,261,286
187,262,286
188,262,286
189,262,286
190,263,286
191,263,286
192,263,286
193,264,286
194,264,286
195,264,286
196,265,286
197,265,286
198,265,285
199,266,285
200,266,285
201,266,285
202,267,284
203,267,284
204,268,283
205,268,283
206,269,282
207,270,281
208,271,280
209,273,278
210,275,275
0,0
0,102
109,343,346
110,340,350
111,338,352
112,338,354
113,337,355
114,337,357
115,337,358
116,338,359
117,338,360
118,338,361
119,338,363
120,338,364
121,339,365
122,339,365
123,339,366
124,339,367
125,339,368
126,338,369
127,338,369
128,338,370
129,338,371
130,338,371
131,338,371
132,338,371
133,337,371
134,337,371
135,337,370
136,337,369
137,336,368
138,336,367
139,336,366
140,336,365
141,335,365
142,335,364
143,335,363
144,335,362
145,334,362
146,334,361
147,333,360
148,333,359
149,333,359
150,332,358
151,332,357
152,332,357
153,331,356
154,331,355
155,330,354
156,330,354
157,330,353
158,329,353
159,329,352
160,328,351
161,328,351
162,328,350
163,327,350
164,327,349
165,326,348
166,326,348
167,325,347
168,325,347
169,324,346
170,324,345
171,324,345
172,323,344
173,323,344
174,322,343
175,322,342
176,321,342
177,321,341
178,320,340
179,320,340
180,319,339
181,319,338
182,318,338
183,318,337
184,317,336
185,317,336
186,316,335
187,316,334
188,315,334
189,315,333
190,314,332
191,314,332
192,314,331
193,313,330
194,313,330
195,312,329
196,312,328
197,311,327
198,311,327
199,311,326
200,310,325
201,310,324
202,310,323
203,310,322
204,309,321
205,309,320
206,309,319
207,309,318
208,309,316
209,310,314
210,311,311
0,0
0,229
205,203,203
206,197,208
207,195,211
208,194,214
209,194,216
210,194,218
211,194,220
212,194,222
213,194,223
214,195,225
215,195,226
216,196,227
217,196,227
218,197,228
219,197,229
220,197,229
221,198,229
222,198,230
223,199,230
224,199,230
225,199,230
226,200,230
227,200,230
228,200,230
229,200,230
230,201,230
231,201,230
232,201,230
233,202,230
234,202,230
235,202,229
236,203,229
237,203,229
238,203,229
239,203,229
240,204,229
241,204,229
242,204,229
243,204,229
244,204,229
245,204,229
246,205,229
247,205,229
248,205,228
249,205,228
250,205,228
251,205,228
252,206,228
253,206,228
254,206,228
255,206,228
256,206,228
257,206,228
258,206,228
259,206,228
260,206,228
261,206,228
262,207,228
263,207,228
264,207,227
265,207,227
266,207,227
267,207,227
268,207,227
269,207,227
270,207,227
271,207,227
272,207,227
273,207,227
274,207,227
275,207,227
276,207,227
277,207,227
278,207,227
279,207,227
280,207,227
281,207,227
282,207,227
283,207,227
284,207,227
285,207,226
286,207,226
287,207,226
288,207,226
289,207,226
290,207,226
291,207,226
292,207,226
293,207,226
294,206,226
295,206,226
296,206,226
297,206,226
298,206,226
299,206,226
300,206,226
301,206,226
302,206,226
303,206,226
304,206,226
305,206,226
306,206,226
307,206,226
308,205,225
309,205,225
310,205,225
311,205,225
312,205,225
313,205,225
314,205,225
315,205,225
316,205,225
317,205,225
318,204,225
319,204,225
320,204,225
321,204,225
322,204,225
323,204,225
324,204,225
325,204,225
326,203,225
327,203,225
328,203,225
329,203,225
330,203,225
331,203,225
332,203,224
333,202,224
334,202,224
335,202,224
336,202,224
337,202,224
338,202,224
339,201,224
340,201,224
341,201,224
342,201,224
343,201,224
344,201,224
345,200,224
346,200,224
347,200,224
348,200,224
349,200,224
350,199,224
351,199,223
352,199,223
353,199,223
354,199,223
355,198,223
356,198,223
357,198,223
358,198,223
359,197,223
360,197,223
361,197,223
362,197,223
363,196,223
364,196,223
365,196,222
366,196,222
367,195,222
368,195,222
369,195,222
370,194,222
371,194,222
372,194,222
373,194,222
374,193,222
375,193,222
376,193,221
377,192,221
378,192,221
379,191,221
380,191,221
381,190,221
382,190,221
383,190,221
384,189,221
385,189,220
386,188,220
387,188,220
388,187,220
389,187,220
390,186,220
391,186,220
392,186,219
393,185,219
394,185,219
395,185,219
396,185,219
397,184,219
398,184,218
399,184,218
400,184,218
401,184,218
402,184,218
403,184,217
404,184,217
405,184,217
406,185,217
407,185,216
408,185,216
409,185,216
410,185,216
411,185,215
412,186,215
413,186,215
414,186,214
415,187,214
416,187,214
417,187,213
418,188,213
419,188,212
420,188,212
421,189,212
422,189,211
423,190,211
424,190,210
425,191,210
426,191,209
427,192,208
428,193,208
429,193,207
430,194,206
431,195,205
432,197,204
433,198,202
0,0
1,169
209,217,220
210,217,221
211,217,223
212,216,224
213,216,224
214,216,225
215,216,226
216,216,227
217,216,227
218,215,228
219,215,228
220,215,229
221,215,229
222,215,230
223,215,230
224,215,231
225,215,231
226,215,231
227,215,231
228,214,231
229,214,231
230,214,231
231,214,232
232,214,231
233,214,231
234,214,231
235,214,231
236,214,231
237,213,231
238,213,231
239,213,231
240,213,230
241,213,230
242,213,230
243,213,230
244,213,229
245,212,229
246,212,229
247,212,228
248,212,228
249,212,228
250,212,228
251,212,227
252,212,227
253,211,227
254,211,227
255,211,227
256,211,226
257,211,226
258,211,226
259,211,226
260,210,225
261,210,225
262,210,225
263,210,225
264,210,224
265,210,224
266,210,224
267,209,224
268,209,223
269,209,223
270,209,223
271,209,223
272,209,223
273,209,222
274,208,222
275,208,222
276,208,222
277,208,221
278,208,221
279,208,221
280,207,221
281,207,221
282,207,220
283,207,220
284,207,220
285,207,220
286,206,220
287,206,219
288,206,219
289,206,219
290,206,219
291,206,219
292,205,218
293,205,218
294,205,218
295,205,218
296,205,218
297,204,217
298,204,217
299,204,217
300,204,217
301,204,217
302,203,216
303,203,216
304,203,216
305,203,216
306,203,216
307,203,215
308,202,215
309,202,215
310,202,215
311,202,215
312,202,214
313,201,214
314,201,214
315,201,214
316,201,214
317,200,214
318,200,213
319,200,213
320,200,213
321,200,213
322,199,213
323,199,212
324,199,212
325,199,212
326,199,212
327,198,212
328,198,212
329,198,211
330,198,211
331,198,211
332,197,211
333,197,211
334,197,211
335,197,210
336,196,210
337,196,210
338,196,210
339,196,210
340,195,209
341,195,209
342,195,209
343,195,209
344,194,209
345,194,209
346,194,209
347,194,208
348,194,208
349,193,208
350,193,208
351,193,208
352,193,208
353,192,207
354,192,207
355,192,207
356,191,207
357,191,207
358,191,207
359,191,207
360,190,206
361,190,206
362,190,206
363,190,206
364,189,206
365,189,206
366,189,206
367,188,204
368,188,202
369,188,200
370,187,198
371,187,197
372,187,195
373,187,193
374,186,191
375,186,189
376,186,187
377,185,185
0,279
185,377,384
186,376,389
187,376,392
188,375,395
189,375,397
190,374,399
191,374,401
192,373,403
193,373,405
194,372,406
195,371,408
196,371,410
197,370,411
198,370,413
199,369,414
200,369,415
201,368,417
202,368,418
203,367,419
204,367,420
205,366,421
206,366,421
207,375,422
208,377,422
209,378,423
210,379,423
211,379,423
212,380,423
213,380,423
214,381,423
215,381,423
216,381,423
217,381,422
218,382,422
219,382,422
220,382,421
221,382,421
222,382,420
223,383,420
224,383,419
225,383,419
226,383,418
227,383,418
228,383,417
229,383,417
230,384,417
231,384,416
232,384,416
233,384,416
234,384,416
235,384,415
236,384,415
237,384,415
238,384,415
239,385,415
240,385,415
241,385,414
242,385,414
243,385,414
244,385,414
245,385,414
246,385,414
247,385,414
248,385,414
249,385,414
250,386,414
251,386,414
252,386,414
253,386,414
254,386,414
255,386,414
256,386,414
257,386,414
258,386,414
259,386,414
260,386,414
261,386,414
262,386,414
263,386,414
264,387,414
265,387,414
266,387,414
267,387,414
268,387,414
269,387,414
270,387,414
271,387,414
272,387,414
273,387,414
274,387,414
275,387,414
276,387,414
277,387,414
278,387,414
279,387,414
280,387,414
281,387,414
282,387,414
283,387,414
284,388,414
285,388,414
286,388,414
287,388,414
288,388,414
289,388,414
290,388,414
291,388,414
292,388,414
293,388,414
294,388,414
295,388,414
296,388,414
297,388,414
298,388,414
299,388,414
300,388,414
301,388,414
302,388,414
303,388,414
304,388,414
305,388,415
306,388,415
307,388,415
308,388,415
309,388,415
310,388,415
311,388,415
312,388,415
313,388,415
314,388,415
315,388,415
316,388,415
317,388,415
318,388,415
319,388,415
320,388,415
321,388,415
322,388,415
323,388,415
324,388,415
325,388,415
326,388,415
327,388,415
328,388,415
329,388,415
330,388,415
331,388,415
332,388,415
333,388,416
334,388,416
335,388,416
336,388,416
337,388,416
338,388,416
339,388,416
340,388,416
341,388,416
342,388,416
343,388,416
344,388,416
345,388,416
346,388,416
347,388,416
348,388,416
349,387,416
350,387,416
351,387,416
352,387,416
353,387,416
354,387,416
355,387,416
356,387,416
357,387,417
358,387,417
359,387,417
360,387,417
361,387,417
362,387,417
363,387,417
364,387,417
365,387,417
366,387,417
367,386,417
368,386,417
369,386,417
370,386,417
371,386,417
372,386,417
373,386,417
374,386,417
375,386,417
376,386,417
377,386,417
378,386,418
379,386,418
380,386,418
381,385,418
382,385,418
383,385,418
384,385,418
385,385,418
386,385,418
387,385,418
388,385,418
389,385,418
390,384,418
391,384,418
392,384,418
393,384,418
394,384,418
395,384,418
396,384,418
397,384,418
398,383,418
399,383,418
400,383,418
401,383,418
402,383,418
403,382,418
404,382,418
405,382,418
406,381,418
407,381,418
408,380,418
409,380,418
410,380,418
411,380,417
412,380,417
413,380,417
414,380,417
415,380,417
416,380,417
417,380,417
418,380,417
419,380,417
420,380,416
421,380,416
422,380,416
423,380,416
424,380,416
425,380,416
426,380,415
427,380,415
428,380,415
429,380,415
430,380,415
431,380,414
432,381,414
433,381,414
434,381,414
435,381,413
436,381,413
437,381,413
438,381,413
439,381,412
440,381,412
441,381,411
442,381,411
443,381,411
444,381,410
445,381,410
446,381,410
447,381,409
448,381,409
449,381,408
450,381,408
451,381,407
452,381,407
453,381,406
454,381,406
455,382,405
456,383,404
457,384,404
458,386,403
459,387,402
460,388,401
461,390,400
462,392,399
463,395,395
1,41
381,428,454
380,409,452
379,409,451
378,410,450
377,410,448
376,410,447
375,410,446
374,410,444
373,410,443
372,410,442
371,410,441
370,410,439
369,410,438
368,410,437
367,409,436
366,409,435
365,409,434
364,409,432
363,409,431
362,409,430
361,408,429
360,408,428
359,408,427
358,408,426
357,407,425
356,407,424
355,407,423
354,406,422
353,406,421
352,406,419
351,406,418
350,405,417
349,405,416
348,405,415
347,404,414
346,404,414
345,404,413
344,404,412
343,404,411
342,404,410
341,405,409
0,0
1,110
246,269,270
247,268,271
248,267,271
249,267,272
250,267,273
251,266,273
252,266,274
253,266,274
254,266,275
255,265,275
256,265,276
257,265,276
258,265,276
259,265,277
260,265,277
261,265,277
262,265,278
263,265,278
264,265,278
265,264,278
266,264,278
267,264,279
268,264,279
269,264,279
270,264,279
271,264,279
272,263,279
273,263,279
274,263,279
275,263,280
276,263,279
277,263,279
278,262,279
279,262,279
280,262,279
281,262,279
282,262,279
283,261,279
284,261,278
285,261,278
286,261,278
287,261,278
288,260,278
289,260,277
290,260,277
291,260,277
292,259,277
293,259,276
294,259,276
295,259,276
296,259,276
297,258,276
298,258,275
299,258,275
300,257,275
301,257,275
302,257,275
303,257,274
304,256,274
305,256,274
306,256,274
307,255,274
308,255,273
309,255,273
310,255,273
311,254,273
312,254,273
313,254,272
314,253,272
315,253,272
316,253,272
317,252,272
318,252,271
319,252,271
320,251,271
321,251,271
322,251,271
323,250,270
324,250,270
325,250,270
326,250,270
327,250,269
328,249,269
329,249,269
330,249,269
331,249,269
332,249,268
333,249,268
334,249,268
335,248,268
336,249,268
337,249,267
338,249,267
339,250,267
340,250,267
341,250,266
342,250,266
343,250,266
344,251,266
345,251,265
346,251,265
347,252,265
348,252,265
349,252,264
350,253,264
351,253,264
352,254,263
353,254,263
354,255,263
355,257,261
0,0
0,107
212,289,293
213,286,297
214,285,299
215,284,302
216,284,304
217,284,305
218,284,307
219,284,309
220,284,310
221,285,312
222,285,313
223,286,314
224,286,316
225,287,317
226,287,318
227,287,318
228,288,319
229,288,319
230,288,319
231,289,319
232,289,319
233,289,318
234,289,318
235,289,318
236,290,317
237,290,317
238,290,317
239,290,316
240,290,316
241,290,316
242,290,316
243,290,315
244,291,315
245,291,315
246,291,315
247,291,315
248,291,314
249,291,314
250,291,314
251,291,314
252,291,314
253,291,313
254,291,313
255,291,313
256,291,313
257,291,313
258,291,313
259,291,312
260,291,312
261,291,312
262,291,312
263,291,312
264,291,312
265,291,311
266,291,311
267,291,311
268,291,311
269,291,311
270,291,311
271,291,310
272,291,310
273,291,310
274,291,310
275,291,310
276,291,310
277,291,309
278,291,309
279,291,309
280,290,309
281,290,309
282,290,309
283,290,308
284,290,308
285,290,308
286,290,308
287,290,308
288,290,308
289,290,307
290,290,307
291,290,307
292,290,307
293,290,307
294,290,307
295,290,306
296,290,306
297,290,306
298,290,306
299,290,306
300,289,306
301,289,305
302,289,305
303,289,305
304,289,305
305,289,305
306,289,305
307,289,304
308,289,304
309,289,304
310,289,304
311,289,304
312,289,304
313,289,303
314,289,303
315,288,301
316,288,296
317,288,291
318,288,288
0,0
0,84
310,248,249
311,244,254
312,243,258
313,243,261
314,243,264
315,243,266
316,244,268
317,244,268
318,244,269
319,245,270
320,245,270
321,246,270
322,246,271
323,246,271
324,247,271
325,247,271
326,248,271
327,248,271
328,248,271
329,249,271
330,249,271
331,249,271
332,250,271
333,250,271
334,250,271
335,251,271
336,251,271
337,251,271
338,252,271
339,252,271
340,252,271
341,252,271
342,253,272
343,253,272
344,253,272
345,253,272
346,254,272
347,254,272
348,254,272
349,254,272
350,255,272
351,255,272
352,255,272
353,255,272
354,255,273
355,255,273
356,255,273
357,256,273
358,256,273
359,256,273
360,256,273
361,256,273
362,256,273
363,256,273
364,257,274
365,257,274
366,257,274
367,257,274
368,257,274
369,257,274
370,258,274
371,258,274
372,258,274
373,258,274
374,258,274
375,259,274
376,259,274
377,259,274
378,259,274
379,259,274
380,260,274
381,260,274
382,260,274
383,261,274
384,261,274
385,262,274
386,262,274
387,263,273
388,264,273
389,265,273
390,265,273
391,266,272
392,267,272
393,269,271
0,0
1,82
250,319,321
251,318,322
252,318,323
253,318,324
254,318,324
255,318,325
256,318,326
257,318,326
258,318,326
259,318,327
260,318,327
261,317,327
262,317,327
263,317,328
264,317,327
265,317,327
266,317,327
267,317,327
268,317,327
269,317,327
270,317,327
271,316,327
272,316,327
273,316,326
274,316,326
275,316,326
276,316,326
277,316,326
278,316,325
279,315,325
280,315,325
281,315,325
282,315,325
283,315,324
284,314,324
285,314,324
286,314,324
287,314,324
288,314,323
289,314,323
290,313,323
291,313,323
292,313,323
293,313,322
294,312,322
295,312,322
296,312,322
297,312,321
298,311,321
299,311,321
300,311,321
301,311,321
302,310,320
303,310,320
304,310,320
305,309,320
306,309,320
307,309,320
308,308,319
309,308,319
310,308,319
311,307,319
312,307,319
313,306,318
314,306,318
315,306,318
316,305,318
317,305,318
318,304,318
319,304,318
320,303,318
321,317,318
321,303,319
322,317,318
322,302,319
323,317,318
323,302,319
324,317,318
324,301,320
325,305,321
326,319,322
326,321,322
0,65
299,330,330
300,327,333
301,324,336
302,324,338
303,324,340
304,324,341
305,324,343
306,325,344
307,325,345
308,325,347
309,325,348
310,325,350
311,325,351
312,325,352
313,325,354
314,325,355
315,325,357
316,325,358
317,325,358
318,325,359
319,325,359
320,326,359
321,326,359
322,326,359
323,326,359
324,326,358
325,326,358
326,326,357
327,326,356
328,326,355
329,326,354
330,326,353
331,325,352
332,325,351
333,325,350
334,325,350
335,324,349
336,324,348
337,324,348
338,323,347
339,323,347
340,323,346
341,322,345
342,322,345
343,322,344
344,321,344
345,321,343
346,321,343
347,321,342
348,320,342
349,320,341
350,320,341
351,319,341
352,319,340
353,319,340
354,318,339
355,318,339
356,318,339
357,317,338
358,317,338
359,317,337
360,317,337
361,321,337
362,330,336
363,336,336
0,0
1,87
264,367,370
265,367,371
266,367,372
267,366,373
268,366,374
269,366,374
270,366,374
271,365,374
272,365,374
273,365,374
274,365,375
275,364,375
276,364,375
277,364,375
278,364,375
279,363,375
280,363,375
281,363,375
282,363,375
283,362,375
284,362,374
285,362,374
286,362,374
287,361,374
288,361,374
289,361,374
290,361,374
291,360,374
292,360,374
293,360,374
294,360,374
295,359,374
296,359,374
297,359,373
298,358,373
299,358,373
300,358,373
301,358,373
302,357,373
303,357,373
304,357,373
305,357,373
306,356,372
307,356,372
308,356,372
309,356,372
310,356,372
311,355,372
312,355,372
313,355,372
314,355,372
315,355,372
316,355,371
317,355,371
318,354,371
319,354,371
320,354,371
321,354,371
322,354,371
323,354,371
324,354,371
325,354,371
326,354,371
327,354,370
328,353,370
329,354,370
330,354,370
331,354,370
332,354,370
333,355,370
334,355,370
335,355,370
336,355,370
337,355,370
338,356,369
339,356,369
340,356,369
341,357,369
342,357,369
343,358,369
344,359,369
345,359,368
346,360,368
347,361,368
348,363,367
349,365,366
349,365,365
0,0
