0,362
65,97,97
66,94,100
67,91,104
68,89,106
69,89,108
70,88,110
71,88,111
72,88,113
73,88,115
74,89,117
75,89,118
76,89,120
77,90,121
78,90,122
79,90,123
80,91,125
81,91,125
82,91,126
83,91,127
84,92,128
85,92,128
86,93,128
87,93,129
88,93,129
89,94,129
90,94,129
91,95,129
92,95,129
93,96,129
94,96,129
95,96,129
96,97,129
97,97,129
98,98,129
99,98,129
100,98,128
101,99,128
102,99,128
103,99,128
104,99,128
105,100,128
106,100,128
107,100,128
108,100,127
109,100,127
110,101,127
111,101,127
112,101,127
113,101,127
114,101,127
115,101,127
116,101,127
117,102,127
118,102,127
119,102,127
120,102,127
121,102,127
122,102,127
123,102,127
124,102,127
125,102,126
126,102,126
127,102,126
128,103,126
129,103,126
130,103,126
131,103,126
132,103,126
133,103,126
134,103,126
135,103,126
136,103,126
137,103,126
138,103,126
139,103,126
140,103,126
141,103,126
142,103,126
143,103,126
144,103,126
145,103,126
146,103,126
147,104,126
148,104,126
149,104,126
150,104,125
151,104,125
152,104,125
153,104,125
154,104,125
155,104,125
156,104,125
157,104,125
158,104,125
159,104,125
160,104,125
161,104,125
162,104,125
163,104,125
164,104,125
165,104,125
166,104,125
167,104,125
168,104,125
169,104,125
170,104,125
171,104,125
172,104,125
173,104,125
174,104,125
175,104,125
176,104,125
177,104,125
178,104,125
179,104,125
180,104,124
181,104,124
182,104,124
183,104,124
184,104,124
185,104,124
186,104,124
187,104,124
188,104,124
189,104,124
190,104,124
191,104,124
192,104,124
193,104,124
194,104,124
195,104,124
196,104,124
197,104,124
198,104,124
199,104,124
200,104,124
201,103,124
202,103,124
203,103,124
204,103,124
205,103,124
206,103,124
207,103,124
208,103,124
209,103,124
210,103,124
211,103,123
212,103,123
213,103,123
214,103,123
215,103,123
216,103,123
217,103,123
218,103,123
219,103,123
220,103,123
221,103,123
222,103,123
223,103,123
224,103,123
225,103,123
226,103,123
227,103,123
228,102,123
229,102,123
230,102,123
231,102,123
232,102,123
233,102,123
234,102,123
235,102,123
236,102,123
237,102,123
238,102,123
239,102,123
240,102,123
241,102,123
242,102,123
243,102,123
244,102,123
245,102,123
246,102,123
247,101,122
248,101,122
249,101,122
250,101,122
251,101,122
252,101,122
253,101,122
254,101,122
255,101,122
256,101,122
257,101,122
258,101,122
259,101,122
260,101,122
261,101,122
262,101,122
263,101,122
264,100,122
265,100,122
266,100,122
267,100,122
268,100,122
269,100,122
270,100,122
271,100,122
272,100,122
273,100,122
274,100,122
275,100,122
276,100,122
277,99,122
278,99,122
279,99,122
280,99,122
281,99,122
282,99,122
283,99,121
284,99,121
285,99,121
286,99,121
287,99,121
288,98,121
289,98,121
290,98,121
291,98,121
292,98,121
293,98,121
294,98,121
295,98,121
296,98,121
297,97,121
298,97,121
299,97,121
300,97,121
301,97,121
302,97,121
303,97,121
304,97,121
305,97,121
306,96,121
307,96,121
308,96,121
309,96,121
310,96,121
311,96,121
312,96,120
313,95,120
314,95,120
315,95,120
316,95,120
317,95,120
318,95,120
319,95,120
320,94,120
321,94,120
322,94,120
323,94,120
324,94,120
325,94,120
326,93,120
327,93,120
328,93,120
329,93,120
330,93,120
331,93,120
332,92,120
333,92,120
334,92,120
335,92,120
336,92,120
337,91,120
338,91,119
339,91,119
340,91,119
341,91,119
342,90,119
343,90,119
344,90,119
345,90,119
346,90,119
347,89,119
348,89,119
349,89,119
350,89,119
351,88,119
352,88,119
353,88,119
354,88,119
355,88,119
356,87,119
357,87,119
358,87,119
359,87,119
360,86,118
361,86,118
362,86,118
363,86,118
364,85,118
365,85,118
366,85,118
367,85,118
368,84,118
369,84,118
370,84,118
371,83,118
372,83,118
373,83,118
374,83,118
375,83,118
376,83,118
377,82,118
378,82,117
379,82,117
380,82,117
381,82,117
382,82,117
383,82,117
384,82,117
385,82,117
386,82,117
387,82,117
388,82,117
389,82,117
390,82,117
391,82,116
392,82,116
393,82,116
394,83,116
395,83,116
396,83,116
397,83,116
398,83,116
399,84,116
400,84,116
401,84,115
402,85,115
403,85,115
404,85,115
405,86,115
406,86,115
407,86,115
408,87,115
409,87,114
410,88,114
411,88,114
412,89,114
413,89,113
414,90,113
415,90,113
416,91,112
417,91,112
418,92,111
419,93,111
420,93,110
421,94,109
422,95,109
423,96,108
424,97,107
425,98,105
426,101,103
0,0
1,263
95,81,84
96,80,86
97,79,87
98,79,88
99,78,89
100,78,90
101,78,90
102,78,91
103,78,92
104,77,93
105,77,93
106,77,94
107,77,95
108,77,95
109,77,96
110,77,96
111,77,97
112,77,97
113,77,98
114,77,98
115,77,98
116,77,99
117,77,99
118,77,99
119,77,99
120,77,100
121,77,100
122,77,100
123,77,100
124,77,100
125,77,100
126,77,100
127,77,99
128,77,99
129,77,99
130,77,99
131,77,99
132,77,99
133,77,99
134,77,98
135,77,98
136,77,98
137,77,98
138,76,97
139,76,97
140,76,97
141,76,97
142,76,96
143,76,96
144,76,96
145,76,96
146,76,95
147,75,95
148,75,95
149,75,95
150,75,95
151,75,94
152,75,94
153,75,94
154,75,94
155,74,94
156,74,93
157,74,93
158,74,93
159,74,93
160,74,93
161,74,93
162,73,92
163,73,92
164,73,92
165,73,92
166,73,92
167,73,92
168,73,91
169,72,91
170,72,91
171,72,91
172,72,91
173,72,91
174,72,90
175,72,90
176,71,90
177,71,90
178,71,90
179,71,90
180,71,89
181,71,89
182,71,89
183,70,89
184,70,89
185,70,89
186,70,88
187,70,88
188,70,88
189,69,88
190,69,88
191,69,88
192,69,88
193,69,87
194,69,87
195,68,87
196,68,87
197,68,87
198,68,87
199,68,87
200,68,86
201,68,86
202,67,86
203,67,86
204,67,86
205,67,86
206,67,85
207,67,85
208,66,85
209,66,85
210,66,85
211,66,85
212,66,85
213,66,84
214,66,84
215,65,84
216,65,84
217,65,84
218,65,84
219,65,83
220,65,83
221,65,83
222,64,83
223,64,83
224,64,83
225,64,83
226,64,82
227,64,82
228,64,82
229,64,82
230,63,82
231,63,82
232,63,82
233,63,81
234,63,81
235,63,81
236,63,81
237,62,81
238,62,81
239,62,81
240,62,80
241,62,80
242,62,80
243,62,80
244,62,80
245,61,80
246,61,80
247,61,79
248,61,79
249,61,79
250,61,79
251,61,79
252,61,79
253,60,79
254,60,78
255,60,78
256,60,78
257,60,78
258,60,78
259,60,78
260,60,78
261,59,77
262,59,77
263,59,77
264,59,77
265,59,77
266,59,77
267,59,77
268,59,77
269,59,76
270,58,76
271,58,76
272,58,76
273,58,76
274,58,76
275,58,76
276,58,76
277,58,75
278,57,75
279,57,75
280,57,75
281,57,75
282,57,75
283,57,75
284,57,75
285,57,74
286,57,74
287,56,74
288,56,74
289,56,74
290,56,74
291,56,74
292,56,74
293,56,74
294,56,73
295,56,73
296,55,73
297,55,73
298,55,73
299,55,73
300,55,73
301,55,73
302,55,73
303,55,73
304,55,72
305,55,72
306,54,72
307,54,72
308,54,72
309,54,72
310,54,72
311,54,72
312,54,72
313,54,72
314,54,71
315,53,71
316,53,71
317,54,71
318,54,71
319,55,71
320,55,71
321,56,71
322,57,71
323,57,71
324,58,71
325,58,71
326,59,71
327,59,71
328,60,70
329,60,70
330,61,70
331,61,70
332,62,70
333,62,70
334,63,70
335,63,70
336,64,70
337,64,70
338,65,70
339,66,70
340,66,70
341,67,70
342,67,70
343,68,70
344,68,71
345,69,71
346,69,71
347,70,71
348,70,71
349,71,71
350,71,71
351,72,72
352,72,72
353,73,73
354,73,73
355,73,74
356,74,74
357,74,75
0,402
43,360,363
44,355,366
45,352,369
46,349,371
47,347,373
48,344,375
49,339,376
50,334,378
51,329,380
52,322,381
53,316,383
54,317,384
55,319,386
56,321,387
57,323,389
58,325,390
59,327,392
60,329,393
61,331,395
62,332,396
63,334,397
64,336,399
65,338,400
66,340,401
67,342,403
68,344,404
69,346,405
70,348,406
71,349,407
72,351,408
73,353,409
74,355,410
75,357,410
76,358,411
77,359,411
78,359,411
79,360,411
80,360,411
81,360,411
82,360,411
83,361,410
84,361,410
85,361,409
86,361,409
87,362,408
88,362,407
89,362,407
90,362,406
91,362,405
92,362,404
93,362,404
94,363,403
95,363,403
96,363,402
97,363,402
98,363,401
99,363,400
100,363,400
101,363,400
102,363,399
103,364,399
104,364,399
105,364,398
106,364,398
107,364,398
108,364,398
109,364,398
110,364,398
111,364,398
112,364,398
113,364,398
114,364,398
115,365,398
116,365,398
117,365,397
118,365,397
119,365,397
120,365,397
121,365,397
122,365,397
123,365,397
124,365,397
125,365,397
126,365,397
127,365,397
128,365,397
129,365,397
130,366,397
131,366,397
132,366,397
133,366,397
134,366,397
135,366,397
136,366,397
137,366,397
138,366,397
139,366,397
140,366,397
141,366,397
142,366,397
143,366,397
144,366,397
145,366,397
146,366,397
147,366,397
148,366,397
149,367,397
150,367,397
151,367,397
152,367,397
153,367,397
154,367,397
155,367,397
156,367,397
157,367,397
158,367,397
159,367,397
160,367,397
161,367,397
162,367,397
163,367,397
164,367,397
165,367,397
166,367,397
167,367,397
168,367,397
169,367,397
170,367,397
171,367,398
172,367,398
173,367,398
174,368,398
175,368,398
176,368,398
177,368,398
178,368,398
179,368,398
180,368,398
181,368,398
182,368,398
183,368,398
184,368,398
185,368,398
186,368,398
187,368,398
188,368,398
189,368,398
190,368,398
191,368,398
192,368,398
193,368,398
194,368,398
195,368,398
196,368,398
197,368,398
198,368,398
199,368,398
200,368,398
201,368,398
202,368,398
203,368,398
204,369,398
205,369,398
206,369,398
207,369,398
208,369,398
209,369,398
210,369,398
211,369,398
212,369,398
213,369,398
214,369,399
215,369,399
216,369,399
217,369,399
218,369,399
219,369,399
220,369,399
221,369,399
222,369,399
223,369,399
224,369,399
225,369,399
226,369,399
227,369,399
228,369,399
229,369,399
230,369,399
231,369,399
232,369,399
233,369,399
234,369,399
235,369,399
236,369,399
237,369,399
238,369,399
239,370,399
240,370,399
241,370,399
242,370,399
243,370,399
244,370,399
245,370,399
246,370,399
247,370,399
248,370,400
249,370,400
250,370,400
251,370,400
252,370,400
253,370,400
254,370,400
255,370,400
256,370,400
257,370,400
258,370,400
259,370,400
260,370,400
261,370,400
262,370,400
263,370,400
264,370,400
265,370,400
266,370,400
267,370,400
268,370,400
269,370,400
270,370,400
271,370,400
272,370,400
273,370,400
274,370,400
275,370,400
276,370,400
277,370,401
278,370,401
279,370,401
280,370,401
281,370,401
282,370,401
283,370,401
284,371,401
285,371,401
286,371,401
287,371,401
288,371,401
289,371,401
290,371,401
291,371,401
292,371,401
293,371,401
294,371,401
295,371,401
296,371,401
297,371,401
298,371,401
299,371,401
300,371,402
301,371,402
302,371,402
303,371,402
304,371,402
305,371,402
306,371,402
307,371,402
308,371,402
309,371,402
310,371,402
311,371,402
312,371,402
313,371,402
314,371,402
315,371,402
316,371,402
317,371,402
318,371,402
319,371,402
320,371,403
321,371,403
322,371,403
323,371,403
324,371,403
325,371,403
326,371,403
327,371,403
328,371,403
329,371,403
330,371,403
331,371,403
332,371,403
333,371,403
334,371,403
335,371,403
336,371,403
337,371,403
338,371,403
339,371,403
340,371,403
341,371,403
342,371,403
343,371,403
344,371,403
345,371,404
346,371,404
347,371,404
348,371,404
349,371,404
350,371,404
351,371,404
352,371,404
353,371,404
354,371,404
355,371,404
356,371,404
357,371,404
358,371,404
359,371,404
360,371,404
361,371,404
362,370,404
363,370,404
364,370,404
365,370,404
366,370,404
367,370,404
368,370,404
369,369,404
370,369,404
371,369,404
372,369,404
373,368,404
374,368,404
375,368,404
376,367,404
377,367,404
378,366,404
378,354,357
378,366,404
379,352,361
379,361,404
379,352,404
380,350,404
381,349,404
382,349,404
383,349,404
384,349,404
385,349,404
386,349,404
387,349,404
388,349,404
389,349,404
390,350,404
391,351,404
392,351,404
393,351,404
394,352,404
395,353,404
396,353,404
397,354,404
398,354,403
399,355,403
400,355,403
401,356,403
402,356,403
403,356,403
404,357,403
405,357,402
406,358,402
407,358,402
408,359,402
409,359,402
410,360,402
411,360,402
412,361,401
413,361,401
414,362,401
415,362,401
416,363,400
417,363,400
418,364,400
419,364,400
420,365,399
421,365,399
422,366,399
423,366,398
424,367,398
425,367,398
426,368,397
427,368,397
428,369,396
429,369,396
430,370,395
431,370,395
432,371,394
433,371,394
434,372,393
435,373,392
436,373,391
437,374,390
438,375,389
439,376,388
440,379,385
0,0
1,175
154,188,189
155,187,191
156,187,191
157,186,192
158,186,193
159,186,194
160,186,195
161,185,195
162,185,196
163,185,197
164,185,197
165,185,198
166,185,199
167,184,199
168,184,200
169,184,201
170,184,201
171,184,201
172,184,202
173,184,202
174,184,203
175,183,203
176,183,203
177,183,203
178,183,203
179,183,203
180,183,203
181,183,203
182,182,203
183,182,203
184,182,202
185,182,202
186,182,202
187,182,202
188,182,201
189,182,201
190,182,201
191,181,201
192,181,200
193,181,200
194,181,200
195,181,200
196,181,200
197,181,199
198,181,199
199,180,199
200,180,199
201,180,199
202,180,198
203,180,198
204,180,198
205,180,198
206,179,197
207,179,197
208,179,197
209,179,197
210,179,197
211,179,196
212,179,196
213,178,196
214,178,196
215,178,196
216,178,195
217,178,195
218,178,195
219,177,195
220,177,195
221,177,194
222,177,194
223,177,194
224,176,194
225,176,194
226,176,194
227,176,193
228,176,193
229,175,193
230,175,193
231,175,193
232,175,192
233,175,192
234,175,192
235,174,192
236,174,192
237,174,191
238,174,191
239,173,191
240,173,191
241,173,191
242,173,190
243,173,190
244,172,190
245,172,190
246,172,190
247,172,190
248,171,189
249,171,189
250,171,189
251,171,189
252,170,189
253,170,189
254,170,188
255,170,188
256,169,188
257,169,188
258,169,188
259,169,188
260,168,187
261,168,187
262,168,187
263,168,187
264,167,187
265,167,187
266,167,186
267,167,186
268,166,186
269,166,186
270,166,186
271,166,186
272,165,186
273,165,185
274,165,185
275,165,185
276,164,185
277,164,185
278,164,185
279,164,184
280,163,184
281,163,184
282,163,184
283,163,184
284,162,184
285,162,184
286,162,183
287,161,183
288,161,183
289,161,183
290,161,183
291,160,183
292,160,182
293,160,182
294,160,182
295,160,182
296,160,182
297,159,182
298,159,181
299,159,181
300,159,181
301,159,181
302,158,181
303,159,181
304,159,181
305,159,180
306,160,180
307,160,180
308,160,180
309,160,180
310,160,180
311,161,180
312,161,179
313,161,179
314,162,179
315,162,179
316,163,179
317,163,179
318,163,179
319,164,179
320,164,179
321,165,178
322,165,178
323,166,178
324,166,178
325,167,177
326,168,176
327,168,175
328,170,173
0,0
0,256
98,228,228
99,224,233
100,221,237
101,219,239
102,218,242
103,218,244
104,218,246
105,218,248
106,218,249
107,218,251
108,218,252
109,219,254
110,219,255
111,220,257
112,220,258
113,221,259
114,221,260
115,222,261
116,222,262
117,223,263
118,223,264
119,223,265
120,224,266
121,224,266
122,224,267
123,225,267
124,225,267
125,225,267
126,226,267
127,226,266
128,226,266
129,226,265
130,227,265
131,227,264
132,227,264
133,227,264
134,228,263
135,228,263
136,228,262
137,228,262
138,228,262
139,229,261
140,229,261
141,229,260
142,229,260
143,229,260
144,229,259
145,230,259
146,230,259
147,230,259
148,230,258
149,230,258
150,230,258
151,230,257
152,231,257
153,231,257
154,231,257
155,231,257
156,231,256
157,231,256
158,231,256
159,231,256
160,231,255
161,232,255
162,232,255
163,232,255
164,232,255
165,232,254
166,232,254
167,232,254
168,232,254
169,232,254
170,232,254
171,232,253
172,233,253
173,233,253
174,233,253
175,233,253
176,233,253
177,233,253
178,233,252
179,233,252
180,233,252
181,233,252
182,233,252
183,233,252
184,233,252
185,233,252
186,233,252
187,233,251
188,233,251
189,233,251
190,233,251
191,233,251
192,234,251
193,234,251
194,234,251
195,234,251
196,234,251
197,234,251
198,234,250
199,234,250
200,234,250
201,234,250
202,234,250
203,234,250
204,234,250
205,234,250
206,234,250
207,234,250
208,234,250
209,234,250
210,234,250
211,234,250
212,234,250
213,234,250
214,234,249
215,234,249
216,234,249
217,234,249
218,234,249
219,234,249
220,234,249
221,234,249
222,234,249
223,234,249
224,234,249
225,234,249
226,234,249
227,234,249
228,234,249
229,234,249
230,234,249
231,234,249
232,234,249
233,234,249
234,234,249
235,234,249
236,234,249
237,234,249
238,234,249
239,234,249
240,234,249
241,234,249
242,233,249
243,233,249
244,233,249
245,233,249
246,233,249
247,233,249
248,233,249
249,233,249
250,233,249
251,233,249
252,233,249
253,233,249
254,233,249
255,233,249
256,233,249
257,233,249
258,233,249
259,233,249
260,233,249
261,233,249
262,233,249
263,233,249
264,233,249
265,233,249
266,233,249
267,232,249
268,232,249
269,232,249
270,232,249
271,232,249
272,232,249
273,232,249
274,232,249
275,232,249
276,232,249
277,232,249
278,232,249
279,232,249
280,232,250
281,231,250
282,231,250
283,231,250
284,231,250
285,231,250
286,231,250
287,231,250
288,231,250
289,231,250
290,231,250
291,230,250
292,230,250
293,230,250
294,230,250
295,230,250
296,230,250
297,230,250
298,230,250
299,229,250
300,229,250
301,229,250
302,229,250
303,229,250
304,229,250
305,228,250
306,228,250
307,228,250
308,228,250
309,228,250
310,228,250
311,227,250
312,227,251
313,227,251
314,227,251
315,227,251
316,226,251
317,226,251
318,226,251
319,226,251
320,225,251
321,225,251
322,225,251
323,225,251
324,225,251
325,225,251
326,225,251
327,225,251
328,225,251
329,225,251
330,225,251
331,226,251
332,226,251
333,226,251
334,226,251
335,227,251
336,227,251
337,228,251
338,228,251
339,229,251
340,229,251
341,230,251
342,230,251
343,231,250
344,231,250
345,232,250
346,232,249
347,233,249
348,233,248
349,234,247
350,234,246
351,235,245
352,236,243
353,238,241
0,0
0,142
180,230,230
181,228,231
182,227,233
183,226,234
184,225,235
185,225,236
186,224,237
187,224,238
188,224,238
189,223,239
190,223,239
191,223,240
192,223,240
193,222,240
194,222,241
195,222,241
196,221,241
197,221,242
198,221,242
199,220,242
200,220,242
201,220,242
202,219,242
203,219,242
204,219,242
205,218,242
206,218,241
207,218,241
208,217,240
209,217,240
210,216,240
211,216,239
212,216,239
213,215,238
214,215,238
215,214,237
216,214,237
217,214,236
218,213,236
219,213,235
220,212,235
221,212,234
222,211,234
223,211,233
224,210,232
225,210,232
226,210,231
227,209,231
228,208,230
229,208,230
230,207,229
231,207,228
232,206,228
233,206,227
234,205,227
235,205,226
236,204,226
237,203,225
238,203,225
239,202,224
240,201,223
241,201,223
242,200,222
243,200,222
244,199,221
245,198,220
246,198,220
247,197,219
248,196,219
249,196,218
250,195,217
251,194,217
252,194,216
253,193,216
254,193,215
255,192,214
256,191,214
257,190,213
258,190,212
259,189,212
260,188,211
261,188,211
262,187,210
263,186,209
264,186,208
265,185,208
266,184,207
267,183,206
268,183,206
269,182,205
270,181,204
271,180,204
272,179,203
273,179,202
274,178,201
275,177,200
276,176,200
277,175,199
278,175,198
279,174,197
280,173,196
281,172,195
282,171,195
283,170,194
284,169,193
285,168,192
286,168,191
287,167,190
288,166,189
289,165,188
290,164,187
291,163,186
292,162,185
293,161,184
294,160,183
295,159,182
296,158,181
297,157,179
298,157,178
299,156,177
300,155,176
301,154,175
302,153,174
303,152,172
304,151,171
305,150,170
306,149,168
307,148,167
308,147,166
309,146,164
310,145,163
311,144,162
312,143,160
313,142,158
314,141,157
315,141,155
316,140,154
317,139,152
318,139,150
319,139,148
320,139,146
321,143,143
0,0
1,92
244,216,222
245,215,224
246,214,225
247,215,227
248,215,227
249,216,228
250,216,229
251,216,230
252,217,231
253,217,232
254,217,232
255,218,233
256,218,234
257,219,235
258,219,236
259,220,237
260,220,237
261,221,238
262,221,239
263,221,240
264,222,241
265,222,242
266,223,243
267,223,244
268,224,244
269,224,245
270,224,246
271,225,247
272,225,248
273,226,249
274,226,250
275,227,251
276,227,252
277,228,252
278,228,253
279,229,254
280,229,255
281,230,256
282,230,257
283,231,258
284,231,259
285,232,260
286,232,261
287,233,262
288,233,263
289,234,264
290,234,265
291,234,265
292,235,266
293,236,267
294,236,268
295,236,269
296,237,270
297,238,271
298,238,272
299,239,273
300,239,274
301,240,275
302,240,276
303,241,277
304,241,278
305,242,279
306,242,280
307,243,281
308,244,282
309,244,283
310,245,284
311,245,285
312,246,286
313,247,287
314,247,288
315,248,289
316,249,290
317,249,291
318,250,292
319,251,292
320,252,293
321,253,294
322,253,294
323,254,294
324,255,295
325,256,295
326,258,295
327,259,295
328,261,295
329,262,294
330,264,294
331,266,294
332,269,293
333,272,292
334,274,291
335,278,289
0,0
1,273
96,388,393
97,388,395
98,387,396
99,387,398
100,387,399
101,386,400
102,386,401
103,386,402
104,386,403
105,386,404
106,386,404
107,386,405
108,386,405
109,386,405
110,386,406
111,386,406
112,386,406
113,386,406
114,386,407
115,386,407
116,386,407
117,386,407
118,386,407
119,386,407
120,386,407
121,386,407
122,386,407
123,386,407
124,386,407
125,386,406
126,385,406
127,385,406
128,385,406
129,385,406
130,385,406
131,385,406
132,385,405
133,385,405
134,385,405
135,385,405
136,385,405
137,385,405
138,385,405
139,385,405
140,385,404
141,385,404
142,385,404
143,385,404
144,385,404
145,385,404
146,385,404
147,385,404
148,385,404
149,385,404
150,385,403
151,385,403
152,385,403
153,385,403
154,385,403
155,385,403
156,385,403
157,385,403
158,385,403
159,385,403
160,385,403
161,384,403
162,384,402
163,384,402
164,384,402
165,384,402
166,384,402
167,384,402
168,384,402
169,384,402
170,384,402
171,384,402
172,384,402
173,384,402
174,384,401
175,384,401
176,384,401
177,384,401
178,383,401
179,383,401
180,383,401
181,383,401
182,383,401
183,383,401
184,383,401
185,383,401
186,383,401
187,383,400
188,383,400
189,383,400
190,383,400
191,383,400
192,383,400
193,383,400
194,382,400
195,382,400
196,382,400
197,382,400
198,382,400
199,382,400
200,382,400
201,382,400
202,382,400
203,382,400
204,382,400
205,382,400
206,382,399
207,381,399
208,381,399
209,381,399
210,381,399
211,381,399
212,381,399
213,381,399
214,381,399
215,381,399
216,381,399
217,381,399
218,381,399
219,380,399
220,380,399
221,380,399
222,380,399
223,380,399
224,380,399
225,380,399
226,380,399
227,380,399
228,380,398
229,380,398
230,379,398
231,379,398
232,379,398
233,379,398
234,379,398
235,379,398
236,379,398
237,379,398
238,379,398
239,379,398
240,379,398
241,378,398
242,378,398
243,378,398
244,378,398
245,378,398
246,378,398
247,378,398
248,378,398
249,378,398
250,378,398
251,377,398
252,377,398
253,377,398
254,377,398
255,377,398
256,377,398
257,377,398
258,377,398
259,377,398
260,376,397
261,376,397
262,376,397
263,376,397
264,376,397
265,376,397
266,376,397
267,376,397
268,376,397
269,375,397
270,375,397
271,375,397
272,375,397
273,375,397
274,375,397
275,375,397
276,375,397
277,375,397
278,375,397
279,374,397
280,374,397
281,374,397
282,374,397
283,374,397
284,374,397
285,374,397
286,374,397
287,373,397
288,373,397
289,373,397
290,373,397
291,373,397
292,373,397
293,373,397
294,373,397
295,372,397
296,372,397
297,372,397
298,372,397
299,372,397
300,372,397
301,372,397
302,372,397
303,371,397
304,371,397
305,371,397
306,371,397
307,371,397
308,371,397
309,371,397
310,371,397
311,370,397
312,370,397
313,370,397
314,370,397
315,370,397
316,370,397
317,370,397
318,370,397
319,369,397
320,369,397
321,369,397
322,369,396
323,369,396
324,369,396
325,369,396
326,369,396
327,369,396
328,369,396
329,368,396
330,368,396
331,368,396
332,368,396
333,368,396
334,369,396
335,369,396
336,369,396
337,369,396
338,369,396
339,369,396
340,369,396
341,370,396
342,370,396
343,370,396
344,370,396
345,371,396
346,371,396
347,372,396
348,372,396
349,372,396
350,373,396
351,374,396
352,374,396
353,375,396
354,375,396
355,376,396
356,377,396
357,378,396
358,378,396
359,379,396
360,380,396
361,381,396
362,382,396
363,383,396
364,384,395
365,385,395
366,386,395
367,388,394
368,390,392
0,0
