1,142
57,202,203
58,201,204
59,201,205
60,200,206
61,200,206
62,199,207
63,199,207
64,199,208
65,198,208
66,198,209
67,198,209
68,198,210
69,197,210
70,197,210
71,197,211
72,197,211
73,197,211
74,197,211
75,197,212
76,196,212
77,196,212
78,196,212
79,196,213
80,196,213
81,195,213
82,195,213
83,195,213
84,195,213
85,195,213
86,194,213
87,194,213
88,194,213
89,194,214
90,194,214
91,194,213
92,193,213
93,193,213
94,193,213
95,193,213
96,192,213
97,192,213
98,192,213
99,192,213
100,191,213
101,191,212
102,191,212
103,191,212
104,190,212
105,190,211
106,190,211
107,190,211
108,189,211
109,189,210
110,189,210
111,189,210
112,188,210
113,188,209
114,188,209
115,187,209
116,187,208
117,187,208
118,186,208
119,186,208
120,186,207
121,185,207
122,185,207
123,185,207
124,184,206
125,184,206
126,184,206
127,183,205
128,183,205
129,183,205
130,182,205
131,182,204
132,182,204
133,181,204
134,181,204
135,181,203
136,180,203
137,180,203
138,180,202
139,179,202
140,179,202
141,179,202
142,178,201
143,178,201
144,177,201
145,177,201
146,177,200
147,176,200
148,176,200
149,175,199
150,175,199
151,175,199
152,174,199
153,174,198
154,173,198
155,173,198
156,173,198
157,172,197
158,172,197
159,172,197
160,171,196
161,171,196
162,171,196
163,171,196
164,170,195
165,170,195
166,170,195
167,170,194
168,170,194
169,170,194
170,170,194
171,170,193
172,169,193
173,170,193
174,170,193
175,170,192
176,170,192
177,170,192
178,170,191
179,170,191
180,170,191
181,170,190
182,171,190
183,171,190
184,171,190
185,171,189
186,171,189
187,172,189
188,172,188
189,172,188
190,173,188
191,173,187
192,173,187
193,174,186
194,174,186
195,175,186
196,176,185
197,177,184
198,179,182
0,0
0,241
61,118,123
62,114,128
63,112,132
64,111,135
65,110,137
66,110,140
67,109,142
68,109,144
69,109,146
70,109,147
71,110,149
72,110,151
73,110,153
74,111,154
75,111,156
76,112,157
77,113,158
78,113,159
79,114,160
80,114,161
81,115,162
82,115,162
83,116,163
84,116,163
85,117,163
86,117,163
87,118,163
88,118,162
89,118,162
90,119,162
91,119,162
92,119,161
93,120,161
94,120,161
95,120,161
96,121,161
97,121,160
98,121,160
99,121,160
100,122,160
101,122,160
102,122,159
103,122,159
104,123,159
105,123,159
106,123,158
107,123,158
108,123,158
109,124,158
110,124,158
111,124,158
112,124,158
113,124,157
114,125,157
115,125,157
116,125,157
117,125,157
118,125,157
119,125,157
120,125,157
121,126,157
122,126,157
123,126,156
124,126,156
125,126,156
126,126,156
127,126,156
128,126,156
129,126,156
130,127,156
131,127,156
132,127,156
133,127,156
134,127,156
135,127,156
136,127,155
137,127,155
138,127,155
139,127,155
140,127,155
141,127,155
142,128,155
143,128,155
144,128,155
145,128,155
146,128,155
147,128,155
148,128,155
149,128,155
150,128,155
151,128,155
152,128,155
153,128,155
154,128,154
155,128,154
156,128,154
157,128,154
158,128,154
159,128,154
160,128,154
161,128,154
162,128,154
163,128,154
164,128,154
165,129,154
166,129,154
167,129,154
168,129,154
169,129,154
170,129,154
171,129,154
172,129,154
173,129,154
174,129,153
175,129,153
176,129,153
177,129,153
178,129,153
179,129,153
180,129,153
181,129,153
182,129,153
183,129,153
184,129,153
185,129,153
186,129,153
187,129,153
188,129,153
189,129,153
190,129,153
191,129,153
192,129,153
193,129,153
194,129,153
195,129,152
196,129,152
197,129,152
198,129,152
199,129,152
200,129,152
201,129,152
202,129,152
203,129,152
204,129,152
205,129,152
206,129,152
207,129,152
208,129,152
209,129,152
210,129,152
211,129,152
212,129,152
213,129,152
214,129,151
215,129,151
216,129,151
217,129,151
218,129,151
219,129,151
220,129,151
221,129,151
222,129,151
223,129,151
224,129,151
225,128,151
226,128,151
227,128,151
228,128,151
229,128,151
230,128,151
231,128,151
232,128,151
233,128,151
234,128,150
235,128,150
236,128,150
237,128,150
238,128,150
239,128,150
240,128,150
241,128,150
242,128,150
243,128,150
244,128,150
245,128,150
246,128,150
247,128,150
248,128,150
249,128,150
250,128,150
251,128,150
252,128,150
253,128,150
254,128,149
255,128,149
256,128,149
257,128,149
258,128,149
259,128,149
260,128,149
261,128,149
262,128,149
263,128,149
264,127,149
265,127,149
266,127,149
267,127,149
268,127,149
269,127,149
270,127,149
271,127,149
272,127,149
273,127,149
274,127,148
275,127,148
276,127,148
277,127,148
278,127,148
279,127,148
280,127,148
281,127,148
282,127,148
283,127,148
284,127,148
285,127,148
286,127,148
287,127,148
288,127,148
289,127,148
290,127,148
291,127,148
292,126,148
293,126,148
294,126,148
295,126,146
296,126,142
297,126,139
298,126,135
299,126,132
300,126,128
301,126,126
0,0
1,171
35,323,328
36,321,330
37,320,331
38,319,332
39,318,333
40,318,334
41,318,335
42,318,336
43,317,336
44,317,337
45,317,337
46,317,338
47,317,339
48,317,339
49,317,340
50,317,340
51,316,341
52,316,341
53,316,342
54,316,342
55,316,343
56,315,343
57,315,344
58,315,344
59,315,345
60,314,345
61,314,346
62,314,346
63,314,346
64,313,347
65,313,347
66,313,348
67,313,348
68,312,348
69,312,349
70,312,349
71,311,349
72,311,349
73,311,349
74,310,349
75,310,350
76,310,349
77,310,349
78,309,349
79,309,349
80,309,348
81,308,348
82,308,347
83,308,346
84,307,345
85,307,344
86,307,344
87,306,343
88,306,342
89,306,341
90,305,340
91,305,340
92,305,339
93,304,338
94,304,337
95,304,336
96,303,336
97,303,335
98,303,334
99,302,334
100,302,333
101,302,332
102,301,332
103,301,331
104,300,330
105,300,330
106,300,329
107,299,328
108,299,328
109,299,327
110,298,326
111,298,326
112,298,325
113,297,325
114,297,324
115,296,323
116,296,323
117,296,322
118,295,322
119,295,321
120,295,320
121,294,320
122,294,319
123,293,319
124,293,318
125,293,318
126,292,317
127,292,317
128,292,316
129,291,316
130,291,315
131,290,315
132,290,314
133,290,313
134,289,313
135,289,312
136,289,312
137,288,311
138,288,311
139,287,310
140,287,310
141,287,309
142,286,309
143,286,308
144,286,307
145,285,307
146,285,306
147,284,306
148,284,305
149,284,305
150,283,304
151,283,304
152,282,303
153,282,303
154,282,302
155,281,302
156,281,301
157,280,301
158,280,300
159,280,299
160,279,299
161,279,298
162,279,298
163,278,297
164,278,297
165,277,296
166,277,296
167,277,295
168,276,295
169,276,294
170,275,294
171,275,293
172,275,292
173,274,292
174,274,291
175,273,291
176,273,290
177,273,290
178,272,289
179,272,288
180,271,288
181,271,287
182,271,287
183,270,286
184,270,285
185,269,285
186,269,284
187,269,284
188,268,283
189,268,282
190,267,282
191,267,281
192,266,280
193,266,280
194,266,279
195,265,278
196,265,278
197,265,277
198,264,276
199,264,275
200,264,274
201,264,274
202,264,273
203,265,272
204,265,271
205,266,269
0,0
0,276
125,218,218
126,212,223
127,210,228
128,210,231
129,209,233
130,209,236
131,209,238
132,210,240
133,210,242
134,211,244
135,211,246
136,212,247
137,213,249
138,213,250
139,214,251
140,214,252
141,215,253
142,216,254
143,216,254
144,217,254
145,217,254
146,217,254
147,218,254
148,218,254
149,219,254
150,219,254
151,219,254
152,220,253
153,220,253
154,220,253
155,221,253
156,221,253
157,221,252
158,221,252
159,222,252
160,222,252
161,222,252
162,222,252
163,222,251
164,222,251
165,223,251
166,223,251
167,223,251
168,223,251
169,223,251
170,223,251
171,223,251
172,224,251
173,224,251
174,224,251
175,224,251
176,224,251
177,224,251
178,224,251
179,224,251
180,224,251
181,224,251
182,224,251
183,224,251
184,224,251
185,224,251
186,224,251
187,224,251
188,224,251
189,224,251
190,224,251
191,225,251
192,225,251
193,225,251
194,225,251
195,225,251
196,225,251
197,225,250
198,225,250
199,225,250
200,225,250
201,225,250
202,225,250
203,225,250
204,225,250
205,225,250
206,225,250
207,224,250
208,224,250
209,224,250
210,224,250
211,224,250
212,224,250
213,224,250
214,224,250
215,224,250
216,224,250
217,224,250
218,224,250
219,224,250
220,224,249
221,224,249
222,224,249
223,224,249
224,224,249
225,224,249
226,224,249
227,224,249
228,224,249
229,224,249
230,224,249
231,224,249
232,224,249
233,224,249
234,224,248
235,224,248
236,223,248
237,223,248
238,223,248
239,223,248
240,223,248
241,223,248
242,223,248
243,223,248
244,223,248
245,223,247
246,223,247
247,223,247
248,223,247
249,222,247
250,222,247
251,222,247
252,222,247
253,222,247
254,222,246
255,222,246
256,222,246
257,221,246
258,221,246
259,221,246
260,221,246
261,221,246
262,221,245
263,221,245
264,221,245
265,220,245
266,220,245
267,220,245
268,220,244
269,220,244
270,220,244
271,219,244
272,219,244
273,219,244
274,219,243
275,219,243
276,218,243
277,218,243
278,218,243
279,218,242
280,217,242
281,217,242
282,217,242
283,217,242
284,217,241
285,216,241
286,216,241
287,216,241
288,216,240
289,215,240
290,215,240
291,215,240
292,215,240
293,214,239
294,214,239
295,214,239
296,213,239
297,213,238
298,213,238
299,212,238
300,212,237
301,212,237
302,212,237
303,211,236
304,211,236
305,210,236
306,210,236
307,210,235
308,209,235
309,209,235
310,209,234
311,208,234
312,208,234
313,207,233
314,207,233
315,207,232
316,206,232
317,206,232
318,205,231
319,205,231
320,205,230
321,204,230
322,204,230
323,203,229
324,203,229
325,202,228
326,202,228
327,202,227
328,201,227
329,201,226
330,200,226
331,200,225
332,199,225
333,199,224
334,198,224
335,198,223
336,197,223
337,197,222
338,196,221
339,195,221
340,195,220
341,194,220
342,194,219
343,193,218
344,193,218
345,192,217
346,191,217
347,191,216
348,190,215
349,189,214
350,189,214
351,188,213
352,187,212
353,187,211
354,186,211
355,185,210
356,184,209
357,184,208
358,183,208
359,182,207
360,181,206
361,180,205
362,179,204
363,179,203
364,178,202
365,177,201
366,176,200
367,175,199
368,174,198
369,173,198
370,172,196
371,171,195
372,170,194
373,169,193
374,168,192
375,167,191
376,166,190
377,165,189
378,164,188
379,163,187
380,162,186
381,161,184
382,161,183
383,160,182
384,159,181
385,158,179
386,157,178
387,156,177
388,155,176
389,154,174
390,153,173
391,152,172
392,151,170
393,150,169
394,149,167
395,149,166
396,148,164
397,148,162
398,148,160
399,148,158
400,153,153
0,0
0,212
129,297,304
130,295,306
131,294,309
132,293,311
133,293,313
134,293,315
135,292,317
136,292,319
137,292,321
138,293,322
139,293,324
140,293,325
141,293,326
142,294,328
143,294,328
144,295,329
145,295,329
146,295,330
147,295,330
148,296,330
149,296,330
150,296,330
151,297,330
152,297,330
153,297,330
154,298,330
155,298,329
156,298,329
157,298,329
158,299,329
159,299,329
160,299,329
161,299,328
162,299,328
163,300,328
164,300,328
165,300,328
166,300,328
167,300,328
168,300,328
169,301,328
170,301,328
171,301,327
172,301,327
173,301,327
174,301,327
175,301,327
176,302,327
177,302,327
178,302,327
179,302,327
180,302,327
181,302,327
182,302,327
183,302,327
184,302,327
185,302,326
186,303,326
187,303,326
188,303,326
189,303,326
190,303,326
191,303,326
192,303,326
193,303,326
194,303,326
195,303,326
196,303,326
197,303,326
198,303,326
199,303,326
200,303,326
201,303,326
202,303,326
203,303,326
204,303,326
205,303,326
206,303,326
207,303,326
208,303,326
209,303,326
210,303,326
211,303,325
212,303,325
213,303,325
214,303,325
215,303,325
216,303,325
217,303,325
218,303,325
219,303,325
220,303,325
221,303,325
222,303,325
223,303,325
224,303,325
225,303,325
226,303,325
227,303,325
228,303,325
229,303,325
230,303,325
231,303,325
232,303,325
233,303,325
234,303,325
235,303,325
236,303,325
237,303,325
238,302,325
239,302,325
240,302,325
241,302,325
242,302,325
243,302,325
244,302,325
245,302,325
246,302,325
247,302,325
248,302,325
249,302,325
250,302,325
251,301,325
252,301,325
253,301,325
254,301,325
255,301,325
256,301,325
257,301,325
258,301,326
259,301,326
260,301,326
261,300,326
262,300,326
263,300,326
264,300,326
265,300,326
266,300,326
267,300,326
268,300,326
269,299,326
270,299,326
271,299,326
272,299,326
273,299,326
274,299,326
275,299,326
276,298,326
277,298,326
278,298,326
279,298,326
280,298,326
281,298,326
282,298,326
283,297,326
284,297,326
285,297,326
286,297,326
287,297,327
288,297,327
289,297,327
290,296,327
291,296,327
292,296,327
293,296,327
294,296,327
295,296,327
296,296,327
297,296,327
298,296,327
299,295,327
300,295,327
301,295,327
302,295,326
303,295,326
304,295,326
305,295,326
306,295,326
307,295,326
308,295,326
309,295,325
310,295,325
311,296,325
312,296,325
313,296,325
314,296,324
315,296,324
316,296,324
317,297,324
318,297,323
319,297,323
320,297,323
321,298,322
322,298,322
323,299,322
324,299,321
325,299,321
326,300,321
327,300,321
328,301,320
329,301,320
330,302,319
331,302,319
332,303,319
333,303,318
334,304,318
335,305,317
336,305,316
337,306,316
338,307,315
339,308,314
340,311,311
0,0
0,414
45,382,382
46,373,386
47,370,389
48,369,393
49,368,396
50,367,399
51,366,401
52,366,403
53,366,405
54,366,407
55,366,408
56,367,410
57,367,412
58,368,413
59,369,414
60,370,416
61,371,417
62,372,418
63,373,419
64,373,420
65,374,420
66,375,421
67,375,421
68,376,422
69,377,422
70,377,422
71,378,422
72,378,422
73,378,422
74,379,422
75,379,422
76,380,421
77,380,420
78,380,420
79,380,419
80,381,419
81,381,419
82,381,418
83,381,418
84,382,417
85,382,417
86,382,417
87,382,417
88,382,416
89,383,416
90,383,416
91,383,416
92,383,415
93,383,415
94,383,415
95,383,415
96,383,415
97,384,414
98,384,414
99,384,414
100,384,414
101,384,414
102,384,414
103,384,413
104,384,413
105,384,413
106,384,413
107,384,413
108,384,413
109,384,413
110,384,413
111,384,412
112,384,412
113,384,412
114,384,412
115,384,412
116,384,412
117,384,412
118,384,412
119,384,412
120,384,412
121,384,412
122,384,412
123,384,412
124,384,412
125,384,412
126,384,411
127,385,411
128,385,411
129,385,411
130,385,411
131,385,411
132,385,411
133,385,411
134,385,411
135,385,411
136,385,411
137,385,411
138,385,411
139,385,411
140,385,411
141,385,411
142,385,411
143,385,411
144,385,411
145,385,411
146,385,411
147,385,411
148,385,411
149,385,411
150,385,411
151,385,411
152,385,411
153,385,411
154,385,411
155,385,411
156,385,411
157,385,411
158,385,411
159,385,411
160,385,411
161,385,411
162,385,411
163,385,411
164,385,411
165,385,411
166,385,411
167,385,411
168,385,410
169,385,410
170,385,410
171,385,410
172,385,410
173,385,410
174,385,410
175,385,410
176,385,410
177,385,410
178,385,410
179,385,410
180,385,410
181,385,410
182,385,410
183,385,410
184,385,410
185,385,410
186,385,410
187,385,410
188,385,410
189,385,410
190,385,410
191,385,410
192,385,410
193,385,410
194,385,410
195,385,410
196,385,410
197,385,410
198,385,410
199,385,410
200,385,410
201,385,410
202,385,410
203,385,410
204,385,410
205,385,410
206,385,410
207,385,410
208,385,410
209,385,410
210,385,410
211,385,410
212,385,410
213,385,410
214,385,410
215,385,410
216,385,410
217,385,410
218,385,410
219,385,410
220,385,410
221,385,410
222,385,410
223,385,410
224,385,410
225,385,410
226,385,410
227,385,410
228,385,410
229,385,410
230,385,410
231,385,410
232,385,410
233,385,410
234,385,410
235,385,410
236,385,410
237,385,410
238,385,410
239,385,410
240,385,410
241,385,410
242,385,410
243,385,410
244,385,410
245,385,410
246,385,410
247,385,410
248,385,410
249,385,410
250,385,410
251,385,410
252,385,410
253,385,410
254,385,410
255,385,410
256,385,410
257,385,410
258,385,410
259,385,410
260,385,410
261,385,410
262,385,410
263,385,410
264,385,410
265,385,410
266,385,410
267,385,410
268,385,410
269,385,410
270,385,410
271,385,410
272,385,410
273,385,410
274,385,410
275,385,410
276,385,410
277,384,410
278,384,410
279,384,410
280,384,410
281,384,410
282,384,410
283,384,410
284,384,410
285,384,410
286,384,410
287,384,410
288,384,410
289,384,410
290,384,410
291,384,410
292,384,410
293,384,410
294,384,410
295,384,410
296,384,410
297,384,410
298,384,410
299,384,410
300,384,410
301,384,411
302,384,411
303,384,411
304,384,411
305,384,411
306,384,411
307,384,411
308,384,411
309,384,411
310,384,411
311,384,411
312,384,411
313,384,411
314,384,411
315,384,411
316,384,411
317,384,411
318,384,411
319,384,411
320,384,411
321,384,411
322,384,411
323,384,411
324,384,411
325,384,411
326,384,411
327,384,411
328,384,410
329,384,410
330,384,410
331,384,410
332,384,410
333,384,410
334,384,410
335,384,410
336,384,410
337,384,410
338,384,410
339,384,410
340,384,410
341,384,410
342,384,410
343,384,410
344,384,410
345,384,410
346,383,410
347,383,410
348,383,410
349,383,410
350,383,410
351,383,410
352,383,410
353,383,410
354,383,410
355,383,410
356,383,410
357,383,410
358,383,410
359,383,410
360,383,410
361,383,410
362,383,410
363,383,410
364,383,410
365,383,410
366,383,410
367,383,410
368,383,410
369,383,410
370,383,410
371,383,410
372,383,410
373,383,410
374,383,410
375,383,410
376,383,410
377,383,410
378,383,410
379,383,410
380,383,410
381,383,410
382,383,410
383,383,410
384,383,410
385,383,410
386,383,410
387,383,410
388,383,410
389,383,410
390,383,410
391,383,410
392,383,410
393,383,410
394,383,409
395,383,409
396,383,409
397,383,409
398,383,409
399,383,409
400,383,409
401,383,409
402,383,409
403,383,409
404,383,409
405,383,409
406,383,409
407,383,409
408,383,409
409,383,409
410,383,409
411,383,409
412,383,409
413,383,409
414,384,408
415,384,408
416,384,408
417,384,408
418,384,408
419,384,408
420,384,408
421,384,408
422,384,408
423,384,408
424,384,407
425,384,407
426,384,407
427,385,407
428,385,407
429,385,407
430,385,407
431,385,407
432,385,406
433,385,406
434,385,406
435,385,406
436,385,406
437,386,406
438,386,405
439,386,405
440,386,405
441,386,405
442,387,405
443,387,405
444,387,404
445,387,404
446,387,404
447,388,404
448,388,404
449,388,403
450,388,403
451,389,403
452,389,402
453,390,402
454,390,402
455,391,401
456,391,400
457,393,399
458,394,398
0,0
