1,150
53,216,217
54,215,218
55,214,219
56,214,220
57,213,220
58,213,221
59,213,221
60,212,222
61,212,222
62,212,222
63,211,223
64,211,223
65,211,223
66,211,224
67,211,224
68,210,224
69,210,225
70,210,225
71,210,225
72,210,225
73,210,226
74,209,226
75,209,226
76,209,226
77,209,226
78,209,226
79,208,227
80,208,227
81,208,227
82,208,227
83,208,227
84,207,227
85,207,227
86,207,227
87,207,227
88,207,227
89,206,227
90,206,227
91,206,227
92,206,226
93,205,226
94,205,226
95,205,226
96,205,226
97,204,226
98,204,225
99,204,225
100,204,225
101,203,225
102,203,224
103,203,224
104,203,224
105,202,223
106,202,223
107,202,223
108,201,223
109,201,222
110,201,222
111,201,222
112,200,221
113,200,221
114,200,221
115,199,221
116,199,220
117,199,220
118,198,220
119,198,219
120,198,219
121,197,219
122,197,219
123,197,218
124,196,218
125,196,218
126,196,218
127,195,217
128,195,217
129,195,217
130,194,216
131,194,216
132,194,216
133,193,216
134,193,215
135,193,215
136,192,215
137,192,214
138,192,214
139,191,214
140,191,214
141,190,213
142,190,213
143,190,213
144,189,212
145,189,212
146,189,212
147,188,212
148,188,211
149,187,211
150,187,211
151,187,210
152,186,210
153,186,210
154,185,210
155,185,209
156,184,209
157,184,209
158,183,208
159,183,208
160,183,208
161,182,208
162,182,207
163,182,207
164,181,207
165,181,206
166,181,206
167,181,206
168,180,206
169,180,205
170,180,205
171,180,205
172,180,205
173,180,204
174,180,204
175,180,204
176,179,203
177,180,203
178,180,203
179,180,202
180,180,202
181,180,202
182,180,202
183,180,201
184,180,201
185,180,201
186,181,200
187,181,200
188,181,200
189,181,199
190,181,199
191,181,199
192,182,198
193,182,198
194,182,198
195,183,197
196,183,197
197,184,196
198,184,196
199,185,195
200,186,195
201,187,194
202,189,192
0,0
0,241
76,117,117
77,112,121
78,109,126
79,108,129
80,107,132
81,106,134
82,106,137
83,106,139
84,105,141
85,105,142
86,106,144
87,106,146
88,106,148
89,107,149
90,107,151
91,108,152
92,108,153
93,109,155
94,110,156
95,110,157
96,111,157
97,111,158
98,112,159
99,112,159
100,113,159
101,113,159
102,113,159
103,114,159
104,114,158
105,115,158
106,115,158
107,115,158
108,116,157
109,116,157
110,116,157
111,117,157
112,117,157
113,117,156
114,117,156
115,118,156
116,118,156
117,118,156
118,118,155
119,119,155
120,119,155
121,119,155
122,119,155
123,119,154
124,120,154
125,120,154
126,120,154
127,120,154
128,120,154
129,120,154
130,121,153
131,121,153
132,121,153
133,121,153
134,121,153
135,121,153
136,122,153
137,122,153
138,122,153
139,122,153
140,122,152
141,122,152
142,122,152
143,122,152
144,122,152
145,123,152
146,123,152
147,123,152
148,123,152
149,123,152
150,123,152
151,123,152
152,123,151
153,123,151
154,123,151
155,123,151
156,123,151
157,124,151
158,124,151
159,124,151
160,124,151
161,124,151
162,124,151
163,124,151
164,124,151
165,124,151
166,124,151
167,124,151
168,124,151
169,124,151
170,124,151
171,124,150
172,124,150
173,124,150
174,124,150
175,124,150
176,124,150
177,124,150
178,124,150
179,125,150
180,125,150
181,125,150
182,125,150
183,125,150
184,125,150
185,125,150
186,125,150
187,125,150
188,125,150
189,125,150
190,125,150
191,125,150
192,125,149
193,125,149
194,125,149
195,125,149
196,125,149
197,125,149
198,125,149
199,125,149
200,125,149
201,125,149
202,125,149
203,125,149
204,125,149
205,125,149
206,125,149
207,125,149
208,125,149
209,125,149
210,125,149
211,125,149
212,125,148
213,125,148
214,125,148
215,125,148
216,125,148
217,125,148
218,125,148
219,125,148
220,125,148
221,125,148
222,125,148
223,125,148
224,125,148
225,125,148
226,125,148
227,125,148
228,125,148
229,125,148
230,125,148
231,125,148
232,125,148
233,125,147
234,125,147
235,125,147
236,125,147
237,125,147
238,125,147
239,125,147
240,125,147
241,125,147
242,125,147
243,125,147
244,125,147
245,125,147
246,125,147
247,125,147
248,124,147
249,124,147
250,124,147
251,124,147
252,124,146
253,124,146
254,124,146
255,124,146
256,124,146
257,124,146
258,124,146
259,124,146
260,124,146
261,124,146
262,124,146
263,124,146
264,124,146
265,124,146
266,124,146
267,124,146
268,124,146
269,124,146
270,124,146
271,124,146
272,124,146
273,124,145
274,124,145
275,124,145
276,124,145
277,124,145
278,124,145
279,124,145
280,124,145
281,124,145
282,124,145
283,123,145
284,123,145
285,123,145
286,123,145
287,123,145
288,123,145
289,123,145
290,123,145
291,123,145
292,123,144
293,123,144
294,123,144
295,123,144
296,123,144
297,123,144
298,123,144
299,123,144
300,123,144
301,123,144
302,123,144
303,123,144
304,123,144
305,123,144
306,123,144
307,123,144
308,123,144
309,123,144
310,122,144
311,122,141
312,122,137
313,122,134
314,122,130
315,122,127
316,122,123
0,0
1,163
31,355,362
32,354,364
33,353,365
34,353,366
35,352,367
36,352,367
37,352,368
38,351,368
39,351,369
40,351,369
41,351,370
42,350,370
43,350,371
44,350,371
45,349,371
46,349,372
47,348,372
48,348,373
49,348,373
50,347,373
51,347,373
52,346,374
53,346,374
54,346,374
55,345,375
56,345,375
57,344,375
58,344,376
59,344,376
60,343,376
61,343,376
62,342,377
63,342,377
64,341,377
65,341,377
66,340,377
67,340,377
68,339,377
69,339,377
70,338,378
71,338,377
72,337,377
73,337,377
74,336,377
75,336,376
76,335,376
77,335,375
78,334,375
79,334,374
80,333,372
81,333,371
82,332,370
83,332,369
84,331,368
85,331,367
86,330,366
87,330,365
88,329,364
89,329,363
90,328,362
91,328,361
92,327,360
93,327,359
94,326,358
95,325,357
96,325,356
97,324,355
98,324,354
99,323,353
100,323,353
101,322,352
102,321,351
103,321,350
104,320,349
105,320,348
106,319,348
107,319,347
108,318,346
109,318,345
110,317,344
111,317,344
112,316,343
113,315,342
114,315,341
115,314,341
116,314,340
117,313,339
118,313,338
119,312,338
120,311,337
121,311,336
122,310,335
123,310,335
124,309,334
125,309,333
126,308,332
127,307,332
128,307,331
129,306,330
130,306,329
131,305,329
132,305,328
133,304,327
134,303,327
135,303,326
136,302,325
137,302,324
138,301,324
139,301,323
140,300,322
141,299,321
142,299,321
143,298,320
144,298,319
145,297,318
146,296,318
147,296,317
148,295,316
149,295,315
150,294,315
151,293,314
152,293,313
153,292,312
154,292,312
155,291,311
156,290,310
157,290,309
158,289,309
159,289,308
160,288,307
161,288,306
162,287,306
163,286,305
164,286,304
165,285,304
166,285,303
167,284,302
168,283,301
169,283,300
170,282,300
171,282,299
172,281,298
173,280,297
174,280,296
175,279,296
176,279,295
177,278,294
178,277,293
179,277,292
180,276,291
181,276,290
182,275,289
183,275,289
184,274,288
185,274,287
186,273,286
187,273,285
188,273,284
189,272,283
190,273,282
191,273,280
192,274,279
193,274,278
0,0
0,158
77,217,217
78,215,224
79,212,228
80,212,230
81,212,232
82,212,234
83,212,236
84,213,238
85,214,239
86,214,241
87,215,242
88,216,244
89,216,245
90,217,246
91,217,248
92,218,249
93,218,249
94,219,250
95,220,251
96,220,251
97,220,252
98,221,252
99,221,253
100,222,253
101,222,253
102,223,253
103,223,253
104,224,253
105,224,253
106,224,253
107,225,253
108,225,253
109,226,253
110,226,253
111,226,253
112,227,253
113,227,253
114,227,254
115,227,254
116,228,254
117,228,254
118,228,254
119,229,254
120,229,254
121,229,254
122,229,254
123,230,254
124,230,254
125,230,255
126,230,255
127,231,255
128,231,255
129,231,255
130,231,255
131,232,255
132,232,255
133,232,255
134,232,256
135,232,256
136,233,256
137,233,256
138,233,256
139,233,256
140,233,256
141,234,256
142,234,257
143,234,257
144,234,257
145,234,257
146,234,257
147,235,257
148,235,257
149,235,257
150,235,258
151,235,258
152,235,258
153,235,258
154,236,258
155,236,258
156,236,258
157,236,259
158,236,259
159,236,259
160,236,259
161,237,259
162,237,259
163,237,259
164,237,260
165,237,260
166,237,260
167,237,260
168,237,260
169,237,260
170,238,260
171,238,261
172,238,261
173,238,261
174,238,261
175,238,261
176,238,261
177,238,261
178,238,261
179,238,262
180,238,262
181,239,262
182,239,262
183,239,262
184,239,262
185,239,262
186,239,262
187,239,263
188,239,263
189,239,263
190,239,263
191,239,264
192,239,264
193,239,264
194,239,264
195,240,265
196,240,265
197,240,265
198,240,265
199,240,266
200,240,266
201,241,266
202,241,266
203,241,266
204,241,267
205,241,267
206,242,267
207,242,267
208,242,267
209,243,267
210,243,268
211,243,268
212,244,268
213,244,268
214,245,268
215,245,268
216,246,268
217,246,268
218,247,268
219,247,268
220,248,268
221,249,268
222,249,268
223,250,268
224,251,268
225,251,268
226,252,268
227,253,268
228,254,267
229,255,267
230,256,267
231,257,266
232,258,266
233,260,265
234,263,263
0,0
1,150
227,92,92
228,91,95
229,90,96
230,89,97
231,89,98
232,89,99
233,89,100
234,89,100
235,89,101
236,88,102
237,88,102
238,88,102
239,88,103
240,88,103
241,88,103
242,88,103
243,87,104
244,87,104
245,87,104
246,87,105
247,87,104
248,87,104
249,86,104
250,86,104
251,86,104
252,86,104
253,86,104
254,86,103
255,85,103
256,85,103
257,85,103
258,85,102
259,85,102
260,85,102
261,84,101
262,84,101
263,84,101
264,84,101
265,84,100
266,84,100
267,83,100
268,83,100
269,83,99
270,83,99
271,83,99
272,82,99
273,82,98
274,82,98
275,82,98
276,82,98
277,81,97
278,81,97
279,81,97
280,81,97
281,81,96
282,80,96
283,80,96
284,80,96
285,80,95
286,80,95
287,79,95
288,79,95
289,79,95
290,79,94
291,79,94
292,78,94
293,78,94
294,78,94
295,78,93
296,78,93
297,77,93
298,77,93
299,77,93
300,77,92
301,77,92
302,76,92
303,76,92
304,76,92
305,76,91
306,75,91
307,75,91
308,75,91
309,75,91
310,75,90
311,75,90
312,74,90
313,74,90
314,74,90
315,74,90
316,74,89
317,73,89
318,73,89
319,73,89
320,73,89
321,73,89
322,72,88
323,72,88
324,72,88
325,72,88
326,72,88
327,71,88
328,71,88
329,71,87
330,71,87
331,71,87
332,71,87
333,70,87
334,70,87
335,70,87
336,70,86
337,70,86
338,70,86
339,69,86
340,69,86
341,69,86
342,69,86
343,69,86
344,68,85
345,68,85
346,68,85
347,68,85
348,68,85
349,68,85
350,67,85
351,67,85
352,67,85
353,67,85
354,66,85
355,66,85
356,66,85
357,66,85
358,66,85
359,65,85
360,65,85
361,65,85
362,65,85
363,65,85
364,64,85
365,64,85
366,64,85
367,64,85
368,63,85
369,63,85
370,63,85
371,63,86
372,62,86
373,62,86
374,62,87
375,61,69
375,61,61
0,176
60,379,379
61,375,384
62,375,387
63,375,390
64,375,392
65,375,394
66,375,396
67,375,398
68,375,400
69,375,401
70,374,403
71,374,405
72,374,406
73,374,408
74,374,409
75,374,410
76,374,412
77,374,413
78,374,414
79,374,416
80,374,417
81,374,418
82,374,419
83,374,420
84,374,421
85,374,421
86,374,422
87,374,423
88,374,423
89,375,423
90,375,424
91,376,424
92,376,424
93,376,423
94,376,423
95,377,423
96,377,422
97,377,422
98,377,421
99,377,420
100,377,419
101,377,419
102,377,417
103,377,417
104,377,416
105,377,415
106,377,414
107,377,413
108,377,413
109,377,412
110,377,411
111,377,411
112,377,410
113,377,410
114,377,409
115,377,409
116,377,408
117,376,408
118,376,407
119,376,407
120,376,406
121,376,406
122,376,406
123,376,405
124,375,405
125,375,405
126,375,404
127,375,404
128,375,404
129,375,404
130,375,403
131,374,403
132,374,403
133,374,403
134,374,403
135,374,402
136,374,402
137,373,402
138,373,402
139,373,402
140,373,401
141,373,401
142,372,401
143,372,401
144,372,400
145,372,400
146,372,400
147,371,400
148,371,400
149,371,399
150,371,399
151,370,399
152,370,399
153,370,398
154,370,398
155,370,398
156,369,398
157,369,398
158,369,397
159,369,397
160,369,397
161,368,397
162,368,396
163,368,396
164,368,396
165,367,396
166,367,396
167,367,395
168,367,395
169,366,395
170,366,395
171,366,394
172,366,394
173,365,394
174,365,394
175,365,393
176,364,393
177,364,393
178,364,393
179,364,392
180,363,392
181,363,392
182,363,392
183,362,391
184,362,391
185,362,391
186,362,390
187,361,390
188,361,390
189,361,390
190,360,389
191,360,389
192,359,389
193,359,389
194,358,388
195,358,388
196,357,388
197,357,388
198,357,387
199,356,387
200,355,387
201,354,386
202,353,386
203,351,386
204,346,385
205,344,385
206,343,385
207,343,385
208,343,384
209,343,384
210,344,384
211,344,383
212,344,383
213,345,383
214,345,382
215,346,382
216,346,382
217,347,381
218,348,381
219,348,381
220,349,380
221,350,380
222,350,379
223,351,379
224,352,379
225,353,378
226,353,378
227,354,377
228,355,376
229,356,376
230,357,375
231,358,374
232,359,373
233,361,372
234,362,370
235,365,367
0,0
0,102
91,301,310
92,298,315
93,298,318
94,298,319
95,298,321
96,298,323
97,298,324
98,299,325
99,299,326
100,299,326
101,299,327
102,299,327
103,299,327
104,299,326
105,299,326
106,299,325
107,299,325
108,299,324
109,299,324
110,299,323
111,299,323
112,299,322
113,299,322
114,299,322
115,299,321
116,299,321
117,299,320
118,298,320
119,298,319
120,298,319
121,298,319
122,298,318
123,297,318
124,297,317
125,297,317
126,297,316
127,296,316
128,296,315
129,296,315
130,295,315
131,295,314
132,295,314
133,295,313
134,294,313
135,294,312
136,294,312
137,293,311
138,293,311
139,292,310
140,292,310
141,292,309
142,291,309
143,291,308
144,290,308
145,290,307
146,290,306
147,289,306
148,289,305
149,288,305
150,288,304
151,287,304
152,287,303
153,286,302
154,286,302
155,285,301
156,285,301
157,284,300
158,284,299
159,283,298
160,283,298
161,282,297
162,281,296
163,281,296
164,280,295
165,279,294
166,279,294
167,278,293
168,277,292
169,277,291
170,276,290
171,276,289
172,275,288
173,274,288
174,274,287
175,273,286
176,272,285
177,272,284
178,271,283
179,271,281
180,270,280
181,269,279
182,268,278
183,268,277
184,267,276
185,266,275
186,266,273
187,265,272
188,264,271
189,264,270
190,263,268
191,263,266
192,264,265
0,0
0,39
139,309,309
140,306,313
141,306,317
142,306,320
143,306,322
144,306,325
145,306,328
146,306,330
147,307,332
148,307,334
149,308,336
150,309,338
151,310,340
152,311,341
153,312,342
154,313,344
155,314,345
156,315,346
157,316,347
158,318,347
159,319,348
160,320,349
161,321,349
162,322,350
163,323,350
164,324,350
165,325,351
166,326,351
167,327,351
168,328,351
169,330,351
170,331,351
171,332,351
172,333,351
173,334,351
174,336,350
175,337,350
176,339,349
177,343,346
0,0
1,104
254,215,217
255,215,218
256,214,219
257,214,220
258,214,221
259,214,221
260,213,222
261,213,222
262,213,222
263,213,222
264,212,222
265,212,223
266,212,223
267,212,223
268,212,223
269,211,223
270,211,223
271,211,223
272,211,222
273,210,222
274,210,222
275,210,222
276,210,222
277,209,222
278,209,222
279,209,222
280,209,222
281,209,222
282,208,222
283,208,221
284,208,221
285,208,221
286,207,221
287,207,221
288,207,221
289,207,221
290,206,221
291,206,221
292,206,220
293,206,220
294,205,220
295,205,220
296,205,220
297,205,220
298,204,220
299,204,219
300,204,219
301,204,219
302,203,219
303,203,219
304,203,219
305,203,219
306,202,218
307,202,218
308,202,218
309,202,218
310,201,218
311,201,218
312,201,218
313,201,217
314,200,217
315,200,217
316,200,217
317,200,217
318,200,217
319,199,217
320,199,217
321,199,216
322,199,216
323,199,216
324,199,216
325,198,216
326,198,216
327,198,216
328,198,216
329,198,215
330,198,215
331,198,215
332,198,215
333,198,215
334,198,215
335,197,215
336,198,215
337,198,214
338,198,214
339,198,214
340,198,214
341,198,214
342,199,214
343,199,214
344,199,214
345,199,213
346,200,213
347,200,213
348,200,213
349,201,213
350,201,213
351,202,213
352,203,213
353,203,212
354,204,212
355,205,212
356,206,211
357,209,209
0,0
0,136
278,206,206
279,204,210
280,201,217
281,200,221
282,200,224
283,200,227
284,200,229
285,200,231
286,201,232
287,201,233
288,201,234
289,202,234
290,202,235
291,203,235
292,203,235
293,204,236
294,204,236
295,205,236
296,205,236
297,205,236
298,206,236
299,206,236
300,206,236
301,207,236
302,207,236
303,208,236
304,208,236
305,208,236
306,209,237
307,209,237
308,209,237
309,210,237
310,210,237
311,210,237
312,211,237
313,211,237
314,211,238
315,212,238
316,212,238
317,212,238
318,213,238
319,213,238
320,213,238
321,214,238
322,214,239
323,214,239
324,214,239
325,215,239
326,215,239
327,215,239
328,215,240
329,216,240
330,216,240
331,216,240
332,216,240
333,217,240
334,217,240
335,217,241
336,217,241
337,218,241
338,218,241
339,218,241
340,218,241
341,218,241
342,219,242
343,219,242
344,219,242
345,219,242
346,219,242
347,220,242
348,220,243
349,220,243
350,220,243
351,220,243
352,220,243
353,221,243
354,221,244
355,221,244
356,221,244
357,221,244
358,221,244
359,221,244
360,222,244
361,222,245
362,222,245
363,222,245
364,222,245
365,222,245
366,222,245
367,222,245
368,223,245
369,223,246
370,223,246
371,223,246
372,223,246
373,223,246
374,223,246
375,224,246
376,224,246
377,224,247
378,224,247
379,224,247
380,225,247
381,225,247
382,225,247
383,225,247
384,226,247
385,226,247
386,226,247
387,226,247
388,227,247
389,227,248
390,227,248
391,227,248
392,228,248
393,228,248
394,228,248
395,229,248
396,229,248
397,229,248
398,230,248
399,230,248
400,231,248
401,231,247
402,232,247
403,232,247
404,233,247
405,234,247
406,234,247
407,235,247
408,236,246
409,237,246
410,238,246
411,239,245
412,240,244
413,243,243
0,0
1,180
209,286,289
210,285,290
211,285,291
212,285,292
213,285,293
214,284,294
215,284,294
216,284,295
217,284,296
218,284,296
219,284,297
220,284,297
221,284,298
222,283,298
223,283,298
224,283,299
225,283,299
226,283,299
227,283,299
228,283,299
229,283,300
230,282,300
231,282,300
232,282,300
233,282,300
234,282,300
235,282,300
236,282,300
237,282,300
238,282,299
239,281,299
240,281,299
241,281,299
242,281,298
243,281,298
244,281,298
245,281,297
246,280,297
247,280,297
248,280,297
249,280,296
250,280,296
251,280,296
252,280,296
253,280,296
254,279,295
255,279,295
256,279,295
257,279,295
258,279,294
259,279,294
260,279,294
261,279,294
262,278,294
263,278,293
264,278,293
265,278,293
266,278,293
267,278,293
268,278,292
269,277,292
270,277,292
271,277,292
272,277,292
273,277,291
274,277,291
275,277,291
276,276,291
277,276,290
278,276,290
279,276,290
280,276,290
281,276,290
282,276,289
283,275,289
284,275,289
285,275,289
286,275,289
287,275,288
288,275,288
289,275,288
290,274,288
291,274,288
292,274,287
293,274,287
294,274,287
295,274,287
296,273,287
297,273,286
298,273,286
299,273,286
300,273,286
301,273,286
302,273,285
303,272,285
304,272,285
305,272,285
306,272,285
307,272,285
308,272,284
309,272,284
310,271,284
311,271,284
312,271,284
313,271,283
314,271,283
315,271,283
316,270,283
317,270,283
318,270,283
319,270,282
320,270,282
321,270,282
322,269,282
323,269,282
324,269,281
325,269,281
326,269,281
327,269,281
328,268,281
329,268,281
330,268,280
331,268,280
332,268,280
333,267,280
334,267,280
335,267,280
336,267,280
337,267,279
338,267,279
339,266,279
340,266,279
341,266,279
342,266,279
343,266,279
344,266,278
345,265,278
346,265,278
347,265,278
348,265,278
349,265,278
350,264,278
351,264,277
352,264,277
353,264,277
354,264,277
355,263,277
356,263,277
357,263,277
358,263,277
359,263,277
360,263,277
361,262,276
362,262,276
363,262,276
364,262,276
365,262,276
366,261,276
367,261,276
368,261,276
369,261,276
370,261,276
371,260,276
372,260,276
373,260,276
374,260,276
375,260,276
376,259,276
377,259,276
378,259,276
379,259,276
380,259,276
381,258,276
382,258,276
383,258,277
384,258,277
385,257,277
386,257,278
387,257,266
387,257,257
0,145
256,391,391
257,387,396
258,387,399
259,387,402
260,387,405
261,387,408
262,387,410
263,387,412
264,387,414
265,387,416
266,387,418
267,386,420
268,386,421
269,386,423
270,386,424
271,386,426
272,386,427
273,386,429
274,386,430
275,386,431
276,386,431
277,386,432
278,386,433
279,387,433
280,387,434
281,388,434
282,388,434
283,388,434
284,388,434
285,388,434
286,388,433
287,388,433
288,388,432
289,388,432
290,388,431
291,388,430
292,388,430
293,388,429
294,388,429
295,388,428
296,388,427
297,388,427
298,388,426
299,388,426
300,388,425
301,388,425
302,387,424
303,387,424
304,387,424
305,387,423
306,387,423
307,387,422
308,387,422
309,387,421
310,387,421
311,386,421
312,386,420
313,386,420
314,386,419
315,386,419
316,386,419
317,385,418
318,385,418
319,385,418
320,385,417
321,385,417
322,385,416
323,385,416
324,384,416
325,384,415
326,384,415
327,384,415
328,384,414
329,383,414
330,383,414
331,383,413
332,383,413
333,383,413
334,383,413
335,382,412
336,382,412
337,382,412
338,382,411
339,381,411
340,381,411
341,381,410
342,381,410
343,381,410
344,381,409
345,380,409
346,380,409
347,380,409
348,380,408
349,380,408
350,379,408
351,379,407
352,379,407
353,379,407
354,378,407
355,378,406
356,378,406
357,378,406
358,378,406
359,377,405
360,377,405
361,377,405
362,377,405
363,376,404
364,376,404
365,376,404
366,376,404
367,376,403
368,375,403
369,375,403
370,375,403
371,375,402
372,374,402
373,374,402
374,374,402
375,374,401
376,374,401
377,373,401
378,373,401
379,373,400
380,373,400
381,372,400
382,372,400
383,372,400
384,372,399
385,372,399
386,371,399
387,371,399
388,371,398
389,371,398
390,370,398
391,370,398
392,370,398
393,370,397
394,369,397
395,369,397
396,369,397
397,369,390
398,369,382
399,368,374
400,368,368
0,0
0,118
285,267,267
286,264,271
287,262,275
288,261,278
289,261,280
290,261,282
291,261,284
292,261,285
293,261,287
294,262,288
295,262,289
296,263,291
297,263,292
298,264,292
299,264,293
300,265,294
301,265,294
302,266,294
303,266,295
304,267,295
305,267,295
306,268,295
307,268,295
308,268,295
309,269,295
310,269,295
311,270,295
312,270,295
313,270,295
314,271,295
315,271,295
316,271,295
317,272,295
318,272,295
319,272,295
320,273,295
321,273,295
322,273,295
323,273,295
324,274,295
325,274,295
326,274,295
327,274,295
328,274,295
329,275,295
330,275,295
331,275,295
332,275,295
333,275,295
334,275,295
335,276,295
336,276,295
337,276,295
338,276,295
339,276,295
340,276,295
341,276,295
342,277,295
343,277,296
344,277,296
345,277,296
346,277,296
347,277,296
348,277,296
349,278,296
350,278,296
351,278,296
352,278,296
353,278,296
354,278,296
355,278,296
356,279,296
357,279,296
358,279,296
359,279,296
360,279,296
361,279,297
362,279,297
363,279,297
364,280,297
365,280,297
366,280,297
367,280,297
368,280,297
369,280,297
370,280,297
371,280,297
372,281,297
373,281,297
374,281,297
375,281,298
376,281,298
377,281,298
378,281,298
379,281,298
380,282,298
381,282,298
382,282,298
383,282,298
384,282,298
385,282,298
386,282,298
387,282,298
388,282,299
389,283,299
390,283,299
391,283,299
392,283,299
393,283,299
394,283,299
395,283,299
396,283,299
397,284,299
398,284,299
399,284,300
400,284,300
401,284,297
402,284,288
0,0
0,130
272,328,332
273,326,335
274,325,337
275,325,339
276,325,341
277,325,342
278,325,344
279,325,345
280,325,346
281,325,347
282,325,348
283,326,349
284,326,350
285,326,351
286,327,352
287,327,353
288,327,354
289,327,354
290,327,355
291,328,355
292,328,356
293,328,356
294,328,356
295,328,357
296,329,357
297,329,357
298,329,357
299,329,357
300,329,357
301,329,356
302,329,356
303,329,356
304,329,356
305,330,355
306,330,355
307,330,355
308,330,354
309,330,354
310,330,354
311,330,354
312,330,353
313,330,353
314,330,353
315,330,353
316,330,352
317,330,352
318,330,352
319,330,352
320,330,352
321,329,351
322,329,351
323,329,351
324,329,351
325,329,350
326,329,350
327,329,350
328,329,350
329,329,350
330,329,349
331,329,349
332,329,349
333,329,349
334,328,349
335,328,348
336,328,348
337,328,348
338,328,348
339,328,348
340,328,348
341,328,347
342,328,347
343,328,347
344,327,347
345,327,346
346,327,346
347,327,346
348,327,346
349,327,346
350,327,346
351,327,345
352,327,345
353,327,345
354,326,345
355,326,345
356,326,345
357,326,344
358,326,344
359,326,344
360,326,344
361,326,344
362,325,344
363,325,343
364,325,343
365,325,343
366,325,343
367,325,343
368,325,343
369,325,342
370,325,342
371,324,342
372,324,342
373,324,342
374,324,342
375,324,341
376,324,341
377,324,341
378,324,341
379,324,341
380,323,341
381,323,340
382,323,340
383,323,340
384,323,340
385,323,340
386,323,340
387,323,340
388,322,339
389,322,339
390,322,339
391,322,339
392,322,339
393,322,339
394,322,338
395,322,338
396,321,338
397,321,338
398,321,338
399,322,338
400,331,338
401,337,337
0,0
1,347
163,409,413
164,409,415
165,409,416
166,408,417
167,408,418
168,408,419
169,408,420
170,408,420
171,408,421
172,408,422
173,408,423
174,408,423
175,407,424
176,407,424
177,407,425
178,407,425
179,407,426
180,407,426
181,407,427
182,407,427
183,407,427
184,407,427
185,407,427
186,407,428
187,407,428
188,406,428
189,406,428
190,406,428
191,406,429
192,406,428
193,406,428
194,406,428
195,406,428
196,406,428
197,406,428
198,406,428
199,406,428
200,405,428
201,405,427
202,405,427
203,405,427
204,405,427
205,405,427
206,405,426
207,405,426
208,405,426
209,405,426
210,405,425
211,404,425
212,404,425
213,404,425
214,404,425
215,404,424
216,404,424
217,404,424
218,404,424
219,404,424
220,404,424
221,404,423
222,404,423
223,404,423
224,403,423
225,403,423
226,403,422
227,403,422
228,403,422
229,403,422
230,403,422
231,403,421
232,403,421
233,403,421
234,403,421
235,402,421
236,402,421
237,402,420
238,402,420
239,402,420
240,402,420
241,402,420
242,402,420
243,402,419
244,402,419
245,402,419
246,402,419
247,401,419
248,401,419
249,401,419
250,401,418
251,401,418
252,401,418
253,401,418
254,401,418
255,401,418
256,401,418
257,401,417
258,400,417
259,400,417
260,400,417
261,400,417
262,400,417
263,400,417
264,400,416
265,400,416
266,400,416
267,400,416
268,400,416
269,399,416
270,399,416
271,399,416
272,399,416
273,399,415
274,399,415
275,399,415
276,399,415
277,399,415
278,399,415
279,399,415
280,398,415
281,398,414
282,398,414
283,398,414
284,398,414
285,398,414
286,398,414
287,398,414
288,398,414
289,398,414
290,397,414
291,397,414
292,397,413
293,397,413
294,397,413
295,397,413
296,397,413
297,397,413
298,397,413
299,397,413
300,397,413
301,396,413
302,396,413
303,396,412
304,396,412
305,396,412
306,396,412
307,396,412
308,396,412
309,396,412
310,396,412
311,396,412
312,395,412
313,395,412
314,395,412
315,395,412
316,395,412
317,395,411
318,395,411
319,395,411
320,395,411
321,395,411
322,394,411
323,394,411
324,394,411
325,394,411
326,394,411
327,394,411
328,394,411
329,394,411
330,394,411
331,394,411
332,393,411
333,393,411
334,393,411
335,393,411
336,393,411
337,393,411
338,393,411
339,393,411
340,393,411
341,392,411
342,392,411
343,392,411
344,392,411
345,392,411
346,392,411
347,392,411
348,392,411
349,392,411
350,391,411
351,391,411
352,391,411
353,391,411
354,391,411
355,391,411
356,391,411
357,391,411
358,391,411
359,390,411
360,390,411
361,390,411
362,390,411
363,390,411
364,390,411
365,390,411
366,390,411
367,390,411
368,389,411
369,389,411
370,389,411
371,389,411
372,389,411
373,389,411
374,389,411
375,389,411
376,388,411
377,388,411
378,388,411
379,388,411
380,388,411
381,388,411
382,388,411
383,387,411
384,387,411
385,387,411
386,387,411
387,387,411
388,387,411
389,387,411
390,387,411
391,386,411
392,386,411
393,386,411
394,386,411
395,386,411
396,386,411
397,386,411
398,385,411
399,385,411
400,385,411
401,385,411
402,385,411
403,385,411
404,385,411
405,384,411
406,384,411
407,384,411
408,384,411
409,384,411
410,384,411
411,384,411
412,383,411
413,383,411
414,383,411
415,383,411
416,383,411
417,406,411
417,383,412
418,406,411
418,383,412
419,406,411
419,382,412
420,406,411
420,382,412
421,406,411
421,382,412
422,406,411
422,382,412
423,406,411
423,382,412
424,406,411
424,382,412
425,406,411
425,381,412
426,406,411
426,381,412
427,406,411
427,381,412
428,406,411
428,381,412
429,406,411
429,381,412
430,406,411
430,381,412
431,406,411
431,381,412
432,406,411
432,380,412
433,406,411
433,381,412
434,406,411
434,381,412
435,406,411
435,381,412
436,406,411
436,381,412
437,406,411
437,381,412
438,406,411
438,381,412
439,406,411
439,381,413
440,406,411
440,381,413
441,406,411
441,381,413
442,406,411
442,382,413
443,406,411
443,382,413
444,406,411
444,382,413
445,406,411
445,382,413
446,406,411
446,383,413
447,406,411
447,383,413
448,406,411
448,383,413
449,384,413
450,384,413
451,385,413
452,385,413
453,386,413
454,386,413
455,387,413
456,387,413
457,388,413
458,389,413
459,389,413
460,390,414
461,391,414
462,391,414
463,392,414
464,393,414
465,394,414
466,394,413
467,395,413
468,396,413
469,397,413
470,398,413
471,399,413
472,400,412
473,401,412
474,402,411
475,403,411
476,405,409
476,405,405
0,0
