1,435
45,242,247
46,240,250
47,239,251
48,239,252
49,239,254
50,239,255
51,238,255
52,238,256
53,237,257
54,237,258
55,237,259
56,237,259
57,237,260
58,237,261
59,237,262
60,237,262
61,237,263
62,237,263
63,237,264
64,237,265
65,237,265
66,237,266
67,237,266
68,237,267
69,237,267
70,237,268
71,237,268
72,237,269
73,237,269
74,237,270
75,237,270
76,237,270
77,237,271
78,237,271
79,237,271
80,237,271
81,237,272
82,237,272
83,237,272
84,237,272
85,237,272
86,237,273
87,237,272
88,237,272
89,237,272
90,237,272
91,237,272
92,237,272
93,237,271
94,237,271
95,237,271
96,237,271
97,237,270
98,237,270
99,237,270
100,237,269
101,237,269
102,237,269
103,237,268
104,237,268
105,237,268
106,237,268
107,237,268
108,237,267
109,237,267
110,237,267
111,237,267
112,237,266
113,237,266
114,237,266
115,237,266
116,236,266
117,236,265
118,236,265
119,236,265
120,236,265
121,236,265
122,236,264
123,236,264
124,236,264
125,236,264
126,236,264
127,235,264
128,235,263
129,235,263
130,235,263
131,235,263
132,235,263
133,235,263
134,235,262
135,235,262
136,235,262
137,234,262
138,234,262
139,234,261
140,234,261
141,234,261
142,234,261
143,234,261
144,234,260
145,234,260
146,233,260
147,233,260
148,233,260
149,233,260
150,233,259
151,233,259
152,233,259
153,233,259
154,233,259
155,232,259
156,232,258
157,232,258
158,232,258
159,232,258
160,232,258
161,232,258
162,232,257
163,232,257
164,232,257
165,231,257
166,231,257
167,231,257
168,231,257
169,231,256
170,231,256
171,231,256
172,231,256
173,231,256
174,231,256
175,231,256
176,230,255
177,230,255
178,230,255
179,230,255
180,230,255
181,230,255
182,230,255
183,230,255
184,230,254
185,230,254
186,229,254
187,229,254
188,229,254
189,229,254
190,229,254
191,229,254
192,229,253
193,229,253
194,229,253
195,229,253
196,229,253
197,228,253
198,228,253
199,228,253
200,228,253
201,228,253
202,228,252
203,228,252
204,228,252
205,228,252
206,228,252
207,228,252
208,228,252
209,227,252
210,227,252
211,227,252
212,227,251
213,227,251
214,227,251
215,227,251
216,227,251
217,227,251
218,227,251
219,227,251
220,226,251
221,226,251
222,226,250
223,226,250
224,226,250
225,226,250
226,226,250
227,226,250
228,226,250
229,226,250
230,226,250
231,226,250
232,226,250
233,225,250
234,225,250
235,225,249
236,225,249
237,225,249
238,225,249
239,225,249
240,225,249
241,225,249
242,225,249
243,224,249
244,224,249
245,224,249
246,224,249
247,224,249
248,224,249
249,224,249
250,224,248
251,224,248
252,224,248
253,223,248
254,223,248
255,223,248
256,223,248
257,223,248
258,223,248
259,223,248
260,223,248
261,223,248
262,223,248
263,223,248
264,223,248
265,222,248
266,222,248
267,222,248
268,222,248
269,222,248
270,222,247
271,222,247
272,222,247
273,222,247
274,222,247
275,221,247
276,221,247
277,221,247
278,221,247
279,221,247
280,221,247
281,221,247
282,221,247
283,221,247
284,221,247
285,220,247
286,220,246
287,220,246
288,220,246
289,220,246
290,220,246
291,220,246
292,220,246
293,220,246
294,220,246
295,219,246
296,219,246
297,219,246
298,219,246
299,219,246
300,219,245
301,219,245
302,219,245
303,219,245
304,219,245
305,219,245
306,218,245
307,218,245
308,218,245
309,218,245
310,218,245
311,218,245
312,218,245
313,218,245
314,218,245
315,218,245
316,217,245
317,217,245
318,217,245
319,217,245
320,217,245
321,217,245
322,217,245
323,217,245
324,217,245
325,216,245
326,216,245
327,216,245
328,216,245
329,216,245
330,216,245
331,216,245
332,216,245
333,215,245
334,215,245
335,215,245
336,215,245
337,215,245
338,215,245
339,215,245
340,215,245
341,215,245
342,214,245
343,214,245
344,214,245
345,214,245
346,214,245
347,214,245
348,214,245
349,213,245
350,213,245
351,213,245
352,213,245
353,213,245
354,213,245
355,213,245
356,213,245
357,212,245
358,212,245
359,212,245
360,212,245
361,212,245
362,212,245
363,211,245
364,211,245
365,211,245
366,211,245
367,211,245
368,211,245
369,210,245
370,210,245
371,210,245
372,210,245
373,210,245
374,210,245
375,209,245
376,209,245
377,209,245
378,209,245
379,209,245
380,209,245
381,208,245
382,208,245
383,208,245
384,208,245
385,208,245
386,207,245
387,207,245
388,207,245
389,207,245
390,207,245
391,237,245
391,207,246
392,237,245
392,206,246
393,237,245
393,206,246
394,237,245
394,206,246
395,237,245
395,206,246
396,237,245
396,206,246
397,237,245
397,205,246
398,237,245
398,205,246
399,237,245
399,205,246
400,237,245
400,205,246
401,237,245
401,205,246
402,237,245
402,205,246
403,237,245
403,205,246
404,237,245
404,206,246
405,237,245
405,206,246
406,237,245
406,206,246
407,237,245
407,206,246
408,237,245
408,206,246
409,237,245
409,207,246
410,237,245
410,207,247
411,237,245
411,207,247
412,237,245
412,207,247
413,237,245
413,207,247
414,208,247
415,208,247
416,208,247
417,209,247
418,209,247
419,210,247
420,210,247
421,211,247
422,211,247
423,212,248
424,212,248
425,213,248
426,213,248
427,214,248
428,214,248
429,215,248
430,216,248
431,216,248
432,217,249
433,217,249
434,218,249
435,219,249
436,219,249
437,220,249
438,221,249
439,222,249
440,222,249
441,223,249
442,224,249
443,225,250
444,226,249
445,227,249
446,227,249
447,228,249
448,229,249
449,230,249
450,231,248
451,233,248
452,234,248
453,235,247
454,237,246
455,239,245
455,245,245
0,0
0,342
58,231,235
59,225,238
60,223,242
61,221,244
62,220,247
63,220,249
64,219,251
65,218,253
66,218,255
67,218,256
68,217,258
69,217,259
70,217,261
71,218,262
72,218,263
73,219,264
74,219,266
75,220,267
76,220,268
77,221,269
78,222,270
79,222,271
80,223,272
81,223,272
82,224,273
83,224,274
84,225,274
85,226,274
86,226,275
87,227,275
88,227,275
89,228,275
90,228,275
91,229,275
92,229,275
93,229,275
94,230,275
95,230,274
96,231,274
97,231,273
98,231,273
99,232,273
100,232,272
101,232,272
102,232,272
103,232,272
104,232,271
105,233,271
106,233,271
107,233,271
108,233,271
109,233,271
110,233,270
111,233,270
112,233,270
113,233,270
114,233,270
115,233,270
116,233,269
117,233,269
118,233,269
119,233,269
120,233,269
121,233,269
122,233,269
123,234,269
124,234,269
125,234,269
126,234,268
127,234,268
128,234,268
129,234,268
130,234,268
131,234,268
132,234,268
133,234,268
134,234,268
135,234,268
136,234,268
137,234,268
138,234,268
139,234,268
140,234,268
141,234,267
142,234,267
143,234,267
144,234,267
145,234,267
146,234,267
147,234,267
148,234,267
149,234,267
150,234,267
151,234,267
152,234,267
153,234,267
154,234,267
155,234,267
156,234,267
157,234,267
158,234,267
159,234,267
160,234,267
161,234,267
162,234,267
163,234,266
164,234,266
165,234,266
166,234,266
167,234,266
168,234,266
169,234,266
170,234,266
171,234,266
172,234,266
173,234,266
174,234,266
175,234,266
176,234,266
177,234,266
178,234,266
179,234,266
180,234,266
181,234,266
182,234,266
183,234,266
184,234,266
185,234,266
186,234,266
187,234,266
188,234,266
189,234,266
190,234,266
191,234,265
192,234,265
193,234,265
194,234,265
195,234,265
196,234,265
197,234,265
198,234,265
199,234,265
200,234,265
201,234,265
202,234,265
203,234,265
204,234,265
205,234,265
206,234,265
207,234,265
208,234,265
209,234,265
210,234,265
211,234,265
212,234,265
213,234,265
214,234,265
215,234,265
216,234,265
217,234,265
218,234,265
219,234,265
220,234,265
221,234,265
222,234,265
223,234,265
224,234,265
225,234,265
226,234,264
227,234,264
228,234,264
229,234,264
230,234,264
231,234,264
232,234,264
233,234,264
234,234,264
235,234,264
236,234,264
237,234,264
238,234,264
239,234,264
240,234,264
241,234,264
242,234,264
243,234,264
244,234,264
245,234,264
246,234,264
247,234,264
248,234,264
249,234,264
250,234,264
251,234,264
252,234,264
253,234,264
254,234,264
255,234,264
256,234,264
257,234,264
258,234,264
259,234,264
260,234,263
261,234,263
262,234,263
263,234,263
264,234,263
265,234,263
266,234,263
267,234,263
268,234,263
269,234,263
270,234,263
271,234,263
272,234,263
273,234,263
274,234,263
275,234,263
276,234,263
277,234,263
278,234,263
279,234,263
280,234,263
281,234,263
282,234,263
283,234,263
284,234,263
285,234,263
286,234,263
287,234,263
288,234,263
289,234,263
290,234,263
291,234,263
292,234,263
293,234,263
294,234,263
295,234,263
296,234,263
297,234,263
298,234,263
299,234,262
300,234,262
301,234,262
302,234,262
303,234,262
304,234,262
305,234,262
306,234,262
307,234,262
308,234,262
309,234,262
310,234,262
311,234,262
312,234,262
313,234,262
314,234,262
315,234,262
316,234,262
317,234,262
318,234,262
319,234,262
320,234,262
321,234,262
322,234,262
323,234,262
324,234,262
325,234,262
326,234,262
327,234,262
328,234,262
329,234,262
330,234,262
331,234,262
332,234,262
333,234,262
334,234,262
335,234,261
336,234,261
337,234,261
338,234,261
339,234,261
340,234,261
341,234,261
342,234,261
343,234,261
344,234,261
345,234,261
346,234,261
347,234,261
348,234,261
349,234,261
350,234,261
351,234,261
352,234,261
353,234,261
354,234,261
355,234,261
356,234,261
357,234,261
358,234,261
359,234,261
360,234,261
361,234,261
362,234,261
363,234,261
364,234,261
365,234,261
366,234,261
367,234,261
368,234,261
369,234,261
370,234,261
371,234,261
372,234,261
373,234,261
374,234,261
375,234,261
376,234,261
377,234,260
378,234,260
379,234,260
380,234,260
381,234,260
382,234,260
383,234,260
384,234,260
385,234,260
386,234,260
387,234,260
388,234,260
389,234,260
390,234,260
391,234,260
392,234,260
393,234,260
394,234,260
395,234,260
396,234,260
397,234,260
398,234,260
399,241,260
0,0
1,289
110,401,404
111,400,405
112,399,407
113,399,408
114,399,409
115,399,410
116,399,411
117,398,412
118,398,412
119,398,413
120,398,414
121,398,415
122,398,415
123,398,416
124,398,416
125,398,417
126,397,418
127,397,418
128,397,418
129,397,419
130,397,419
131,397,420
132,397,420
133,397,420
134,397,420
135,397,421
136,396,421
137,396,421
138,396,421
139,396,421
140,396,422
141,396,422
142,396,422
143,396,422
144,396,422
145,395,422
146,395,422
147,395,422
148,395,422
149,395,422
150,395,422
151,395,421
152,395,421
153,395,421
154,395,421
155,394,421
156,394,420
157,394,420
158,394,420
159,394,420
160,394,419
161,394,419
162,394,419
163,394,419
164,393,419
165,393,418
166,393,418
167,393,418
168,393,418
169,393,418
170,393,417
171,393,417
172,393,417
173,393,417
174,392,417
175,392,416
176,392,416
177,392,416
178,392,416
179,392,416
180,392,416
181,392,415
182,392,415
183,391,415
184,391,415
185,391,415
186,391,414
187,391,414
188,391,414
189,391,414
190,391,414
191,391,414
192,390,413
193,390,413
194,390,413
195,390,413
196,390,413
197,390,413
198,390,413
199,390,412
200,390,412
201,389,412
202,389,412
203,389,412
204,389,412
205,389,412
206,389,411
207,389,411
208,389,411
209,389,411
210,388,411
211,388,411
212,388,411
213,388,410
214,388,410
215,388,410
216,388,410
217,388,410
218,387,410
219,387,410
220,387,410
221,387,410
222,387,409
223,387,409
224,387,409
225,387,409
226,387,409
227,386,409
228,386,409
229,386,409
230,386,409
231,386,408
232,386,408
233,386,408
234,386,408
235,386,408
236,385,408
237,385,408
238,385,408
239,385,408
240,385,408
241,385,408
242,385,408
243,385,407
244,385,407
245,384,407
246,384,407
247,384,407
248,384,407
249,384,407
250,384,407
251,384,407
252,383,407
253,383,407
254,383,407
255,383,406
256,383,406
257,383,406
258,383,406
259,383,406
260,383,406
261,382,406
262,382,406
263,382,406
264,382,406
265,382,406
266,382,406
267,382,406
268,381,406
269,381,406
270,381,406
271,381,406
272,381,406
273,381,406
274,381,406
275,380,406
276,380,406
277,380,406
278,380,406
279,380,406
280,380,406
281,380,406
282,380,406
283,379,406
284,379,406
285,379,406
286,379,406
287,379,406
288,379,406
289,379,406
290,378,406
291,378,406
292,378,406
293,378,406
294,378,406
295,378,406
296,378,406
297,377,406
298,377,406
299,377,406
300,377,406
301,377,406
302,377,406
303,376,406
304,376,406
305,376,406
306,376,406
307,376,406
308,376,406
309,376,406
310,375,406
311,375,406
312,375,406
313,375,406
314,375,406
315,375,406
316,374,406
317,374,406
318,374,406
319,374,406
320,374,406
321,374,406
322,373,406
323,373,406
324,373,406
325,373,406
326,373,406
327,373,406
328,372,406
329,372,406
330,372,406
331,372,406
332,372,406
333,372,406
334,371,406
335,371,406
336,371,406
337,371,406
338,371,406
339,370,406
340,370,406
341,370,406
342,370,406
343,370,406
344,370,406
345,369,406
346,370,406
347,370,406
348,370,407
349,370,407
350,370,407
351,370,407
352,370,407
353,370,407
354,370,407
355,370,407
356,371,407
357,371,407
358,371,407
359,371,407
360,371,407
361,372,407
362,372,407
363,373,407
364,373,407
365,373,407
366,374,407
367,374,407
368,375,407
369,375,407
370,376,407
371,376,407
372,377,408
373,377,408
374,378,408
375,379,408
376,379,408
377,380,408
378,380,408
379,381,408
380,382,408
381,383,408
382,383,408
383,384,408
384,385,408
385,386,407
386,386,407
387,387,407
388,388,407
389,389,407
390,390,407
391,391,407
392,392,406
393,393,406
394,394,405
395,395,404
396,397,403
397,399,402
397,399,399
0,0
