0,221
36,142,149
37,139,152
38,138,155
39,137,157
40,136,159
41,136,161
42,136,162
43,136,164
44,136,166
45,136,167
46,137,169
47,137,170
48,138,172
49,138,173
50,139,174
51,139,176
52,140,177
53,141,178
54,141,179
55,141,180
56,142,181
57,142,182
58,142,183
59,143,184
60,143,185
61,143,185
62,143,186
63,143,186
64,144,186
65,144,187
66,144,187
67,144,187
68,144,187
69,144,186
70,144,186
71,144,186
72,144,186
73,144,185
74,144,185
75,144,184
76,144,184
77,144,183
78,144,183
79,144,182
80,144,181
81,144,181
82,144,180
83,144,180
84,144,179
85,144,179
86,144,178
87,143,178
88,143,177
89,143,177
90,143,176
91,143,176
92,143,176
93,143,175
94,143,175
95,143,174
96,142,174
97,142,174
98,142,174
99,142,173
100,142,173
101,142,173
102,142,172
103,142,172
104,142,172
105,141,172
106,141,171
107,141,171
108,141,171
109,141,171
110,141,170
111,141,170
112,141,170
113,141,170
114,140,169
115,140,169
116,140,169
117,140,169
118,140,168
119,140,168
120,140,168
121,140,168
122,139,167
123,139,167
124,139,167
125,139,167
126,139,166
127,139,166
128,139,166
129,139,166
130,138,165
131,138,165
132,138,165
133,138,165
134,138,164
135,138,164
136,138,164
137,137,164
138,137,163
139,137,163
140,137,163
141,137,163
142,137,162
143,137,162
144,136,162
145,136,162
146,136,161
147,136,161
148,136,161
149,136,161
150,135,160
151,135,160
152,135,160
153,135,159
154,135,159
155,135,159
156,134,159
157,134,158
158,134,158
159,134,158
160,134,158
161,134,157
162,133,157
163,133,157
164,133,157
165,133,156
166,133,156
167,132,156
168,132,155
169,132,155
170,132,155
171,132,154
172,131,154
173,131,154
174,131,154
175,131,153
176,131,153
177,131,153
178,130,152
179,130,152
180,130,152
181,130,151
182,129,151
183,129,151
184,129,151
185,129,150
186,129,150
187,128,150
188,128,150
189,128,149
190,128,149
191,127,149
192,127,148
193,127,148
194,127,148
195,127,147
196,126,147
197,126,147
198,126,146
199,126,146
200,125,146
201,125,145
202,125,145
203,124,145
204,124,145
205,124,144
206,124,144
207,123,143
208,123,143
209,123,143
210,123,143
211,122,142
212,122,142
213,122,142
214,121,141
215,121,141
216,121,141
217,121,140
218,120,140
219,120,140
220,120,139
221,119,139
222,119,139
223,119,138
224,118,138
225,118,138
226,118,137
227,117,137
228,117,137
229,117,136
230,116,136
231,116,136
232,116,135
233,115,135
234,115,135
235,115,134
236,114,134
237,114,134
238,114,133
239,113,133
240,113,133
241,112,132
242,112,132
243,112,132
244,111,131
245,111,131
246,110,131
247,110,130
248,109,130
249,109,129
250,108,129
251,108,129
252,107,128
253,107,128
254,106,128
255,106,127
256,105,127
1,119
103,263,264
104,258,268
105,256,270
106,256,271
107,256,272
108,256,273
109,256,274
110,256,275
111,256,276
112,256,276
113,256,277
114,256,278
115,256,278
116,256,279
117,256,279
118,256,280
119,256,281
120,256,281
121,256,282
122,256,282
123,256,283
124,256,284
125,256,284
126,256,285
127,256,286
128,263,286
129,265,287
130,267,288
131,268,288
132,269,289
133,270,290
134,270,290
135,271,291
136,272,292
137,272,292
138,273,293
139,273,294
140,274,295
141,274,295
142,275,296
143,275,297
144,276,298
145,276,298
146,277,299
147,277,300
148,278,301
149,278,302
150,279,302
151,279,303
152,280,304
153,280,305
154,281,306
155,281,306
156,282,307
157,282,308
158,283,309
159,283,310
160,284,311
161,284,312
162,285,313
163,285,314
164,286,314
165,287,315
166,287,316
167,288,317
168,288,318
169,289,319
170,289,320
171,290,321
172,290,322
173,291,323
174,291,324
175,292,325
176,292,326
177,293,327
178,294,328
179,294,329
180,295,330
181,295,331
182,296,331
183,296,332
184,297,333
185,297,334
186,298,335
187,299,336
188,299,338
189,300,338
190,300,340
191,301,340
192,302,341
193,302,343
194,303,344
195,303,345
196,304,346
197,305,347
198,305,348
199,306,349
200,306,350
201,307,350
202,308,351
203,308,352
204,309,353
205,310,354
206,310,354
207,311,355
208,312,355
209,312,356
210,313,356
211,314,356
212,315,356
213,316,356
214,317,355
215,319,355
216,321,355
217,322,354
218,325,353
219,328,352
220,331,350
221,338,346
0,0
0,234
161,196,202
162,192,206
163,190,208
164,189,210
165,188,211
166,188,213
167,188,215
168,188,216
169,188,218
170,188,219
171,189,221
172,189,222
173,189,223
174,190,225
175,190,226
176,191,227
177,191,228
178,191,230
179,191,230
180,192,231
181,192,232
182,192,232
183,192,232
184,193,232
185,193,232
186,193,232
187,193,232
188,193,232
189,193,231
190,193,231
191,193,230
192,193,230
193,193,229
194,193,228
195,193,228
196,193,227
197,193,227
198,193,226
199,193,226
200,192,225
201,192,225
202,192,224
203,192,224
204,192,223
205,192,223
206,192,223
207,192,222
208,192,222
209,191,221
210,191,221
211,191,221
212,191,220
213,191,220
214,191,220
215,191,219
216,191,219
217,190,219
218,190,218
219,190,218
220,190,218
221,190,218
222,190,217
223,190,217
224,190,217
225,190,217
226,189,216
227,189,216
228,189,216
229,189,216
230,189,215
231,189,215
232,189,215
233,188,215
234,188,214
235,188,214
236,188,214
237,187,214
238,187,213
239,187,213
240,187,213
241,186,213
242,186,212
243,186,212
244,186,212
245,185,211
246,185,211
247,185,211
248,185,211
249,184,210
250,184,210
251,184,210
252,183,210
253,183,209
254,183,209
255,182,209
256,182,209
257,182,208
258,181,208
259,181,208
260,181,208
261,180,207
262,180,207
263,180,207
264,179,207
265,179,206
266,178,206
267,178,206
268,178,205
269,177,205
270,177,205
271,176,205
272,176,204
273,176,204
274,175,203
275,175,203
276,174,203
277,174,202
278,174,202
279,173,202
280,173,201
281,172,201
282,172,201
283,171,200
284,171,200
285,171,199
286,170,199
287,170,198
288,169,198
289,169,197
290,168,197
291,168,196
292,167,196
293,167,195
294,166,195
295,166,194
296,165,194
297,165,193
298,164,193
299,164,192
300,163,192
301,163,191
302,162,190
303,162,189
304,161,189
305,160,188
306,160,188
307,159,187
308,159,186
309,158,186
310,157,185
311,157,185
312,156,184
313,156,183
314,155,183
315,154,182
316,154,181
317,153,181
318,152,180
319,152,180
320,151,179
321,150,178
322,150,178
323,149,177
324,148,177
325,147,176
326,147,175
327,146,175
328,145,174
329,144,174
330,144,173
331,143,172
332,142,172
333,141,171
334,140,170
335,139,170
336,138,169
337,138,168
338,137,167
339,136,167
340,135,166
341,134,165
342,133,164
343,132,163
344,131,162
345,130,161
346,129,160
347,128,160
348,127,159
349,126,158
350,125,156
351,124,155
352,123,154
353,121,153
354,120,152
355,119,151
356,118,150
357,117,148
358,116,147
359,114,146
360,113,145
361,111,143
362,110,142
363,109,141
364,107,140
365,106,138
366,104,137
367,102,135
368,101,134
369,99,132
370,98,131
371,96,129
372,95,128
373,93,126
374,91,125
375,90,123
376,88,121
377,86,119
378,85,118
379,83,116
380,81,114
381,80,112
382,78,110
383,76,108
384,75,105
385,73,103
386,72,101
387,70,98
388,68,96
389,67,93
390,65,91
391,64,87
392,64,84
393,64,79
394,66,73
0,0
1,220
31,217,221
32,215,223
33,214,225
34,213,226
35,213,227
36,213,228
37,212,229
38,212,230
39,212,231
40,212,232
41,212,233
42,212,234
43,212,234
44,212,235
45,212,236
46,212,237
47,212,238
48,212,238
49,212,239
50,212,240
51,212,240
52,212,241
53,212,242
54,212,242
55,212,243
56,212,244
57,212,244
58,212,244
59,212,245
60,212,245
61,212,245
62,212,245
63,212,246
64,212,245
65,212,245
66,212,245
67,212,245
68,212,244
69,212,244
70,212,243
71,211,243
72,211,242
73,211,242
74,211,241
75,211,241
76,211,240
77,211,240
78,211,239
79,211,239
80,210,239
81,210,238
82,210,238
83,210,237
84,210,237
85,210,236
86,210,236
87,210,236
88,209,235
89,209,235
90,209,234
91,209,234
92,209,234
93,209,233
94,209,233
95,208,232
96,208,232
97,208,232
98,208,231
99,208,231
100,208,231
101,208,230
102,207,230
103,207,230
104,207,229
105,207,229
106,207,229
107,207,228
108,207,228
109,206,228
110,206,227
111,206,227
112,206,227
113,206,226
114,206,226
115,205,226
116,205,225
117,205,225
118,205,225
119,205,225
120,205,224
121,204,224
122,204,224
123,204,223
124,204,223
125,204,223
126,203,223
127,203,222
128,203,222
129,203,222
130,203,222
131,203,221
132,202,221
133,202,221
134,202,221
135,202,220
136,202,220
137,201,220
138,201,220
139,201,219
140,201,219
141,201,219
142,201,219
143,200,218
144,200,218
145,200,218
146,200,218
147,200,217
148,199,217
149,199,217
150,199,217
151,199,216
152,199,216
153,199,216
154,198,215
155,198,215
156,198,215
157,198,215
158,198,215
159,197,214
160,197,214
161,197,214
162,197,213
163,197,213
164,196,213
165,196,213
166,196,212
167,196,212
168,196,212
169,196,212
170,195,211
171,195,211
172,195,211
173,195,211
174,195,210
175,194,210
176,194,210
177,194,210
178,194,209
179,194,209
180,193,209
181,193,209
182,193,208
183,193,208
184,193,208
185,192,208
186,192,207
187,192,207
188,192,207
189,192,207
190,191,206
191,191,206
192,191,206
193,191,206
194,190,205
195,190,205
196,190,205
197,190,205
198,190,204
199,190,204
200,189,204
201,189,204
202,189,203
203,189,203
204,189,203
205,188,202
206,188,202
207,188,202
208,188,202
209,187,201
210,187,201
211,187,201
212,187,200
213,187,200
214,186,200
215,186,200
216,186,199
217,186,199
218,186,199
219,185,198
220,185,198
221,185,198
222,185,198
223,185,197
224,184,197
225,184,197
226,184,196
227,184,196
228,184,196
229,183,195
230,183,195
231,183,195
232,183,194
233,183,194
234,182,193
235,182,193
236,182,193
237,182,192
238,181,192
239,181,191
240,181,191
241,181,191
242,181,190
243,180,190
244,180,189
245,180,189
246,180,188
247,181,188
248,181,187
249,181,186
250,182,185
0,0
0,254
23,324,326
24,319,329
25,317,332
26,316,334
27,315,336
28,314,338
29,313,339
30,313,341
31,312,343
32,312,344
33,313,346
34,313,347
35,314,348
36,314,349
37,315,351
38,315,351
39,316,352
40,316,353
41,317,354
42,318,354
43,318,354
44,319,355
45,319,355
46,320,355
47,320,355
48,320,355
49,320,355
50,320,354
51,321,354
52,321,354
53,321,354
54,321,354
55,321,353
56,321,353
57,321,353
58,321,353
59,322,353
60,322,352
61,322,352
62,322,352
63,322,352
64,322,352
65,322,351
66,322,351
67,322,351
68,322,351
69,322,351
70,322,351
71,322,351
72,322,351
73,322,351
74,322,351
75,322,351
76,322,351
77,322,351
78,323,351
79,323,350
80,323,350
81,323,350
82,323,350
83,323,350
84,323,350
85,323,350
86,323,350
87,323,350
88,323,350
89,323,350
90,323,350
91,323,350
92,323,350
93,323,350
94,323,350
95,323,350
96,323,350
97,323,350
98,323,350
99,323,349
100,323,349
101,323,349
102,323,349
103,323,349
104,323,349
105,323,349
106,323,349
107,323,349
108,323,349
109,323,349
110,323,349
111,323,349
112,323,349
113,323,349
114,323,349
115,323,349
116,323,349
117,323,349
118,323,349
119,323,349
120,323,349
121,323,349
122,323,348
123,323,348
124,323,348
125,323,348
126,323,348
127,322,348
128,322,348
129,322,348
130,322,348
131,322,348
132,322,348
133,322,348
134,322,348
135,322,348
136,322,348
137,322,348
138,322,348
139,322,348
140,322,348
141,322,348
142,322,348
143,322,348
144,322,348
145,322,348
146,322,348
147,322,348
148,322,348
149,322,347
150,322,347
151,322,347
152,322,347
153,322,347
154,322,347
155,322,347
156,322,347
157,322,347
158,322,347
159,322,347
160,322,347
161,322,347
162,322,347
163,322,347
164,322,347
165,322,347
166,322,347
167,322,347
168,322,347
169,322,347
170,322,347
171,322,347
172,322,347
173,322,347
174,322,347
175,322,347
176,322,347
177,322,347
178,322,347
179,322,347
180,322,347
181,322,347
182,322,347
183,322,347
184,322,347
185,321,347
186,321,347
187,321,347
188,321,347
189,321,347
190,321,347
191,321,347
192,321,347
193,321,347
194,321,347
195,321,347
196,321,347
197,321,347
198,321,347
199,321,347
200,321,347
201,321,347
202,321,347
203,321,347
204,321,347
205,321,347
206,321,347
207,321,347
208,321,347
209,321,347
210,321,347
211,321,347
212,321,347
213,321,347
214,321,347
215,321,347
216,321,347
217,321,347
218,321,346
219,321,346
220,321,346
221,321,346
222,321,346
223,321,346
224,321,346
225,321,346
226,321,346
227,321,346
228,321,346
229,321,346
230,321,346
231,321,345
232,321,345
233,321,345
234,321,345
235,321,345
236,321,345
237,321,345
238,321,345
239,321,345
240,321,344
241,321,344
242,321,344
243,321,344
244,321,344
245,321,344
246,321,344
247,321,344
248,321,344
249,321,344
250,321,343
251,322,343
252,322,343
253,322,343
254,322,343
255,322,343
256,322,343
257,322,342
258,322,342
259,322,342
260,323,342
261,323,342
262,323,341
263,323,341
264,323,341
265,324,341
266,324,341
267,324,340
268,325,340
269,325,339
270,325,339
271,326,338
272,326,338
273,327,337
274,327,336
275,328,335
276,330,334
0,0
0,93
166,267,273
167,264,280
168,263,283
169,262,285
170,262,287
171,262,289
172,263,290
173,263,292
174,263,293
175,263,294
176,264,295
177,264,296
178,264,296
179,264,297
180,264,297
181,264,297
182,264,297
183,264,296
184,264,296
185,264,295
186,264,294
187,263,294
188,263,293
189,263,293
190,263,292
191,263,291
192,263,291
193,262,290
194,262,290
195,262,289
196,262,289
197,261,288
198,261,288
199,261,287
200,261,286
201,260,286
202,260,285
203,260,285
204,260,284
205,259,284
206,259,283
207,258,282
208,258,282
209,258,281
210,257,281
211,257,280
212,256,280
213,256,279
214,256,278
215,255,277
216,255,277
217,254,276
218,254,276
219,253,275
220,253,274
221,252,273
222,252,273
223,251,272
224,251,271
225,250,271
226,250,270
227,249,269
228,248,268
229,248,267
230,247,267
231,247,266
232,246,265
233,245,264
234,245,263
235,244,263
236,243,261
237,243,261
238,242,260
239,241,259
240,241,258
241,240,257
242,239,256
243,239,255
244,238,253
245,237,252
246,237,251
247,236,249
248,235,248
249,235,247
250,234,246
251,233,244
252,233,243
253,232,241
254,231,240
255,231,238
256,230,236
257,229,235
258,231,232
0,0
1,92
381,149,156
382,148,158
383,148,160
384,147,161
385,148,162
386,148,163
387,149,163
388,149,164
389,149,165
390,150,166
391,150,167
392,150,167
393,150,168
394,151,169
395,151,170
396,151,171
397,152,172
398,152,172
399,152,173
400,153,174
401,153,175
402,153,176
403,154,177
404,154,178
405,154,178
406,155,179
407,155,180
408,155,181
409,156,182
410,156,183
411,156,183
412,157,184
413,157,185
414,157,186
415,158,187
416,158,188
417,159,189
418,159,190
419,159,191
420,160,192
421,160,192
422,160,193
423,161,194
424,161,195
425,161,196
426,162,197
427,162,198
428,163,199
429,163,200
430,163,201
431,164,201
432,164,202
433,165,203
434,165,204
435,165,205
436,166,206
437,166,207
438,167,208
439,167,209
440,168,210
441,168,211
442,169,212
443,169,213
444,169,214
445,170,215
446,170,216
447,171,217
448,171,218
449,172,219
450,173,220
451,173,221
452,174,221
453,174,222
454,175,223
455,176,223
456,176,224
457,177,224
458,178,225
459,179,225
460,181,225
461,182,225
462,183,226
463,185,225
464,186,225
465,188,225
466,190,225
467,192,224
468,194,223
469,197,222
470,199,221
471,203,220
472,206,218
0,0
0,264
205,382,386
206,379,389
207,377,392
208,377,394
209,376,395
210,376,397
211,375,399
212,375,400
213,375,402
214,375,403
215,375,405
216,375,406
217,375,408
218,375,409
219,375,410
220,375,411
221,375,412
222,375,414
223,375,415
224,375,416
225,375,417
226,375,417
227,375,418
228,375,419
229,375,420
230,375,420
231,374,421
232,374,421
233,374,421
234,374,421
235,374,421
236,374,421
237,374,421
238,374,420
239,373,420
240,373,419
241,373,418
242,373,417
243,373,416
244,373,416
245,372,415
246,372,414
247,372,414
248,372,413
249,372,412
250,372,412
251,371,411
252,371,411
253,371,410
254,370,409
255,370,409
256,370,408
257,370,408
258,369,407
259,369,406
260,369,406
261,368,405
262,368,405
263,368,404
264,368,404
265,367,403
266,367,403
267,367,402
268,366,401
269,366,401
270,366,401
271,365,400
272,365,399
273,364,399
274,364,398
275,364,398
276,363,397
277,363,397
278,362,396
279,362,396
280,361,395
281,361,395
282,361,394
283,360,394
284,360,393
285,359,393
286,359,392
287,358,392
288,358,391
289,357,391
290,357,390
291,356,390
292,356,389
293,355,389
294,355,388
295,354,388
296,354,387
297,353,387
298,353,386
299,352,386
300,351,385
301,351,384
302,350,384
303,350,383
304,349,383
305,349,383
306,348,382
307,347,381
308,347,381
309,346,380
310,346,380
311,345,379
312,345,378
313,344,378
314,343,378
315,343,377
316,342,376
317,342,376
318,341,375
319,340,375
320,340,374
321,339,373
322,338,373
323,338,372
324,337,372
325,336,371
326,336,370
327,335,370
328,334,369
329,334,369
330,333,368
331,332,367
332,332,367
333,331,366
334,330,365
335,329,365
336,329,364
337,328,363
338,327,363
339,326,362
340,326,361
341,325,361
342,324,360
343,323,359
344,323,359
345,322,358
346,321,357
347,320,357
348,320,356
349,319,355
350,318,355
351,317,354
352,316,353
353,316,352
354,315,352
355,314,351
356,313,350
357,312,349
358,311,349
359,310,348
360,310,347
361,309,346
362,308,346
363,307,345
364,306,344
365,305,343
366,304,343
367,303,342
368,302,341
369,302,340
370,301,339
371,300,338
372,299,338
373,298,337
374,297,336
375,296,335
376,295,334
377,294,333
378,293,332
379,292,332
380,291,331
381,290,330
382,289,329
383,288,328
384,287,327
385,286,326
386,285,325
387,284,324
388,283,323
389,282,322
390,281,321
391,280,320
392,279,319
393,278,318
394,276,317
395,275,316
396,274,315
397,273,314
398,272,313
399,270,312
400,269,311
401,268,310
402,267,309
403,266,307
404,265,306
405,263,305
406,262,304
407,261,303
408,260,301
409,258,300
410,257,299
411,256,298
412,254,297
413,253,295
414,252,294
415,250,293
416,249,291
417,248,290
418,247,289
419,245,287
420,244,286
421,242,284
422,241,283
423,240,282
424,238,280
425,237,279
426,236,277
427,234,276
428,233,274
429,231,273
430,230,271
431,228,270
432,227,268
433,225,266
434,224,265
435,223,263
436,221,261
437,220,260
438,218,258
439,217,256
440,215,254
441,214,253
442,213,251
443,211,249
444,210,247
445,208,245
446,206,243
447,205,241
448,204,239
449,202,237
450,201,235
451,199,233
452,198,231
453,196,229
454,194,227
455,193,224
456,192,222
457,190,220
458,188,217
459,187,215
460,185,212
461,184,210
462,183,207
463,182,204
464,182,202
465,182,199
466,183,196
467,185,192
468,188,188
0,0
