0,239
68,119,121
69,115,125
70,113,128
71,112,130
72,112,132
73,111,134
74,111,136
75,111,138
76,111,140
77,112,141
78,112,143
79,112,144
80,113,146
81,114,147
82,114,148
83,115,150
84,116,151
85,116,152
86,116,153
87,117,154
88,117,155
89,118,156
90,118,156
91,118,157
92,118,157
93,118,158
94,119,158
95,119,158
96,119,158
97,119,158
98,119,158
99,119,158
100,119,157
101,119,157
102,119,157
103,119,156
104,119,156
105,119,155
106,119,155
107,119,154
108,119,153
109,119,153
110,119,152
111,119,152
112,119,151
113,119,151
114,119,150
115,119,150
116,119,149
117,119,149
118,119,149
119,119,148
120,119,148
121,119,148
122,118,147
123,118,147
124,118,147
125,118,147
126,118,146
127,118,146
128,118,146
129,118,145
130,118,145
131,118,145
132,118,145
133,117,145
134,117,144
135,117,144
136,117,144
137,117,144
138,117,144
139,117,143
140,117,143
141,117,143
142,117,143
143,117,143
144,116,142
145,116,142
146,116,142
147,116,142
148,116,142
149,116,141
150,116,141
151,116,141
152,116,141
153,116,140
154,116,140
155,115,140
156,115,140
157,115,140
158,115,139
159,115,139
160,115,139
161,115,139
162,115,139
163,114,138
164,114,138
165,114,138
166,114,138
167,114,138
168,114,137
169,114,137
170,114,137
171,114,137
172,114,136
173,113,136
174,113,136
175,113,136
176,113,136
177,113,135
178,113,135
179,113,135
180,113,135
181,112,134
182,112,134
183,112,134
184,112,134
185,112,133
186,112,133
187,112,133
188,111,133
189,111,132
190,111,132
191,111,132
192,111,132
193,111,132
194,111,131
195,110,131
196,110,131
197,110,131
198,110,130
199,110,130
200,110,130
201,110,130
202,109,129
203,109,129
204,109,129
205,109,129
206,109,128
207,109,128
208,108,128
209,108,128
210,108,127
211,108,127
212,108,127
213,108,127
214,107,126
215,107,126
216,107,126
217,107,126
218,107,125
219,107,125
220,106,125
221,106,125
222,106,124
223,106,124
224,105,124
225,105,124
226,105,123
227,105,123
228,105,123
229,105,123
230,104,122
231,104,122
232,104,122
233,104,121
234,103,121
235,103,121
236,103,121
237,103,120
238,103,120
239,102,120
240,102,120
241,102,119
242,102,119
243,101,119
244,101,119
245,101,118
246,101,118
247,101,118
248,100,117
249,100,117
250,100,117
251,99,117
252,99,116
253,99,116
254,99,116
255,98,115
256,98,115
257,98,115
258,98,115
259,97,114
260,97,114
261,97,114
262,97,113
263,96,113
264,96,113
265,96,113
266,95,112
267,95,112
268,95,112
269,95,111
270,94,111
271,94,111
272,94,111
273,93,110
274,93,110
275,93,110
276,93,109
277,92,109
278,92,109
279,92,108
280,91,108
281,91,108
282,91,108
283,90,107
284,90,107
285,90,107
286,89,106
287,89,106
288,89,106
289,88,105
290,88,105
291,87,105
292,87,104
293,87,104
294,86,104
295,86,104
296,85,103
297,85,103
298,85,103
299,84,102
300,84,102
301,83,102
302,83,101
303,82,101
304,82,101
305,81,100
306,81,81
1,112
79,310,314
80,307,317
81,306,318
82,306,320
83,306,321
84,306,322
85,306,323
86,306,323
87,306,324
88,306,324
89,306,325
90,306,325
91,306,326
92,306,327
93,306,327
94,306,328
95,306,328
96,306,329
97,306,329
98,306,330
99,306,330
100,306,331
101,310,332
102,313,332
103,314,333
104,315,333
105,316,334
106,317,334
107,318,335
108,318,336
109,319,336
110,319,337
111,320,338
112,320,338
113,321,339
114,321,340
115,321,340
116,322,341
117,322,342
118,323,342
119,323,343
120,324,344
121,324,344
122,325,345
123,325,346
124,325,347
125,326,347
126,326,348
127,327,349
128,327,350
129,328,350
130,328,351
131,329,352
132,329,353
133,330,353
134,330,354
135,331,355
136,331,356
137,331,357
138,332,358
139,332,358
140,333,359
141,333,360
142,334,361
143,334,362
144,335,363
145,335,363
146,336,364
147,336,365
148,337,366
149,337,367
150,338,368
151,338,369
152,339,369
153,339,370
154,340,371
155,340,372
156,341,373
157,341,374
158,342,375
159,342,376
160,343,377
161,343,378
162,344,379
163,344,379
164,345,380
165,345,381
166,346,382
167,346,383
168,347,384
169,348,385
170,348,386
171,349,387
172,349,387
173,350,388
174,350,389
175,351,390
176,352,390
177,352,391
178,353,391
179,354,392
180,355,392
181,356,392
182,357,393
183,358,392
184,359,392
185,361,391
186,363,391
187,365,390
188,368,389
189,372,387
190,379,383
0,0
0,211
199,168,168
200,164,174
201,162,177
202,160,179
203,160,180
204,159,182
205,159,184
206,159,185
207,160,187
208,160,188
209,160,190
210,161,191
211,161,193
212,162,194
213,162,195
214,162,196
215,163,197
216,163,197
217,163,197
218,164,198
219,164,198
220,164,197
221,164,197
222,164,197
223,165,196
224,165,196
225,165,195
226,165,195
227,165,194
228,165,194
229,165,193
230,165,193
231,165,192
232,164,192
233,164,191
234,164,191
235,164,191
236,164,190
237,164,190
238,164,190
239,164,189
240,164,189
241,164,188
242,164,188
243,163,188
244,163,188
245,163,187
246,163,187
247,163,187
248,163,187
249,163,186
250,163,186
251,163,186
252,163,186
253,163,185
254,163,185
255,162,185
256,162,185
257,162,184
258,162,184
259,162,184
260,162,184
261,162,184
262,162,183
263,161,183
264,161,183
265,161,183
266,161,182
267,161,182
268,161,182
269,160,182
270,160,182
271,160,181
272,160,181
273,159,181
274,159,181
275,159,181
276,159,180
277,158,180
278,158,180
279,158,180
280,158,179
281,157,179
282,157,179
283,157,179
284,156,179
285,156,178
286,156,178
287,155,178
288,155,178
289,155,177
290,154,177
291,154,177
292,154,177
293,153,177
294,153,176
295,153,176
296,152,176
297,152,175
298,152,175
299,151,175
300,151,174
301,150,174
302,150,174
303,150,173
304,149,173
305,149,173
306,149,172
307,148,172
308,148,171
309,147,171
310,147,171
311,146,170
312,146,170
313,146,169
314,145,169
315,145,168
316,144,168
317,144,167
318,143,167
319,143,166
320,142,166
321,142,165
322,141,165
323,141,164
324,140,164
325,140,163
326,139,162
327,139,162
328,138,161
329,138,161
330,137,160
331,137,160
332,136,159
333,136,158
334,135,158
335,135,157
336,134,157
337,133,156
338,133,156
339,132,155
340,131,155
341,131,154
342,130,153
343,129,153
344,129,152
345,128,152
346,127,151
347,127,151
348,126,150
349,125,149
350,124,149
351,124,148
352,123,148
353,122,147
354,121,146
355,120,146
356,120,145
357,119,144
358,118,144
359,117,143
360,116,142
361,115,141
362,114,140
363,113,139
364,113,138
365,112,137
366,111,136
367,110,135
368,109,135
369,108,133
370,107,132
371,105,131
372,104,130
373,103,129
374,102,128
375,101,127
376,100,126
377,99,124
378,97,123
379,96,122
380,95,121
381,93,120
382,92,118
383,90,117
384,89,115
385,87,114
386,86,113
387,84,111
388,83,110
389,82,108
390,80,107
391,78,105
392,77,103
393,75,102
394,74,100
395,72,98
396,71,96
397,69,94
398,68,93
399,66,91
400,65,88
401,63,86
402,62,84
403,60,82
404,59,80
405,57,77
406,57,74
407,56,70
408,57,65
409,60,60
0,0
1,195
19,248,250
20,245,253
21,244,254
22,243,256
23,243,257
24,243,258
25,242,259
26,242,259
27,242,260
28,242,261
29,242,262
30,242,263
31,242,264
32,242,265
33,242,265
34,242,266
35,242,267
36,242,267
37,242,268
38,242,269
39,242,270
40,242,270
41,242,271
42,242,271
43,242,272
44,242,272
45,242,273
46,242,273
47,242,273
48,242,274
49,242,274
50,242,274
51,242,274
52,242,274
53,242,273
54,242,273
55,242,273
56,242,272
57,241,272
58,241,271
59,241,271
60,241,270
61,241,270
62,241,269
63,241,269
64,241,268
65,240,268
66,240,267
67,240,267
68,240,266
69,240,266
70,240,265
71,240,265
72,240,264
73,239,264
74,239,264
75,239,263
76,239,263
77,239,262
78,239,262
79,239,262
80,238,261
81,238,261
82,238,261
83,238,260
84,238,260
85,238,259
86,237,259
87,237,259
88,237,258
89,237,258
90,237,258
91,237,257
92,236,257
93,236,257
94,236,256
95,236,256
96,236,256
97,236,255
98,235,255
99,235,255
100,235,254
101,235,254
102,235,254
103,235,254
104,234,253
105,234,253
106,234,253
107,234,252
108,234,252
109,233,252
110,233,252
111,233,251
112,233,251
113,233,251
114,233,251
115,232,250
116,232,250
117,232,250
118,232,249
119,232,249
120,231,249
121,231,249
122,231,248
123,231,248
124,231,248
125,230,248
126,230,247
127,230,247
128,230,247
129,230,246
130,230,246
131,229,246
132,229,246
133,229,245
134,229,245
135,229,245
136,228,245
137,228,244
138,228,244
139,228,244
140,228,244
141,227,243
142,227,243
143,227,243
144,227,242
145,227,242
146,227,242
147,226,242
148,226,241
149,226,241
150,226,241
151,225,241
152,225,240
153,225,240
154,225,240
155,225,239
156,224,239
157,224,239
158,224,239
159,224,238
160,224,238
161,223,238
162,223,237
163,223,237
164,223,237
165,223,237
166,222,236
167,222,236
168,222,236
169,222,236
170,222,235
171,221,235
172,221,235
173,221,234
174,221,234
175,221,234
176,220,234
177,220,233
178,220,233
179,220,233
180,219,232
181,219,232
182,219,232
183,219,232
184,219,231
185,218,231
186,218,231
187,218,230
188,218,230
189,218,230
190,217,229
191,217,229
192,217,229
193,217,228
194,216,228
195,216,227
196,216,227
197,216,227
198,216,226
199,215,226
200,215,225
201,215,225
202,215,225
203,215,224
204,214,224
205,214,223
206,214,223
207,214,222
208,214,222
209,213,221
210,214,221
211,214,220
212,215,219
213,216,218
0,0
0,107
34,283,283
35,280,288
36,275,296
37,274,299
38,273,302
39,273,305
40,273,307
41,273,310
42,273,311
43,273,313
44,274,314
45,274,316
46,275,317
47,275,317
48,276,318
49,276,318
50,276,319
51,276,319
52,277,319
53,277,318
54,276,318
55,276,317
56,276,316
57,276,315
58,276,314
59,276,313
60,275,312
61,275,311
62,275,310
63,274,309
64,274,308
65,274,307
66,274,306
67,273,305
68,273,305
69,273,304
70,272,303
71,272,302
72,272,302
73,271,301
74,271,300
75,271,300
76,270,299
77,270,298
78,270,298
79,269,297
80,269,296
81,269,295
82,268,295
83,268,294
84,268,293
85,267,292
86,267,292
87,266,291
88,266,290
89,266,290
90,265,289
91,265,288
92,264,287
93,264,287
94,263,286
95,263,285
96,263,285
97,262,284
98,262,283
99,261,283
100,261,282
101,260,281
102,260,281
103,259,280
104,259,279
105,259,278
106,258,278
107,258,277
108,257,276
109,257,275
110,256,275
111,256,274
112,255,273
113,255,272
114,254,271
115,254,271
116,253,270
117,253,269
118,253,268
119,252,267
120,252,267
121,251,266
122,251,265
123,250,264
124,250,263
125,249,262
126,249,262
127,248,261
128,248,260
129,248,259
130,247,258
131,247,257
132,246,256
133,246,256
134,245,255
135,245,254
136,245,253
137,245,252
138,245,251
139,245,251
140,246,248
0,0
0,150
126,203,208
127,200,213
128,199,216
129,199,218
130,199,220
131,199,222
132,200,223
133,201,225
134,201,226
135,202,228
136,203,229
137,203,231
138,204,232
139,204,233
140,205,234
141,205,235
142,206,235
143,206,236
144,207,237
145,207,237
146,208,238
147,208,238
148,209,238
149,209,238
150,209,238
151,210,238
152,210,238
153,211,238
154,211,238
155,211,238
156,212,238
157,212,238
158,212,238
159,213,238
160,213,238
161,213,239
162,213,239
163,214,239
164,214,239
165,214,239
166,215,239
167,215,239
168,215,239
169,215,239
170,216,239
171,216,239
172,216,239
173,216,239
174,216,239
175,217,240
176,217,240
177,217,240
178,217,240
179,217,240
180,218,240
181,218,240
182,218,240
183,218,240
184,218,240
185,219,241
186,219,241
187,219,241
188,219,241
189,219,241
190,219,241
191,219,241
192,220,241
193,220,242
194,220,242
195,220,242
196,220,242
197,220,242
198,220,242
199,220,242
200,221,242
201,221,242
202,221,243
203,221,243
204,221,243
205,221,243
206,221,243
207,221,243
208,221,243
209,222,243
210,222,243
211,222,244
212,222,244
213,222,244
214,222,244
215,222,244
216,222,244
217,222,244
218,222,244
219,222,244
220,223,245
221,223,245
222,223,245
223,223,245
224,223,245
225,223,245
226,223,245
227,223,245
228,223,246
229,223,246
230,223,246
231,223,246
232,223,246
233,223,246
234,223,247
235,223,247
236,223,247
237,224,247
238,224,248
239,224,248
240,224,248
241,224,248
242,224,248
243,224,249
244,224,249
245,225,249
246,225,249
247,225,249
248,225,250
249,226,250
250,226,250
251,226,250
252,227,250
253,227,250
254,227,250
255,228,250
256,228,250
257,229,250
258,229,250
259,230,250
260,230,250
261,231,250
262,231,250
263,232,250
264,233,250
265,233,250
266,234,250
267,235,250
268,236,250
269,236,250
270,237,249
271,238,249
272,240,249
273,241,248
274,243,247
275,245,245
0,0
1,167
214,138,141
215,138,143
216,137,144
217,137,145
218,137,146
219,136,146
220,136,147
221,136,148
222,136,148
223,136,149
224,136,149
225,135,149
226,135,150
227,135,150
228,135,150
229,135,150
230,135,150
231,134,150
232,134,151
233,134,150
234,134,150
235,134,150
236,134,150
237,133,150
238,133,150
239,133,150
240,133,150
241,133,149
242,133,149
243,132,149
244,132,148
245,132,148
246,132,148
247,132,147
248,132,147
249,131,147
250,131,147
251,131,146
252,131,146
253,130,146
254,130,145
255,130,145
256,130,145
257,130,145
258,130,144
259,129,144
260,129,144
261,129,144
262,129,143
263,129,143
264,128,143
265,128,142
266,128,142
267,128,142
268,127,142
269,127,141
270,127,141
271,127,141
272,127,141
273,126,140
274,126,140
275,126,140
276,126,140
277,126,139
278,125,139
279,125,139
280,125,139
281,125,138
282,125,138
283,124,138
284,124,138
285,124,137
286,124,137
287,123,137
288,123,137
289,123,137
290,123,136
291,123,136
292,122,136
293,122,136
294,122,136
295,122,135
296,122,135
297,121,135
298,121,135
299,121,134
300,121,134
301,120,134
302,120,134
303,120,134
304,120,133
305,120,133
306,119,133
307,119,133
308,119,133
309,119,132
310,119,132
311,118,132
312,118,132
313,118,132
314,118,132
315,118,131
316,117,131
317,117,131
318,117,131
319,117,131
320,117,131
321,116,130
322,116,130
323,116,130
324,116,130
325,116,130
326,115,129
327,115,129
328,115,129
329,115,129
330,115,129
331,114,129
332,114,128
333,114,128
334,114,128
335,114,128
336,114,128
337,113,128
338,113,128
339,113,127
340,113,127
341,113,127
342,112,127
343,112,127
344,112,127
345,112,127
346,112,126
347,111,126
348,111,126
349,111,126
350,111,126
351,111,126
352,110,126
353,110,126
354,110,126
355,110,126
356,110,125
357,109,125
358,109,125
359,109,125
360,109,125
361,109,125
362,108,125
363,108,125
364,108,125
365,108,125
366,107,125
367,107,125
368,107,125
369,106,125
370,106,125
371,106,125
372,106,125
373,105,126
374,105,126
375,105,126
376,105,127
377,104,127
378,104,128
379,103,116
379,103,103
0,166
103,381,387
104,379,391
105,379,394
106,379,396
107,379,398
108,379,400
109,379,402
110,379,404
111,379,405
112,379,407
113,379,408
114,379,410
115,379,412
116,379,413
117,378,414
118,378,416
119,378,417
120,378,418
121,378,420
122,378,421
123,378,422
124,378,423
125,378,424
126,378,425
127,378,425
128,378,426
129,378,426
130,379,427
131,379,427
132,380,427
133,380,427
134,380,427
135,380,427
136,381,427
137,381,426
138,381,426
139,381,425
140,381,424
141,381,423
142,381,423
143,381,422
144,381,421
145,381,420
146,381,419
147,381,418
148,381,417
149,381,417
150,381,416
151,381,416
152,381,415
153,381,414
154,381,414
155,381,413
156,380,413
157,380,412
158,380,412
159,380,411
160,380,411
161,380,411
162,380,410
163,380,410
164,379,410
165,379,409
166,379,409
167,379,409
168,379,408
169,379,408
170,378,408
171,378,408
172,378,407
173,378,407
174,378,407
175,378,407
176,377,407
177,377,406
178,377,406
179,377,406
180,377,406
181,376,405
182,376,405
183,376,405
184,376,405
185,376,405
186,375,404
187,375,404
188,375,404
189,375,404
190,375,403
191,374,403
192,374,403
193,374,403
194,374,402
195,373,402
196,373,402
197,373,402
198,373,401
199,373,401
200,372,401
201,372,401
202,372,401
203,372,400
204,371,400
205,371,400
206,371,400
207,371,399
208,370,399
209,370,399
210,370,399
211,370,398
212,369,398
213,369,398
214,369,398
215,368,397
216,368,397
217,368,397
218,367,397
219,367,396
220,367,396
221,367,396
222,366,396
223,366,395
224,365,395
225,365,395
226,365,394
227,364,394
228,364,394
229,363,394
230,363,393
231,362,393
232,362,393
233,361,393
234,360,392
235,359,392
236,357,392
237,353,391
238,350,391
239,349,391
240,349,390
241,349,390
242,349,390
243,349,390
244,349,389
245,350,389
246,350,388
247,351,388
248,351,388
249,352,388
250,353,387
251,353,387
252,354,386
253,355,386
254,355,386
255,356,385
256,357,385
257,358,384
258,358,384
259,359,383
260,360,383
261,361,382
262,362,381
263,363,381
264,364,380
265,365,379
266,366,378
267,368,376
268,371,373
0,0
0,100
136,318,318
137,315,323
138,314,327
139,314,329
140,314,331
141,314,333
142,314,335
143,314,336
144,314,337
145,314,338
146,314,339
147,314,340
148,314,341
149,314,341
150,314,342
151,314,342
152,313,342
153,313,342
154,313,342
155,312,342
156,312,341
157,312,340
158,312,339
159,311,338
160,311,337
161,311,337
162,310,336
163,310,335
164,309,334
165,309,334
166,308,333
167,308,332
168,308,332
169,307,331
170,307,330
171,306,330
172,306,329
173,305,328
174,305,327
175,304,327
176,304,326
177,303,325
178,302,324
179,302,324
180,301,323
181,301,322
182,300,321
183,299,321
184,299,320
185,298,319
186,297,318
187,297,318
188,296,317
189,295,316
190,295,315
191,294,314
192,293,314
193,292,313
194,292,312
195,291,311
196,290,310
197,289,309
198,288,308
199,288,307
200,287,307
201,286,306
202,285,305
203,284,304
204,283,303
205,282,302
206,281,301
207,281,300
208,279,299
209,279,298
210,278,297
211,276,296
212,276,294
213,275,293
214,274,292
215,273,291
216,272,290
217,271,288
218,270,287
219,268,286
220,267,284
221,266,283
222,265,281
223,264,280
224,263,278
225,262,277
226,261,275
227,260,273
228,259,272
229,258,270
230,257,268
231,256,266
232,255,264
233,254,261
234,253,259
235,255,256
0,0
1,89
257,167,170
258,166,172
259,167,173
260,167,173
261,167,174
262,167,174
263,168,175
264,168,175
265,168,176
266,169,177
267,169,177
268,169,178
269,170,178
270,170,179
271,170,180
272,171,180
273,171,181
274,171,181
275,172,182
276,172,182
277,173,183
278,173,184
279,173,184
280,174,185
281,174,185
282,174,186
283,175,187
284,175,187
285,175,188
286,176,188
287,176,189
288,177,190
289,177,190
290,177,191
291,178,192
292,178,192
293,179,193
294,179,193
295,179,194
296,180,195
297,180,195
298,181,196
299,181,197
300,181,197
301,182,198
302,182,199
303,182,199
304,183,200
305,183,200
306,184,201
307,184,202
308,185,202
309,185,203
310,186,204
311,186,204
312,186,205
313,187,206
314,187,206
315,188,207
316,188,208
317,189,208
318,189,209
319,190,210
320,190,210
321,191,211
322,191,212
323,192,212
324,192,213
325,193,214
326,193,214
327,194,215
328,194,216
329,195,216
330,196,217
331,196,218
332,197,219
333,198,219
334,198,220
335,199,221
336,200,221
337,201,222
338,202,222
339,203,222
340,204,223
341,206,222
342,207,222
343,209,221
344,211,220
345,214,219
0,0
1,121
240,256,256
241,254,257
242,254,258
243,254,259
244,253,260
245,253,261
246,253,261
247,253,261
248,253,262
249,252,262
250,252,262
251,252,262
252,252,262
253,252,262
254,251,262
255,251,262
256,251,262
257,251,262
258,251,262
259,250,262
260,250,262
261,250,262
262,250,262
263,250,262
264,249,261
265,249,261
266,249,261
267,249,261
268,249,261
269,248,261
270,248,261
271,248,261
272,248,261
273,248,260
274,247,260
275,247,260
276,247,260
277,247,260
278,247,260
279,246,260
280,246,260
281,246,259
282,246,259
283,246,259
284,245,259
285,245,259
286,245,259
287,245,258
288,244,258
289,244,258
290,244,258
291,244,258
292,244,258
293,243,258
294,243,257
295,243,257
296,243,257
297,243,257
298,242,257
299,242,257
300,242,256
301,242,256
302,241,256
303,241,256
304,241,256
305,241,256
306,241,256
307,240,255
308,240,255
309,240,255
310,240,255
311,239,255
312,239,255
313,239,255
314,239,254
315,239,254
316,238,254
317,238,254
318,238,254
319,238,254
320,238,254
321,237,254
322,237,253
323,237,253
324,237,253
325,236,253
326,236,253
327,236,253
328,236,253
329,236,252
330,236,252
331,236,252
332,236,252
333,235,252
334,235,252
335,235,252
336,235,252
337,235,251
338,235,251
339,235,251
340,235,251
341,235,251
342,235,251
343,235,251
344,235,251
345,236,250
346,236,250
347,236,250
348,236,250
349,237,250
350,237,250
351,237,250
352,237,250
353,238,249
354,238,249
355,239,249
356,240,249
357,240,249
358,241,248
359,242,248
360,244,247
0,0
1,85
219,349,352
220,348,353
221,348,354
222,347,354
223,347,355
224,347,356
225,346,356
226,346,356
227,345,356
228,345,356
229,345,357
230,344,356
231,344,356
232,343,356
233,343,356
234,343,356
235,342,356
236,342,356
237,342,356
238,341,356
239,341,356
240,340,356
241,340,355
242,339,355
243,339,355
244,339,355
245,338,355
246,338,354
247,337,354
248,337,354
249,337,354
250,336,354
251,336,354
252,336,353
253,335,353
254,335,353
255,334,353
256,334,353
257,334,352
258,334,352
259,333,352
260,333,352
261,333,352
262,332,351
263,332,351
264,332,351
265,332,351
266,332,351
267,331,351
268,331,350
269,331,350
270,331,350
271,331,350
272,331,350
273,331,350
274,330,349
275,330,349
276,330,349
277,330,349
278,330,349
279,330,348
280,330,348
281,329,348
282,330,348
283,330,348
284,330,348
285,330,347
286,330,347
287,331,347
288,331,347
289,331,347
290,331,347
291,331,347
292,332,346
293,332,346
294,332,346
295,333,346
296,333,346
297,334,345
298,334,345
299,335,345
300,336,344
301,337,344
302,338,343
303,340,342
0,0
0,172
290,203,210
291,199,214
292,197,217
293,196,219
294,196,221
295,195,222
296,195,224
297,195,225
298,195,227
299,195,228
300,196,229
301,197,230
302,198,231
303,199,232
304,200,233
305,201,233
306,202,233
307,202,234
308,203,234
309,203,234
310,203,234
311,204,233
312,204,233
313,204,232
314,204,232
315,205,232
316,205,232
317,205,231
318,205,231
319,205,231
320,205,231
321,206,231
322,206,231
323,206,231
324,206,231
325,206,231
326,206,231
327,206,231
328,206,231
329,206,231
330,206,231
331,206,231
332,206,230
333,206,230
334,206,230
335,206,230
336,206,230
337,207,230
338,207,230
339,207,230
340,207,230
341,207,230
342,207,230
343,207,230
344,207,230
345,207,230
346,207,230
347,207,230
348,207,230
349,207,230
350,207,230
351,207,230
352,207,230
353,207,230
354,207,230
355,207,230
356,207,230
357,207,230
358,207,230
359,207,230
360,207,230
361,207,230
362,207,229
363,207,229
364,207,229
365,207,229
366,207,229
367,207,229
368,207,229
369,207,229
370,207,229
371,207,229
372,207,229
373,207,229
374,207,229
375,207,229
376,207,229
377,207,229
378,207,229
379,207,229
380,207,229
381,207,229
382,207,229
383,207,229
384,207,229
385,207,229
386,207,228
387,207,228
388,207,228
389,207,228
390,207,228
391,207,228
392,207,228
393,207,228
394,207,228
395,207,228
396,207,228
397,207,228
398,207,228
399,207,228
400,207,228
401,207,228
402,206,228
403,206,228
404,206,228
405,206,228
406,206,228
407,206,227
408,206,227
409,206,227
410,206,227
411,206,227
412,206,227
413,206,227
414,206,227
415,206,227
416,206,227
417,206,227
418,206,227
419,206,227
420,206,228
421,205,228
422,205,228
422,205,228
422,235,236
423,205,229
423,229,236
423,205,236
424,205,235
425,205,235
426,205,235
427,205,234
428,204,234
429,204,233
430,204,233
431,204,233
432,204,232
433,204,232
434,204,232
435,203,231
436,203,231
437,203,231
438,203,230
439,203,230
440,203,230
441,203,229
442,203,229
443,203,229
444,203,228
445,203,228
446,203,227
447,203,227
448,203,227
449,204,226
450,204,226
451,204,226
452,205,224
453,206,223
454,207,221
455,208,219
456,209,217
457,212,213
0,55
451,226,226
450,226,228
449,226,230
448,227,231
447,227,233
446,227,235
445,228,237
444,228,238
443,228,240
442,229,242
441,229,244
440,229,245
439,230,247
438,230,249
437,230,250
436,231,252
435,231,254
434,232,255
433,232,257
432,232,258
431,233,260
430,233,262
429,233,263
428,234,265
427,234,267
426,234,268
425,235,270
424,235,272
423,235,273
422,236,275
421,238,276
420,241,278
419,244,279
418,247,281
417,250,283
416,253,284
415,256,286
414,259,287
413,262,289
412,264,290
411,267,292
410,270,293
409,273,295
408,275,296
407,278,298
406,280,300
405,283,301
404,286,303
403,288,304
402,291,305
401,294,306
400,296,307
399,299,307
398,301,306
397,305,305
0,0
1,124
323,330,332
324,329,333
325,328,334
326,328,334
327,328,335
328,327,336
329,327,336
330,327,336
331,326,337
332,326,337
333,326,338
334,326,338
335,326,339
336,325,339
337,325,339
338,325,340
339,325,340
340,325,340
341,325,340
342,325,341
343,325,341
344,324,341
345,324,341
346,324,342
347,324,342
348,324,342
349,323,342
350,323,342
351,323,342
352,323,343
353,323,343
354,323,343
355,322,343
356,322,343
357,322,343
358,322,343
359,322,343
360,321,343
361,321,343
362,321,343
363,321,343
364,321,343
365,320,342
366,320,342
367,320,342
368,320,342
369,319,342
370,319,342
371,319,341
372,318,341
373,318,341
374,318,341
375,318,340
376,317,340
377,317,340
378,317,340
379,316,339
380,316,339
381,316,339
382,316,339
383,315,338
384,315,338
385,315,338
386,314,338
387,314,337
388,314,337
389,313,337
390,313,337
391,313,336
392,312,336
393,312,336
394,312,336
395,311,335
396,311,335
397,311,335
398,310,335
399,310,334
400,309,334
401,309,334
402,309,334
403,308,334
404,308,333
405,308,333
406,307,333
407,307,333
408,307,332
409,307,332
410,306,332
411,306,332
412,306,331
413,306,331
414,306,331
415,306,331
416,306,330
417,306,330
418,306,330
419,305,330
420,306,329
421,306,329
422,306,329
423,306,329
424,306,328
425,306,328
426,306,328
427,307,328
428,307,327
429,307,327
430,307,327
431,307,327
432,308,326
433,308,326
434,308,326
435,308,326
436,309,325
437,309,325
438,309,325
439,310,324
440,310,324
441,311,324
442,311,323
443,312,323
444,313,322
445,314,321
446,316,320
0,0
0,144
265,323,323
266,319,326
267,318,329
268,317,332
269,317,334
270,316,336
271,316,338
272,317,339
273,317,341
274,317,342
275,317,343
276,317,344
277,317,345
278,318,346
279,318,346
280,318,347
281,318,347
282,319,348
283,319,348
284,319,348
285,320,348
286,320,348
287,320,348
288,320,348
289,320,348
290,321,347
291,321,347
292,321,347
293,321,347
294,321,347
295,321,346
296,321,346
297,321,346
298,321,346
299,321,346
300,321,345
301,321,345
302,321,345
303,321,345
304,321,345
305,321,345
306,321,344
307,321,344
308,321,344
309,321,344
310,321,344
311,321,344
312,321,343
313,321,343
314,321,343
315,321,343
316,321,343
317,321,343
318,320,342
319,320,342
320,320,342
321,320,342
322,320,342
323,320,342
324,320,342
325,320,341
326,320,341
327,320,341
328,320,341
329,320,341
330,320,341
331,319,341
332,319,340
333,319,340
334,319,340
335,319,340
336,319,340
337,319,340
338,319,340
339,319,340
340,319,340
341,319,339
342,319,339
343,319,339
344,319,339
345,319,339
346,319,339
347,319,339
348,319,339
349,318,339
350,318,339
351,318,339
352,318,339
353,318,338
354,318,338
355,318,338
356,318,338
357,318,338
358,318,338
359,318,338
360,318,338
361,318,338
362,318,338
363,318,338
364,318,338
365,318,338
366,318,338
367,318,338
368,318,338
369,318,338
370,318,338
371,318,338
372,318,338
373,318,338
374,318,338
375,318,338
376,318,338
377,318,338
378,318,338
379,318,338
380,318,339
381,318,339
382,318,339
383,318,339
384,318,339
385,318,339
386,318,339
387,318,339
388,318,340
389,318,340
390,318,340
391,318,340
392,318,341
393,318,341
394,319,341
395,319,341
396,319,342
397,319,342
398,319,342
399,319,343
400,319,342
401,319,339
402,320,337
403,320,334
404,320,331
405,320,329
406,320,326
407,321,324
408,321,321
1,196
321,408,413
322,408,415
323,408,417
324,407,419
325,407,420
326,406,421
327,406,422
328,406,423
329,405,424
330,405,425
331,404,425
332,404,426
333,404,427
334,403,427
335,403,428
336,403,429
337,402,429
338,402,430
339,401,430
340,401,431
341,401,431
342,400,431
343,400,432
344,401,432
345,403,433
346,404,433
347,405,434
348,407,434
349,407,434
350,408,435
351,409,435
352,409,436
353,410,436
354,410,436
355,411,437
356,411,437
357,412,437
358,412,437
359,412,438
360,413,438
361,413,438
362,413,438
363,414,439
364,414,439
365,414,439
366,415,439
367,415,439
368,415,440
369,415,440
370,416,440
371,416,440
372,416,440
373,416,440
374,416,440
375,417,441
376,417,441
377,417,441
378,417,441
379,417,441
380,417,441
381,417,441
382,417,441
383,418,441
384,418,441
385,418,441
386,418,441
387,418,442
388,418,442
389,418,442
390,418,442
391,418,442
392,418,442
393,418,442
394,418,442
395,418,442
396,418,431
396,418,442
397,418,431
397,418,442
398,418,431
398,418,442
399,418,431
399,418,442
400,418,431
400,418,442
401,418,431
401,418,442
402,418,431
402,418,442
403,418,431
403,418,442
404,418,431
404,418,442
405,418,431
405,418,442
406,418,431
406,418,442
407,418,431
407,418,442
408,418,431
408,418,442
409,418,431
409,418,442
410,418,431
410,418,442
411,418,431
411,418,442
412,418,431
412,418,442
413,418,431
413,418,442
414,418,431
414,418,442
415,418,431
415,418,443
416,418,431
416,418,442
417,418,431
417,418,442
418,418,431
418,418,442
419,418,431
419,418,442
420,418,431
420,418,442
421,418,431
421,418,442
422,418,431
422,418,442
423,418,431
423,417,442
424,418,431
424,417,442
425,418,431
425,417,442
426,418,431
426,416,442
427,418,431
427,416,442
428,418,431
428,415,442
429,418,431
429,414,442
430,418,431
430,413,442
431,418,431
431,412,442
432,418,431
432,413,442
433,418,431
433,413,442
434,418,431
434,413,442
435,413,441
436,413,441
437,413,441
438,413,441
439,413,441
440,413,441
441,413,441
442,413,441
443,413,440
444,413,440
445,413,440
446,414,440
447,414,440
448,414,439
449,414,439
450,414,439
451,414,439
452,414,439
453,414,438
454,414,438
455,414,438
456,414,438
457,414,437
458,414,437
459,414,437
460,414,437
461,414,437
462,414,436
463,415,436
464,415,436
465,415,436
466,415,435
467,415,435
468,415,435
469,415,434
470,415,434
471,415,433
472,415,433
473,415,432
474,415,430
475,417,429
476,421,426
476,426,426
0,61
415,474,474
414,462,473
413,445,473
412,431,473
411,432,472
410,432,472
409,433,472
408,434,471
407,434,471
406,435,471
405,435,470
404,436,470
403,437,470
402,437,470
401,438,469
400,438,469
399,439,469
398,439,469
397,439,468
396,440,468
395,441,468
394,441,468
393,441,468
392,442,467
391,442,467
390,443,467
389,443,467
388,444,467
387,444,466
386,444,466
385,445,466
384,445,466
383,446,466
382,446,465
381,446,465
380,447,465
379,447,465
378,448,465
377,448,465
376,449,464
375,449,464
374,449,464
373,450,464
372,450,464
371,450,464
370,451,463
369,451,463
368,452,463
367,452,463
366,452,463
365,453,463
364,453,463
363,454,463
362,454,463
361,454,462
360,455,462
359,455,462
358,455,462
357,456,462
356,456,461
355,458,460
0,0
