0,61
29,237,237
30,233,240
31,232,245
32,231,249
33,231,252
34,231,255
35,230,258
36,230,261
37,231,264
38,231,266
39,231,269
40,231,271
41,232,273
42,232,276
43,233,278
44,233,280
45,234,281
46,235,283
47,236,284
48,237,286
49,237,287
50,238,288
51,239,289
52,240,289
53,242,290
54,243,291
55,244,291
56,245,292
57,246,292
58,247,292
59,248,293
60,249,293
61,250,293
62,251,293
63,252,293
64,253,294
65,254,294
66,255,294
67,256,294
68,257,294
69,258,294
70,259,294
71,260,295
72,260,295
73,261,295
74,262,295
75,263,295
76,264,294
77,265,294
78,266,294
79,267,294
80,268,294
81,269,294
82,270,293
83,271,293
84,272,292
85,273,291
86,274,290
87,276,289
88,280,287
89,283,283
0,0
1,269
120,107,110
121,107,111
122,106,112
123,106,113
124,106,114
125,106,114
126,106,115
127,105,116
128,105,116
129,105,117
130,105,117
131,105,118
132,105,118
133,105,119
134,105,119
135,105,120
136,105,120
137,105,120
138,105,121
139,105,121
140,104,121
141,104,122
142,104,122
143,104,122
144,104,123
145,104,123
146,104,123
147,104,123
148,104,123
149,104,123
150,104,123
151,104,124
152,104,124
153,104,124
154,104,124
155,104,124
156,104,125
157,104,124
158,104,124
159,104,124
160,104,124
161,104,124
162,103,124
163,103,124
164,103,124
165,103,123
166,103,123
167,103,123
168,103,123
169,103,123
170,103,123
171,103,123
172,103,123
173,103,123
174,103,123
175,103,122
176,103,122
177,102,122
178,102,122
179,102,122
180,102,122
181,102,122
182,102,121
183,102,121
184,102,121
185,102,121
186,102,121
187,102,121
188,101,121
189,101,121
190,101,120
191,101,120
192,101,120
193,101,120
194,101,120
195,101,120
196,101,120
197,101,119
198,101,119
199,100,119
200,100,119
201,100,119
202,100,119
203,100,119
204,100,118
205,100,118
206,100,118
207,99,118
208,99,118
209,99,118
210,99,118
211,99,118
212,99,117
213,99,117
214,99,117
215,99,117
216,98,117
217,98,117
218,98,117
219,98,116
220,98,116
221,98,116
222,98,116
223,98,116
224,97,116
225,97,116
226,97,115
227,97,115
228,97,115
229,97,115
230,97,115
231,96,115
232,96,115
233,96,115
234,96,114
235,96,114
236,96,114
237,95,114
238,95,114
239,95,114
240,95,114
241,95,113
242,95,113
243,95,113
244,94,113
245,94,113
246,94,113
247,94,113
248,94,112
249,93,112
250,93,112
251,93,112
252,93,112
253,93,112
254,93,112
255,92,111
256,92,111
257,92,111
258,92,111
259,92,111
260,91,111
261,91,111
262,91,111
263,91,110
264,91,110
265,91,110
266,90,110
267,90,110
268,90,110
269,90,110
270,90,109
271,89,109
272,89,109
273,89,109
274,89,109
275,89,109
276,88,109
277,88,108
278,88,108
279,88,108
280,88,108
281,87,108
282,87,108
283,87,108
284,87,107
285,87,107
286,86,107
287,86,107
288,86,107
289,86,107
290,86,107
291,85,106
292,85,106
293,85,106
294,85,106
295,84,106
296,84,106
297,84,106
298,84,105
299,84,105
300,83,105
301,83,105
302,83,105
303,83,105
304,82,105
305,82,105
306,82,104
307,82,104
308,81,104
309,81,104
310,81,104
311,81,104
312,80,104
313,80,103
314,80,103
315,80,103
316,79,103
317,79,103
318,79,103
319,79,102
320,79,102
321,78,102
322,78,102
323,78,102
324,78,102
325,77,102
326,77,101
327,77,101
328,77,101
329,76,101
330,76,101
331,76,101
332,75,100
333,75,100
334,75,100
335,75,100
336,74,100
337,74,100
338,74,100
339,74,99
340,73,99
341,73,99
342,73,99
343,72,99
344,72,99
345,72,98
346,72,98
347,71,98
348,71,98
349,71,98
350,71,98
351,71,97
352,71,97
353,71,97
354,70,97
355,70,97
356,70,97
357,70,96
358,70,96
359,70,96
360,70,96
361,70,96
362,71,95
363,71,95
364,71,95
365,71,95
366,71,95
367,71,94
368,71,94
369,72,94
370,72,94
371,72,94
372,72,93
373,73,93
374,73,93
375,73,93
376,74,92
377,74,92
378,74,92
379,75,92
380,75,91
381,76,91
382,76,91
383,77,90
384,78,90
385,78,89
386,79,89
387,80,88
388,82,86
0,0
0,338
106,123,130
107,120,133
108,119,136
109,118,138
110,117,140
111,117,142
112,117,144
113,117,145
114,117,147
115,117,149
116,118,150
117,118,151
118,119,152
119,119,154
120,120,155
121,120,156
122,121,157
123,121,158
124,122,159
125,122,159
126,123,160
127,123,161
128,124,161
129,124,162
130,125,162
131,125,163
132,125,163
133,126,163
134,126,163
135,126,163
136,126,163
137,126,163
138,126,163
139,126,162
140,126,162
141,126,161
142,126,161
143,126,160
144,126,160
145,126,160
146,126,160
147,126,159
148,126,159
149,126,159
150,126,159
151,126,159
152,126,158
153,126,158
154,126,158
155,125,158
156,125,157
157,125,157
158,125,157
159,125,157
160,125,157
161,125,157
162,125,156
163,125,156
164,125,156
165,125,156
166,125,156
167,124,156
168,124,156
169,124,155
170,124,155
171,124,155
172,124,155
173,124,155
174,124,155
175,124,154
176,124,154
177,124,154
178,124,154
179,123,154
180,123,154
181,123,154
182,123,153
183,123,153
184,123,153
185,123,153
186,123,153
187,123,153
188,123,153
189,123,152
190,123,152
191,122,152
192,122,152
193,122,152
194,122,152
195,122,152
196,122,152
197,122,151
198,122,151
199,122,151
200,122,151
201,121,151
202,121,151
203,121,151
204,121,151
205,121,150
206,121,150
207,121,150
208,120,150
209,120,150
210,120,150
211,120,150
212,120,149
213,120,149
214,120,149
215,120,149
216,119,149
217,119,149
218,119,148
219,119,148
220,119,148
221,119,148
222,119,148
223,118,148
224,118,147
225,118,147
226,118,147
227,118,147
228,118,147
229,117,146
230,117,146
231,117,146
232,117,146
233,117,146
234,117,145
235,116,145
236,116,145
237,116,145
238,116,145
239,116,144
240,115,144
241,115,144
242,115,144
243,115,143
244,115,143
245,114,143
246,114,143
247,114,143
248,114,142
249,114,142
250,113,142
251,113,142
252,113,141
253,113,141
254,113,141
255,113,140
256,112,140
257,112,140
258,112,140
259,112,139
260,111,139
261,111,139
262,111,139
263,111,138
264,110,138
265,110,138
266,110,138
267,110,137
268,109,137
269,109,137
270,109,137
271,109,136
272,108,136
273,108,136
274,108,135
275,108,135
276,107,135
277,107,134
278,107,134
279,106,134
280,106,134
281,106,133
282,106,133
283,105,133
284,105,132
285,105,132
286,105,132
287,104,132
288,104,131
289,104,131
290,104,131
291,103,130
292,103,130
293,103,129
294,102,129
295,102,129
296,102,129
297,101,128
298,101,128
299,101,128
300,100,127
301,100,127
302,100,127
303,99,126
304,99,126
305,99,126
306,98,125
307,98,125
308,98,124
309,97,124
310,97,124
311,97,123
312,96,123
313,96,123
314,95,122
315,95,122
316,95,121
317,94,121
318,94,121
319,94,120
320,93,120
321,93,120
322,93,119
323,92,119
324,92,118
325,91,118
326,91,118
327,91,117
328,90,117
329,90,116
330,89,116
331,89,115
332,89,115
333,88,115
334,88,114
335,87,114
336,87,113
337,86,113
338,86,112
339,86,112
340,85,112
341,85,111
342,84,111
343,84,110
344,84,110
345,83,109
346,83,109
347,82,108
348,82,108
349,81,107
350,81,107
351,80,106
352,80,106
353,79,105
354,79,105
355,78,104
356,78,104
357,77,103
358,77,103
359,76,102
360,76,102
361,75,101
362,75,101
363,74,100
364,74,100
365,73,99
366,73,99
367,72,98
368,72,98
369,71,97
370,71,96
371,70,96
372,70,95
373,69,95
374,68,94
375,68,94
376,67,93
377,67,93
378,66,92
379,66,91
380,65,91
381,64,90
382,64,90
383,63,89
384,63,88
385,62,88
386,61,87
387,61,86
388,60,86
389,59,85
390,59,85
391,58,84
392,58,83
393,57,83
394,56,82
395,56,81
396,55,80
397,54,80
398,54,79
399,53,78
400,52,77
401,52,77
402,51,76
403,50,75
404,50,74
405,49,73
406,48,73
407,48,72
408,47,71
409,46,70
410,46,69
411,45,68
412,45,67
413,44,66
414,43,65
415,43,64
416,42,63
417,41,62
418,41,61
419,40,60
420,39,59
421,39,58
422,38,57
423,37,56
424,37,55
425,36,54
426,35,53
427,35,52
428,34,51
429,33,50
430,33,49
431,32,48
432,31,47
433,30,46
434,30,45
435,29,44
436,29,43
437,28,42
438,28,41
439,27,40
440,27,38
441,27,37
442,27,35
443,29,32
0,0
1,271
143,196,199
144,195,200
145,195,201
146,195,202
147,194,203
148,194,204
149,194,204
150,194,205
151,194,206
152,193,206
153,193,207
154,193,207
155,193,208
156,193,208
157,193,208
158,192,209
159,192,209
160,192,209
161,192,209
162,192,209
163,192,209
164,192,210
165,191,210
166,191,210
167,191,210
168,191,210
169,191,210
170,191,210
171,190,210
172,190,209
173,190,209
174,190,209
175,190,209
176,190,209
177,189,208
178,189,208
179,189,208
180,189,207
181,189,207
182,189,207
183,188,206
184,188,206
185,188,206
186,188,206
187,188,205
188,188,205
189,187,205
190,187,204
191,187,204
192,187,204
193,187,204
194,187,203
195,187,203
196,186,203
197,186,203
198,186,202
199,186,202
200,186,202
201,186,201
202,185,201
203,185,201
204,185,201
205,185,200
206,185,200
207,184,200
208,184,200
209,184,199
210,184,199
211,184,199
212,184,199
213,183,198
214,183,198
215,183,198
216,183,198
217,183,198
218,183,197
219,183,197
220,182,197
221,182,197
222,182,196
223,182,196
224,182,196
225,182,196
226,181,196
227,181,195
228,181,195
229,181,195
230,181,195
231,180,194
232,180,194
233,180,194
234,180,194
235,180,194
236,180,193
237,179,193
238,179,193
239,179,193
240,179,193
241,179,192
242,179,192
243,178,192
244,178,192
245,178,192
246,178,192
247,178,191
248,178,191
249,177,191
250,177,191
251,177,191
252,177,190
253,177,190
254,176,190
255,176,190
256,176,190
257,176,190
258,176,189
259,176,189
260,175,189
261,175,189
262,175,189
263,175,189
264,175,188
265,175,188
266,174,188
267,174,188
268,174,188
269,174,188
270,174,187
271,174,187
272,173,187
273,173,187
274,173,187
275,173,187
276,173,187
277,172,186
278,172,186
279,172,186
280,172,186
281,172,186
282,171,186
283,171,186
284,171,186
285,171,185
286,171,185
287,171,185
288,170,185
289,170,185
290,170,185
291,170,185
292,170,184
293,169,184
294,169,184
295,169,184
296,169,184
297,169,184
298,169,184
299,168,184
300,168,184
301,168,183
302,168,183
303,168,183
304,167,183
305,167,183
306,167,183
307,167,183
308,167,183
309,166,183
310,166,183
311,166,183
312,166,182
313,166,182
314,165,182
315,165,182
316,165,182
317,165,182
318,165,182
319,164,182
320,164,182
321,164,182
322,164,182
323,164,182
324,163,181
325,163,181
326,163,181
327,163,181
328,163,181
329,162,181
330,162,181
331,162,181
332,162,181
333,162,181
334,161,181
335,161,181
336,161,181
337,161,181
338,161,181
339,160,181
340,160,181
341,160,181
342,160,181
343,159,181
344,159,180
345,159,180
346,159,180
347,159,180
348,158,180
349,158,180
350,158,180
351,158,180
352,157,180
353,157,180
354,157,180
355,157,180
356,156,180
357,156,180
358,156,180
359,156,180
360,156,180
361,155,180
362,155,180
363,155,180
364,155,180
365,154,180
366,154,180
367,154,180
368,154,180
369,153,179
370,153,179
371,153,179
372,153,179
373,153,179
374,153,179
375,153,179
376,152,179
377,152,179
378,152,179
379,152,179
380,153,179
381,153,179
382,153,179
383,153,179
384,153,179
385,153,179
386,154,179
387,154,179
388,154,179
389,155,179
390,155,179
391,155,179
392,156,179
393,156,179
394,157,179
395,157,179
396,158,179
397,158,179
398,159,179
399,159,179
400,160,179
401,161,178
402,161,178
403,162,178
404,163,178
405,163,178
406,164,178
407,165,177
408,166,177
409,166,177
410,167,177
411,168,176
412,170,175
413,172,173
0,0
0,132
133,210,210
134,205,216
135,204,220
136,204,223
137,204,226
138,204,228
139,204,230
140,204,233
141,204,234
142,205,235
143,205,236
144,206,237
145,206,237
146,206,238
147,207,238
148,207,238
149,207,238
150,208,239
151,208,239
152,208,239
153,209,238
154,209,238
155,209,238
156,209,238
157,210,238
158,210,239
159,210,239
160,211,239
161,211,239
162,211,239
163,211,239
164,212,239
165,212,239
166,212,239
167,213,239
168,213,239
169,213,239
170,213,239
171,214,239
172,214,239
173,214,239
174,214,239
175,214,239
176,215,239
177,215,239
178,215,240
179,215,240
180,216,240
181,216,240
182,216,240
183,216,240
184,216,240
185,216,240
186,217,240
187,217,240
188,217,240
189,217,240
190,217,240
191,217,240
192,218,241
193,218,241
194,218,241
195,218,241
196,218,241
197,218,241
198,218,241
199,218,241
200,219,241
201,219,241
202,219,241
203,219,241
204,219,242
205,219,242
206,219,242
207,219,242
208,219,242
209,219,242
210,219,242
211,219,242
212,220,242
213,220,242
214,220,242
215,220,242
216,220,242
217,220,243
218,220,243
219,220,243
220,220,243
221,220,243
222,220,243
223,220,243
224,220,243
225,220,243
226,221,243
227,221,243
228,221,243
229,221,243
230,221,243
231,221,243
232,221,243
233,222,243
234,222,243
235,222,243
236,222,243
237,222,243
238,222,243
239,222,243
240,223,243
241,223,243
242,223,243
243,223,243
244,224,243
245,224,243
246,224,243
247,224,243
248,225,243
249,225,243
250,225,243
251,226,243
252,226,243
253,227,242
254,227,242
255,228,242
256,228,242
257,229,242
258,230,241
259,230,241
260,231,241
261,232,240
262,233,240
263,234,239
264,235,238
0,0
0,127
110,305,308
111,302,313
112,301,315
113,300,318
114,300,320
115,299,321
116,299,323
117,299,324
118,300,326
119,300,327
120,300,329
121,300,330
122,301,331
123,301,332
124,302,333
125,302,334
126,302,335
127,303,336
128,303,337
129,303,338
130,303,339
131,303,340
132,303,340
133,304,341
134,304,341
135,304,341
136,304,341
137,304,341
138,304,341
139,304,340
140,304,340
141,304,339
142,304,339
143,304,338
144,304,338
145,304,337
146,304,337
147,304,337
148,304,336
149,304,336
150,304,335
151,304,335
152,304,335
153,304,334
154,304,334
155,304,334
156,304,333
157,304,333
158,304,333
159,304,332
160,304,332
161,303,332
162,303,331
163,303,331
164,303,331
165,303,331
166,303,330
167,303,330
168,303,330
169,303,329
170,302,329
171,302,329
172,302,329
173,302,328
174,302,328
175,302,328
176,302,327
177,302,327
178,302,327
179,301,327
180,301,326
181,301,326
182,301,326
183,301,325
184,301,325
185,301,325
186,300,325
187,300,324
188,300,324
189,300,324
190,300,323
191,300,323
192,300,323
193,299,323
194,299,322
195,299,322
196,299,322
197,299,322
198,299,321
199,299,321
200,298,321
201,298,320
202,298,320
203,298,320
204,298,319
205,298,319
206,297,319
207,297,319
208,297,319
209,297,318
210,297,318
211,297,318
212,297,317
213,296,317
214,296,317
215,296,316
216,296,316
217,296,316
218,295,316
219,295,315
220,295,315
221,295,315
222,295,315
223,295,314
224,294,314
225,294,314
226,294,313
227,294,313
228,294,313
229,294,313
230,293,312
231,293,312
232,293,312
233,293,311
234,293,311
235,293,306
236,292,295
0,0
1,105
227,240,242
228,239,244
229,238,245
230,238,246
231,238,247
232,238,248
233,237,249
234,237,250
235,237,250
236,237,251
237,237,251
238,236,251
239,236,252
240,236,252
241,236,252
242,236,252
243,236,252
244,235,253
245,235,252
246,235,252
247,235,252
248,235,252
249,234,251
250,234,251
251,234,251
252,234,251
253,234,251
254,233,250
255,233,250
256,233,250
257,233,250
258,233,249
259,232,249
260,232,249
261,232,249
262,232,249
263,231,249
264,231,248
265,231,248
266,231,248
267,231,248
268,230,248
269,230,248
270,230,247
271,230,247
272,229,247
273,229,247
274,229,247
275,229,247
276,228,247
277,228,246
278,228,246
279,227,246
280,227,246
281,227,246
282,227,246
283,226,246
284,226,245
285,226,245
286,226,245
287,225,245
288,225,245
289,225,245
290,225,245
291,224,244
292,224,244
293,224,244
294,223,244
295,223,244
296,223,244
297,223,244
298,223,244
299,223,244
300,222,243
301,222,243
302,222,243
303,222,243
304,222,243
305,222,243
306,222,243
307,222,243
308,222,243
309,223,243
310,223,242
311,223,242
312,223,242
313,224,242
314,224,242
315,224,242
316,225,242
317,225,242
318,226,242
319,226,242
320,227,241
321,227,241
322,228,241
323,228,241
324,229,241
325,230,241
326,231,241
327,231,241
328,232,240
329,233,240
330,235,238
330,235,235
0,0
1,119
185,298,299
186,297,301
187,296,301
188,295,302
189,295,303
190,295,303
191,295,304
192,294,304
193,294,305
194,294,305
195,294,306
196,294,306
197,294,307
198,294,307
199,294,308
200,293,308
201,293,308
202,293,308
203,293,309
204,293,309
205,293,309
206,293,309
207,293,309
208,293,309
209,293,309
210,293,309
211,293,309
212,292,309
213,292,309
214,292,310
215,292,310
216,292,310
217,292,309
218,292,309
219,292,309
220,292,309
221,291,309
222,291,309
223,291,309
224,291,309
225,291,309
226,291,309
227,291,308
228,291,308
229,290,308
230,290,308
231,290,308
232,290,307
233,290,307
234,290,307
235,290,307
236,289,306
237,289,306
238,289,306
239,289,306
240,289,305
241,289,305
242,289,305
243,288,304
244,288,304
245,288,304
246,288,304
247,288,303
248,287,303
249,287,303
250,287,303
251,287,302
252,287,302
253,286,302
254,286,301
255,286,301
256,286,301
257,286,301
258,285,300
259,285,300
260,285,300
261,285,300
262,284,299
263,284,299
264,284,299
265,284,298
266,283,298
267,283,298
268,283,298
269,282,298
270,282,297
271,282,297
272,282,297
273,281,296
274,281,296
275,281,296
276,281,296
277,280,296
278,280,295
279,280,295
280,279,295
281,279,295
282,279,295
283,279,294
284,278,294
285,278,294
286,278,294
287,277,294
288,277,294
289,277,294
290,276,294
291,276,294
292,276,294
293,275,294
294,275,292
295,275,290
296,274,288
297,274,286
298,274,284
299,273,282
300,273,279
301,273,277
302,272,275
303,272,273
0,175
269,315,319
270,308,326
271,305,329
272,303,331
273,303,334
274,302,336
275,302,337
276,301,339
277,301,341
278,300,342
279,300,344
280,299,345
281,299,346
282,298,348
283,298,349
284,297,350
285,297,351
286,296,352
287,296,352
288,296,353
289,295,353
290,295,354
291,294,354
292,294,354
293,293,354
294,294,353
295,296,353
296,298,352
297,299,351
298,299,350
299,300,350
300,300,348
301,300,347
302,300,346
303,300,344
304,299,343
305,299,342
306,299,341
307,299,340
308,298,339
309,298,338
310,298,337
311,297,336
312,297,335
313,297,334
314,296,334
315,296,333
316,295,332
317,295,332
318,295,331
319,294,330
320,294,330
321,294,329
322,293,329
323,293,328
324,292,327
325,292,327
326,292,326
327,291,326
328,291,325
329,290,325
330,290,324
331,289,323
332,289,323
333,288,322
334,288,322
335,287,321
336,287,321
337,286,320
338,286,319
339,285,319
340,285,318
341,284,318
342,284,317
343,283,317
344,283,316
345,282,315
346,282,315
347,281,314
348,280,313
349,280,313
350,279,312
351,279,311
352,278,311
353,277,310
354,277,309
355,276,309
356,275,308
357,274,307
358,274,307
359,273,306
360,272,305
361,272,305
362,271,304
363,270,303
364,269,303
365,269,302
366,268,301
367,267,300
368,266,299
369,265,299
370,264,298
371,263,297
372,262,296
373,262,295
374,261,295
375,260,294
376,259,293
377,258,292
378,257,291
379,256,290
380,255,290
381,253,289
382,252,288
383,251,287
384,250,286
385,249,285
386,248,284
387,246,283
388,245,282
389,244,281
390,243,280
391,241,279
392,240,278
393,238,277
394,237,276
395,235,275
396,234,273
397,232,272
398,231,271
399,229,270
400,228,269
401,226,267
402,224,266
403,223,265
404,221,263
405,219,262
406,217,261
407,215,259
408,213,258
409,211,256
410,209,255
411,207,253
412,205,252
413,202,250
414,200,248
415,197,247
416,195,245
417,192,243
418,190,241
419,187,240
420,184,237
421,182,235
422,179,233
423,176,231
424,173,229
425,170,227
426,166,224
427,163,222
428,159,220
429,156,217
430,152,214
431,148,212
432,144,209
433,140,206
434,136,203
435,131,200
436,127,196
437,125,193
438,124,189
439,124,184
440,124,179
441,125,174
442,126,167
443,133,149
0,0
1,289
187,300,302
188,299,303
189,299,304
190,298,305
191,298,306
192,298,307
193,298,307
194,298,308
195,297,308
196,297,309
197,297,310
198,297,310
199,297,311
200,297,312
201,297,312
202,297,313
203,297,314
204,297,314
205,297,315
206,298,316
207,298,317
208,298,317
209,298,318
210,298,319
211,299,320
212,299,320
213,300,321
214,300,322
215,300,323
216,301,324
217,302,324
218,302,325
219,303,326
220,303,327
221,304,328
222,305,329
223,306,330
224,306,331
225,307,331
226,308,332
227,309,333
228,310,334
229,311,335
230,311,336
231,312,337
232,313,338
233,314,339
234,315,340
235,316,341
236,317,342
237,318,343
238,319,344
239,320,345
240,321,346
241,322,347
242,323,348
243,324,349
244,325,350
245,326,351
246,327,352
247,328,353
248,329,354
249,330,355
250,331,356
251,332,357
252,333,358
253,334,359
254,334,360
255,335,361
256,336,362
257,337,363
258,338,364
259,339,365
260,340,367
261,341,368
262,342,369
263,343,370
264,344,371
265,345,372
266,346,373
267,347,374
268,348,375
269,348,376
270,349,377
271,350,378
272,351,379
273,352,381
274,353,382
275,354,383
276,355,384
277,356,385
278,356,386
279,357,387
280,358,388
281,359,389
282,360,390
283,361,391
284,362,393
285,362,394
286,363,395
287,364,396
288,365,397
289,366,398
290,367,399
291,367,400
292,368,401
293,369,402
294,370,403
295,371,404
296,372,405
297,372,406
298,373,407
299,374,408
300,375,409
301,375,410
302,376,411
303,377,412
304,378,413
305,378,414
306,379,415
307,380,416
308,381,417
309,381,418
310,382,419
311,383,420
312,384,421
313,384,422
314,385,423
315,386,424
316,386,425
317,387,426
318,388,426
319,388,427
320,389,428
321,390,429
322,390,430
323,391,431
324,391,432
325,392,433
326,393,434
327,393,435
328,394,436
329,395,437
330,395,437
331,396,438
332,396,439
333,397,440
334,398,441
335,398,442
336,399,443
337,399,444
338,400,444
339,401,445
340,401,446
341,402,447
342,402,448
343,403,449
344,403,450
345,404,450
346,404,451
347,405,452
348,405,453
349,406,454
350,406,455
351,407,455
352,407,456
353,408,457
354,408,457
355,409,458
356,409,458
357,410,458
358,410,459
359,411,459
360,411,459
361,412,460
362,412,460
363,412,460
364,413,461
365,413,461
366,414,461
367,414,461
368,414,461
369,415,461
370,415,461
371,416,462
372,416,462
373,416,462
374,417,462
375,417,462
376,418,462
377,418,462
378,418,462
379,419,462
380,419,462
381,419,462
382,420,462
383,420,462
384,420,462
385,421,462
386,421,462
387,421,462
388,421,462
389,422,462
390,422,463
391,422,462
392,422,462
393,423,462
394,423,462
395,423,462
396,424,462
397,424,462
398,424,462
399,424,462
400,425,462
401,425,462
402,425,462
403,425,462
404,426,462
405,426,462
406,426,462
407,427,461
408,427,461
409,427,461
410,427,461
411,428,461
412,428,461
413,428,461
414,428,461
415,429,461
416,429,461
417,429,461
418,430,461
419,430,461
420,430,461
421,430,461
422,431,460
423,431,460
424,431,460
425,431,460
426,432,460
427,432,460
428,432,460
429,432,460
430,433,460
431,433,459
432,433,459
433,433,459
434,434,459
435,434,459
436,434,459
437,435,459
438,435,459
439,435,458
440,435,458
441,436,458
442,436,458
443,436,458
444,436,458
445,437,458
446,437,457
447,437,457
448,438,457
449,438,457
450,438,457
451,438,456
452,439,456
453,439,456
454,439,456
455,440,456
456,440,456
457,440,455
458,440,455
459,441,455
460,441,455
461,441,454
462,441,454
463,442,454
464,442,454
465,442,453
466,443,453
467,443,453
468,443,452
469,444,452
470,444,452
471,445,451
472,445,451
473,445,450
474,446,450
475,447,449
0,0
