0,59
24,234,238
25,232,242
26,231,245
27,231,248
28,231,251
29,231,254
30,231,256
31,231,259
32,231,261
33,231,264
34,231,266
35,232,268
36,232,270
37,233,272
38,234,274
39,234,276
40,235,278
41,236,279
42,237,281
43,238,282
44,239,283
45,240,284
46,241,285
47,242,286
48,243,287
49,244,287
50,245,288
51,246,288
52,247,289
53,248,289
54,249,289
55,250,290
56,250,290
57,251,290
58,252,290
59,253,290
60,254,290
61,255,291
62,256,291
63,257,291
64,258,291
65,259,291
66,260,291
67,261,291
68,261,291
69,262,291
70,263,291
71,264,291
72,265,291
73,266,290
74,267,290
75,268,290
76,269,289
77,270,289
78,271,288
79,272,287
80,273,286
81,276,284
82,280,280
0,0
1,268
125,98,99
126,97,100
127,96,101
128,96,102
129,95,103
130,95,103
131,95,104
132,95,105
133,95,105
134,95,106
135,95,106
136,94,107
137,94,108
138,94,108
139,94,109
140,94,109
141,94,110
142,94,110
143,94,110
144,94,111
145,94,111
146,94,111
147,94,112
148,94,112
149,94,112
150,94,113
151,94,113
152,94,113
153,94,113
154,94,114
155,94,114
156,94,114
157,94,114
158,93,114
159,93,114
160,93,115
161,93,115
162,93,115
163,93,115
164,93,115
165,93,115
166,93,115
167,93,115
168,93,115
169,93,115
170,93,115
171,93,115
172,93,115
173,93,114
174,93,114
175,93,114
176,93,114
177,92,114
178,92,114
179,92,114
180,92,114
181,92,113
182,92,113
183,92,113
184,92,113
185,92,113
186,92,113
187,92,113
188,92,113
189,92,112
190,92,112
191,92,112
192,91,112
193,91,112
194,91,112
195,91,112
196,91,111
197,91,111
198,91,111
199,91,111
200,91,111
201,91,111
202,91,111
203,90,111
204,90,110
205,90,110
206,90,110
207,90,110
208,90,110
209,90,110
210,90,110
211,90,110
212,90,109
213,89,109
214,89,109
215,89,109
216,89,109
217,89,109
218,89,109
219,89,109
220,89,108
221,89,108
222,88,108
223,88,108
224,88,108
225,88,108
226,88,108
227,88,108
228,88,107
229,88,107
230,87,107
231,87,107
232,87,107
233,87,107
234,87,107
235,87,106
236,87,106
237,86,106
238,86,106
239,86,106
240,86,106
241,86,106
242,86,106
243,86,105
244,85,105
245,85,105
246,85,105
247,85,105
248,85,105
249,85,105
250,84,105
251,84,104
252,84,104
253,84,104
254,84,104
255,84,104
256,83,104
257,83,104
258,83,104
259,83,103
260,83,103
261,83,103
262,82,103
263,82,103
264,82,103
265,82,103
266,82,102
267,82,102
268,81,102
269,81,102
270,81,102
271,81,102
272,81,102
273,80,101
274,80,101
275,80,101
276,80,101
277,80,101
278,79,101
279,79,101
280,79,101
281,79,100
282,79,100
283,78,100
284,78,100
285,78,100
286,78,100
287,78,100
288,77,100
289,77,99
290,77,99
291,77,99
292,77,99
293,76,99
294,76,99
295,76,99
296,76,98
297,76,98
298,75,98
299,75,98
300,75,98
301,75,98
302,74,98
303,74,97
304,74,97
305,74,97
306,74,97
307,73,97
308,73,97
309,73,97
310,73,97
311,72,96
312,72,96
313,72,96
314,72,96
315,72,96
316,71,96
317,71,96
318,71,95
319,71,95
320,70,95
321,70,95
322,70,95
323,70,95
324,69,95
325,69,95
326,69,94
327,69,94
328,68,94
329,68,94
330,68,94
331,68,94
332,67,94
333,67,93
334,67,93
335,67,93
336,66,93
337,66,93
338,66,93
339,66,93
340,65,92
341,65,92
342,65,92
343,64,92
344,64,92
345,64,92
346,64,91
347,63,91
348,63,91
349,63,91
350,63,91
351,63,91
352,62,91
353,62,90
354,62,90
355,62,90
356,62,90
357,62,90
358,62,90
359,62,89
360,61,89
361,62,89
362,62,89
363,62,89
364,62,89
365,62,88
366,62,88
367,62,88
368,63,88
369,63,88
370,63,87
371,63,87
372,63,87
373,64,87
374,64,87
375,64,86
376,65,86
377,65,86
378,65,86
379,66,85
380,66,85
381,66,85
382,67,85
383,67,85
384,68,84
385,68,84
386,69,84
387,69,83
388,70,83
389,71,82
390,72,82
391,73,81
392,75,79
0,0
0,334
96,127,129
97,123,134
98,122,137
99,121,140
100,120,142
101,120,144
102,119,145
103,119,147
104,119,149
105,120,150
106,120,152
107,120,153
108,121,154
109,122,155
110,122,156
111,123,157
112,123,159
113,124,159
114,124,160
115,125,161
116,125,162
117,126,163
118,126,163
119,127,164
120,127,164
121,127,164
122,128,165
123,128,165
124,128,165
125,128,165
126,128,165
127,128,164
128,129,164
129,129,164
130,129,163
131,129,163
132,129,162
133,129,162
134,129,162
135,128,161
136,128,161
137,128,161
138,128,161
139,128,160
140,128,160
141,128,160
142,128,160
143,128,160
144,128,159
145,128,159
146,127,159
147,127,159
148,127,159
149,127,158
150,127,158
151,127,158
152,127,158
153,127,158
154,127,158
155,127,157
156,127,157
157,127,157
158,126,157
159,126,157
160,126,157
161,126,156
162,126,156
163,126,156
164,126,156
165,126,156
166,126,156
167,126,156
168,126,155
169,126,155
170,125,155
171,125,155
172,125,155
173,125,155
174,125,155
175,125,155
176,125,154
177,125,154
178,125,154
179,125,154
180,125,154
181,124,154
182,124,154
183,124,153
184,124,153
185,124,153
186,124,153
187,124,153
188,124,153
189,124,153
190,123,153
191,123,152
192,123,152
193,123,152
194,123,152
195,123,152
196,123,152
197,123,152
198,122,151
199,122,151
200,122,151
201,122,151
202,122,151
203,122,151
204,122,150
205,121,150
206,121,150
207,121,150
208,121,150
209,121,150
210,121,149
211,121,149
212,120,149
213,120,149
214,120,149
215,120,148
216,120,148
217,119,148
218,119,148
219,119,148
220,119,147
221,119,147
222,119,147
223,118,147
224,118,147
225,118,146
226,118,146
227,118,146
228,118,146
229,117,145
230,117,145
231,117,145
232,117,145
233,116,144
234,116,144
235,116,144
236,116,144
237,116,144
238,115,143
239,115,143
240,115,143
241,115,143
242,115,142
243,114,142
244,114,142
245,114,142
246,114,141
247,114,141
248,113,141
249,113,140
250,113,140
251,113,140
252,112,140
253,112,139
254,112,139
255,112,139
256,111,139
257,111,138
258,111,138
259,111,138
260,110,137
261,110,137
262,110,137
263,110,137
264,109,136
265,109,136
266,109,136
267,109,135
268,108,135
269,108,135
270,108,135
271,107,134
272,107,134
273,107,134
274,106,133
275,106,133
276,106,133
277,106,132
278,105,132
279,105,132
280,105,131
281,105,131
282,104,131
283,104,130
284,104,130
285,103,130
286,103,129
287,103,129
288,102,129
289,102,128
290,102,128
291,101,128
292,101,127
293,101,127
294,100,127
295,100,126
296,99,126
297,99,126
298,99,125
299,98,125
300,98,124
301,98,124
302,97,124
303,97,123
304,97,123
305,96,122
306,96,122
307,95,122
308,95,121
309,95,121
310,94,121
311,94,120
312,94,120
313,93,119
314,93,119
315,92,118
316,92,118
317,92,118
318,91,117
319,91,117
320,90,116
321,90,116
322,89,115
323,89,115
324,89,115
325,88,114
326,88,114
327,87,113
328,87,113
329,86,112
330,86,112
331,86,111
332,85,111
333,85,110
334,84,110
335,84,110
336,83,109
337,83,109
338,82,108
339,82,108
340,81,107
341,81,107
342,80,106
343,80,106
344,79,105
345,79,105
346,78,104
347,78,104
348,77,103
349,77,103
350,76,102
351,76,101
352,75,101
353,75,100
354,74,100
355,74,99
356,73,99
357,73,98
358,72,98
359,71,97
360,71,96
361,70,96
362,70,95
363,69,95
364,69,94
365,68,94
366,67,93
367,67,92
368,66,92
369,66,91
370,65,91
371,64,90
372,64,89
373,63,89
374,63,88
375,62,87
376,61,87
377,61,86
378,60,85
379,59,85
380,59,84
381,58,83
382,57,83
383,57,82
384,56,81
385,55,80
386,55,80
387,54,79
388,54,78
389,53,77
390,52,77
391,51,76
392,51,75
393,50,74
394,49,73
395,49,72
396,48,71
397,48,70
398,47,69
399,46,68
400,46,68
401,45,67
402,44,66
403,44,65
404,43,64
405,42,63
406,42,62
407,41,61
408,40,60
409,40,59
410,39,58
411,38,57
412,38,56
413,37,55
414,36,54
415,36,53
416,35,52
417,34,50
418,34,49
419,33,48
420,32,47
421,31,46
422,31,45
423,30,44
424,30,43
425,29,42
426,29,41
427,29,39
428,29,38
429,30,35
0,0
1,161
195,165,165
196,164,166
197,163,167
198,163,168
199,162,169
200,162,169
201,162,170
202,162,170
203,162,171
204,161,171
205,161,172
206,161,172
207,161,173
208,161,173
209,161,173
210,161,174
211,161,174
212,160,174
213,160,175
214,160,175
215,160,175
216,160,176
217,160,176
218,160,176
219,160,176
220,160,176
221,160,176
222,160,177
223,159,177
224,159,177
225,159,177
226,159,177
227,159,177
228,159,177
229,159,177
230,159,177
231,159,177
232,158,177
233,158,176
234,158,176
235,158,176
236,158,176
237,158,176
238,158,176
239,157,175
240,157,175
241,157,175
242,157,175
243,157,175
244,157,175
245,157,174
246,156,174
247,156,174
248,156,174
249,156,174
250,156,173
251,156,173
252,155,173
253,155,173
254,155,173
255,155,173
256,155,172
257,154,172
258,154,172
259,154,172
260,154,172
261,154,171
262,154,171
263,153,171
264,153,171
265,153,171
266,153,171
267,152,170
268,152,170
269,152,170
270,152,170
271,152,170
272,151,169
273,151,169
274,151,169
275,151,169
276,150,169
277,150,168
278,150,168
279,150,168
280,149,168
281,149,168
282,149,168
283,149,167
284,148,167
285,148,167
286,148,167
287,148,167
288,147,166
289,147,166
290,147,166
291,147,166
292,146,166
293,146,165
294,146,165
295,145,165
296,145,165
297,145,165
298,145,164
299,144,164
300,144,164
301,144,164
302,144,164
303,143,164
304,143,163
305,143,163
306,142,163
307,142,163
308,142,163
309,141,162
310,141,162
311,141,162
312,140,162
313,140,162
314,140,162
315,140,161
316,139,161
317,139,161
318,138,161
319,138,161
320,138,160
321,138,160
322,138,160
323,137,160
324,137,160
325,137,159
326,137,159
327,137,159
328,137,159
329,137,159
330,137,158
331,137,158
332,137,158
333,136,158
334,137,157
335,137,157
336,137,157
337,137,157
338,137,157
339,138,156
340,138,156
341,138,156
342,138,156
343,139,155
344,139,155
345,139,155
346,140,155
347,140,154
348,141,154
349,141,154
350,141,154
351,142,153
352,143,153
353,143,152
354,144,151
355,146,150
0,0
0,122
206,175,175
207,171,179
208,170,186
209,169,191
210,169,194
211,169,197
212,169,199
213,169,200
214,169,202
215,170,202
216,170,203
217,171,204
218,171,204
219,172,204
220,172,204
221,173,205
222,173,205
223,174,205
224,174,205
225,174,205
226,175,205
227,175,205
228,176,205
229,176,205
230,177,205
231,177,206
232,177,206
233,178,206
234,178,206
235,179,206
236,179,206
237,179,206
238,180,206
239,180,207
240,180,207
241,181,207
242,181,207
243,181,207
244,182,207
245,182,207
246,182,208
247,183,208
248,183,208
249,183,208
250,184,208
251,184,208
252,184,208
253,184,209
254,185,209
255,185,209
256,185,209
257,186,209
258,186,209
259,186,210
260,186,210
261,186,210
262,187,210
263,187,210
264,187,210
265,188,211
266,188,211
267,188,211
268,188,211
269,188,211
270,189,211
271,189,212
272,189,212
273,189,212
274,189,212
275,189,212
276,190,212
277,190,213
278,190,213
279,190,213
280,190,213
281,190,213
282,191,213
283,191,213
284,191,214
285,191,214
286,191,214
287,191,214
288,192,214
289,192,214
290,192,214
291,192,215
292,192,215
293,193,215
294,193,215
295,193,215
296,193,215
297,193,215
298,194,215
299,194,215
300,194,216
301,194,216
302,195,216
303,195,216
304,195,216
305,196,216
306,196,216
307,196,216
308,197,216
309,197,216
310,197,216
311,198,216
312,198,216
313,199,216
314,199,216
315,200,216
316,200,216
317,201,216
318,201,216
319,202,216
320,203,215
321,204,215
322,204,215
323,205,215
324,206,214
325,207,214
326,209,213
327,212,212
0,0
1,181
177,214,217
178,213,219
179,213,220
180,212,221
181,212,222
182,212,223
183,212,223
184,212,224
185,212,225
186,212,225
187,211,225
188,211,226
189,211,226
190,211,226
191,211,226
192,211,227
193,211,227
194,211,227
195,211,228
196,210,227
197,210,227
198,210,227
199,210,227
200,210,227
201,210,227
202,210,227
203,210,227
204,209,227
205,209,226
206,209,226
207,209,226
208,209,226
209,209,225
210,209,225
211,209,225
212,208,225
213,208,224
214,208,224
215,208,224
216,208,224
217,208,223
218,207,223
219,207,223
220,207,223
221,207,222
222,207,222
223,207,222
224,206,222
225,206,221
226,206,221
227,206,221
228,206,221
229,206,220
230,206,220
231,205,220
232,205,220
233,205,220
234,205,219
235,205,219
236,205,219
237,204,219
238,204,219
239,204,218
240,204,218
241,204,218
242,204,218
243,203,218
244,203,217
245,203,217
246,203,217
247,203,217
248,203,217
249,202,216
250,202,216
251,202,216
252,202,216
253,202,216
254,202,215
255,201,215
256,201,215
257,201,215
258,201,215
259,201,214
260,200,214
261,200,214
262,200,214
263,200,214
264,200,214
265,200,213
266,200,213
267,199,213
268,199,213
269,199,213
270,199,213
271,199,212
272,198,212
273,198,212
274,198,212
275,198,212
276,198,212
277,198,211
278,197,211
279,197,211
280,197,211
281,197,211
282,197,211
283,197,211
284,196,210
285,196,210
286,196,210
287,196,210
288,196,210
289,196,210
290,195,210
291,195,209
292,195,209
293,195,209
294,195,209
295,195,209
296,195,209
297,195,209
298,194,209
299,194,208
300,194,208
301,194,208
302,194,208
303,194,208
304,193,208
305,193,208
306,193,208
307,193,207
308,193,207
309,193,207
310,193,207
311,192,207
312,192,207
313,192,207
314,192,207
315,192,207
316,192,207
317,192,206
318,191,206
319,191,206
320,191,206
321,191,206
322,191,206
323,191,206
324,190,206
325,190,206
326,190,206
327,190,206
328,190,206
329,190,206
330,189,206
331,189,206
332,189,206
333,189,206
334,189,206
335,189,206
336,188,206
337,188,206
338,188,206
339,188,206
340,188,206
341,187,206
342,187,206
343,187,206
344,187,206
345,187,206
346,186,206
347,186,206
348,186,206
349,186,207
350,185,207
351,185,207
352,185,208
353,185,208
354,184,209
355,184,200
356,184,188
356,184,184
0,145
183,360,360
184,356,365
185,356,368
186,356,370
187,356,372
188,355,374
189,355,375
190,355,377
191,355,379
192,355,380
193,355,382
194,355,383
195,355,385
196,355,386
197,355,388
198,355,389
199,355,390
200,354,391
201,354,393
202,354,394
203,354,395
204,354,396
205,354,397
206,354,398
207,354,399
208,354,400
209,354,400
210,354,401
211,355,402
212,355,402
213,355,402
214,355,403
215,356,403
216,356,403
217,356,403
218,356,402
219,356,402
220,356,402
221,356,401
222,356,400
223,356,400
224,356,399
225,355,398
226,355,397
227,355,396
228,355,395
229,355,394
230,355,393
231,355,392
232,354,391
233,354,391
234,354,390
235,354,389
236,354,388
237,354,388
238,353,387
239,353,387
240,353,386
241,353,386
242,352,385
243,352,385
244,352,384
245,352,384
246,352,383
247,351,383
248,351,383
249,351,382
250,351,382
251,350,382
252,350,381
253,350,381
254,349,381
255,349,380
256,349,380
257,349,380
258,348,379
259,348,379
260,348,379
261,348,378
262,347,378
263,347,378
264,347,377
265,346,377
266,346,377
267,346,376
268,345,376
269,345,376
270,345,376
271,345,375
272,344,375
273,344,375
274,344,374
275,343,374
276,343,374
277,343,373
278,342,373
279,342,373
280,342,372
281,341,372
282,341,371
283,340,371
284,340,371
285,339,370
286,339,370
287,338,370
288,338,369
289,337,369
290,337,369
291,336,368
292,335,368
293,333,367
294,331,367
295,326,367
296,324,366
297,323,366
298,323,366
299,323,365
300,323,365
301,323,364
302,324,364
303,324,364
304,325,363
305,325,363
306,326,362
307,326,362
308,327,362
309,327,361
310,328,361
311,328,360
312,329,360
313,330,359
314,330,359
315,331,358
316,332,358
317,332,357
318,333,357
319,334,356
320,335,355
321,335,355
322,336,354
323,337,353
324,338,352
325,340,350
326,341,349
327,344,344
0,0
1,158
200,260,263
201,259,264
202,259,265
203,259,266
204,259,267
205,258,267
206,258,267
207,258,268
208,258,268
209,258,268
210,258,268
211,257,268
212,257,268
213,257,268
214,257,269
215,257,269
216,257,269
217,256,269
218,256,269
219,256,269
220,256,269
221,256,269
222,256,269
223,255,269
224,255,269
225,255,269
226,255,269
227,255,269
228,255,269
229,254,268
230,254,268
231,254,268
232,254,268
233,254,268
234,254,268
235,253,268
236,253,268
237,253,268
238,253,268
239,253,268
240,253,268
241,252,267
242,252,267
243,252,267
244,252,267
245,252,267
246,252,267
247,251,267
248,251,267
249,251,266
250,251,266
251,251,266
252,251,266
253,250,266
254,250,266
255,250,266
256,250,266
257,250,265
258,249,265
259,249,265
260,249,265
261,249,265
262,249,265
263,249,265
264,248,265
265,248,264
266,248,264
267,248,264
268,248,264
269,248,264
270,247,264
271,247,264
272,247,263
273,247,263
274,247,263
275,246,263
276,246,263
277,246,263
278,246,263
279,246,262
280,246,262
281,245,262
282,245,262
283,245,262
284,245,262
285,245,262
286,244,262
287,244,261
288,244,261
289,244,261
290,244,261
291,244,261
292,243,261
293,243,261
294,243,261
295,243,260
296,243,260
297,242,260
298,242,260
299,242,260
300,242,260
301,242,260
302,242,260
303,241,259
304,241,259
305,241,259
306,241,259
307,241,259
308,240,259
309,240,259
310,240,259
311,240,259
312,240,258
313,240,258
314,239,258
315,239,258
316,239,258
317,239,258
318,239,258
319,239,258
320,238,257
321,238,257
322,238,257
323,238,257
324,238,257
325,238,257
326,238,257
327,238,257
328,238,257
329,238,257
330,238,256
331,238,256
332,238,256
333,238,256
334,237,256
335,238,256
336,238,256
337,238,256
338,238,256
339,238,255
340,239,255
341,239,255
342,239,255
343,239,255
344,240,255
345,240,255
346,240,255
347,241,255
348,241,255
349,242,254
350,242,254
351,243,254
352,243,254
353,244,254
354,245,253
355,247,253
356,248,252
357,250,250
0,0
1,133
206,307,310
207,306,311
208,306,312
209,305,314
210,305,315
211,305,316
212,305,316
213,305,317
214,305,317
215,304,318
216,304,318
217,304,318
218,304,319
219,304,319
220,304,319
221,304,319
222,304,319
223,304,319
224,303,319
225,303,319
226,303,319
227,303,318
228,303,318
229,303,318
230,303,318
231,303,318
232,302,317
233,302,317
234,302,317
235,302,317
236,302,317
237,302,316
238,301,316
239,301,316
240,301,316
241,301,316
242,301,316
243,301,315
244,301,315
245,300,315
246,300,315
247,300,315
248,300,315
249,300,314
250,300,314
251,299,314
252,299,314
253,299,314
254,299,314
255,299,314
256,299,313
257,298,313
258,298,313
259,298,313
260,298,313
261,298,313
262,297,313
263,297,312
264,297,312
265,297,312
266,297,312
267,296,312
268,296,312
269,296,312
270,296,312
271,296,312
272,296,311
273,295,311
274,295,311
275,295,311
276,295,311
277,295,311
278,294,311
279,294,311
280,294,311
281,294,310
282,293,310
283,293,310
284,293,310
285,293,310
286,293,310
287,292,310
288,292,310
289,292,310
290,292,310
291,292,309
292,291,309
293,291,309
294,291,309
295,291,309
296,290,309
297,290,309
298,290,309
299,290,309
300,289,309
301,289,309
302,289,308
303,289,308
304,289,308
305,289,308
306,288,308
307,288,308
308,288,308
309,288,308
310,288,308
311,288,308
312,288,308
313,287,308
314,288,307
315,288,307
316,288,307
317,288,307
318,288,307
319,288,307
320,289,307
321,289,307
322,289,307
323,290,307
324,290,307
325,291,307
326,291,307
327,292,307
328,292,306
329,293,306
330,294,306
331,294,306
332,295,306
333,296,306
334,297,306
335,298,305
336,299,305
337,300,304
338,302,302
0,0
1,385
127,361,362
128,360,365
129,360,366
130,359,367
131,359,368
132,359,369
133,359,370
134,359,371
135,359,372
136,358,372
137,358,373
138,358,374
139,358,374
140,358,375
141,358,375
142,358,376
143,358,376
144,358,377
145,358,377
146,358,378
147,357,378
148,357,378
149,357,378
150,357,379
151,357,379
152,357,379
153,357,379
154,357,379
155,357,380
156,357,380
157,357,380
158,357,380
159,356,380
160,356,380
161,356,380
162,356,380
163,356,379
164,356,379
165,356,379
166,356,379
167,356,379
168,356,379
169,356,378
170,355,378
171,355,378
172,355,378
173,355,377
174,355,377
175,355,377
176,355,377
177,355,376
178,355,376
179,355,376
180,354,376
181,354,376
182,354,375
183,354,375
184,354,375
185,354,375
186,354,374
187,354,374
188,354,374
189,354,374
190,354,374
191,353,374
192,353,373
193,353,373
194,353,373
195,353,373
196,353,373
197,353,372
198,353,372
199,353,372
200,353,372
201,353,372
202,353,372
203,352,371
204,352,371
205,352,371
206,352,371
207,352,371
208,352,370
209,352,370
210,352,370
211,352,370
212,352,370
213,351,370
214,351,370
215,351,369
216,351,369
217,351,369
218,351,369
219,351,369
220,351,368
221,351,368
222,351,368
223,350,368
224,350,368
225,350,368
226,350,368
227,350,367
228,350,367
229,350,367
230,350,367
231,350,367
232,350,367
233,349,367
234,349,366
235,349,366
236,349,366
237,349,366
238,349,366
239,349,366
240,349,366
241,349,366
242,349,366
243,348,365
244,348,365
245,348,365
246,348,365
247,348,365
248,348,365
249,348,365
250,348,365
251,348,364
252,348,364
253,348,364
254,347,364
255,347,364
256,347,364
257,347,364
258,347,364
259,347,363
260,347,363
261,347,363
262,347,363
263,347,363
264,346,363
265,346,363
266,346,363
267,346,363
268,346,363
269,346,363
270,346,362
271,346,362
272,346,362
273,345,362
274,345,362
275,345,362
276,345,362
277,345,362
278,345,362
279,345,362
280,345,362
281,345,361
282,345,361
283,344,361
284,344,361
285,344,361
286,344,361
287,344,361
288,344,361
289,344,361
290,344,361
291,344,361
292,344,361
293,343,361
294,343,361
295,343,360
296,343,360
297,343,360
298,343,360
299,343,360
300,343,360
301,343,360
302,342,360
303,342,360
304,342,360
305,342,360
306,342,360
307,342,360
308,342,360
309,342,360
310,342,360
311,341,360
312,341,360
313,341,360
314,341,360
315,341,360
316,341,360
317,341,359
318,341,359
319,340,359
320,340,359
321,340,359
322,340,359
323,340,359
324,340,359
325,340,359
326,340,359
327,340,359
328,339,359
329,339,359
330,339,359
331,339,359
332,339,359
333,339,359
334,339,359
335,339,359
336,338,359
337,338,359
338,338,359
339,338,359
340,338,359
341,338,359
342,338,359
343,338,359
344,337,359
345,337,359
346,337,359
347,337,359
348,337,359
349,337,359
350,337,359
351,336,359
352,336,359
353,336,359
354,336,359
355,336,359
356,336,359
357,336,359
358,336,359
359,335,359
360,335,359
361,335,359
362,335,359
363,335,359
364,335,359
365,335,359
366,334,359
367,334,359
368,334,359
369,334,359
370,334,359
371,334,359
372,334,359
373,333,359
374,333,359
375,333,359
376,333,359
377,357,359
377,333,360
378,357,359
378,333,360
379,357,359
379,333,360
380,357,359
380,332,360
381,357,359
381,332,360
382,357,359
382,332,360
383,357,359
383,332,360
384,357,359
384,332,360
385,357,359
385,332,360
386,357,359
386,331,360
387,357,359
387,331,360
388,357,359
388,331,360
389,357,359
389,331,360
390,357,359
390,331,360
391,357,359
391,331,360
392,357,359
392,330,360
393,357,359
393,330,360
394,357,359
394,330,360
395,357,359
395,330,360
396,357,359
396,330,360
397,357,359
397,330,360
398,357,359
398,329,360
399,357,359
399,329,360
400,357,359
400,329,360
401,357,359
401,329,360
402,357,359
402,329,360
403,357,359
403,329,361
404,357,359
404,328,361
405,357,359
405,328,361
406,357,359
406,328,361
407,357,359
407,328,361
408,357,359
408,328,361
409,357,359
409,327,361
410,357,359
410,328,361
411,357,359
411,328,361
412,357,359
412,328,361
413,357,359
413,328,361
414,357,359
414,328,361
415,357,359
415,328,361
416,357,359
416,328,361
417,357,359
417,328,361
418,357,359
418,329,361
419,357,359
419,329,361
420,357,359
420,329,361
421,357,359
421,329,361
422,357,359
422,330,361
423,357,359
423,330,361
424,357,359
424,330,361
425,357,359
425,330,361
426,357,359
426,331,361
427,357,359
427,331,361
428,357,359
428,332,361
429,357,359
429,332,361
430,357,359
430,333,362
431,357,359
431,333,362
432,334,362
433,334,362
434,335,362
435,335,362
436,336,362
437,337,362
438,337,362
439,338,362
440,339,362
441,339,362
442,340,362
443,341,362
444,342,362
445,342,361
446,343,361
447,344,361
448,345,361
449,346,361
450,347,361
451,348,360
452,349,360
453,350,359
454,351,358
455,353,357
455,353,356
0,0
0,381
98,261,267
99,258,270
100,256,273
101,255,275
102,254,277
103,253,279
104,252,280
105,252,282
106,252,284
107,252,285
108,252,287
109,253,288
110,253,289
111,254,290
112,254,291
113,255,292
114,256,293
115,256,293
116,257,294
117,257,294
118,258,295
119,258,295
120,259,295
121,259,295
122,260,295
123,261,295
124,261,294
125,262,294
126,262,294
127,262,294
128,263,294
129,263,294
130,263,293
131,263,293
132,264,293
133,264,293
134,264,293
135,264,292
136,264,292
137,265,292
138,265,292
139,265,292
140,265,292
141,265,291
142,265,291
143,265,291
144,265,291
145,265,291
146,266,291
147,266,291
148,266,290
149,266,290
150,266,290
151,266,290
152,266,290
153,266,290
154,266,290
155,266,290
156,266,290
157,266,290
158,266,290
159,266,290
160,267,290
161,267,290
162,267,290
163,267,290
164,267,290
165,267,289
166,267,289
167,267,289
168,267,289
169,267,289
170,267,289
171,267,289
172,267,289
173,267,289
174,267,289
175,267,289
176,267,289
177,267,289
178,267,289
179,267,289
180,267,289
181,267,289
182,267,289
183,267,289
184,267,289
185,267,289
186,267,289
187,267,289
188,267,289
189,267,289
190,267,289
191,267,289
192,267,289
193,267,289
194,267,289
195,267,289
196,267,289
197,267,289
198,267,289
199,267,289
200,267,289
201,267,289
202,267,289
203,267,289
204,267,289
205,267,289
206,267,289
207,267,289
208,267,289
209,267,289
210,267,288
211,267,288
212,267,288
213,267,288
214,267,288
215,267,288
216,267,288
217,267,288
218,267,288
219,267,288
220,267,288
221,267,288
222,267,288
223,267,288
224,267,288
225,267,288
226,267,288
227,267,288
228,267,288
229,267,288
230,267,288
231,267,288
232,267,288
233,267,288
234,267,288
235,267,288
236,267,288
237,267,288
238,267,288
239,267,288
240,267,288
241,267,288
242,267,288
243,267,288
244,267,288
245,267,288
246,267,288
247,267,288
248,267,288
249,267,288
250,267,288
251,267,288
252,267,288
253,267,288
254,267,288
255,267,288
256,267,288
257,267,288
258,267,288
259,267,288
260,267,288
261,267,288
262,267,288
263,267,288
264,267,288
265,267,288
266,267,288
267,266,288
268,266,288
269,266,288
270,266,288
271,266,288
272,266,288
273,266,288
274,266,288
275,266,288
276,266,288
277,266,288
278,266,288
279,266,288
280,266,288
281,266,288
282,266,288
283,266,288
284,266,288
285,266,288
286,266,288
287,266,288
288,266,288
289,266,288
290,266,288
291,266,288
292,266,288
293,266,288
294,266,288
295,266,288
296,266,288
297,266,288
298,266,288
299,266,288
300,266,288
301,266,288
302,266,288
303,266,288
304,266,288
305,266,288
306,266,288
307,266,288
308,266,288
309,266,288
310,266,288
311,266,288
312,265,288
313,265,288
314,265,288
315,265,288
316,265,288
317,265,288
318,265,288
319,265,288
320,265,288
321,265,288
322,265,288
323,265,288
324,265,288
325,265,288
326,265,288
327,265,288
328,265,288
329,265,288
330,265,288
331,265,288
332,265,288
333,265,288
334,265,288
335,265,288
336,265,289
337,265,289
338,265,289
339,265,289
340,265,289
341,265,289
342,265,289
343,265,289
344,265,289
345,265,289
346,265,289
347,265,289
348,265,289
349,265,289
350,265,289
351,264,289
352,264,289
353,264,289
354,264,289
355,264,289
356,264,289
357,264,289
358,264,289
359,264,289
360,264,289
361,264,289
362,264,289
363,264,289
364,264,289
365,264,289
366,264,289
367,264,290
368,264,290
369,264,290
370,264,290
371,264,290
372,264,290
373,264,290
374,264,290
375,264,290
376,264,290
377,264,290
378,264,290
379,264,290
380,264,290
381,264,290
382,264,290
383,264,290
384,264,290
385,264,290
386,264,290
387,264,290
388,264,290
389,264,290
390,264,290
391,264,290
392,264,290
393,264,290
394,264,290
395,264,290
396,264,290
397,264,290
398,264,290
399,264,290
400,264,290
401,264,290
402,264,290
403,264,290
404,264,289
405,264,289
406,264,289
407,264,289
408,264,289
409,264,289
410,264,289
411,264,289
412,264,289
413,264,289
414,264,289
415,264,289
416,264,289
417,264,289
418,264,289
419,264,289
420,264,289
421,264,289
422,264,289
423,264,289
424,264,289
425,264,288
426,264,288
427,264,288
428,264,288
429,264,288
430,264,288
431,264,288
432,264,288
433,264,288
434,264,288
435,264,288
436,264,288
437,264,287
438,264,287
439,264,287
440,264,287
441,264,287
442,264,287
443,264,287
444,264,287
445,264,287
446,264,287
447,264,287
448,264,286
449,264,286
450,264,286
451,264,286
452,264,286
453,265,286
454,265,286
455,265,286
456,265,286
457,265,286
458,265,286
459,265,285
460,265,285
461,266,285
462,266,285
463,266,285
464,266,284
465,266,284
466,267,284
467,267,284
468,267,283
469,268,283
470,268,283
471,269,282
472,269,282
473,269,281
474,270,280
475,271,280
476,272,279
477,273,277
478,275,275
0,0
