0,55
30,225,228
31,222,233
32,221,236
33,221,239
34,221,242
35,221,245
36,221,247
37,221,250
38,221,252
39,222,254
40,222,257
41,223,259
42,224,261
43,224,263
44,225,265
45,226,266
46,227,268
47,228,269
48,229,270
49,230,272
50,231,273
51,232,273
52,233,274
53,234,275
54,235,276
55,236,276
56,237,277
57,238,277
58,239,277
59,240,278
60,241,278
61,242,278
62,243,278
63,244,278
64,245,278
65,246,279
66,247,279
67,248,279
68,249,279
69,250,279
70,251,279
71,252,279
72,253,279
73,254,279
74,255,279
75,256,279
76,257,278
77,257,278
78,258,278
79,259,277
80,261,277
81,262,276
82,264,275
83,267,272
84,270,270
0,0
1,252
110,101,103
111,100,104
112,100,105
113,99,105
114,99,106
115,99,107
116,99,107
117,98,108
118,98,109
119,98,109
120,98,110
121,98,110
122,98,111
123,98,111
124,98,111
125,98,112
126,98,112
127,98,113
128,98,113
129,98,113
130,98,114
131,97,114
132,97,114
133,97,114
134,97,115
135,97,115
136,97,115
137,97,115
138,97,115
139,97,115
140,97,116
141,97,116
142,97,116
143,97,116
144,97,116
145,97,116
146,97,116
147,96,116
148,96,116
149,96,115
150,96,115
151,96,115
152,96,115
153,96,115
154,96,115
155,96,115
156,96,115
157,96,115
158,96,115
159,96,114
160,95,114
161,95,114
162,95,114
163,95,114
164,95,114
165,95,114
166,95,113
167,95,113
168,95,113
169,95,113
170,95,113
171,94,113
172,94,112
173,94,112
174,94,112
175,94,112
176,94,112
177,94,112
178,94,112
179,94,111
180,93,111
181,93,111
182,93,111
183,93,111
184,93,111
185,93,111
186,93,110
187,93,110
188,93,110
189,92,110
190,92,110
191,92,110
192,92,110
193,92,109
194,92,109
195,92,109
196,92,109
197,91,109
198,91,109
199,91,108
200,91,108
201,91,108
202,91,108
203,91,108
204,90,108
205,90,108
206,90,107
207,90,107
208,90,107
209,90,107
210,90,107
211,89,107
212,89,107
213,89,106
214,89,106
215,89,106
216,89,106
217,88,106
218,88,106
219,88,105
220,88,105
221,88,105
222,88,105
223,87,105
224,87,105
225,87,105
226,87,104
227,87,104
228,87,104
229,86,104
230,86,104
231,86,104
232,86,104
233,86,103
234,85,103
235,85,103
236,85,103
237,85,103
238,85,103
239,84,103
240,84,102
241,84,102
242,84,102
243,84,102
244,83,102
245,83,102
246,83,101
247,83,101
248,83,101
249,82,101
250,82,101
251,82,101
252,82,101
253,82,100
254,81,100
255,81,100
256,81,100
257,81,100
258,81,100
259,80,99
260,80,99
261,80,99
262,80,99
263,79,99
264,79,99
265,79,99
266,79,98
267,79,98
268,78,98
269,78,98
270,78,98
271,78,98
272,77,97
273,77,97
274,77,97
275,77,97
276,76,97
277,76,97
278,76,97
279,76,96
280,75,96
281,75,96
282,75,96
283,75,96
284,74,96
285,74,95
286,74,95
287,74,95
288,73,95
289,73,95
290,73,95
291,73,95
292,72,94
293,72,94
294,72,94
295,72,94
296,71,94
297,71,94
298,71,93
299,71,93
300,70,93
301,70,93
302,70,93
303,70,93
304,69,92
305,69,92
306,69,92
307,69,92
308,68,92
309,68,92
310,68,91
311,67,91
312,67,91
313,67,91
314,67,91
315,66,91
316,66,91
317,66,90
318,65,90
319,65,90
320,65,90
321,65,90
322,64,89
323,64,89
324,64,89
325,64,89
326,64,89
327,64,89
328,63,88
329,63,88
330,63,88
331,63,88
332,63,88
333,63,87
334,63,87
335,63,87
336,63,87
337,63,87
338,63,86
339,63,86
340,63,86
341,63,86
342,63,86
343,64,85
344,64,85
345,65,85
346,65,85
347,65,84
348,66,84
349,66,84
350,66,84
351,67,83
352,67,83
353,68,83
354,68,82
355,69,82
356,69,82
357,70,81
358,71,81
359,71,80
360,73,79
361,75,77
0,0
0,319
98,113,113
99,109,116
100,106,120
101,105,122
102,104,124
103,104,126
104,104,128
105,104,130
106,104,131
107,104,133
108,104,135
109,105,136
110,105,137
111,106,138
112,107,139
113,107,140
114,108,141
115,108,142
116,109,143
117,109,144
118,110,145
119,110,145
120,111,146
121,111,146
122,111,146
123,112,146
124,112,146
125,112,146
126,112,146
127,113,146
128,113,146
129,113,146
130,113,145
131,113,145
132,113,144
133,113,144
134,113,144
135,113,143
136,113,143
137,113,143
138,113,143
139,113,143
140,112,142
141,112,142
142,112,142
143,112,142
144,112,142
145,112,141
146,112,141
147,112,141
148,112,141
149,112,141
150,112,141
151,112,141
152,112,140
153,112,140
154,111,140
155,111,140
156,111,140
157,111,140
158,111,139
159,111,139
160,111,139
161,111,139
162,111,139
163,111,139
164,111,139
165,111,139
166,111,138
167,111,138
168,110,138
169,110,138
170,110,138
171,110,138
172,110,138
173,110,138
174,110,137
175,110,137
176,110,137
177,110,137
178,110,137
179,110,137
180,110,137
181,109,137
182,109,136
183,109,136
184,109,136
185,109,136
186,109,136
187,109,136
188,109,136
189,109,136
190,109,136
191,109,135
192,108,135
193,108,135
194,108,135
195,108,135
196,108,135
197,108,135
198,108,135
199,108,134
200,107,134
201,107,134
202,107,134
203,107,134
204,107,134
205,107,133
206,107,133
207,106,133
208,106,133
209,106,133
210,106,133
211,106,132
212,106,132
213,106,132
214,105,132
215,105,132
216,105,132
217,105,131
218,105,131
219,105,131
220,104,131
221,104,131
222,104,130
223,104,130
224,104,130
225,104,130
226,103,129
227,103,129
228,103,129
229,103,129
230,103,129
231,102,128
232,102,128
233,102,128
234,102,128
235,102,127
236,102,127
237,101,127
238,101,127
239,101,127
240,101,126
241,101,126
242,100,126
243,100,126
244,100,125
245,100,125
246,99,125
247,99,125
248,99,124
249,99,124
250,99,124
251,98,124
252,98,123
253,98,123
254,98,123
255,97,122
256,97,122
257,97,122
258,97,122
259,96,121
260,96,121
261,96,121
262,96,121
263,95,120
264,95,120
265,95,120
266,95,119
267,94,119
268,94,119
269,94,118
270,94,118
271,93,118
272,93,118
273,93,117
274,92,117
275,92,117
276,92,116
277,91,116
278,91,116
279,91,116
280,90,115
281,90,115
282,90,115
283,90,114
284,89,114
285,89,113
286,89,113
287,88,113
288,88,112
289,88,112
290,87,112
291,87,111
292,87,111
293,86,111
294,86,110
295,86,110
296,85,110
297,85,109
298,85,109
299,84,109
300,84,108
301,83,108
302,83,107
303,83,107
304,82,107
305,82,106
306,82,106
307,81,105
308,81,105
309,80,104
310,80,104
311,80,104
312,79,103
313,79,103
314,78,102
315,78,102
316,78,102
317,77,101
318,77,101
319,76,100
320,76,100
321,75,99
322,75,99
323,75,99
324,74,98
325,74,98
326,73,97
327,73,97
328,72,96
329,72,96
330,72,95
331,71,95
332,71,94
333,70,94
334,70,94
335,69,93
336,69,93
337,68,92
338,68,91
339,67,91
340,67,90
341,66,90
342,66,89
343,65,89
344,65,88
345,64,88
346,64,87
347,63,87
348,63,86
349,62,86
350,62,85
351,61,85
352,60,84
353,60,84
354,59,83
355,59,82
356,58,82
357,58,81
358,57,81
359,56,80
360,56,79
361,55,79
362,55,78
363,54,78
364,54,77
365,53,76
366,52,76
367,52,75
368,51,74
369,50,74
370,50,73
371,49,72
372,48,72
373,48,71
374,47,70
375,47,69
376,46,69
377,45,68
378,45,67
379,44,66
380,43,66
381,43,65
382,42,64
383,41,63
384,41,62
385,40,61
386,40,60
387,39,59
388,38,58
389,38,57
390,37,57
391,36,56
392,36,55
393,35,54
394,34,53
395,34,52
396,33,51
397,33,50
398,32,49
399,31,48
400,30,47
401,30,46
402,29,45
403,29,44
404,28,43
405,27,42
406,27,41
407,26,40
408,25,39
409,25,38
410,24,37
411,24,36
412,24,35
413,23,33
414,23,32
415,24,30
416,25,25
0,0
1,123
142,153,155
143,152,155
144,152,156
145,151,157
146,151,158
147,151,158
148,151,159
149,151,160
150,150,160
151,150,161
152,150,162
153,150,162
154,150,163
155,150,163
156,149,163
157,149,164
158,149,164
159,149,164
160,149,165
161,149,164
162,149,164
163,148,164
164,148,164
165,148,163
166,148,163
167,148,163
168,148,163
169,148,163
170,147,162
171,147,162
172,147,162
173,147,162
174,147,161
175,147,161
176,146,161
177,146,161
178,146,161
179,146,160
180,146,160
181,146,160
182,145,160
183,145,159
184,145,159
185,145,159
186,145,159
187,144,158
188,144,158
189,144,158
190,144,158
191,144,158
192,143,157
193,143,157
194,143,157
195,143,157
196,143,157
197,142,156
198,142,156
199,142,156
200,142,156
201,141,156
202,141,155
203,141,155
204,141,155
205,140,155
206,140,155
207,140,154
208,140,154
209,139,154
210,139,154
211,139,154
212,139,153
213,138,153
214,138,153
215,138,153
216,137,153
217,137,153
218,137,152
219,137,152
220,136,152
221,136,152
222,136,152
223,136,151
224,135,151
225,135,151
226,135,151
227,134,151
228,134,151
229,134,150
230,134,150
231,133,150
232,133,150
233,133,150
234,132,150
235,132,149
236,132,149
237,132,149
238,132,149
239,131,149
240,131,148
241,131,148
242,131,148
243,130,148
244,131,148
245,131,148
246,131,147
247,131,147
248,132,147
249,132,147
250,132,147
251,132,147
252,133,146
253,133,146
254,133,146
255,134,146
256,134,146
257,134,146
258,135,146
259,135,146
260,136,145
261,136,145
262,137,145
263,138,144
264,139,142
0,0
0,131
158,157,157
159,153,159
160,152,163
161,152,165
162,152,166
163,152,168
164,152,169
165,152,170
166,153,172
167,153,173
168,154,174
169,154,174
170,155,175
171,155,176
172,156,176
173,156,177
174,156,177
175,157,177
176,157,177
177,157,177
178,157,177
179,157,176
180,157,176
181,158,176
182,158,176
183,158,176
184,158,176
185,158,176
186,158,176
187,158,176
188,158,176
189,158,176
190,158,176
191,158,176
192,158,175
193,158,175
194,158,175
195,158,175
196,158,175
197,158,175
198,158,175
199,158,175
200,158,175
201,158,175
202,158,175
203,158,175
204,158,175
205,158,175
206,158,175
207,158,175
208,158,175
209,158,175
210,158,175
211,158,175
212,158,175
213,158,175
214,158,175
215,158,174
216,158,174
217,158,174
218,158,174
219,158,174
220,158,174
221,158,174
222,158,174
223,158,174
224,158,174
225,158,174
226,158,174
227,158,174
228,158,174
229,158,174
230,158,174
231,158,174
232,158,174
233,158,174
234,158,174
235,158,174
236,158,174
237,158,174
238,158,174
239,158,174
240,158,174
241,158,173
242,158,173
243,158,173
244,158,173
245,158,173
246,158,173
247,158,173
248,158,173
249,158,173
250,158,173
251,158,173
252,158,173
253,158,173
254,158,173
255,158,173
256,158,173
257,158,173
258,158,173
259,158,173
260,158,173
261,158,173
262,158,173
263,158,173
264,158,173
265,158,173
266,158,172
267,157,172
268,157,172
269,157,172
270,157,172
271,157,172
272,157,172
273,157,172
274,157,172
275,157,172
276,157,172
277,157,172
278,157,172
279,157,172
280,157,172
281,157,172
282,157,172
283,157,172
284,157,172
285,157,172
286,157,172
287,157,172
288,164,172
0,0
0,329
142,216,216
143,214,218
144,211,222
145,210,224
146,210,226
147,210,228
148,210,229
149,211,231
150,211,232
151,212,234
152,213,235
153,213,236
154,214,237
155,214,238
156,214,239
157,215,240
158,215,240
159,215,241
160,216,241
161,216,241
162,216,241
163,216,241
164,217,241
165,217,241
166,217,241
167,217,240
168,218,240
169,218,240
170,218,240
171,218,240
172,218,240
173,218,240
174,219,240
175,219,239
176,219,239
177,219,239
178,219,239
179,219,239
180,219,239
181,219,239
182,219,239
183,220,239
184,220,239
185,220,239
186,220,239
187,220,239
188,220,238
189,220,238
190,220,238
191,220,238
192,220,238
193,220,238
194,220,238
195,221,238
196,221,238
197,221,238
198,221,238
199,221,238
200,221,238
201,221,238
202,221,238
203,221,238
204,221,238
205,221,238
206,221,238
207,221,238
208,221,238
209,221,237
210,221,237
211,221,237
212,221,237
213,221,237
214,221,237
215,221,237
216,221,237
217,221,237
218,221,237
219,221,237
220,221,237
221,221,237
222,221,237
223,221,237
224,221,237
225,221,237
226,221,237
227,221,237
228,221,237
229,221,237
230,221,237
231,221,237
232,221,237
233,221,237
234,221,237
235,221,237
236,221,237
237,221,237
238,221,237
239,221,237
240,221,237
241,221,237
242,221,237
243,221,237
244,221,237
245,221,237
246,221,237
247,221,237
248,221,237
249,221,237
250,221,237
251,221,237
252,221,237
253,221,237
254,221,237
255,221,237
256,221,237
257,221,237
258,221,237
259,221,237
260,221,237
261,221,237
262,221,237
263,221,237
264,221,236
265,221,236
266,221,236
267,221,236
268,221,236
269,221,236
270,221,236
271,221,236
272,221,236
273,221,236
274,221,236
275,221,236
276,221,236
277,221,236
278,221,236
279,221,236
280,221,236
281,221,236
282,220,236
283,220,236
284,220,236
285,220,236
286,220,236
287,220,236
288,220,236
289,220,236
290,220,236
291,220,236
292,220,236
293,220,236
294,220,236
295,220,236
296,220,236
297,220,236
298,220,236
299,220,236
300,220,236
301,220,236
302,220,236
303,220,236
304,220,236
305,220,236
306,220,236
307,220,236
308,220,236
309,220,236
310,219,236
311,219,237
312,219,237
313,219,237
314,219,237
315,219,237
316,219,237
317,219,237
318,219,237
319,219,237
320,219,237
321,219,237
322,219,237
323,219,237
324,219,237
325,219,237
326,219,237
327,219,237
328,219,237
329,219,237
330,219,237
331,219,237
332,219,237
333,219,237
334,218,237
335,218,237
336,218,237
337,218,237
338,218,237
339,218,237
340,218,237
341,218,237
342,218,237
343,218,237
344,218,237
345,218,237
346,218,237
347,218,237
348,218,237
349,218,237
350,218,237
351,218,237
352,218,237
353,217,237
354,217,237
355,217,237
356,217,237
357,217,237
358,217,237
359,217,237
360,217,237
361,217,237
362,217,237
363,217,237
364,217,237
365,217,237
366,217,237
367,217,237
368,216,237
369,216,237
370,216,237
371,216,237
372,216,237
373,216,237
374,216,237
375,216,237
376,216,237
377,216,237
378,216,237
379,216,237
380,215,238
381,215,238
382,215,238
383,215,238
384,215,238
385,215,238
386,215,238
387,215,238
388,215,238
389,215,238
390,214,238
391,214,238
392,214,238
393,214,238
394,214,238
395,214,238
396,214,238
397,214,238
398,213,238
399,213,238
400,213,238
401,213,238
402,213,238
403,213,238
404,213,238
405,212,238
406,212,238
407,212,238
408,212,238
409,212,238
410,211,238
411,211,238
412,211,238
413,211,238
414,211,238
415,211,238
416,210,238
417,210,238
418,210,239
419,210,239
420,209,239
421,209,239
422,209,239
423,209,239
424,208,239
425,208,239
426,208,239
427,208,239
428,208,239
429,208,239
430,208,239
431,209,239
432,209,239
433,209,239
434,209,239
435,209,239
436,209,239
437,210,239
438,210,239
439,210,239
440,210,239
441,211,239
442,211,240
443,211,240
444,211,240
445,212,240
446,212,240
447,212,240
448,213,240
449,213,240
450,214,240
451,214,239
452,215,239
453,215,239
454,216,239
455,216,239
456,217,239
457,218,238
458,218,238
459,219,238
460,220,237
461,220,237
462,221,237
463,222,236
464,223,236
465,223,235
466,224,235
467,225,234
468,227,233
469,228,232
470,230,230
0,0
1,63
166,196,198
167,196,199
168,195,200
169,195,201
170,194,201
171,194,201
172,194,202
173,193,202
174,193,202
175,192,202
176,192,202
177,192,202
178,191,202
179,191,201
180,190,201
181,190,201
182,190,201
183,189,201
184,189,201
185,188,201
186,188,200
187,187,200
188,187,200
189,187,200
190,186,200
191,186,200
192,186,199
193,185,199
194,185,199
195,185,199
196,185,199
197,184,199
198,184,198
199,184,198
200,184,198
201,183,198
202,183,198
203,183,198
204,183,197
205,183,197
206,183,197
207,183,197
208,183,197
209,182,197
210,183,196
211,183,196
212,183,196
213,183,196
214,183,196
215,183,196
216,183,195
217,183,195
218,183,195
219,183,195
220,184,195
221,184,195
222,185,195
223,185,194
224,186,194
225,186,194
226,187,193
227,188,193
228,190,192
0,0
1,69
162,236,237
163,235,238
164,235,239
165,235,240
166,234,241
167,234,241
168,234,241
169,233,241
170,233,241
171,233,241
172,233,242
173,232,241
174,232,241
175,232,241
176,231,241
177,231,241
178,231,241
179,230,241
180,230,240
181,230,240
182,230,240
183,229,240
184,229,240
185,229,240
186,228,240
187,228,240
188,228,240
189,227,239
190,227,239
191,227,239
192,226,239
193,226,239
194,226,239
195,226,238
196,225,238
197,225,238
198,225,238
199,225,238
200,224,238
201,224,238
202,224,237
203,224,237
204,224,237
205,223,237
206,223,237
207,223,237
208,223,237
209,223,236
210,223,236
211,223,236
212,222,236
213,223,236
214,223,236
215,223,236
216,223,236
217,223,235
218,223,235
219,224,235
220,224,235
221,224,235
222,225,235
223,225,235
224,225,235
225,226,234
226,226,234
227,227,234
228,228,233
229,229,233
230,231,231
0,0
1,116
119,284,288
120,283,290
121,282,291
122,282,292
123,282,293
124,281,294
125,281,294
126,281,295
127,281,296
128,281,297
129,281,297
130,281,298
131,281,299
132,281,299
133,281,300
134,281,300
135,281,301
136,281,301
137,281,302
138,281,302
139,281,302
140,280,303
141,280,303
142,280,303
143,280,303
144,280,302
145,280,302
146,280,302
147,279,301
148,279,300
149,279,300
150,279,299
151,279,299
152,278,298
153,278,297
154,278,297
155,278,296
156,278,296
157,277,295
158,277,295
159,277,294
160,277,294
161,277,293
162,276,293
163,276,293
164,276,292
165,276,292
166,276,291
167,275,291
168,275,290
169,275,290
170,275,290
171,274,289
172,274,289
173,274,288
174,274,288
175,274,288
176,273,287
177,273,287
178,273,287
179,273,286
180,272,286
181,272,285
182,272,285
183,272,285
184,271,284
185,271,284
186,271,284
187,271,283
188,271,283
189,270,283
190,270,282
191,270,282
192,270,282
193,269,281
194,269,281
195,269,280
196,269,280
197,268,280
198,268,279
199,268,279
200,268,279
201,267,278
202,267,278
203,267,278
204,267,277
205,266,277
206,266,276
207,266,276
208,266,276
209,265,275
210,265,275
211,265,275
212,265,274
213,264,274
214,264,273
215,264,273
216,264,273
217,263,272
218,263,272
219,263,271
220,263,271
221,262,271
222,262,270
223,262,270
224,262,269
225,261,269
226,261,268
227,261,268
228,261,267
229,260,267
230,260,266
231,260,265
232,261,265
233,261,264
234,262,263
0,0
1,104
212,314,317
211,312,318
210,311,318
209,310,319
208,309,319
207,308,319
206,307,319
205,307,319
204,306,319
203,305,319
202,304,319
201,304,320
200,303,320
199,302,320
198,302,320
197,301,320
196,301,320
195,300,320
194,300,320
193,299,320
192,299,320
191,298,321
190,298,321
189,297,321
188,297,321
187,297,321
186,296,322
185,296,322
184,296,322
183,297,322
182,297,323
181,298,323
180,300,323
179,303,324
178,305,324
177,306,324
176,306,324
175,307,325
174,308,325
173,308,325
172,309,326
171,309,326
170,310,326
169,310,326
168,311,327
167,312,327
166,312,327
165,314,317
165,313,328
164,314,317
164,313,328
163,314,328
162,314,328
161,315,329
160,315,329
159,316,329
158,316,329
157,316,329
156,317,330
155,317,330
154,318,330
153,318,330
152,319,330
151,319,331
150,320,331
149,320,331
148,320,331
147,321,331
146,321,332
145,322,332
144,322,332
143,322,332
142,323,332
141,323,332
140,324,333
139,324,333
138,324,333
137,325,333
136,325,333
135,325,333
134,326,333
133,326,334
132,326,334
131,327,334
130,327,334
129,327,334
128,328,334
127,328,334
126,328,334
125,329,334
124,329,335
123,329,335
122,330,335
121,330,335
120,330,335
119,331,335
118,331,335
117,331,335
116,332,335
115,332,335
114,332,336
113,333,336
112,333,335
111,334,335
0,0
1,114
100,367,369
101,366,369
102,365,370
103,365,371
104,365,371
105,365,372
106,364,372
107,364,373
108,364,373
109,364,373
110,364,374
111,364,374
112,363,374
113,363,375
114,363,375
115,363,375
116,363,375
117,363,376
118,363,376
119,362,376
120,362,376
121,362,376
122,362,376
123,362,376
124,361,377
125,361,376
126,361,376
127,361,376
128,361,376
129,361,376
130,360,376
131,360,376
132,360,376
133,360,376
134,360,376
135,359,375
136,359,375
137,359,375
138,359,375
139,358,374
140,358,374
141,358,374
142,358,374
143,358,373
144,357,373
145,357,373
146,357,373
147,356,372
148,356,372
149,356,372
150,356,372
151,355,371
152,355,371
153,355,371
154,354,371
155,354,370
156,354,370
157,354,370
158,353,370
159,353,370
160,353,369
161,352,369
162,352,369
163,352,369
164,351,368
165,351,368
166,351,368
167,350,368
168,350,367
169,350,367
170,349,367
171,349,367
172,349,366
173,348,366
174,348,366
175,348,366
176,347,366
177,347,365
178,346,365
179,346,365
180,346,365
181,345,364
182,345,364
183,345,364
184,345,364
185,344,363
186,344,363
187,344,363
188,344,363
189,344,362
190,344,362
191,344,362
192,343,362
193,343,361
194,343,361
195,344,361
196,344,361
197,344,360
198,344,360
199,344,360
200,344,359
201,345,359
202,345,359
203,345,359
204,345,358
205,346,358
206,346,358
207,346,357
208,347,357
209,347,357
210,348,356
211,348,356
212,350,355
213,351,353
0,0
0,85
324,153,153
325,149,155
326,147,158
327,147,160
328,147,162
329,147,163
330,147,165
331,147,166
332,148,167
333,148,168
334,149,169
335,149,170
336,150,171
337,150,172
338,150,172
339,151,172
340,151,173
341,151,173
342,151,173
343,151,173
344,151,173
345,151,173
346,151,173
347,151,172
348,151,172
349,151,172
350,152,172
351,152,172
352,152,172
353,152,172
354,152,172
355,152,172
356,152,172
357,152,172
358,152,171
359,152,171
360,152,171
361,152,171
362,152,171
363,152,171
364,152,171
365,152,171
366,152,171
367,152,171
368,152,171
369,152,171
370,152,171
371,152,171
372,152,170
373,152,170
374,152,170
375,152,170
376,152,170
377,152,170
378,152,170
379,152,170
380,152,170
381,152,170
382,152,170
383,152,170
384,152,170
385,152,170
386,152,169
387,152,169
388,153,169
389,153,169
390,153,169
391,153,169
392,153,169
393,153,169
394,153,169
395,153,169
396,153,169
397,153,169
398,153,169
399,153,169
400,153,169
401,153,169
402,153,168
403,153,168
404,153,168
405,153,168
406,153,168
407,156,168
408,168,168
0,0
1,113
94,417,421
95,416,423
96,415,424
97,415,425
98,414,426
99,414,426
100,414,427
101,414,428
102,414,428
103,414,429
104,414,430
105,413,430
106,413,431
107,413,431
108,413,432
109,413,432
110,413,433
111,412,433
112,412,434
113,412,434
114,412,435
115,412,435
116,411,436
117,411,436
118,411,436
119,411,436
120,410,437
121,410,436
122,410,436
123,410,436
124,409,436
125,409,435
126,409,435
127,409,434
128,408,433
129,408,432
130,408,432
131,408,431
132,407,430
133,407,429
134,407,429
135,406,428
136,406,427
137,406,427
138,406,426
139,405,426
140,405,425
141,405,424
142,404,424
143,404,423
144,404,423
145,403,422
146,403,421
147,403,421
148,402,420
149,402,420
150,402,419
151,402,419
152,401,418
153,401,418
154,401,417
155,400,417
156,400,416
157,400,416
158,399,416
159,399,415
160,399,415
161,398,414
162,398,414
163,398,413
164,397,413
165,397,412
166,397,412
167,396,411
168,396,411
169,396,410
170,395,410
171,395,409
172,395,409
173,394,408
174,394,408
175,394,407
176,393,407
177,393,406
178,393,406
179,392,405
180,392,405
181,392,404
182,392,404
183,391,403
184,391,403
185,390,402
186,390,402
187,390,401
188,389,401
189,389,400
190,389,400
191,389,399
192,388,398
193,388,398
194,387,397
195,387,397
196,387,396
197,386,396
198,386,395
199,386,394
200,385,394
201,385,393
202,385,392
203,385,392
204,385,391
205,385,390
206,386,389
0,0
1,137
260,167,168
261,166,169
262,166,170
263,165,171
264,165,171
265,165,172
266,165,172
267,164,173
268,164,173
269,164,174
270,164,174
271,164,175
272,164,175
273,164,175
274,164,176
275,163,176
276,163,176
277,163,177
278,163,177
279,163,177
280,163,177
281,163,178
282,163,178
283,163,178
284,163,178
285,162,178
286,162,178
287,162,178
288,162,178
289,162,178
290,162,178
291,162,179
292,161,178
293,161,178
294,161,178
295,161,178
296,161,178
297,161,178
298,161,177
299,160,177
300,160,177
301,160,177
302,160,177
303,160,177
304,160,177
305,159,176
306,159,176
307,159,176
308,159,176
309,159,176
310,159,175
311,158,175
312,158,175
313,158,175
314,158,175
315,157,174
316,157,174
317,157,174
318,157,174
319,157,174
320,156,173
321,156,173
322,156,173
323,156,173
324,155,173
325,155,172
326,155,172
327,155,172
328,154,172
329,154,172
330,154,171
331,154,171
332,153,171
333,153,171
334,153,171
335,153,171
336,152,170
337,152,170
338,152,170
339,152,170
340,151,170
341,151,169
342,151,169
343,150,169
344,150,169
345,150,169
346,150,168
347,149,168
348,149,168
349,149,168
350,148,168
351,148,167
352,148,167
353,147,167
354,147,167
355,147,167
356,147,166
357,146,166
358,146,166
359,146,166
360,145,166
361,145,165
362,145,165
363,144,165
364,144,165
365,144,165
366,144,164
367,144,164
368,143,164
369,143,164
370,143,164
371,143,163
372,143,163
373,143,163
374,143,163
375,143,162
376,142,162
377,143,162
378,143,162
379,143,162
380,144,161
381,144,161
382,144,161
383,144,161
384,145,160
385,145,160
386,145,160
387,146,160
388,146,159
389,146,159
390,147,159
391,147,159
392,148,158
393,148,158
394,149,157
395,150,157
396,151,155
0,0
0,117
105,323,329
106,321,333
107,319,336
108,318,338
109,318,340
110,318,342
111,318,343
112,318,345
113,319,346
114,319,348
115,320,349
116,320,350
117,320,351
118,320,352
119,321,353
120,321,354
121,321,354
122,321,354
123,321,355
124,321,355
125,322,354
126,322,354
127,322,354
128,322,353
129,322,352
130,322,352
131,322,351
132,322,350
133,322,350
134,322,349
135,322,349
136,321,348
137,321,348
138,321,347
139,321,347
140,321,347
141,321,346
142,321,346
143,321,345
144,321,345
145,320,344
146,320,344
147,320,343
148,320,343
149,320,343
150,320,342
151,319,342
152,319,341
153,319,341
154,319,341
155,319,340
156,319,340
157,318,339
158,318,339
159,318,339
160,318,338
161,317,338
162,317,338
163,317,337
164,317,337
165,317,337
166,316,336
167,316,336
168,316,336
169,316,335
170,315,335
171,315,335
172,315,334
173,315,334
174,314,334
175,314,333
176,314,333
177,313,332
178,313,332
179,313,332
180,313,331
181,312,331
182,312,331
183,312,330
184,312,330
185,311,329
186,311,329
187,311,329
188,310,328
189,310,328
190,310,327
191,310,327
192,309,327
193,309,326
194,309,326
195,308,325
196,308,325
197,308,324
198,307,324
199,307,324
200,307,323
201,307,323
202,306,322
203,306,322
204,306,321
205,306,321
206,305,320
207,305,320
208,305,319
209,305,319
210,305,318
211,304,318
212,304,317
213,304,317
214,304,316
215,304,315
216,304,314
217,304,313
218,304,312
219,304,311
220,305,310
221,305,308
0,0
0,83
215,253,254
216,250,263
217,249,267
218,249,270
219,249,273
220,249,274
221,250,275
222,250,276
223,251,276
224,251,277
225,252,277
226,252,277
227,253,277
228,253,277
229,254,277
230,254,277
231,255,278
232,255,278
233,255,278
234,256,278
235,256,278
236,257,278
237,257,278
238,257,278
239,258,279
240,258,279
241,259,279
242,259,279
243,259,279
244,260,279
245,260,280
246,260,280
247,261,280
248,261,280
249,261,280
250,262,280
251,262,280
252,262,281
253,263,281
254,263,281
255,263,281
256,263,281
257,264,281
258,264,282
259,264,282
260,264,282
261,265,282
262,265,282
263,265,282
264,265,283
265,265,283
266,266,283
267,266,283
268,266,283
269,266,283
270,266,284
271,267,284
272,267,284
273,267,284
274,267,284
275,268,284
276,268,284
277,268,284
278,268,284
279,269,285
280,269,285
281,269,285
282,270,285
283,270,285
284,270,285
285,271,285
286,271,285
287,272,285
288,272,285
289,273,285
290,273,285
291,274,285
292,275,285
293,275,285
294,276,284
295,277,284
296,278,284
297,280,283
0,0
1,135
258,221,222
259,220,223
260,220,224
261,220,225
262,219,225
263,219,226
264,219,227
265,219,227
266,219,228
267,219,228
268,219,229
269,219,229
270,218,230
271,218,230
272,218,230
273,218,230
274,218,231
275,218,231
276,217,231
277,217,231
278,217,231
279,217,231
280,217,231
281,217,231
282,216,230
283,216,230
284,216,230
285,216,230
286,216,229
287,216,229
288,215,229
289,215,228
290,215,228
291,215,228
292,215,227
293,214,227
294,214,227
295,214,227
296,214,226
297,213,226
298,213,226
299,213,225
300,213,225
301,213,225
302,212,225
303,212,224
304,212,224
305,212,224
306,211,224
307,211,223
308,211,223
309,211,223
310,210,223
311,210,222
312,210,222
313,210,222
314,210,222
315,209,221
316,209,221
317,209,221
318,209,221
319,208,221
320,208,220
321,208,220
322,208,220
323,208,220
324,207,219
325,207,219
326,207,219
327,207,219
328,206,219
329,206,219
330,206,218
331,206,218
332,206,218
333,206,218
334,205,218
335,205,218
336,205,217
337,205,217
338,204,217
339,204,217
340,204,217
341,204,217
342,204,216
343,204,216
344,203,216
345,203,216
346,203,216
347,203,216
348,203,215
349,202,215
350,202,215
351,202,215
352,202,215
353,202,215
354,202,215
355,202,214
356,201,214
357,201,214
358,201,214
359,201,214
360,201,214
361,200,214
362,200,214
363,200,213
364,200,213
365,200,213
366,200,213
367,199,213
368,199,213
369,199,213
370,199,213
371,199,213
372,198,212
373,198,212
374,198,212
375,198,212
376,198,212
377,197,212
378,197,212
379,197,212
380,197,212
381,197,212
382,196,212
383,196,212
384,196,212
385,196,212
386,195,212
387,195,212
388,195,212
389,195,212
390,203,212
391,211,213
391,212,213
0,93
193,395,395
194,391,399
195,389,402
196,389,405
197,389,407
198,389,409
199,389,411
200,389,413
201,389,415
202,389,416
203,390,418
204,390,420
205,390,421
206,390,423
207,390,424
208,390,426
209,390,427
210,390,428
211,390,429
212,391,430
213,391,431
214,391,431
215,392,432
216,392,432
217,392,432
218,392,432
219,392,431
220,392,431
221,392,430
222,392,430
223,392,429
224,392,428
225,392,427
226,392,426
227,391,425
228,391,424
229,391,423
230,391,422
231,391,421
232,391,420
233,391,419
234,391,419
235,390,418
236,390,417
237,390,417
238,390,416
239,390,416
240,390,415
241,389,415
242,389,414
243,389,414
244,389,413
245,389,413
246,388,412
247,388,412
248,388,412
249,388,411
250,388,411
251,387,411
252,387,410
253,387,410
254,387,410
255,387,409
256,386,409
257,386,408
258,386,408
259,386,408
260,385,407
261,385,407
262,385,407
263,385,406
264,384,406
265,384,405
266,384,405
267,383,404
268,383,404
269,383,404
270,382,403
271,382,403
272,382,402
273,382,402
274,382,401
275,382,401
276,382,400
277,382,399
278,383,399
279,383,398
280,383,397
281,384,397
282,384,396
283,385,395
284,387,393
285,390,390
0,0
0,60
220,301,301
221,298,305
222,297,308
223,297,311
224,297,312
225,297,314
226,297,315
227,298,317
228,299,318
229,299,318
230,300,319
231,300,319
232,301,320
233,301,320
234,302,320
235,302,320
236,303,320
237,303,320
238,303,320
239,304,320
240,304,320
241,304,320
242,304,320
243,305,320
244,305,320
245,305,320
246,305,320
247,306,320
248,306,320
249,306,320
250,306,320
251,307,320
252,307,320
253,307,320
254,307,320
255,307,320
256,308,321
257,308,321
258,308,321
259,308,321
260,308,321
261,308,321
262,309,321
263,309,321
264,309,321
265,309,321
266,309,321
267,310,321
268,310,321
269,310,321
270,310,322
271,310,322
272,310,322
273,311,322
274,311,322
275,311,322
276,311,322
277,311,322
278,312,322
279,312,315
0,0
0,69
210,348,348
211,345,352
212,343,356
213,342,359
214,342,361
215,342,362
216,342,364
217,343,365
218,343,367
219,344,367
220,344,368
221,344,368
222,345,368
223,345,368
224,345,368
225,345,367
226,346,367
227,346,366
228,346,366
229,346,365
230,346,365
231,346,365
232,346,364
233,346,364
234,346,364
235,346,363
236,346,363
237,346,363
238,346,362
239,346,362
240,346,362
241,346,362
242,346,361
243,346,361
244,346,361
245,346,360
246,346,360
247,346,360
248,346,360
249,346,359
250,345,359
251,345,359
252,345,359
253,345,358
254,345,358
255,345,358
256,345,357
257,345,357
258,345,357
259,344,356
260,344,356
261,344,356
262,344,355
263,344,355
264,344,355
265,344,355
266,344,354
267,344,354
268,343,353
269,343,353
270,343,353
271,343,352
272,343,352
273,343,351
274,343,350
275,343,350
276,344,349
277,344,348
278,344,347
0,0
1,116
278,281,283
279,281,285
280,280,286
281,280,287
282,280,288
283,279,288
284,279,289
285,279,289
286,279,290
287,279,290
288,279,290
289,279,290
290,279,290
291,278,290
292,278,290
293,278,290
294,278,290
295,278,289
296,278,289
297,277,289
298,277,289
299,277,288
300,277,288
301,277,288
302,277,288
303,276,287
304,276,287
305,276,287
306,276,287
307,276,287
308,276,287
309,275,286
310,275,286
311,275,286
312,275,286
313,275,286
314,275,285
315,274,285
316,274,285
317,274,285
318,274,285
319,274,285
320,273,284
321,273,284
322,273,284
323,273,284
324,273,284
325,272,284
326,272,283
327,272,283
328,272,283
329,272,283
330,271,283
331,271,283
332,271,283
333,271,282
334,271,282
335,270,282
336,270,282
337,270,282
338,270,282
339,269,282
340,269,281
341,269,281
342,269,281
343,269,281
344,268,281
345,268,281
346,268,281
347,268,280
348,267,280
349,267,280
350,267,280
351,267,280
352,267,280
353,266,280
354,266,280
355,266,279
356,266,279
357,265,279
358,265,279
359,265,279
360,265,279
361,264,279
362,264,279
363,264,278
364,264,278
365,263,278
366,263,278
367,263,278
368,263,278
369,263,278
370,262,278
371,262,278
372,262,277
373,262,277
374,262,277
375,262,277
376,262,277
377,263,277
378,263,277
379,263,277
380,263,277
381,263,277
382,264,276
383,264,276
384,265,276
385,265,276
386,266,276
387,267,276
388,267,276
389,268,276
390,269,275
391,270,275
392,271,275
393,273,273
0,0
1,118
270,323,325
271,322,326
272,322,327
273,321,327
274,321,328
275,321,328
276,321,329
277,320,329
278,320,330
279,320,330
280,320,330
281,320,331
282,320,331
283,320,332
284,319,332
285,319,332
286,319,332
287,319,333
288,319,333
289,319,333
290,319,333
291,319,334
292,319,334
293,318,334
294,318,334
295,318,334
296,318,334
297,318,334
298,318,335
299,317,334
300,317,334
301,317,334
302,317,334
303,317,334
304,317,334
305,316,334
306,316,333
307,316,333
308,316,333
309,316,333
310,315,333
311,315,333
312,315,332
313,315,332
314,315,332
315,314,332
316,314,331
317,314,331
318,314,331
319,313,331
320,313,331
321,313,330
322,313,330
323,312,330
324,312,330
325,312,329
326,312,329
327,311,329
328,311,329
329,311,329
330,311,328
331,310,328
332,310,328
333,310,328
334,309,328
335,309,327
336,309,327
337,308,327
338,308,327
339,308,327
340,308,326
341,307,326
342,307,326
343,307,326
344,306,325
345,306,325
346,306,325
347,305,325
348,305,325
349,305,324
350,304,324
351,304,324
352,303,324
353,303,324
354,303,323
355,303,323
356,303,323
357,302,323
358,302,323
359,302,322
360,302,322
361,302,322
362,302,322
363,302,321
364,302,321
365,302,321
366,301,321
367,302,320
368,302,320
369,302,320
370,302,320
371,302,320
372,303,319
373,303,319
374,303,319
375,303,319
376,304,318
377,304,318
378,304,318
379,305,318
380,305,317
381,305,317
382,306,317
383,306,316
384,307,316
385,308,315
386,309,314
387,311,312
0,0
0,71
359,266,268
360,264,269
361,263,270
362,263,271
363,263,271
364,262,272
365,262,272
366,262,273
367,261,273
368,261,273
369,261,274
370,260,274
371,260,274
372,260,274
373,259,274
374,259,274
375,258,274
376,258,275
377,258,275
378,257,275
379,257,275
380,257,275
381,256,275
382,256,275
383,256,275
384,255,275
385,255,275
386,254,275
387,254,275
388,253,275
389,253,275
390,253,275
391,252,274
392,252,274
393,251,274
394,251,274
395,250,274
396,250,274
397,249,274
398,249,273
399,249,273
400,248,273
401,248,273
402,247,272
403,247,272
404,246,272
405,246,272
406,246,271
407,246,271
408,246,271
409,246,270
410,246,270
411,246,270
412,246,269
413,246,269
414,246,269
415,246,268
416,246,267
417,246,267
418,246,266
419,246,266
420,247,265
421,247,264
422,247,264
423,248,263
424,248,262
425,249,261
426,249,260
427,250,258
428,251,257
429,254,254
0,0
1,150
288,374,378
289,373,380
290,372,382
291,372,384
292,372,386
293,373,388
294,374,390
295,375,392
296,376,394
297,377,395
298,378,397
299,380,399
300,381,400
301,382,401
302,383,403
303,384,404
304,385,405
305,386,406
306,387,407
307,388,409
308,389,410
309,390,410
310,391,412
311,392,412
312,393,413
313,394,414
314,395,415
315,396,416
316,396,417
317,397,417
318,398,418
319,399,419
320,400,420
321,400,420
322,401,421
323,402,422
324,403,422
325,403,423
326,404,424
327,405,424
328,405,425
329,406,426
330,407,426
331,407,427
332,408,427
333,408,428
334,409,428
335,409,429
336,409,429
337,410,430
338,410,430
339,411,431
340,411,431
341,412,431
342,412,432
343,412,432
344,413,433
345,413,433
346,413,433
347,413,434
348,414,434
349,414,434
350,414,435
351,415,435
352,415,435
353,415,436
354,415,436
355,415,436
356,415,436
357,416,437
358,416,437
359,416,437
360,416,437
361,416,438
362,416,438
363,417,438
364,417,438
365,417,439
366,417,439
367,417,439
368,417,439
369,417,440
370,417,440
371,417,440
372,417,440
373,417,440
374,417,440
375,417,440
376,417,441
377,417,441
378,417,441
379,417,441
380,417,441
381,417,441
382,417,441
383,417,441
384,417,442
385,417,442
386,417,442
387,417,442
388,416,442
389,416,442
390,416,442
391,416,442
392,416,442
393,416,442
394,416,442
395,417,443
396,417,442
397,417,442
398,417,442
399,417,442
400,417,442
401,417,442
402,417,442
403,417,442
404,417,442
405,417,442
406,418,442
407,418,442
408,418,442
409,418,442
410,418,442
411,418,442
412,418,442
413,418,442
414,418,442
415,418,441
416,418,441
417,419,441
418,419,441
419,419,441
420,419,440
421,419,440
422,419,440
423,419,440
424,419,439
425,419,439
426,419,439
427,419,438
428,420,438
429,420,437
430,420,437
431,420,436
432,420,436
433,421,435
434,422,434
435,423,433
436,425,432
437,427,430
0,59
419,427,431
418,416,430
417,405,429
416,394,428
415,389,427
414,390,426
413,390,425
412,390,424
411,391,423
410,391,422
409,391,421
408,391,420
407,391,420
406,391,419
405,391,418
404,391,417
403,391,416
402,390,415
401,390,414
400,390,414
399,390,413
398,390,412
397,390,411
396,389,410
395,389,410
394,389,409
393,389,408
392,389,407
391,388,407
390,388,406
389,388,405
388,388,404
387,387,403
386,387,403
385,387,402
384,387,401
383,386,400
382,386,400
381,386,399
380,386,398
379,385,398
378,385,397
377,385,396
376,384,396
375,384,395
374,384,394
373,384,394
372,383,393
371,383,392
370,383,391
369,382,391
368,382,390
367,382,389
366,382,389
365,381,388
364,381,388
363,382,387
362,382,386
361,384,384
0,0
0,40
346,318,320
347,316,325
348,316,329
349,315,332
350,315,335
351,315,338
352,315,340
353,316,342
354,316,345
355,316,347
356,317,348
357,318,350
358,319,351
359,320,352
360,321,353
361,321,354
362,322,355
363,323,356
364,324,356
365,325,357
366,326,357
367,327,358
368,328,358
369,329,358
370,330,359
371,331,359
372,331,359
373,333,359
374,333,359
375,335,359
376,335,359
377,337,359
378,338,359
379,339,359
380,340,358
381,341,358
382,343,357
383,345,356
384,348,353
385,351,351
0,0
0,48
332,397,399
333,393,405
334,392,411
335,392,415
336,391,419
337,392,423
338,392,427
339,392,430
340,392,433
341,393,436
342,394,439
343,395,441
344,396,443
345,397,445
346,398,446
347,399,448
348,400,449
349,402,450
350,403,451
351,405,452
352,407,452
353,408,453
354,410,454
355,411,454
356,413,455
357,414,455
358,415,455
359,417,456
360,418,456
361,420,456
362,421,457
363,423,457
364,424,457
365,426,458
366,427,458
367,428,458
368,430,458
369,431,458
370,433,458
371,434,458
372,435,458
373,437,458
374,438,457
375,439,457
376,441,456
377,442,456
378,444,454
379,447,452
0,0
