0,348
65,115,115
66,109,121
67,107,125
68,106,128
69,106,131
70,106,133
71,106,136
72,106,138
73,107,140
74,107,142
75,108,144
76,109,145
77,110,147
78,110,148
79,111,149
80,111,150
81,112,150
82,113,151
83,113,151
84,114,151
85,114,151
86,115,151
87,115,151
88,115,151
89,116,151
90,116,151
91,117,151
92,117,150
93,117,150
94,118,150
95,118,150
96,119,150
97,119,150
98,119,149
99,119,149
100,120,149
101,120,149
102,120,149
103,121,149
104,121,148
105,121,148
106,121,148
107,121,148
108,122,149
109,122,149
110,122,149
111,122,149
112,122,149
113,123,149
114,123,149
115,123,149
116,123,149
117,123,149
118,123,149
119,123,149
120,124,149
121,124,149
122,124,149
123,124,149
124,124,149
125,124,149
126,124,149
127,124,149
128,124,149
129,124,149
130,124,149
131,124,149
132,124,149
133,125,149
134,125,149
135,125,149
136,125,149
137,125,149
138,125,149
139,125,149
140,125,149
141,125,149
142,125,149
143,125,149
144,125,149
145,125,149
146,125,149
147,125,149
148,125,149
149,125,149
150,125,149
151,125,149
152,125,149
153,125,149
154,125,149
155,125,149
156,125,149
157,125,149
158,125,149
159,125,149
160,125,149
161,125,149
162,125,149
163,125,149
164,125,149
165,125,149
166,125,149
167,125,149
168,125,149
169,125,149
170,125,149
171,125,149
172,125,149
173,125,149
174,125,149
175,125,149
176,125,149
177,125,149
178,125,149
179,125,149
180,125,149
181,125,149
182,125,149
183,125,149
184,125,149
185,125,148
186,125,148
187,125,148
188,125,148
189,125,148
190,125,148
191,125,148
192,125,148
193,124,148
194,124,148
195,124,148
196,124,148
197,124,148
198,124,148
199,124,148
200,124,148
201,124,148
202,124,148
203,124,148
204,124,148
205,124,147
206,124,147
207,124,147
208,124,147
209,124,147
210,124,147
211,124,147
212,124,147
213,124,147
214,123,147
215,123,147
216,123,147
217,123,147
218,123,146
219,123,146
220,123,146
221,123,146
222,123,146
223,123,146
224,123,146
225,122,146
226,122,146
227,122,146
228,122,146
229,122,145
230,122,145
231,122,145
232,122,145
233,122,145
234,121,145
235,121,145
236,121,145
237,121,144
238,121,144
239,121,144
240,121,144
241,120,144
242,120,144
243,120,144
244,120,143
245,120,143
246,120,143
247,120,143
248,119,143
249,119,143
250,119,143
251,119,142
252,119,142
253,118,142
254,118,142
255,118,142
256,118,142
257,118,141
258,117,141
259,117,141
260,117,141
261,117,141
262,117,140
263,116,140
264,116,140
265,116,140
266,116,140
267,115,140
268,115,139
269,115,139
270,115,139
271,114,139
272,114,139
273,114,138
274,114,138
275,113,138
276,113,138
277,113,137
278,113,137
279,112,137
280,112,137
281,112,136
282,111,136
283,111,136
284,111,136
285,110,135
286,110,135
287,110,135
288,109,134
289,109,134
290,109,134
291,109,134
292,108,133
293,108,133
294,107,133
295,107,132
296,107,132
297,107,132
298,106,131
299,106,131
300,105,131
301,105,130
302,105,130
303,104,130
304,104,129
305,104,129
306,103,129
307,103,128
308,102,128
309,102,127
310,101,127
311,101,127
312,101,126
313,100,126
314,100,125
315,99,125
316,99,124
317,99,124
318,98,124
319,98,123
320,97,123
321,97,122
322,96,122
323,96,121
324,95,121
325,95,120
326,94,120
327,94,119
328,93,119
329,93,118
330,92,118
331,92,117
332,91,117
333,91,116
334,90,116
335,90,115
336,89,115
337,89,114
338,88,113
339,88,113
340,87,112
341,86,112
342,86,111
343,85,110
344,85,110
345,84,109
346,83,108
347,83,108
348,82,107
349,82,106
350,81,106
351,80,105
352,80,104
353,79,103
354,78,103
355,78,102
356,77,101
357,76,100
358,75,100
359,75,99
360,74,98
361,73,97
362,72,96
363,71,96
364,70,95
365,70,94
366,69,93
367,68,92
368,67,91
369,66,90
370,65,89
371,64,89
372,63,88
373,62,87
374,61,86
375,60,85
376,60,84
377,59,83
378,58,82
379,57,81
380,56,80
381,55,79
382,54,78
383,53,77
384,52,76
385,51,74
386,50,73
387,49,72
388,48,71
389,47,70
390,47,69
391,46,68
392,45,67
393,44,66
394,43,64
395,42,63
396,41,62
397,40,61
398,39,60
399,38,58
400,37,57
401,36,56
402,35,55
403,34,53
404,33,52
405,33,51
406,32,49
407,31,48
408,31,46
409,30,44
410,30,42
411,31,39
412,36,36
0,0
1,87
117,83,83
118,82,85
119,82,86
120,82,87
121,81,87
122,81,88
123,81,89
124,81,89
125,81,90
126,80,90
127,80,91
128,80,91
129,80,92
130,80,92
131,80,92
132,80,93
133,80,93
134,79,93
135,79,93
136,79,93
137,79,93
138,79,93
139,79,93
140,79,93
141,78,94
142,78,93
143,78,93
144,78,93
145,78,93
146,78,93
147,78,92
148,77,92
149,77,92
150,77,92
151,77,91
152,77,91
153,77,91
154,76,91
155,76,90
156,76,90
157,76,90
158,76,90
159,75,89
160,75,89
161,75,89
162,75,89
163,74,88
164,74,88
165,74,88
166,74,88
167,73,87
168,73,87
169,73,87
170,73,87
171,72,86
172,72,86
173,72,86
174,71,86
175,71,85
176,71,85
177,70,85
178,70,84
179,69,84
180,69,84
181,68,84
182,68,83
183,67,83
184,67,83
185,67,83
186,66,82
187,66,82
188,65,82
189,65,82
190,64,81
191,63,81
192,63,81
193,62,81
194,62,80
195,61,80
196,61,80
197,60,80
198,60,79
199,59,76
200,58,72
201,58,67
202,57,62
203,57,58
0,354
56,205,213
57,203,218
58,202,221
59,202,223
60,202,226
61,202,228
62,202,230
63,201,232
64,201,234
65,201,236
66,201,237
67,200,239
68,200,240
69,200,242
70,200,243
71,200,244
72,199,245
73,199,246
74,199,247
75,199,248
76,198,248
77,198,249
78,198,249
79,198,249
79,198,206
79,206,249
80,198,198
80,208,249
80,208,249
81,209,249
82,210,249
83,210,249
84,210,249
85,211,248
86,211,248
87,211,248
88,211,247
89,211,247
90,211,246
91,212,245
92,212,245
93,212,245
94,212,244
95,212,244
96,212,244
97,212,243
98,212,243
99,212,243
100,212,243
101,212,242
102,213,242
103,213,242
104,213,242
105,213,242
106,213,242
107,213,242
108,213,241
109,213,241
110,213,241
111,213,241
112,213,241
113,213,241
114,213,241
115,213,241
116,214,241
117,214,241
118,214,241
119,214,241
120,214,241
121,214,241
122,214,241
123,214,241
124,214,241
125,214,241
126,214,241
127,214,241
128,214,241
129,214,241
130,214,241
131,214,241
132,214,241
133,214,241
134,215,241
135,215,241
136,215,241
137,215,241
138,215,241
139,215,241
140,215,241
141,215,241
142,215,241
143,215,241
144,215,241
145,215,241
146,215,241
147,215,241
148,215,241
149,215,241
150,215,241
151,215,241
152,215,241
153,215,241
154,215,241
155,215,241
156,215,241
157,215,241
158,216,241
159,216,241
160,216,241
161,216,241
162,216,241
163,216,241
164,216,241
165,216,241
166,216,241
167,216,241
168,216,241
169,216,241
170,216,241
171,216,241
172,216,241
173,216,241
174,216,241
175,216,241
176,216,241
177,216,241
178,216,241
179,216,241
180,216,241
181,216,241
182,216,241
183,216,241
184,216,241
185,216,241
186,216,241
187,216,241
188,216,241
189,217,241
190,217,241
191,217,241
192,217,241
193,217,241
194,217,241
195,217,241
196,217,241
197,217,241
198,217,241
199,217,241
200,217,241
201,217,241
202,217,241
203,217,241
204,217,241
205,217,241
206,217,241
207,217,241
208,217,241
209,217,241
210,217,241
211,217,241
212,217,241
213,217,241
214,217,241
215,217,241
216,217,241
217,217,241
218,217,241
219,217,241
220,217,241
221,217,241
222,217,241
223,217,241
224,217,241
225,217,241
226,217,241
227,217,241
228,217,241
229,217,241
230,217,241
231,217,241
232,217,241
233,217,241
234,217,241
235,217,241
236,217,241
237,217,241
238,217,241
239,217,242
240,217,242
241,216,242
242,216,242
243,216,242
244,216,242
245,216,242
246,216,242
247,216,242
248,216,242
249,216,242
250,216,242
251,216,242
252,216,242
253,216,242
254,216,242
255,216,242
256,216,242
257,216,242
258,216,242
259,216,242
260,216,242
261,216,242
262,216,242
263,216,242
264,216,242
265,216,242
266,216,242
267,216,242
268,216,242
269,216,242
270,216,242
271,216,242
272,216,242
273,215,242
274,215,242
275,215,242
276,215,242
277,215,242
278,215,242
279,215,242
280,215,242
281,215,242
282,215,242
283,215,242
284,215,242
285,215,242
286,215,242
287,215,242
288,215,242
289,215,243
290,215,243
291,215,243
292,215,243
293,215,243
294,214,243
295,214,243
296,214,243
297,214,243
298,214,243
299,214,243
300,214,243
301,214,243
302,214,243
303,214,243
304,214,243
305,214,243
306,214,243
307,214,243
308,214,243
309,214,243
310,213,243
311,213,243
312,213,243
313,213,243
314,213,243
315,213,243
316,213,243
317,213,243
318,213,243
319,213,244
320,213,244
321,213,244
322,213,244
323,213,244
324,212,244
325,212,244
326,212,244
327,212,244
328,212,244
329,212,244
330,212,244
331,212,244
332,212,244
333,212,244
334,212,244
335,212,244
336,212,244
337,211,244
338,211,244
339,211,244
340,211,244
341,211,245
342,211,245
343,211,245
344,210,245
345,210,245
346,210,245
347,209,245
348,209,245
349,209,245
350,208,245
351,207,245
352,206,245
353,204,245
353,194,196
353,204,245
354,194,201
354,201,245
354,194,245
355,195,245
356,195,245
357,195,245
358,195,244
359,196,244
360,196,244
361,196,244
362,196,244
363,197,244
364,197,243
365,197,243
366,197,243
367,198,243
368,198,242
369,198,242
370,199,242
371,199,241
372,199,241
373,199,240
374,200,240
375,200,240
376,200,239
377,200,239
378,201,238
379,201,238
380,201,237
381,201,237
382,202,236
383,202,236
384,202,235
385,202,235
386,203,234
387,203,233
388,203,233
389,204,232
390,204,232
391,205,231
392,206,230
393,207,230
394,208,229
395,209,229
396,210,228
397,211,227
398,212,226
399,214,225
400,216,223
401,220,220
1,46
204,388,389
203,385,389
202,381,387
201,377,386
200,373,385
199,369,385
198,365,384
197,362,383
196,358,382
195,354,381
194,353,380
193,353,379
192,353,378
191,352,377
190,352,376
189,352,375
188,352,374
187,352,373
186,352,373
185,351,372
184,351,371
183,351,370
182,351,369
181,351,368
180,351,367
179,350,367
178,350,366
177,350,365
176,350,364
175,350,363
174,350,362
173,349,362
172,349,361
171,349,360
170,349,359
169,349,358
168,349,357
167,348,357
166,348,356
165,348,355
164,347,354
163,347,353
162,347,353
161,348,352
160,348,351
159,348,350
0,0
0,46
126,159,162
127,158,165
128,157,168
129,157,170
130,157,172
131,157,174
132,157,176
133,157,178
134,157,180
135,157,182
136,158,183
137,158,185
138,159,186
139,159,188
140,160,189
141,161,190
142,161,191
143,162,192
144,163,193
145,163,194
146,164,195
147,165,196
148,165,196
149,166,197
150,167,197
151,167,197
152,168,198
153,169,198
154,170,198
155,170,198
156,171,198
157,172,198
158,172,198
159,173,198
160,174,198
161,175,198
162,176,198
163,176,198
164,177,198
165,178,197
166,179,197
167,181,196
168,182,196
169,184,195
170,186,193
171,190,190
0,0
1,273
20,236,238
21,234,240
22,233,242
23,232,243
24,232,244
25,231,245
26,231,246
27,231,247
28,231,247
29,230,248
30,230,249
31,230,249
32,230,250
33,230,251
34,230,251
35,230,252
36,230,252
37,230,253
38,230,253
39,230,254
40,230,254
41,230,254
42,230,255
43,230,255
44,230,255
45,229,256
46,229,256
47,229,256
48,229,256
49,229,257
50,229,257
51,229,257
52,229,257
53,229,257
54,229,257
55,229,257
56,229,257
57,229,258
58,228,257
59,228,257
60,228,257
61,228,257
62,228,257
63,228,257
64,228,257
65,228,256
66,228,256
67,228,256
68,228,256
69,228,256
70,227,255
71,227,255
72,227,255
73,227,254
74,227,254
75,227,254
76,227,253
77,227,253
78,227,253
79,227,253
80,227,252
81,226,252
82,226,252
83,226,251
84,226,251
85,226,251
86,226,251
87,226,250
88,226,250
89,226,250
90,225,250
91,225,249
92,225,249
93,225,249
94,225,248
95,225,248
96,225,248
97,225,248
98,224,247
99,224,247
100,224,247
101,224,247
102,224,246
103,224,246
104,224,246
105,223,246
106,223,245
107,223,245
108,223,245
109,223,245
110,222,244
111,222,244
112,222,244
113,222,244
114,222,243
115,222,243
116,222,243
117,221,243
118,221,242
119,221,242
120,221,242
121,221,242
122,221,241
123,220,241
124,220,241
125,220,241
126,220,240
127,220,240
128,219,240
129,219,240
130,219,239
131,219,239
132,219,239
133,219,239
134,218,238
135,218,238
136,218,238
137,218,238
138,218,238
139,218,237
140,217,237
141,217,237
142,217,237
143,217,236
144,217,236
145,217,236
146,216,236
147,216,235
148,216,235
149,216,235
150,216,235
151,215,235
152,215,234
153,215,234
154,215,234
155,215,234
156,215,234
157,214,233
158,214,233
159,214,233
160,214,233
161,214,233
162,213,232
163,213,232
164,213,232
165,213,232
166,213,232
167,213,231
168,212,231
169,212,231
170,212,231
171,212,231
172,212,230
173,211,230
174,211,230
175,211,230
176,211,230
177,211,230
178,210,229
179,210,229
180,210,229
181,210,229
182,210,229
183,209,228
184,209,228
185,209,228
186,209,228
187,209,228
188,209,228
189,208,227
190,208,227
191,208,227
192,208,227
193,208,227
194,207,227
195,207,226
196,207,226
197,207,226
198,207,226
199,206,226
200,206,226
201,206,226
202,206,225
203,206,225
204,206,225
205,205,225
206,205,225
207,205,225
208,205,224
209,205,224
210,204,224
211,204,224
212,204,224
213,204,224
214,204,224
215,203,223
216,203,223
217,203,223
218,203,223
219,203,223
220,202,223
221,202,223
222,202,223
223,202,222
224,202,222
225,202,222
226,201,222
227,201,222
228,201,222
229,201,222
230,201,222
231,200,221
232,200,221
233,200,221
234,200,221
235,200,221
236,199,221
237,199,221
238,199,220
239,199,220
240,199,220
241,198,220
242,198,220
243,198,220
244,198,220
245,198,220
246,197,219
247,197,219
248,197,219
249,197,219
250,197,219
251,197,219
252,196,219
253,196,219
254,196,219
255,196,219
256,196,218
257,195,218
258,195,218
259,195,218
260,195,218
261,195,218
262,195,218
263,194,218
264,195,217
265,195,217
266,195,217
267,195,217
268,195,217
269,195,217
270,195,217
271,195,217
272,196,217
273,196,217
274,196,217
275,196,216
276,197,216
277,197,216
278,198,216
279,198,216
280,198,216
281,199,216
282,199,216
283,200,216
284,200,216
285,201,215
286,202,215
287,202,215
288,203,214
289,204,214
290,205,213
291,206,212
292,208,211
0,0
0,142
37,377,377
38,373,380
39,371,383
40,371,385
41,370,387
42,370,389
43,370,390
44,370,391
45,370,393
46,370,394
47,370,395
48,371,396
49,371,397
50,371,398
51,371,399
52,371,400
53,371,401
54,371,402
55,371,403
56,371,404
57,371,405
58,371,406
59,371,406
60,371,407
61,370,408
62,370,409
63,370,409
64,370,410
65,369,410
66,369,411
67,369,411
68,368,411
69,368,411
70,367,411
71,367,411
72,366,411
73,366,411
74,365,411
75,365,410
76,364,410
77,364,409
78,363,408
79,363,407
80,362,406
81,362,404
82,361,403
83,360,402
84,360,401
85,359,400
86,359,399
87,358,398
88,357,397
89,357,396
90,356,395
91,355,394
92,355,393
93,354,392
94,353,391
95,353,390
96,352,389
97,351,388
98,351,387
99,350,386
100,349,386
101,348,385
102,348,384
103,347,383
104,346,382
105,346,381
106,345,380
107,344,380
108,343,379
109,342,378
110,342,377
111,341,376
112,340,375
113,339,374
114,338,373
115,338,372
116,337,371
117,336,370
118,335,370
119,334,369
120,334,368
121,333,367
122,332,366
123,331,365
124,330,364
125,329,363
126,329,362
127,328,361
128,327,360
129,326,359
130,325,358
131,324,357
132,323,356
133,323,355
134,322,353
135,321,352
136,320,351
137,319,350
138,318,349
139,317,348
140,316,347
141,316,346
142,315,345
143,314,343
144,313,342
145,312,341
146,311,340
147,310,339
148,309,337
149,308,336
150,307,335
151,306,334
152,305,332
153,305,331
154,304,330
155,303,328
156,302,327
157,301,326
158,300,325
159,299,323
160,298,322
161,297,320
162,296,319
163,295,317
164,294,316
165,293,314
166,292,313
167,291,311
168,289,310
169,288,308
170,288,306
171,287,305
172,286,303
173,285,301
174,285,299
175,284,298
176,285,295
177,286,292
178,289,289
0,0
0,138
152,383,388
153,382,391
154,381,394
155,380,395
156,380,397
157,380,398
158,380,399
159,380,401
160,380,402
161,380,403
162,381,404
163,381,405
164,381,406
165,381,406
166,381,407
167,381,408
168,381,409
169,381,410
170,381,411
171,380,411
172,380,412
173,380,413
174,380,413
175,379,414
176,379,415
177,379,415
178,378,416
179,378,416
180,377,417
181,377,417
182,376,417
183,376,417
184,375,417
185,375,417
186,374,417
187,374,417
188,373,417
189,372,416
190,372,415
191,371,415
192,371,414
193,370,412
194,369,411
195,369,409
196,368,408
197,367,407
198,366,405
199,366,404
200,365,403
201,364,402
202,363,401
203,363,400
204,362,399
205,361,398
206,360,397
207,360,396
208,359,395
209,358,394
210,357,393
211,356,392
212,355,391
213,355,390
214,354,389
215,353,388
216,352,387
217,351,386
218,350,385
219,350,384
220,349,383
221,348,382
222,347,381
223,346,380
224,345,379
225,344,378
226,343,377
227,342,376
228,341,375
229,340,374
230,340,373
231,339,372
232,337,371
233,337,370
234,336,369
235,335,368
236,334,367
237,333,366
238,332,365
239,331,363
240,330,362
241,329,361
242,328,360
243,327,359
244,326,358
245,325,357
246,324,355
247,323,354
248,322,353
249,321,352
250,320,350
251,319,349
252,318,348
253,317,347
254,316,346
255,314,344
256,313,343
257,312,342
258,311,340
259,310,339
260,309,338
261,308,336
262,307,335
263,306,334
264,305,332
265,304,331
266,303,329
267,302,328
268,300,327
269,299,325
270,298,324
271,297,322
272,296,321
273,295,319
274,294,317
275,292,316
276,291,314
277,290,313
278,289,311
279,288,309
280,286,307
281,285,305
282,284,304
283,283,302
284,282,300
285,282,298
286,281,296
287,281,294
288,281,291
289,285,287
0,0
0,195
251,399,401
252,395,407
253,394,411
254,393,413
255,393,416
256,393,418
257,393,420
258,393,422
259,393,424
260,393,425
261,393,427
262,393,428
263,393,430
264,393,431
265,393,432
266,393,433
267,393,434
268,393,435
269,392,436
270,392,436
271,392,437
272,392,438
273,392,439
274,391,439
275,391,440
276,391,440
277,391,441
278,390,441
279,390,441
280,390,441
281,390,441
282,389,441
283,389,441
284,389,441
285,388,441
286,388,440
287,388,439
288,387,438
289,387,437
290,387,436
291,386,435
292,386,434
293,386,433
294,385,433
295,385,432
296,384,431
297,384,430
298,383,430
299,383,429
300,383,428
301,382,427
302,382,426
303,381,426
304,381,425
305,380,424
306,380,423
307,379,423
308,379,422
309,378,421
310,378,420
311,377,420
312,377,419
313,376,418
314,376,417
315,375,417
316,375,416
317,374,415
318,373,414
319,373,414
320,372,413
321,372,412
322,371,411
323,371,411
324,370,410
325,369,409
326,369,409
327,368,408
328,368,407
329,367,406
330,366,405
331,366,405
332,365,404
333,364,403
334,364,402
335,363,402
336,362,401
337,362,400
338,361,399
339,360,398
340,360,398
341,359,397
342,358,396
343,357,395
344,357,394
345,356,393
346,355,393
347,354,392
348,354,391
349,353,390
350,352,389
351,351,388
352,351,388
353,350,387
354,349,386
355,348,385
356,348,384
357,347,383
358,346,382
359,345,382
360,344,381
361,343,380
362,343,379
363,342,378
364,341,377
365,340,376
366,339,375
367,338,374
368,338,373
369,337,372
370,336,371
371,335,370
372,334,370
373,333,369
374,332,368
375,331,367
376,330,366
377,329,365
378,328,364
379,327,363
380,326,362
381,325,361
382,324,360
383,323,359
384,322,358
385,321,357
386,320,356
387,319,355
388,318,354
389,317,353
390,316,351
391,315,350
392,314,349
393,313,348
394,312,347
395,311,346
396,310,345
397,308,344
398,307,343
399,306,341
400,305,340
401,304,339
402,303,338
403,302,337
404,301,335
405,300,334
406,298,333
407,297,332
408,296,330
409,295,329
410,294,328
411,293,326
412,291,325
413,290,323
414,289,322
415,288,320
416,287,319
417,285,317
418,284,316
419,283,314
420,282,312
421,281,311
422,280,309
423,278,308
424,277,306
425,276,304
426,275,302
427,274,301
428,272,299
429,271,297
430,270,295
431,269,294
432,268,292
433,266,290
434,265,288
435,264,286
436,263,284
437,262,281
438,260,279
439,259,277
440,258,274
441,257,272
442,255,269
443,255,267
444,255,264
445,257,260
0,0
