0,136
43,150,152
44,148,156
45,146,159
46,146,160
47,146,162
48,145,163
49,145,165
50,145,166
51,146,167
52,146,168
53,146,169
54,146,170
55,146,171
56,146,172
57,147,173
58,147,174
59,146,175
60,146,176
61,146,177
62,146,177
63,146,178
64,146,179
65,145,180
66,145,180
67,145,181
68,144,181
69,144,182
70,144,182
71,143,183
72,143,183
73,142,183
74,142,183
75,141,183
76,141,183
77,140,183
78,140,183
79,139,183
80,139,182
81,138,181
82,137,180
83,137,179
84,136,178
85,136,176
86,135,175
87,134,174
88,134,173
89,133,172
90,132,170
91,132,169
92,131,168
93,130,167
94,129,166
95,129,165
96,128,164
97,127,163
98,126,162
99,126,161
100,125,160
101,124,159
102,123,158
103,123,158
104,122,157
105,121,156
106,120,155
107,119,154
108,119,153
109,118,152
110,117,151
111,116,150
112,115,149
113,114,148
114,114,147
115,113,146
116,112,145
117,111,144
118,110,143
119,109,142
120,108,141
121,107,140
122,106,139
123,106,138
124,105,137
125,104,136
126,103,135
127,102,134
128,101,133
129,100,132
130,99,131
131,98,130
132,97,129
133,96,128
134,95,127
135,94,125
136,93,124
137,93,123
138,91,122
139,91,121
140,90,120
141,89,118
142,88,117
143,87,116
144,86,115
145,85,114
146,84,112
147,83,111
148,82,110
149,81,108
150,80,107
151,79,106
152,78,104
153,77,103
154,76,102
155,74,100
156,73,99
157,72,98
158,71,96
159,70,95
160,69,93
161,68,92
162,67,90
163,66,89
164,65,87
165,64,86
166,63,84
167,62,82
168,60,81
169,59,79
170,58,77
171,57,75
172,56,74
173,55,72
174,55,70
175,54,68
176,54,66
177,55,63
178,59,59
0,0
0,179
152,150,150
153,148,157
154,147,159
155,146,161
156,146,163
157,145,164
158,145,166
159,145,167
160,146,168
161,146,169
162,146,170
163,146,171
164,146,172
165,146,173
166,147,175
167,147,175
168,147,176
169,147,177
170,147,178
171,147,179
172,147,180
173,147,181
174,146,181
175,146,182
176,146,183
177,146,183
178,146,184
179,145,184
180,145,185
181,145,185
182,144,186
183,144,186
184,144,186
185,143,186
186,143,186
187,143,186
188,142,186
189,142,186
190,141,185
191,141,185
192,140,184
193,140,183
194,139,182
195,139,181
196,138,179
197,137,178
198,137,177
199,136,176
200,136,175
201,135,174
202,135,173
203,134,172
204,133,170
205,133,169
206,132,169
207,131,168
208,131,167
209,130,166
210,129,165
211,129,164
212,128,163
213,127,162
214,126,161
215,126,160
216,125,159
217,124,158
218,124,157
219,123,157
220,122,156
221,121,155
222,121,154
223,120,153
224,119,152
225,118,151
226,117,151
227,117,150
228,116,149
229,115,148
230,114,147
231,113,146
232,113,146
233,112,145
234,111,144
235,110,143
236,109,142
237,109,141
238,108,140
239,107,139
240,106,139
241,105,138
242,104,137
243,103,136
244,103,135
245,102,134
246,101,133
247,100,132
248,99,131
249,98,130
250,97,129
251,96,129
252,96,128
253,95,127
254,94,126
255,93,125
256,92,124
257,91,123
258,90,122
259,89,121
260,88,120
261,87,119
262,86,118
263,86,117
264,85,116
265,84,115
266,83,114
267,82,113
268,81,112
269,80,111
270,79,110
271,78,109
272,77,108
273,76,107
274,75,105
275,74,104
276,73,103
277,72,102
278,71,101
279,70,100
280,69,99
281,68,98
282,67,97
283,66,96
284,65,95
285,64,93
286,63,92
287,62,91
288,61,90
289,60,89
290,59,88
291,58,86
292,57,85
293,56,84
294,55,83
295,54,82
296,53,80
297,52,79
298,51,78
299,50,77
300,49,75
301,48,74
302,46,73
303,45,72
304,44,70
305,43,69
306,42,68
307,41,66
308,40,65
309,39,64
310,38,62
311,37,61
312,36,59
313,34,58
314,34,57
315,32,55
316,31,53
317,30,52
318,29,50
319,28,49
320,27,47
321,25,46
322,24,44
323,23,42
324,23,41
325,22,39
326,21,37
327,21,35
328,21,33
329,21,30
330,26,26
0,0
0,201
245,116,116
246,112,119
247,111,121
248,111,123
249,110,125
250,110,126
251,110,127
252,109,128
253,109,129
254,109,131
255,110,131
256,110,132
257,110,133
258,110,134
259,111,135
260,111,136
261,111,137
262,112,138
263,112,139
264,112,139
265,113,140
266,113,141
267,114,142
268,114,143
269,115,144
270,115,145
271,116,145
272,116,146
273,117,146
274,117,147
275,117,147
276,118,147
277,118,147
278,118,147
279,119,147
280,119,147
281,119,147
282,119,147
283,119,147
284,119,147
285,120,147
286,120,147
287,120,146
288,120,146
289,120,146
290,120,146
291,120,146
292,120,145
293,120,145
294,120,145
295,120,145
296,120,145
297,120,145
298,120,145
299,120,145
300,120,145
301,120,145
302,120,144
303,120,144
304,120,144
305,120,144
306,120,144
307,120,144
308,120,144
309,120,144
310,120,144
311,120,144
312,120,144
313,120,144
314,120,144
315,120,143
316,120,143
317,120,143
318,120,143
319,120,143
320,120,143
321,120,143
322,120,143
323,120,143
324,120,143
325,120,143
326,120,143
327,120,143
328,120,143
329,120,143
330,120,143
331,120,143
332,120,143
333,120,143
334,120,142
335,120,142
336,119,142
337,119,142
338,119,142
339,119,142
340,119,142
341,119,142
342,119,142
343,119,142
344,119,142
345,119,142
346,119,142
347,119,142
348,118,142
349,118,142
350,118,142
351,118,142
352,118,142
353,118,142
354,118,142
355,117,142
356,117,142
357,117,142
358,117,142
359,117,142
360,117,141
361,117,141
362,116,141
363,116,141
364,116,141
365,116,141
366,116,141
367,115,141
368,115,141
369,115,141
370,115,141
371,115,141
372,114,141
373,114,141
374,114,141
375,114,141
376,114,141
377,113,141
378,113,141
379,113,141
380,113,141
381,113,141
382,112,141
383,112,141
384,112,141
385,112,141
386,111,141
387,111,141
388,111,141
389,111,141
390,110,141
391,110,141
392,110,141
393,110,140
394,109,140
395,109,140
396,109,140
397,109,140
398,108,140
399,108,140
400,108,140
401,108,140
402,108,140
403,108,140
404,108,140
405,108,140
406,108,140
407,108,140
408,108,140
409,108,140
410,108,140
411,108,140
412,108,140
413,109,140
414,109,139
415,109,139
416,109,139
417,110,139
418,110,139
419,110,139
420,110,139
421,111,138
422,111,138
423,111,138
424,112,138
425,112,138
426,112,137
427,113,137
428,113,137
429,113,136
430,114,136
431,114,136
432,114,135
433,115,135
434,116,135
435,116,134
436,117,134
437,117,133
438,118,133
439,118,132
440,119,132
441,120,131
442,121,130
443,122,130
444,123,129
445,125,125
0,0
1,107
225,84,86
226,84,87
227,83,88
228,83,89
229,83,89
230,83,90
231,83,91
232,82,91
233,82,92
234,82,92
235,82,93
236,82,93
237,81,94
238,81,94
239,81,95
240,81,95
241,81,95
242,81,96
243,80,96
244,80,96
245,80,96
246,80,97
247,80,97
248,79,97
249,79,97
250,79,97
251,79,97
252,78,97
253,78,96
254,78,96
255,78,96
256,77,96
257,77,95
258,77,95
259,77,95
260,76,94
261,76,94
262,76,93
263,75,93
264,75,93
265,75,93
266,75,92
267,74,92
268,74,92
269,74,91
270,74,91
271,73,91
272,73,91
273,73,90
274,72,90
275,72,90
276,72,89
277,72,89
278,71,89
279,71,89
280,71,88
281,71,88
282,70,88
283,70,88
284,70,88
285,70,87
286,69,87
287,69,87
288,69,87
289,69,86
290,68,86
291,68,86
292,68,86
293,68,86
294,68,85
295,67,85
296,67,85
297,67,85
298,67,85
299,66,85
300,66,85
301,66,84
302,66,84
303,66,84
304,65,84
305,65,84
306,65,84
307,65,83
308,65,83
309,64,83
310,64,83
311,64,83
312,64,83
313,63,83
314,63,82
315,63,82
316,63,82
317,63,82
318,62,82
319,62,82
320,62,82
321,62,82
322,61,82
323,61,82
324,61,82
325,60,82
326,60,82
327,60,82
328,59,82
329,60,82
330,71,82
331,82,82
0,164
57,337,337
58,332,342
59,329,346
60,329,349
61,329,352
62,329,354
63,329,356
64,329,358
65,329,360
66,329,362
67,329,364
68,329,366
69,329,368
70,329,370
71,330,371
72,330,373
73,330,374
74,330,376
75,330,377
76,330,379
77,330,380
78,330,381
79,330,383
80,330,384
81,330,385
82,331,386
83,331,386
84,332,387
85,333,387
86,333,387
87,333,387
88,333,387
89,333,387
90,334,386
91,334,386
92,334,385
93,334,385
94,334,384
95,334,383
96,334,382
97,334,382
98,334,381
99,334,380
100,334,379
101,334,377
102,334,377
103,334,376
104,334,375
105,334,374
106,334,373
107,334,372
108,334,372
109,334,371
110,333,370
111,333,370
112,333,369
113,333,369
114,333,368
115,333,367
116,333,367
117,333,366
118,333,366
119,333,365
120,333,365
121,333,364
122,332,364
123,332,364
124,332,363
125,332,363
126,332,362
127,332,362
128,332,362
129,332,361
130,332,361
131,331,361
132,331,360
133,331,360
134,331,360
135,331,359
136,331,359
137,331,359
138,331,359
139,330,358
140,330,358
141,330,358
142,330,358
143,330,358
144,330,357
145,330,357
146,329,357
147,329,357
148,329,357
149,329,357
150,329,356
151,329,356
152,329,356
153,328,356
154,328,356
155,328,356
156,328,355
157,328,355
158,328,355
159,328,355
160,327,355
161,327,354
162,327,354
163,327,354
164,327,354
165,327,354
166,327,354
167,326,353
168,326,353
169,326,353
170,326,353
171,326,352
172,326,352
173,325,352
174,325,352
175,325,352
176,325,351
177,325,351
178,324,351
179,324,351
180,324,351
181,324,350
182,324,350
183,323,350
184,323,350
185,323,349
186,323,349
187,322,349
188,322,349
189,322,348
190,322,348
191,321,348
192,321,348
193,321,347
194,320,347
195,320,347
196,320,347
197,319,346
198,319,346
199,319,346
200,319,345
201,319,345
202,318,345
203,318,344
204,318,344
205,318,344
206,318,343
207,319,343
208,319,342
209,319,342
210,319,341
211,319,341
212,320,340
213,320,340
214,321,339
215,321,338
216,322,338
217,322,337
218,323,335
219,324,334
220,327,331
0,0
1,115
225,150,153
226,149,154
227,149,155
228,149,156
229,148,156
230,148,157
231,148,157
232,148,158
233,147,158
234,147,158
235,147,158
236,147,158
237,146,158
238,146,158
239,146,158
240,146,158
241,145,159
242,145,158
243,145,158
244,145,158
245,144,158
246,144,158
247,144,158
248,144,158
249,143,158
250,143,158
251,143,158
252,143,158
253,142,157
254,142,157
255,142,157
256,142,157
257,141,157
258,141,157
259,141,157
260,141,156
261,140,156
262,140,156
263,140,156
264,140,156
265,139,156
266,139,155
267,139,155
268,139,155
269,138,155
270,138,155
271,138,155
272,138,155
273,137,154
274,137,154
275,137,154
276,136,154
277,136,154
278,136,154
279,136,153
280,135,153
281,135,153
282,135,153
283,135,153
284,134,153
285,134,153
286,134,152
287,134,152
288,133,152
289,133,152
290,133,152
291,132,152
292,132,151
293,132,151
294,132,151
295,132,151
296,131,151
297,131,151
298,131,151
299,131,151
300,131,150
301,130,150
302,130,150
303,130,150
304,130,150
305,130,150
306,130,149
307,130,149
308,129,149
309,129,149
310,129,149
311,129,149
312,129,149
313,129,149
314,129,148
315,128,148
316,129,148
317,129,148
318,129,148
319,129,148
320,130,148
321,130,147
322,130,147
323,130,147
324,130,147
325,130,147
326,131,147
327,131,147
328,131,147
329,132,146
330,132,146
331,132,146
332,133,146
333,134,146
334,134,146
335,135,145
336,136,145
337,137,145
338,138,144
339,139,143
0,0
1,105
225,211,214
226,210,215
227,210,216
228,209,217
229,209,218
230,209,219
231,209,220
232,209,220
233,208,221
234,208,221
235,208,222
236,208,222
237,208,222
238,207,222
239,207,222
240,207,222
241,207,223
242,207,222
243,206,222
244,206,222
245,206,222
246,206,221
247,206,221
248,205,221
249,205,221
250,205,221
251,205,220
252,204,220
253,204,220
254,204,219
255,204,219
256,204,219
257,203,219
258,203,219
259,203,218
260,203,218
261,202,218
262,202,218
263,202,218
264,202,217
265,201,217
266,201,217
267,201,217
268,201,217
269,200,217
270,200,216
271,200,216
272,199,216
273,199,216
274,199,216
275,199,215
276,198,215
277,198,215
278,198,215
279,197,215
280,197,215
281,197,214
282,197,214
283,196,214
284,196,214
285,196,214
286,195,214
287,195,214
288,195,213
289,195,213
290,194,213
291,194,213
292,194,213
293,193,213
294,193,213
295,193,212
296,193,212
297,193,212
298,192,212
299,192,212
300,192,212
301,192,212
302,192,211
303,191,211
304,192,211
305,192,211
306,192,211
307,192,211
308,192,211
309,192,210
310,192,210
311,193,210
312,193,210
313,193,210
314,193,210
315,194,210
316,194,210
317,195,210
318,195,209
319,196,209
320,196,209
321,197,209
322,198,209
323,198,209
324,199,209
325,200,208
326,200,208
327,201,207
328,203,207
328,203,206
0,0
0,364
74,202,214
75,198,217
76,196,221
77,195,223
78,194,225
79,193,227
80,193,229
81,193,230
82,193,232
83,193,233
84,193,234
85,193,236
86,193,237
87,194,238
88,195,239
89,195,240
90,196,241
91,197,242
92,198,243
93,199,243
94,200,244
95,201,244
96,202,244
97,203,244
98,203,244
99,204,244
100,204,244
101,205,244
102,205,243
103,205,243
104,206,242
105,206,242
106,207,242
107,207,241
108,207,241
109,207,241
110,208,241
111,208,241
112,208,241
113,208,240
114,208,240
115,209,240
116,209,240
117,209,240
118,209,240
119,209,240
120,210,240
121,210,240
122,210,239
123,210,239
124,210,239
125,210,239
126,210,239
127,211,239
128,211,239
129,211,239
130,211,239
131,211,239
132,211,239
133,211,239
134,211,239
135,211,239
136,212,239
137,212,239
138,212,239
139,212,239
140,212,239
141,212,239
142,212,238
143,212,238
144,212,238
145,212,238
146,212,238
147,212,238
148,212,238
149,212,238
150,213,238
151,213,238
152,213,238
153,213,238
154,213,238
155,213,238
156,213,238
157,213,238
158,213,238
159,213,238
160,213,238
161,213,238
162,213,238
163,213,238
164,213,238
165,213,238
166,213,238
167,213,238
168,213,238
169,213,238
170,213,238
171,213,238
172,213,238
173,213,238
174,213,238
175,213,238
176,213,238
177,213,238
178,214,238
179,214,238
180,214,238
181,214,238
182,214,238
183,214,238
184,214,238
185,214,238
186,214,238
187,214,238
188,214,238
189,214,238
190,214,238
191,214,238
192,214,238
193,214,238
194,214,238
195,214,238
196,214,238
197,214,238
198,214,238
199,214,238
200,214,238
201,214,238
202,214,238
203,214,238
204,214,238
205,214,238
206,214,238
207,214,238
208,214,238
209,214,238
210,214,238
211,214,238
212,214,238
213,214,238
214,214,238
215,214,238
216,214,238
217,214,238
218,214,238
219,214,238
220,214,238
221,214,238
222,214,238
223,214,238
224,214,238
225,214,238
226,214,238
227,214,238
228,214,238
229,214,238
230,214,238
231,214,238
232,214,238
233,214,238
234,214,238
235,214,238
236,214,238
237,214,238
238,214,238
239,214,238
240,214,238
241,214,238
242,214,237
243,213,237
244,213,237
245,213,237
246,213,237
247,213,237
248,213,237
249,213,237
250,213,237
251,213,237
252,213,237
253,213,237
254,213,237
255,213,237
256,213,237
257,213,237
258,213,237
259,213,237
260,213,237
261,213,237
262,213,237
263,213,237
264,213,237
265,213,237
266,213,237
267,213,237
268,213,237
269,213,237
270,213,237
271,213,237
272,213,237
273,213,237
274,213,237
275,213,237
276,213,237
277,213,237
278,213,237
279,213,237
280,213,237
281,213,237
282,213,237
283,213,237
284,213,237
285,213,237
286,213,237
287,213,237
288,213,237
289,213,237
290,213,236
291,213,236
292,213,236
293,213,236
294,212,236
295,212,236
296,212,236
297,212,236
298,212,236
299,212,236
300,212,236
301,212,236
302,212,236
303,212,236
304,212,236
305,212,236
306,212,236
307,212,236
308,212,236
309,212,236
310,212,236
311,212,236
312,212,236
313,212,236
314,212,236
315,212,236
316,212,236
317,212,236
318,212,236
319,212,236
320,211,236
321,211,236
322,211,236
323,211,236
324,211,236
325,211,235
326,211,235
327,211,235
328,211,235
329,211,235
330,211,235
331,211,235
332,211,235
333,211,235
334,211,235
335,211,235
336,211,235
337,211,235
338,211,235
339,211,235
340,210,235
341,210,235
342,210,235
343,210,235
344,210,235
345,210,235
346,210,235
347,210,235
348,210,235
349,210,235
350,210,235
351,210,235
352,210,235
353,209,235
354,209,235
355,209,235
356,209,235
357,209,235
358,209,235
359,209,235
360,209,235
361,209,235
362,209,234
363,208,234
364,208,234
365,208,234
366,208,234
367,208,234
368,208,234
369,208,234
370,207,234
371,207,234
372,207,234
373,207,234
374,207,234
375,207,234
376,206,234
377,206,234
378,206,234
379,206,234
380,206,234
381,206,235
382,205,235
383,205,235
383,205,235
383,245,245
384,205,235
384,243,245
385,205,236
385,236,244
385,205,244
386,205,244
387,205,244
388,204,244
389,204,243
390,204,243
391,204,243
392,204,242
393,204,242
394,204,242
395,204,242
396,203,241
397,203,241
398,203,241
399,203,240
400,203,240
401,203,240
402,203,239
403,203,239
404,203,239
405,203,239
406,203,238
407,203,238
408,203,238
409,203,237
410,203,237
411,203,237
412,203,237
413,203,236
414,203,236
415,203,236
416,203,235
417,203,235
418,203,235
419,203,235
420,203,234
421,204,234
422,204,234
423,204,233
424,205,233
425,206,231
426,206,229
427,207,228
428,208,226
429,209,224
430,211,222
431,213,219
432,216,216
0,74
424,233,233
423,233,234
422,234,236
421,234,237
420,234,239
419,234,240
418,235,242
417,235,243
416,235,245
415,236,246
414,236,248
413,236,249
412,236,251
411,237,252
410,237,254
409,237,255
408,238,256
407,238,258
406,238,259
405,238,261
404,239,262
403,239,264
402,239,265
401,240,267
400,240,268
399,240,270
398,240,271
397,241,272
396,241,274
395,241,275
394,242,277
393,242,278
392,242,279
391,243,281
390,243,282
389,243,283
388,243,285
387,244,286
386,244,288
385,244,289
384,245,290
383,245,292
382,248,293
381,251,294
380,253,296
379,256,297
378,259,299
377,261,300
376,264,301
375,266,303
374,269,304
373,272,305
372,274,307
371,277,308
370,279,309
369,281,311
368,284,312
367,286,313
366,288,315
365,291,316
364,293,317
363,296,319
362,298,320
361,300,321
360,303,323
359,305,324
358,307,325
357,310,326
356,312,327
355,314,328
354,317,328
353,319,327
352,321,327
351,325,325
0,0
0,94
200,378,378
201,374,384
202,372,386
203,372,389
204,371,391
205,371,393
206,371,395
207,371,396
208,371,398
209,371,400
210,372,401
211,372,402
212,372,404
213,372,405
214,372,406
215,372,407
216,372,408
217,371,409
218,371,410
219,371,411
220,370,412
221,370,413
222,369,414
223,369,414
224,368,415
225,367,416
226,367,416
227,366,417
228,365,417
229,365,417
230,364,417
231,363,416
232,363,416
233,362,415
234,361,414
235,361,413
236,360,412
237,359,410
238,359,407
239,358,405
240,357,403
241,357,401
242,356,399
243,355,398
244,354,396
245,353,395
246,353,393
247,352,392
248,351,390
249,350,389
250,349,388
251,349,387
252,348,385
253,347,384
254,346,382
255,345,381
256,344,379
257,343,378
258,343,376
259,342,375
260,341,373
261,340,372
262,339,370
263,338,369
264,337,368
265,336,366
266,335,365
267,335,363
268,334,362
269,333,361
270,332,359
271,331,358
272,330,356
273,329,355
274,328,353
275,327,352
276,327,350
277,326,348
278,325,347
279,324,345
280,323,344
281,322,342
282,321,340
283,320,338
284,319,337
285,319,335
286,318,333
287,317,332
288,317,330
289,316,328
290,316,326
291,316,325
292,316,323
293,319,320
0,0
1,213
264,242,245
265,241,246
266,240,246
267,240,247
268,240,248
269,240,248
270,239,249
271,239,249
272,239,250
273,239,251
274,239,252
275,239,253
276,239,253
277,239,254
278,238,255
279,239,256
280,239,257
281,239,258
282,240,259
283,241,260
284,241,261
285,242,262
286,242,263
287,243,264
288,244,265
289,245,266
290,246,267
291,246,269
292,247,270
293,248,271
294,249,272
295,250,273
296,251,274
297,252,275
298,253,277
299,254,278
300,255,279
301,256,280
302,257,281
303,258,283
304,259,284
305,260,285
306,261,286
307,262,288
308,263,289
309,264,290
310,265,292
311,266,293
312,267,294
313,268,295
314,270,297
315,271,298
316,272,300
317,273,301
318,274,302
319,275,303
320,276,305
321,277,306
322,278,307
323,279,309
324,280,310
325,281,311
326,282,313
327,284,314
328,285,315
329,286,316
330,287,318
331,288,319
332,289,320
333,290,322
334,291,323
335,292,324
336,293,325
337,294,327
338,295,328
339,296,329
340,297,330
341,298,331
342,299,333
343,300,334
344,300,335
345,301,336
346,302,338
347,303,339
348,304,340
349,305,341
350,306,343
351,307,344
352,308,345
353,309,346
354,309,347
355,310,348
356,311,350
357,312,351
358,313,352
359,314,353
360,315,354
361,315,355
362,316,357
363,317,358
364,318,359
365,319,360
366,319,361
367,320,362
368,321,363
369,322,364
370,322,366
371,323,367
372,324,368
373,325,369
374,325,370
375,326,371
376,327,372
377,327,373
378,328,374
379,329,375
380,329,376
381,330,377
382,331,378
383,331,379
384,332,380
385,333,380
386,333,381
387,334,382
388,335,383
389,336,384
390,336,384
391,337,385
392,338,386
393,338,386
394,339,387
395,339,388
396,340,388
397,341,389
398,341,389
399,342,389
400,343,390
401,343,390
402,344,390
403,344,390
404,345,391
405,345,391
406,346,391
407,346,391
408,347,391
409,348,390
410,348,390
411,349,390
412,349,390
413,350,390
414,350,390
415,351,390
416,351,390
417,352,390
418,352,389
419,353,389
420,353,389
421,354,389
422,354,389
423,355,389
424,355,389
425,356,389
426,356,389
427,356,389
428,357,388
429,357,388
430,358,388
431,358,388
432,359,388
433,359,388
434,359,388
435,360,388
436,360,387
437,360,387
438,361,387
439,361,387
440,362,387
441,362,387
442,362,387
443,363,387
444,363,386
445,363,386
446,364,386
447,364,386
448,364,386
449,365,386
450,365,386
451,366,386
452,366,385
453,366,385
454,367,385
455,367,385
456,367,385
457,368,385
458,368,384
459,368,384
460,369,384
461,369,384
462,369,384
463,370,383
464,370,383
465,371,383
466,371,383
467,371,382
468,372,382
469,372,382
470,373,381
471,373,381
472,374,381
473,374,380
474,375,380
475,376,379
476,377,378
0,0
