0,144
58,155,155
59,151,159
60,149,162
61,149,164
62,148,166
63,148,167
64,148,169
65,148,170
66,148,172
67,148,173
68,149,174
69,149,175
70,149,176
71,149,177
72,150,178
73,150,180
74,150,180
75,150,181
76,150,182
77,150,183
78,150,184
79,150,185
80,150,186
81,149,186
82,149,187
83,149,188
84,149,188
85,148,189
86,148,189
87,148,189
88,148,189
89,147,189
90,147,189
91,146,189
92,146,189
93,146,189
94,145,188
95,145,187
96,144,187
97,144,186
98,143,185
99,143,183
100,142,182
101,142,181
102,141,180
103,141,179
104,140,178
105,139,177
106,139,176
107,138,176
108,138,174
109,137,174
110,137,173
111,136,172
112,135,171
113,135,170
114,134,169
115,134,169
116,133,168
117,132,167
118,132,166
119,131,165
120,130,164
121,130,164
122,129,163
123,128,162
124,128,161
125,127,161
126,126,160
127,126,159
128,125,158
129,124,157
130,123,157
131,123,156
132,122,155
133,121,154
134,120,153
135,120,152
136,119,152
137,118,151
138,118,150
139,117,149
140,116,148
141,115,147
142,115,146
143,114,145
144,113,144
145,112,144
146,112,143
147,111,142
148,110,141
149,109,140
150,108,139
151,108,138
152,107,137
153,106,136
154,105,135
155,104,134
156,104,133
157,103,132
158,102,131
159,101,130
160,100,129
161,100,128
162,99,127
163,98,126
164,97,125
165,96,124
166,95,123
167,95,121
168,94,120
169,93,119
170,92,118
171,91,117
172,90,116
173,89,115
174,89,114
175,88,112
176,87,111
177,86,110
178,85,109
179,84,108
180,83,106
181,82,105
182,82,104
183,81,103
184,80,101
185,79,100
186,78,99
187,77,97
188,76,96
189,75,94
190,74,93
191,73,91
192,72,90
193,71,89
194,70,87
195,69,85
196,69,84
197,68,82
198,68,81
199,68,78
200,68,76
201,73,73
0,0
0,184
172,145,145
173,140,150
174,139,153
175,138,155
176,138,157
177,138,158
178,138,160
179,138,161
180,138,163
181,139,164
182,139,165
183,139,166
184,139,167
185,140,168
186,140,169
187,140,170
188,140,171
189,140,172
190,141,173
191,141,174
192,140,175
193,140,176
194,140,177
195,140,177
196,140,178
197,140,178
198,140,179
199,140,179
200,140,180
201,139,180
202,139,180
203,139,180
204,138,180
205,138,180
206,138,179
207,138,179
208,137,178
209,137,178
210,136,177
211,136,176
212,136,175
213,135,173
214,135,172
215,134,171
216,134,170
217,134,170
218,133,169
219,132,168
220,132,167
221,132,166
222,131,165
223,131,164
224,130,164
225,129,163
226,129,162
227,128,161
228,128,160
229,127,160
230,127,159
231,126,158
232,126,157
233,125,156
234,124,156
235,124,155
236,123,154
237,122,153
238,122,153
239,121,152
240,121,151
241,120,150
242,119,150
243,119,149
244,118,148
245,117,148
246,117,147
247,116,146
248,115,146
249,115,145
250,114,144
251,113,143
252,113,143
253,112,142
254,111,141
255,111,140
256,110,140
257,109,139
258,109,138
259,108,138
260,107,137
261,106,136
262,106,135
263,105,135
264,104,134
265,103,133
266,103,132
267,102,131
268,101,131
269,101,130
270,100,129
271,99,128
272,98,128
273,98,127
274,97,126
275,96,125
276,96,124
277,95,123
278,94,123
279,93,122
280,92,121
281,91,120
282,91,119
283,90,118
284,89,118
285,88,117
286,87,116
287,87,115
288,86,114
289,85,113
290,84,112
291,84,111
292,83,110
293,82,110
294,81,109
295,80,108
296,79,107
297,79,106
298,78,105
299,77,104
300,76,103
301,75,102
302,74,101
303,74,100
304,73,99
305,72,98
306,71,97
307,70,96
308,69,96
309,69,94
310,68,93
311,67,92
312,66,91
313,65,90
314,64,90
315,63,88
316,62,87
317,62,86
318,61,85
319,60,84
320,59,83
321,58,82
322,57,81
323,56,80
324,55,79
325,54,78
326,54,77
327,53,76
328,52,75
329,51,73
330,50,72
331,49,71
332,48,70
333,47,69
334,46,68
335,45,67
336,44,65
337,43,64
338,43,63
339,42,62
340,41,60
341,40,59
342,39,58
343,38,57
344,37,55
345,36,54
346,35,52
347,34,51
348,33,50
349,32,48
350,32,47
351,31,45
352,31,43
353,30,41
354,31,39
355,32,36
0,0
0,200
263,112,115
264,110,118
265,109,120
266,108,122
267,108,123
268,108,125
269,107,126
270,107,127
271,107,128
272,108,129
273,108,130
274,108,131
275,108,132
276,108,132
277,109,133
278,109,134
279,109,135
280,110,136
281,110,137
282,111,138
283,111,139
284,112,140
285,112,141
286,113,142
287,113,142
288,114,143
289,114,144
290,115,144
291,115,144
292,115,145
293,116,145
294,116,145
295,116,145
296,117,145
297,117,145
298,117,145
299,117,145
300,118,145
301,118,145
302,118,145
303,118,145
304,118,145
305,118,144
306,118,144
307,118,144
308,118,144
309,119,144
310,119,143
311,119,143
312,119,143
313,119,143
314,119,143
315,119,143
316,119,143
317,119,143
318,119,143
319,119,143
320,119,143
321,119,143
322,119,143
323,119,142
324,119,142
325,119,142
326,119,142
327,119,142
328,119,142
329,119,142
330,119,142
331,119,142
332,119,142
333,119,142
334,119,142
335,119,142
336,119,142
337,119,142
338,119,142
339,119,142
340,119,142
341,119,142
342,119,142
343,119,142
344,119,142
345,119,142
346,119,142
347,119,142
348,119,141
349,119,141
350,119,141
351,119,141
352,119,141
353,119,141
354,119,141
355,119,141
356,118,141
357,118,141
358,118,141
359,118,141
360,118,141
361,118,141
362,118,141
363,118,141
364,118,141
365,118,141
366,118,141
367,118,141
368,117,141
369,117,141
370,117,141
371,117,141
372,117,141
373,117,141
374,117,141
375,117,141
376,116,141
377,116,141
378,116,141
379,116,141
380,116,141
381,116,141
382,115,141
383,115,141
384,115,141
385,115,141
386,115,141
387,115,141
388,114,141
389,114,141
390,114,141
391,114,141
392,114,141
393,113,141
394,113,141
395,113,140
396,113,140
397,113,140
398,112,140
399,112,140
400,112,140
401,112,140
402,112,140
403,111,140
404,111,140
405,111,140
406,111,140
407,110,140
408,110,140
409,110,140
410,110,140
411,109,140
412,109,140
413,109,140
414,109,140
415,108,140
416,108,140
417,108,140
418,108,140
419,108,140
420,108,140
421,108,140
422,108,140
423,108,140
424,108,140
425,108,140
426,108,140
427,108,140
428,108,140
429,108,140
430,109,140
431,109,139
432,109,139
433,109,139
434,109,139
435,110,139
436,110,139
437,110,139
438,110,138
439,111,138
440,111,138
441,111,138
442,112,138
443,112,137
444,112,137
445,113,137
446,113,136
447,114,136
448,114,136
449,114,136
450,115,135
451,115,135
452,116,134
453,116,134
454,117,134
455,117,133
456,118,133
457,119,132
458,120,132
459,120,131
460,121,130
461,122,129
462,124,128
0,0
0,184
41,286,286
42,280,292
43,278,296
44,277,299
45,276,301
46,276,304
47,276,306
48,276,308
49,276,310
50,276,311
51,276,313
52,276,315
53,277,316
54,277,318
55,278,319
56,278,320
57,279,322
58,280,323
59,280,324
60,281,324
61,281,325
62,282,325
63,282,326
64,282,326
65,283,325
66,283,325
67,283,325
68,284,325
69,284,324
70,284,324
71,285,324
72,285,324
73,285,323
74,286,323
75,286,323
76,286,323
77,286,323
78,287,322
79,287,322
80,287,322
81,287,322
82,287,322
83,288,321
84,288,321
85,288,321
86,288,321
87,288,321
88,288,321
89,289,321
90,289,320
91,289,320
92,289,320
93,289,320
94,289,320
95,289,320
96,289,320
97,290,320
98,290,320
99,290,320
100,290,319
101,290,319
102,290,319
103,290,319
104,290,319
105,290,319
106,290,319
107,291,319
108,291,319
109,291,319
110,291,319
111,291,319
112,291,318
113,291,318
114,291,318
115,291,318
116,291,318
117,291,318
118,291,318
119,291,318
120,291,318
121,291,318
122,291,318
123,291,318
124,291,318
125,291,318
126,291,317
127,291,317
128,292,317
129,292,317
130,292,317
131,292,317
132,292,317
133,292,317
134,292,317
135,292,317
136,292,317
137,292,317
138,292,317
139,292,317
140,292,317
141,292,316
142,292,316
143,292,316
144,292,316
145,292,316
146,292,316
147,292,316
148,292,316
149,292,316
150,292,316
151,292,316
152,292,316
153,292,316
154,292,316
155,292,315
156,292,315
157,292,315
158,292,315
159,292,315
160,292,315
161,292,315
162,292,315
163,292,315
164,292,315
165,292,315
166,292,315
167,292,315
168,292,315
169,292,315
170,292,314
171,292,314
172,292,314
173,292,314
174,292,314
175,292,314
176,292,314
177,292,314
178,292,314
179,292,314
180,292,314
181,292,314
182,292,314
183,292,314
184,292,313
185,292,313
186,292,313
187,292,313
188,292,313
189,292,313
190,292,313
191,292,313
192,292,313
193,292,313
194,292,313
195,292,313
196,292,313
197,292,313
198,292,312
199,292,312
200,292,312
201,291,312
202,291,312
203,291,312
204,291,312
205,291,312
206,291,312
207,291,312
208,291,312
209,291,312
210,291,312
211,291,312
212,291,312
213,291,311
214,291,311
215,291,311
216,291,311
217,291,311
218,291,311
219,291,310
220,291,307
221,291,303
222,291,300
223,291,296
224,291,293
0,0
1,101
301,132,133
302,131,134
303,130,135
304,130,135
305,129,136
306,129,137
307,128,137
308,128,137
309,128,138
310,128,138
311,127,139
312,127,139
313,127,139
314,127,140
315,127,140
316,127,140
317,126,141
318,126,141
319,126,141
320,126,141
321,126,142
322,126,142
323,125,142
324,125,142
325,125,142
326,125,142
327,125,143
328,124,143
329,124,143
330,124,143
331,124,143
332,123,143
333,123,143
334,123,143
335,123,143
336,122,143
337,122,143
338,122,143
339,122,142
340,121,142
341,121,142
342,121,142
343,120,142
344,120,142
345,120,141
346,120,141
347,119,141
348,119,141
349,119,141
350,118,140
351,118,140
352,117,140
353,117,139
354,117,139
355,116,139
356,116,139
357,115,138
358,115,138
359,114,138
360,114,137
361,114,137
362,113,137
363,113,137
364,113,136
365,113,136
366,112,136
367,112,136
368,112,135
369,112,135
370,112,135
371,112,135
372,112,134
373,112,134
374,111,134
375,111,134
376,111,133
377,111,133
378,112,133
379,112,132
380,112,132
381,112,132
382,112,132
383,112,131
384,112,131
385,112,131
386,112,131
387,113,130
388,113,130
389,113,130
390,113,130
391,113,129
392,114,129
393,114,129
394,114,128
395,115,128
396,115,128
397,116,127
398,116,127
399,117,127
400,118,126
401,120,124
0,0
0,102
128,214,220
129,213,226
130,212,229
131,211,231
132,211,233
133,211,235
134,211,237
135,211,239
136,211,241
137,211,242
138,212,243
139,212,245
140,213,246
141,214,247
142,214,248
143,215,248
144,215,249
145,216,249
146,217,250
147,217,250
148,218,251
149,218,251
150,219,251
151,219,251
152,219,251
153,220,251
154,220,251
155,221,251
156,221,251
157,222,251
158,222,251
159,222,251
160,223,251
161,223,251
162,223,251
163,223,251
164,224,251
165,224,251
166,224,251
167,225,251
168,225,251
169,225,251
170,225,251
171,225,251
172,226,251
173,226,251
174,226,251
175,226,251
176,227,251
177,227,251
178,227,251
179,227,251
180,227,251
181,228,251
182,228,251
183,228,251
184,228,251
185,228,251
186,229,251
187,229,251
188,229,252
189,229,252
190,229,252
191,229,252
192,230,252
193,230,252
194,230,252
195,230,252
196,230,252
197,231,252
198,231,252
199,231,252
200,231,252
201,231,252
202,232,252
203,232,252
204,232,253
205,232,253
206,232,253
207,232,253
208,233,253
209,233,253
210,233,253
211,233,253
212,233,253
213,233,253
214,234,253
215,234,253
216,234,253
217,234,253
218,234,254
219,235,254
220,235,254
221,235,254
222,235,254
223,235,254
224,235,254
225,236,254
226,236,254
227,236,249
228,236,241
229,236,236
0,0
1,266
181,231,232
182,230,234
183,229,235
184,229,236
185,229,237
186,229,237
187,228,238
188,228,239
189,228,240
190,228,240
191,228,241
192,227,241
193,227,242
194,227,242
195,227,243
196,227,243
197,227,243
198,226,244
199,226,244
200,226,244
201,226,245
202,226,245
203,226,245
204,225,245
205,225,245
206,225,245
207,225,245
208,225,245
209,224,246
210,224,245
211,224,245
212,224,245
213,224,245
214,223,244
215,223,244
216,223,244
217,223,244
218,223,244
219,223,243
220,222,243
221,222,243
222,222,242
223,222,242
224,222,242
225,221,241
226,221,241
227,221,241
228,221,241
229,221,240
230,221,240
231,220,240
232,220,239
233,220,239
234,220,239
235,220,238
236,219,238
237,219,238
238,219,238
239,219,237
240,219,237
241,218,237
242,218,236
243,218,236
244,218,236
245,218,236
246,218,235
247,217,235
248,217,235
249,217,235
250,217,234
251,217,234
252,216,234
253,216,234
254,216,233
255,216,233
256,216,233
257,215,233
258,215,232
259,215,232
260,215,232
261,215,232
262,214,231
263,214,231
264,214,231
265,214,231
266,214,230
267,213,230
268,213,230
269,213,230
270,213,229
271,213,229
272,213,229
273,212,229
274,212,229
275,212,228
276,212,228
277,212,228
278,211,228
279,211,228
280,211,227
281,211,227
282,211,227
283,210,227
284,210,227
285,210,226
286,210,226
287,210,226
288,209,226
289,209,226
290,209,225
291,209,225
292,209,225
293,209,225
294,208,225
295,208,224
296,208,224
297,208,224
298,207,224
299,207,224
300,207,224
301,207,223
302,207,223
303,207,223
304,206,223
305,206,223
306,206,222
307,206,222
308,206,222
309,205,222
310,205,222
311,205,222
312,205,221
313,205,221
314,204,221
315,204,221
316,204,221
317,204,221
318,204,221
319,203,220
320,203,220
321,203,220
322,203,220
323,203,220
324,202,220
325,202,220
326,202,219
327,202,219
328,201,219
329,201,219
330,201,219
331,201,219
332,201,219
333,200,218
334,200,218
335,200,218
336,200,218
337,200,218
338,199,218
339,199,218
340,199,218
341,199,218
342,198,217
343,198,217
344,198,217
345,198,217
346,198,217
347,197,217
348,197,217
349,197,217
350,197,216
351,197,216
352,196,216
353,196,216
354,196,216
355,196,216
356,195,216
357,195,216
358,195,216
359,195,216
360,194,216
361,194,216
362,194,215
363,194,215
364,194,215
365,193,215
366,193,215
367,193,215
368,193,215
369,192,215
370,192,215
371,192,215
372,192,215
373,191,215
374,191,215
375,191,215
376,191,215
377,190,215
378,190,214
379,190,214
380,190,214
381,189,214
382,189,214
383,189,214
384,189,214
385,188,214
386,188,214
387,188,214
388,188,214
389,187,214
390,187,214
391,187,214
392,187,214
393,186,214
394,186,214
395,186,214
396,186,213
397,185,213
398,185,213
399,185,213
400,185,213
401,185,213
402,185,213
403,184,213
404,184,213
405,184,213
406,184,213
407,184,213
408,183,213
409,184,213
410,184,213
411,184,213
412,184,213
413,184,213
414,185,213
415,185,213
416,185,213
417,185,213
418,185,212
419,185,212
420,186,212
421,186,212
422,186,212
423,187,212
424,187,212
425,188,212
426,188,212
427,189,212
428,189,212
429,190,212
430,190,212
431,191,212
432,191,212
433,192,212
434,193,212
435,193,212
436,194,211
437,194,211
438,195,211
439,196,211
440,197,211
441,197,211
442,198,210
443,199,210
444,200,209
445,201,208
446,203,207
0,0
0,166
216,289,289
217,285,294
218,283,297
219,283,299
220,282,301
221,282,303
222,282,305
223,282,306
224,282,307
225,283,309
226,283,310
227,283,311
228,284,312
229,284,313
230,285,314
231,285,315
232,286,316
233,286,317
234,287,318
235,287,318
236,287,319
237,288,319
238,288,319
239,288,320
240,289,320
241,289,320
242,289,320
243,289,320
244,289,320
245,290,320
246,290,320
247,290,319
248,290,319
249,290,319
250,290,319
251,290,319
252,290,319
253,290,319
254,290,319
255,290,318
256,290,318
257,290,318
258,290,318
259,290,318
260,290,318
261,290,318
262,290,318
263,290,318
264,290,318
265,290,318
266,291,318
267,291,318
268,291,318
269,291,318
270,291,318
271,291,318
272,291,318
273,291,317
274,291,317
275,291,317
276,291,317
277,291,317
278,291,317
279,291,317
280,291,317
281,291,317
282,291,317
283,291,317
284,291,317
285,291,317
286,291,317
287,291,317
288,291,317
289,291,317
290,291,317
291,291,317
292,291,317
293,291,317
294,291,316
295,291,316
296,291,316
297,291,316
298,291,316
299,291,316
300,291,316
301,291,316
302,291,316
303,291,316
304,291,316
305,291,316
306,291,316
307,291,316
308,291,316
309,291,316
310,291,316
311,291,316
312,291,316
313,291,316
314,291,315
315,291,315
316,291,315
317,291,315
318,291,315
319,291,315
320,291,315
321,291,315
322,291,315
323,291,315
324,291,315
325,291,315
326,291,315
327,291,315
328,291,315
329,291,315
330,291,315
331,291,315
332,291,315
333,291,315
334,291,314
335,291,314
336,291,314
337,291,314
338,291,314
339,291,314
340,291,314
341,291,314
342,291,314
343,291,314
344,291,314
345,291,314
346,291,314
347,291,314
348,291,314
349,291,314
350,291,314
351,291,314
352,291,314
353,291,314
354,291,314
355,291,314
356,291,313
357,291,313
358,291,313
359,291,313
360,291,313
361,291,313
362,291,313
363,291,313
364,291,313
365,291,313
366,291,313
367,291,313
368,291,313
369,291,313
370,291,313
371,291,313
372,291,313
373,291,313
374,291,313
375,291,313
376,291,313
377,291,313
378,291,312
379,291,312
380,293,312
381,312,312
0,0
1,102
299,289,292
300,289,293
301,289,294
302,288,295
303,288,296
304,287,297
305,287,298
306,287,298
307,286,298
308,286,299
309,286,299
310,285,299
311,285,299
312,285,299
313,284,299
314,284,299
315,284,299
316,283,299
317,283,299
318,283,299
319,282,299
320,282,298
321,282,298
322,281,298
323,281,298
324,281,298
325,280,298
326,280,298
327,280,298
328,279,298
329,279,298
330,279,297
331,278,297
332,278,297
333,277,297
334,277,297
335,277,297
336,276,297
337,276,296
338,276,296
339,275,296
340,275,296
341,275,296
342,274,296
343,274,295
344,274,295
345,274,295
346,273,295
347,273,295
348,273,295
349,273,295
350,272,294
351,272,294
352,272,294
353,272,294
354,272,294
355,271,294
356,271,294
357,271,293
358,271,293
359,271,293
360,270,293
361,270,293
362,270,293
363,270,293
364,270,292
365,270,292
366,270,292
367,270,292
368,270,292
369,270,292
370,270,292
371,269,292
372,270,291
373,270,291
374,270,291
375,270,291
376,270,291
377,270,291
378,270,291
379,270,291
380,270,290
381,270,290
382,271,290
383,271,290
384,271,290
385,271,290
386,271,290
387,272,290
388,272,289
389,272,289
390,273,289
391,273,289
392,274,289
393,274,289
394,275,288
395,276,288
396,276,288
397,277,288
398,278,287
399,280,286
400,281,285
0,0
0,161
268,217,219
269,212,224
270,210,227
271,210,229
272,209,231
273,209,232
274,209,234
275,209,235
276,210,236
277,210,237
278,210,238
279,211,240
280,211,240
281,212,241
282,212,242
283,213,243
284,213,244
285,214,245
286,214,245
287,214,246
288,214,247
289,214,248
290,214,248
291,214,248
292,214,249
293,214,249
294,214,249
295,214,249
296,213,249
297,213,249
298,213,249
299,213,249
300,213,248
301,213,247
302,213,247
303,213,247
304,212,246
305,212,245
306,212,245
307,212,245
308,212,244
309,212,244
310,211,243
311,211,243
312,211,242
313,211,242
314,211,241
315,210,241
316,210,241
317,210,240
318,210,240
319,209,239
320,209,239
321,209,239
322,209,238
323,208,238
324,208,237
325,208,237
326,208,237
327,207,236
328,207,236
329,207,235
330,206,235
331,206,234
332,206,234
333,205,233
334,205,233
335,205,232
336,204,232
337,204,232
338,204,231
339,203,231
340,203,230
341,202,230
342,202,229
343,202,229
344,201,228
345,201,228
346,200,227
347,200,226
348,199,226
349,199,225
350,199,225
351,198,224
352,198,224
353,197,223
354,197,223
355,196,222
356,196,222
357,195,221
358,195,220
359,195,220
360,194,219
361,194,219
362,193,218
363,193,218
364,192,217
365,192,216
366,191,216
367,191,215
368,191,214
369,190,214
370,189,213
371,189,213
372,188,212
373,188,211
374,187,211
375,187,210
376,186,210
377,186,209
378,185,208
379,185,208
380,184,207
381,184,206
382,183,206
383,183,205
384,182,204
385,182,204
386,181,203
387,180,202
388,180,202
389,179,201
390,179,200
391,178,199
392,178,199
393,177,198
394,177,197
395,176,197
396,175,196
397,175,195
398,174,194
399,173,193
400,173,192
401,172,191
402,172,191
403,171,190
404,170,189
405,170,188
406,169,187
407,169,186
408,168,185
409,167,184
410,167,183
411,166,182
412,165,181
413,165,180
414,164,179
415,163,178
416,163,177
417,162,176
418,161,175
419,161,174
420,160,172
421,159,171
422,159,170
423,158,169
424,158,168
425,158,167
426,158,165
427,158,163
428,159,161
0,0
1,267
215,323,328
216,322,330
217,321,332
218,322,333
219,322,334
220,323,335
221,323,336
222,324,337
223,324,338
224,324,338
225,325,339
226,325,340
227,326,340
228,326,341
229,327,342
230,327,343
231,328,343
232,329,344
233,329,345
234,330,346
235,330,346
236,331,347
237,331,348
238,332,349
239,332,349
240,333,350
241,334,351
242,334,352
243,335,352
244,335,353
245,336,354
246,336,354
247,337,355
248,337,356
249,338,357
250,338,357
251,339,358
252,340,359
253,340,359
254,341,360
255,341,361
256,342,362
257,342,362
258,343,363
259,344,364
260,344,364
261,345,365
262,345,366
263,346,367
264,347,367
265,347,368
266,348,369
267,348,369
268,349,370
269,349,371
270,350,372
271,351,372
272,351,373
273,352,374
274,352,374
275,353,375
276,353,376
277,354,377
278,354,377
279,355,378
280,356,379
281,356,379
282,357,380
283,357,381
284,358,381
285,358,382
286,359,383
287,359,383
288,360,384
289,360,385
290,361,385
291,361,386
292,362,387
293,362,387
294,363,388
295,363,389
296,364,389
297,364,390
298,365,391
299,365,392
300,366,392
301,366,393
302,367,394
303,367,394
304,368,395
305,368,396
306,369,396
307,369,397
308,370,398
309,370,398
310,371,399
311,371,400
312,371,400
313,372,401
314,372,401
315,373,402
316,373,403
317,374,403
318,374,404
319,375,405
320,375,405
321,375,406
322,376,407
323,376,407
324,377,408
325,377,409
326,378,409
327,378,410
328,378,411
329,379,411
330,379,412
331,380,413
332,380,413
333,380,414
334,381,415
335,381,415
336,382,416
337,382,417
338,382,417
339,383,418
340,383,418
341,383,419
342,384,420
343,384,420
344,384,421
345,385,422
346,385,422
347,385,423
348,386,423
349,386,424
350,386,425
351,387,425
352,387,426
353,387,427
354,388,427
355,388,428
356,388,428
357,389,429
358,389,430
359,389,430
360,390,431
361,390,432
362,390,432
363,390,433
364,391,434
365,391,434
366,391,435
367,392,435
368,392,436
369,392,436
370,392,437
371,393,437
372,393,438
373,393,438
374,393,438
375,394,438
376,394,439
377,394,439
378,394,439
379,394,439
380,395,440
381,395,440
382,395,440
383,395,440
384,396,440
385,396,440
386,396,440
387,396,440
388,396,440
389,397,440
390,397,440
391,397,440
392,397,440
393,397,440
394,398,441
395,398,440
396,398,440
397,398,440
398,398,440
399,398,440
400,399,440
401,399,440
402,399,440
403,399,440
404,399,439
405,399,439
406,400,439
407,400,439
408,400,439
409,400,439
410,400,439
411,400,439
412,400,438
413,401,438
414,401,438
415,401,438
416,401,438
417,401,437
418,401,437
419,401,437
420,402,437
421,402,437
422,402,436
423,402,436
424,402,436
425,402,436
426,402,436
427,403,435
428,403,435
429,403,435
430,403,435
431,403,434
432,403,434
433,403,434
434,404,434
435,404,433
436,404,433
437,404,433
438,404,433
439,404,432
440,405,432
441,405,432
442,405,431
443,405,431
444,405,431
445,405,430
446,406,430
447,406,430
448,406,430
449,406,429
450,406,429
451,406,429
452,407,428
453,407,428
454,407,427
455,407,427
456,407,427
457,407,426
458,408,426
459,408,426
460,408,425
461,408,425
462,408,424
463,408,424
464,409,424
465,409,423
466,409,423
467,409,422
468,409,422
469,409,421
470,410,421
471,410,420
472,410,420
473,410,419
474,410,419
475,411,419
476,411,418
477,411,417
478,411,417
479,412,416
480,412,415
481,413,414
0,0
