0,106
179,72,75
180,70,77
181,69,77
182,68,78
183,68,79
184,67,79
185,67,80
186,67,81
187,66,81
188,66,81
189,66,82
190,65,82
191,65,82
192,65,82
193,64,83
194,64,83
195,64,83
196,63,83
197,63,83
198,62,83
199,62,83
200,62,83
201,61,83
202,61,83
203,61,83
204,60,83
205,60,83
206,59,83
207,59,83
208,59,83
209,58,83
210,58,83
211,57,83
212,57,83
213,57,83
214,56,83
215,56,83
216,55,83
217,55,83
218,54,83
219,54,83
220,53,83
221,53,83
222,53,83
223,52,83
224,52,82
225,51,82
226,51,82
227,50,82
228,50,82
229,49,82
230,49,82
231,48,81
232,48,81
233,48,81
234,47,81
235,46,81
236,46,80
237,45,80
238,45,80
239,45,79
240,44,79
241,43,79
242,43,79
243,43,78
244,42,78
245,42,78
246,41,77
247,41,77
248,40,77
249,40,76
250,40,76
251,39,76
252,39,75
253,39,75
254,39,75
255,39,74
256,38,74
257,38,73
258,38,73
259,38,73
260,38,72
261,38,72
262,38,71
263,38,71
264,38,70
265,38,70
266,38,69
267,38,69
268,39,68
269,39,67
270,39,67
271,39,66
272,39,65
273,40,64
274,40,64
275,40,63
276,41,62
277,41,61
278,42,60
279,42,59
280,43,57
281,43,56
282,44,54
283,45,52
284,49,49
0,0
0,400
40,114,120
41,112,123
42,111,126
43,110,128
44,109,130
45,108,132
46,108,134
47,108,135
48,107,137
49,107,138
50,107,140
51,108,141
52,108,143
53,108,144
54,109,146
55,109,147
56,110,148
57,110,150
58,111,151
59,112,152
60,112,153
61,113,155
62,113,156
63,114,157
64,114,158
65,115,158
66,115,159
67,116,160
68,116,160
69,117,160
70,117,161
71,118,161
72,118,161
73,118,161
74,119,160
75,119,160
76,120,160
77,120,159
78,120,159
79,120,159
80,121,158
81,121,158
82,121,157
83,122,157
84,122,157
85,122,157
86,122,157
87,122,156
88,123,156
89,123,156
90,123,156
91,123,156
92,123,155
93,124,155
94,124,155
95,124,155
96,124,155
97,124,155
98,124,154
99,124,154
100,124,154
101,124,154
102,124,154
103,124,154
104,124,154
105,124,154
106,124,153
107,124,153
108,124,153
109,124,153
110,124,153
111,124,153
112,125,153
113,125,153
114,125,153
115,125,153
116,125,152
117,125,152
118,125,152
119,125,152
120,125,152
121,125,152
122,125,152
123,125,152
124,125,152
125,125,152
126,125,152
127,125,152
128,125,152
129,125,151
130,125,151
131,125,151
132,125,151
133,125,151
134,125,151
135,125,151
136,125,151
137,125,151
138,125,151
139,125,151
140,125,151
141,125,151
142,125,151
143,125,151
144,125,150
145,125,150
146,125,150
147,125,150
148,125,150
149,125,150
150,125,150
151,125,150
152,125,150
153,125,150
154,125,150
155,125,150
156,125,150
157,125,150
158,125,150
159,125,150
160,125,150
161,125,150
162,125,150
163,125,149
164,125,149
165,125,149
166,125,149
167,125,149
168,125,149
169,125,149
170,125,149
171,125,149
172,125,149
173,125,149
174,125,149
175,125,149
176,125,149
177,125,149
178,125,149
179,125,149
180,125,149
181,125,149
182,125,149
183,125,149
184,125,149
185,125,149
186,125,149
187,125,149
188,125,149
189,125,149
190,125,148
191,124,148
192,124,148
193,124,148
194,124,148
195,124,148
196,124,148
197,124,148
198,124,148
199,124,148
200,124,148
201,124,148
202,124,148
203,124,148
204,124,148
205,124,148
206,124,148
207,124,148
208,124,148
209,124,148
210,124,148
211,124,148
212,124,148
213,124,148
214,124,148
215,124,148
216,124,148
217,124,148
218,124,148
219,124,148
220,124,148
221,124,148
222,124,148
223,124,148
224,124,148
225,124,148
226,124,148
227,124,148
228,124,148
229,124,148
230,124,148
231,124,148
232,124,148
233,124,148
234,124,148
235,124,147
236,124,147
237,124,147
238,124,147
239,124,147
240,124,147
241,124,147
242,124,147
243,124,147
244,124,147
245,124,147
246,124,147
247,124,147
248,124,147
249,124,147
250,124,147
251,124,147
252,123,147
253,123,147
254,123,147
255,123,147
256,123,147
257,123,147
258,123,147
259,123,147
260,123,147
261,123,147
262,123,147
263,123,147
264,123,147
265,123,147
266,123,147
267,123,147
268,123,147
269,123,147
270,123,147
271,123,147
272,123,147
273,123,147
274,123,147
275,123,147
276,123,147
277,123,147
278,123,147
279,123,147
280,123,147
281,123,147
282,123,147
283,123,147
284,123,147
285,123,147
286,123,147
287,123,147
288,123,147
289,123,147
290,122,147
291,122,147
292,122,147
293,122,147
294,122,147
295,122,147
296,122,147
297,122,147
298,122,147
299,122,147
300,122,147
301,122,147
302,122,147
303,122,147
304,122,147
305,122,147
306,122,147
307,122,147
308,122,146
309,122,146
310,121,146
311,121,146
312,121,146
313,121,146
314,121,146
315,121,146
316,121,146
317,121,146
318,121,146
319,121,146
320,121,146
321,121,146
322,121,146
323,120,146
324,120,146
325,120,146
326,120,146
327,120,146
328,120,146
329,120,146
330,120,146
331,120,146
332,120,146
333,119,146
334,119,146
335,119,146
336,119,146
337,119,146
338,119,146
339,119,146
340,119,146
341,118,146
342,118,146
343,118,146
344,118,146
345,118,146
346,118,146
347,118,146
348,117,146
349,117,146
350,117,146
351,117,146
352,117,146
353,117,146
354,116,146
355,116,146
356,116,146
357,116,146
358,116,146
359,116,146
360,115,146
361,115,146
362,115,146
363,115,146
364,114,146
365,114,146
366,114,146
367,114,146
368,114,146
369,113,146
370,113,146
371,113,146
372,113,146
373,112,146
374,112,146
375,112,146
376,112,146
377,111,146
378,111,146
379,111,146
380,111,146
381,110,146
382,110,146
383,110,146
384,110,146
385,110,146
386,109,146
387,109,146
388,109,146
389,109,146
390,109,146
391,109,146
392,109,146
393,109,146
394,109,146
395,109,146
396,109,146
397,109,146
398,109,146
399,109,146
400,109,146
401,109,146
402,110,146
403,110,146
404,110,146
405,110,146
406,111,146
407,111,146
408,112,146
409,112,145
410,112,145
411,112,145
412,113,145
413,113,145
414,114,144
415,114,144
416,114,144
417,115,144
418,115,143
419,115,143
420,116,143
421,116,142
422,117,142
423,117,141
424,117,141
425,118,141
426,118,140
427,119,140
428,119,139
429,119,139
430,120,138
431,120,137
432,121,137
433,122,136
434,122,136
435,123,135
436,123,134
437,124,133
438,126,132
439,129,129
0,0
0,71
157,148,148
158,146,153
159,145,155
160,145,157
161,145,159
162,144,161
163,144,163
164,145,165
165,145,167
166,145,169
167,145,170
168,146,172
169,146,174
170,147,176
171,147,177
172,148,179
173,149,180
174,150,182
175,150,183
176,151,185
177,152,186
178,153,188
179,154,189
180,155,191
181,156,192
182,156,193
183,157,195
184,158,196
185,159,197
186,160,198
187,161,199
188,161,200
189,162,201
190,163,202
191,164,202
192,165,203
193,166,204
194,167,204
195,167,205
196,168,205
197,169,206
198,170,206
199,171,207
200,171,207
201,172,207
202,173,207
203,174,207
204,175,208
205,175,208
206,176,208
207,177,208
208,178,208
209,179,208
210,179,208
211,180,208
212,181,208
213,182,208
214,183,208
215,183,208
216,184,208
217,185,207
218,186,207
219,186,207
220,187,207
221,188,206
222,189,206
223,190,205
224,191,204
225,193,203
226,194,202
227,197,197
0,0
1,246
217,193,196
218,192,197
219,192,198
220,191,199
221,191,200
222,191,201
223,191,202
224,191,202
225,190,203
226,190,204
227,190,205
228,190,205
229,190,206
230,190,206
231,190,207
232,189,207
233,189,207
234,189,208
235,189,208
236,189,208
237,189,209
238,189,209
239,188,209
240,188,209
241,188,209
242,188,209
243,188,209
244,188,210
245,188,210
246,187,210
247,187,210
248,187,210
249,187,210
250,187,209
251,187,209
252,187,209
253,186,209
254,186,209
255,186,209
256,186,208
257,186,208
258,186,208
259,185,208
260,185,207
261,185,207
262,185,207
263,185,207
264,185,206
265,185,206
266,184,206
267,184,206
268,184,205
269,184,205
270,184,205
271,184,205
272,184,204
273,183,204
274,183,204
275,183,204
276,183,203
277,183,203
278,183,203
279,182,203
280,182,203
281,182,202
282,182,202
283,182,202
284,182,202
285,182,202
286,181,201
287,181,201
288,181,201
289,181,201
290,181,201
291,181,200
292,180,200
293,180,200
294,180,200
295,180,200
296,180,199
297,180,199
298,180,199
299,179,199
300,179,199
301,179,198
302,179,198
303,179,198
304,179,198
305,178,198
306,178,198
307,178,197
308,178,197
309,178,197
310,178,197
311,178,197
312,177,197
313,177,197
314,177,196
315,177,196
316,177,196
317,177,196
318,176,196
319,176,196
320,176,195
321,176,195
322,176,195
323,176,195
324,176,195
325,175,195
326,175,195
327,175,195
328,175,194
329,175,194
330,175,194
331,174,194
332,174,194
333,174,194
334,174,194
335,174,193
336,174,193
337,173,193
338,173,193
339,173,193
340,173,193
341,173,193
342,173,193
343,172,193
344,172,193
345,172,192
346,172,192
347,172,192
348,172,192
349,171,192
350,171,192
351,171,192
352,171,192
353,171,192
354,170,192
355,170,192
356,170,192
357,170,191
358,170,191
359,170,191
360,169,191
361,169,191
362,169,191
363,169,191
364,169,191
365,169,191
366,168,191
367,168,191
368,168,191
369,168,191
370,168,191
371,167,191
372,167,191
373,167,190
374,167,190
375,167,190
376,167,190
377,166,190
378,166,190
379,166,190
380,166,190
381,166,190
382,165,190
383,165,190
384,165,190
385,165,190
386,165,190
387,164,190
388,164,190
389,164,190
390,164,190
391,164,190
392,163,190
393,163,190
394,163,190
395,163,190
396,162,190
397,162,190
398,162,190
399,162,190
400,162,190
401,161,190
402,161,190
403,161,190
404,161,190
405,160,190
406,160,190
407,160,190
408,160,190
409,160,190
410,159,190
411,159,190
412,159,190
413,159,190
414,159,190
415,158,190
416,158,190
417,158,190
418,158,190
419,158,190
420,158,190
421,158,190
422,158,190
423,158,190
424,159,190
425,159,190
426,159,190
427,159,190
428,159,190
429,160,190
430,160,190
431,160,190
432,160,190
433,161,190
434,161,190
435,161,190
436,162,190
437,162,190
438,163,190
439,163,190
440,164,190
441,164,190
442,165,190
443,165,190
444,166,190
445,166,190
446,167,190
447,168,190
448,168,190
449,169,190
450,170,189
451,170,189
452,171,189
453,172,189
454,173,189
455,174,189
456,174,189
457,175,188
458,176,188
459,177,187
460,178,186
461,180,185
462,182,183
0,0
0,431
35,331,331
36,327,338
37,323,343
38,322,346
39,321,349
40,320,352
41,320,355
42,320,357
43,320,359
44,320,362
45,320,364
46,321,366
47,321,367
48,321,369
49,322,370
50,323,371
51,323,372
52,324,373
53,325,374
54,325,375
55,326,375
56,327,376
57,328,377
58,328,377
59,329,377
60,329,378
61,330,378
62,331,378
63,331,378
64,332,379
65,332,379
66,332,379
67,333,379
68,333,378
69,334,378
70,334,378
71,334,378
72,335,378
73,335,377
74,335,377
75,335,377
76,336,376
77,336,376
78,336,376
79,336,375
80,336,375
81,337,375
82,337,374
83,337,374
84,337,374
85,337,374
86,337,373
87,337,373
88,337,373
89,337,373
90,337,372
91,337,372
92,338,372
93,338,372
94,338,372
95,338,371
96,338,371
97,338,371
98,338,371
99,338,371
100,338,371
101,338,370
102,338,370
103,338,370
104,338,370
105,338,370
106,338,370
107,338,370
108,338,370
109,338,369
110,338,369
111,338,369
112,339,369
113,339,369
114,339,369
115,339,369
116,339,369
117,339,369
118,339,369
119,339,368
120,339,368
121,339,368
122,339,368
123,339,368
124,339,368
125,339,368
126,339,368
127,339,368
128,339,368
129,339,368
130,339,368
131,339,368
132,339,368
133,339,367
134,339,367
135,339,367
136,339,367
137,339,367
138,339,367
139,339,367
140,339,367
141,339,367
142,339,367
143,339,367
144,339,367
145,339,367
146,339,367
147,339,367
148,339,367
149,339,367
150,339,367
151,339,367
152,339,367
153,339,367
154,339,367
155,339,367
156,339,367
157,339,367
158,339,367
159,339,367
160,339,367
161,339,367
162,339,367
163,339,367
164,339,367
165,340,367
166,340,367
167,340,367
168,340,367
169,340,367
170,340,367
171,340,367
172,340,367
173,340,367
174,340,367
175,340,367
176,340,367
177,340,367
178,340,367
179,340,367
180,340,367
181,340,367
182,340,367
183,340,367
184,340,367
185,340,367
186,340,367
187,340,367
188,340,367
189,340,367
190,340,367
191,340,367
192,340,367
193,340,367
194,340,367
195,340,367
196,340,367
197,340,367
198,340,367
199,340,367
200,340,367
201,340,367
202,340,367
203,340,367
204,340,367
205,340,367
206,340,367
207,340,367
208,340,367
209,340,367
210,340,367
211,340,367
212,340,367
213,340,367
214,340,367
215,340,367
216,340,367
217,340,367
218,340,367
219,340,367
220,340,367
221,340,367
222,340,367
223,340,367
224,340,367
225,340,367
226,340,367
227,340,367
228,340,367
229,340,367
230,340,367
231,340,367
232,340,367
233,340,367
234,340,367
235,340,367
236,340,367
237,340,367
238,340,367
239,340,367
240,340,367
241,340,367
242,340,367
243,340,367
244,340,367
245,340,367
246,340,367
247,340,367
248,340,367
249,340,367
250,340,367
251,340,367
252,340,367
253,340,368
254,340,368
255,340,368
256,340,368
257,340,368
258,340,368
259,340,368
260,340,368
261,340,368
262,340,368
263,340,368
264,340,368
265,340,368
266,340,368
267,340,368
268,340,368
269,340,368
270,340,368
271,340,368
272,340,368
273,340,368
274,340,368
275,340,368
276,340,368
277,340,368
278,340,368
279,340,368
280,340,368
281,340,368
282,340,368
283,340,369
284,340,369
285,340,369
286,340,369
287,340,369
288,340,369
289,340,369
290,340,369
291,340,369
292,340,369
293,340,369
294,340,369
295,340,369
296,340,369
297,340,369
298,340,369
299,340,369
300,340,369
301,340,369
302,340,369
303,340,369
304,340,369
305,340,370
306,340,370
307,340,370
308,340,370
309,340,370
310,340,370
311,340,370
312,340,370
313,340,370
314,340,370
315,340,370
316,340,370
317,340,370
318,340,370
319,340,370
320,340,370
321,340,370
322,340,370
323,340,370
324,340,371
325,340,371
326,340,371
327,340,371
328,340,371
329,340,371
330,340,371
331,340,371
332,340,371
333,340,371
334,340,371
335,340,371
336,340,371
337,340,371
338,340,371
339,340,371
340,340,372
341,339,372
342,339,372
343,339,372
344,339,372
345,339,372
346,339,372
347,339,372
348,339,372
349,339,372
350,339,372
351,339,372
352,339,372
353,339,372
354,339,373
355,339,373
356,339,373
357,339,373
358,339,373
359,339,373
360,339,373
361,339,373
362,339,373
363,339,373
364,339,373
365,339,373
366,339,373
367,339,373
368,339,374
369,338,374
370,338,374
371,338,374
372,338,374
373,338,374
374,338,374
375,338,374
376,338,374
377,338,374
378,338,374
379,338,374
380,338,375
381,338,375
382,338,375
383,338,375
384,338,375
385,337,375
386,337,375
387,337,375
388,337,375
389,337,375
390,337,375
391,337,375
392,336,375
393,336,375
394,336,375
395,336,375
396,335,375
397,335,375
398,335,375
399,335,375
400,335,375
401,335,375
402,336,375
403,336,375
404,336,375
405,337,375
406,337,375
407,337,375
408,337,375
409,338,375
410,338,375
411,338,375
412,339,375
413,339,375
414,339,375
415,339,375
416,340,375
417,340,375
418,340,375
419,341,374
420,341,374
421,341,374
422,341,374
423,342,374
424,342,374
425,342,374
426,343,374
427,343,373
428,343,373
429,343,373
430,344,373
431,344,373
432,344,372
433,345,372
434,345,372
435,345,372
436,345,372
437,346,371
438,346,371
439,346,371
440,347,370
441,347,370
442,347,370
443,347,369
444,348,369
445,348,369
446,348,368
447,349,368
448,349,368
449,349,367
450,349,367
451,350,366
452,350,366
453,350,365
454,351,365
455,351,364
456,351,364
457,351,363
458,352,362
459,352,362
460,352,361
461,353,360
462,353,359
463,353,358
464,353,356
465,354,354
1,77
354,464,465
353,461,464
352,457,464
351,454,464
350,450,463
349,447,463
348,443,463
347,440,462
346,436,461
345,433,461
344,429,460
343,426,459
342,422,458
341,419,457
340,415,455
339,412,454
338,408,453
337,405,451
336,401,450
335,398,448
334,398,447
333,399,445
332,399,444
331,400,443
330,400,442
329,400,441
328,400,440
327,400,439
326,400,438
325,400,436
324,400,436
323,400,434
322,400,434
321,400,433
320,400,432
319,400,431
318,400,430
317,400,429
316,400,428
315,400,427
314,400,426
313,400,426
312,400,425
311,400,424
310,400,423
309,400,422
308,399,422
307,399,421
306,399,420
305,399,419
304,399,419
303,399,418
302,399,417
301,399,416
300,399,416
299,399,415
298,399,414
297,399,413
296,399,413
295,398,412
294,398,411
293,398,410
292,398,410
291,397,409
290,397,408
289,397,408
288,397,407
287,396,406
286,396,406
285,396,405
284,396,404
283,396,403
282,395,403
281,396,402
280,396,401
279,396,399
278,397,397
0,0
0,69
245,229,232
246,227,236
247,227,238
248,226,241
249,226,243
250,226,245
251,226,247
252,226,248
253,226,250
254,226,252
255,226,254
256,226,256
257,227,257
258,227,259
259,228,261
260,228,262
261,229,264
262,229,265
263,230,267
264,231,268
265,231,270
266,232,271
267,233,272
268,233,274
269,234,275
270,235,276
271,236,277
272,237,278
273,237,279
274,238,280
275,239,281
276,240,281
277,240,282
278,241,282
279,242,283
280,243,283
281,243,284
282,244,284
283,245,284
284,245,284
285,246,285
286,247,285
287,248,285
288,248,285
289,249,285
290,250,285
291,250,285
292,251,285
293,252,285
294,252,285
295,253,285
296,254,285
297,254,285
298,255,285
299,256,285
300,256,284
301,257,284
302,258,284
303,258,284
304,259,283
305,260,283
306,260,283
307,261,282
308,262,282
309,263,281
310,264,280
311,266,279
312,267,278
313,271,275
0,0
