0,105
172,59,62
173,57,64
174,57,65
175,56,66
176,56,66
177,55,67
178,55,68
179,55,68
180,55,69
181,54,69
182,54,69
183,54,70
184,54,70
185,54,70
186,53,71
187,53,71
188,53,71
189,53,71
190,52,71
191,52,72
192,52,72
193,52,72
194,51,72
195,51,72
196,51,72
197,51,72
198,50,72
199,50,72
200,50,72
201,50,72
202,49,72
203,49,72
204,49,72
205,48,73
206,48,73
207,48,73
208,48,73
209,47,73
210,47,73
211,47,73
212,46,73
213,46,73
214,46,73
215,45,73
216,45,73
217,45,73
218,45,73
219,44,72
220,44,72
221,44,72
222,43,72
223,43,72
224,43,72
225,42,72
226,42,72
227,42,72
228,41,71
229,41,71
230,40,71
231,40,71
232,40,71
233,39,71
234,39,70
235,39,70
236,38,70
237,38,70
238,38,70
239,37,69
240,37,69
241,36,69
242,36,69
243,36,68
244,35,68
245,35,68
246,35,68
247,35,67
248,35,67
249,35,67
250,35,66
251,35,66
252,35,66
253,35,65
254,35,65
255,35,65
256,35,64
257,35,64
258,35,64
259,35,63
260,35,63
261,35,62
262,36,62
263,36,61
264,36,60
265,36,60
266,37,59
267,37,59
268,38,58
269,38,57
270,39,56
271,39,55
272,40,54
273,40,53
274,41,52
275,42,50
276,44,48
0,0
0,413
33,103,103
34,98,105
35,96,108
36,95,110
37,94,112
38,93,114
39,93,116
40,92,118
41,92,119
42,92,121
43,92,122
44,92,124
45,92,125
46,92,127
47,92,128
48,93,130
49,94,131
50,94,132
51,95,134
52,95,135
53,96,136
54,97,137
55,97,139
56,98,140
57,98,140
58,99,141
59,99,142
60,100,143
61,100,144
62,100,144
63,101,144
64,101,145
65,102,145
66,102,145
67,103,145
68,103,145
69,103,144
70,104,144
71,104,144
72,104,143
73,104,143
74,105,142
75,105,142
76,105,141
77,106,141
78,106,141
79,106,141
80,106,140
81,106,140
82,107,140
83,107,140
84,107,140
85,107,139
86,107,139
87,107,139
88,108,139
89,108,139
90,108,138
91,108,138
92,108,138
93,108,138
94,108,138
95,108,138
96,108,138
97,108,137
98,108,137
99,108,137
100,108,137
101,108,137
102,108,137
103,108,137
104,108,136
105,108,136
106,108,136
107,108,136
108,108,136
109,108,136
110,108,136
111,108,136
112,108,136
113,108,136
114,108,135
115,108,135
116,108,135
117,108,135
118,108,135
119,108,135
120,108,135
121,108,135
122,108,135
123,108,135
124,108,134
125,108,134
126,108,134
127,108,134
128,108,134
129,108,134
130,108,134
131,108,134
132,108,134
133,108,134
134,108,134
135,108,134
136,108,133
137,108,133
138,108,133
139,108,133
140,108,133
141,108,133
142,108,133
143,108,133
144,108,133
145,108,133
146,108,133
147,108,133
148,108,133
149,108,133
150,108,133
151,108,132
152,108,132
153,108,132
154,108,132
155,108,132
156,108,132
157,108,132
158,108,132
159,108,132
160,108,132
161,108,132
162,108,132
163,108,132
164,108,132
165,108,132
166,108,132
167,108,132
168,108,132
169,108,131
170,108,131
171,108,131
172,108,131
173,107,131
174,107,131
175,107,131
176,107,131
177,107,131
178,107,131
179,107,131
180,107,131
181,107,131
182,107,131
183,107,131
184,107,131
185,107,131
186,107,131
187,107,131
188,107,131
189,107,131
190,107,130
191,107,130
192,107,130
193,107,130
194,107,130
195,107,130
196,107,130
197,107,130
198,107,130
199,107,130
200,107,130
201,107,130
202,107,130
203,107,130
204,107,130
205,107,130
206,107,130
207,107,130
208,107,130
209,107,130
210,107,130
211,107,130
212,107,130
213,107,130
214,106,130
215,106,130
216,106,130
217,106,129
218,106,129
219,106,129
220,106,129
221,106,129
222,106,129
223,106,129
224,106,129
225,106,129
226,106,129
227,106,129
228,106,129
229,106,129
230,106,129
231,106,129
232,106,129
233,106,129
234,106,129
235,106,129
236,106,129
237,106,129
238,106,129
239,106,129
240,106,129
241,106,129
242,106,129
243,106,129
244,105,129
245,105,129
246,105,129
247,105,129
248,105,129
249,105,129
250,105,129
251,105,128
252,105,128
253,105,128
254,105,128
255,105,128
256,105,128
257,105,128
258,105,128
259,105,128
260,105,128
261,105,128
262,105,128
263,105,128
264,105,128
265,105,128
266,105,128
267,105,128
268,105,128
269,105,128
270,104,128
271,104,128
272,104,128
273,104,128
274,104,128
275,104,128
276,104,128
277,104,128
278,104,128
279,104,128
280,104,128
281,104,128
282,104,128
283,104,128
284,104,128
285,104,128
286,104,127
287,104,127
288,104,127
289,104,127
290,104,127
291,104,127
292,104,127
293,104,127
294,104,127
295,103,127
296,103,127
297,103,127
298,103,127
299,103,127
300,103,127
301,103,127
302,103,127
303,103,127
304,103,127
305,103,127
306,103,127
307,103,127
308,103,127
309,103,127
310,102,127
311,102,127
312,102,127
313,102,127
314,102,127
315,102,127
316,102,127
317,102,127
318,102,127
319,102,127
320,102,127
321,102,127
322,101,127
323,101,127
324,101,127
325,101,127
326,101,127
327,101,127
328,101,127
329,101,126
330,101,126
331,101,126
332,100,126
333,100,126
334,100,126
335,100,126
336,100,126
337,100,126
338,100,126
339,99,126
340,99,126
341,99,126
342,99,126
343,99,126
344,99,126
345,99,126
346,98,126
347,98,126
348,98,126
349,98,126
350,98,126
351,98,126
352,98,126
353,97,126
354,97,126
355,97,126
356,97,126
357,97,126
358,96,126
359,96,126
360,96,126
361,96,126
362,96,126
363,96,126
364,95,126
365,95,126
366,95,126
367,95,126
368,94,126
369,94,126
370,94,126
371,94,126
372,94,126
373,93,125
374,93,125
375,93,125
376,92,125
377,92,125
378,92,125
379,92,125
380,91,125
381,91,125
382,91,125
383,91,125
384,90,125
385,90,125
386,90,125
387,90,125
388,89,125
389,89,125
390,89,125
391,89,125
392,89,125
393,88,125
394,88,125
395,88,125
396,88,125
397,88,125
398,88,125
399,88,125
400,88,125
401,88,125
402,88,125
403,88,125
404,88,125
405,88,125
406,88,125
407,89,125
408,89,125
409,89,125
410,89,125
411,90,125
412,90,125
413,90,125
414,91,125
415,91,124
416,91,124
417,92,124
418,92,124
419,92,124
420,93,123
421,93,123
422,93,123
423,94,123
424,94,122
425,94,122
426,95,121
427,95,121
428,96,121
429,96,120
430,96,120
431,97,119
432,97,119
433,97,118
434,98,118
435,98,117
436,99,117
437,99,116
438,100,115
439,100,115
440,101,114
441,102,113
442,102,112
443,103,112
444,105,110
445,108,108
0,0
0,48
133,129,129
134,125,135
135,124,139
136,124,143
137,124,147
138,124,150
139,124,153
140,124,156
141,124,159
142,125,161
143,125,164
144,126,166
145,127,167
146,128,169
147,128,170
148,129,172
149,131,173
150,132,174
151,133,174
152,134,175
153,135,176
154,137,176
155,138,176
156,139,177
157,140,177
158,141,177
159,142,178
160,144,178
161,145,178
162,146,178
163,147,179
164,148,179
165,149,179
166,150,179
167,151,179
168,152,179
169,154,179
170,155,179
171,156,179
172,157,179
173,158,178
174,159,178
175,160,178
176,161,177
177,162,176
178,164,175
179,166,174
180,171,171
0,0
1,169
205,122,124
206,121,125
207,120,125
208,120,126
209,120,127
210,119,127
211,119,128
212,119,129
213,119,129
214,119,130
215,118,130
216,118,131
217,118,131
218,118,132
219,118,132
220,118,132
221,118,133
222,118,133
223,118,133
224,118,134
225,118,134
226,118,134
227,117,135
228,117,135
229,117,135
230,117,135
231,117,135
232,117,136
233,117,136
234,117,136
235,117,136
236,117,136
237,117,136
238,116,136
239,116,136
240,116,136
241,116,136
242,116,137
243,116,136
244,116,136
245,116,136
246,116,136
247,116,136
248,115,136
249,115,136
250,115,135
251,115,135
252,115,135
253,115,135
254,115,135
255,114,135
256,114,135
257,114,135
258,114,134
259,114,134
260,114,134
261,113,134
262,113,134
263,113,134
264,113,133
265,113,133
266,113,133
267,112,133
268,112,133
269,112,132
270,112,132
271,112,132
272,112,132
273,111,132
274,111,132
275,111,131
276,111,131
277,111,131
278,110,131
279,110,131
280,110,131
281,110,130
282,110,130
283,109,130
284,109,130
285,109,130
286,109,130
287,108,129
288,108,129
289,108,129
290,108,129
291,108,129
292,107,128
293,107,128
294,107,128
295,107,128
296,106,128
297,106,128
298,106,127
299,106,127
300,105,127
301,105,127
302,105,127
303,105,127
304,104,126
305,104,126
306,104,126
307,104,126
308,103,126
309,103,126
310,103,125
311,103,125
312,102,125
313,102,125
314,102,125
315,102,124
316,101,124
317,101,124
318,101,124
319,100,124
320,100,124
321,100,123
322,99,123
323,99,123
324,99,123
325,99,123
326,98,123
327,98,122
328,98,122
329,97,122
330,97,122
331,97,122
332,96,121
333,96,121
334,96,121
335,96,121
336,96,121
337,96,121
338,95,120
339,95,120
340,95,120
341,95,120
342,95,120
343,95,119
344,95,119
345,95,119
346,95,119
347,95,119
348,94,118
349,95,118
350,95,118
351,95,118
352,95,118
353,96,117
354,96,117
355,96,117
356,96,117
357,97,117
358,97,116
359,97,116
360,98,116
361,98,116
362,98,115
363,99,115
364,99,115
365,99,115
366,100,114
367,100,114
368,101,114
369,102,113
370,102,113
371,103,112
372,104,111
373,106,109
0,0
0,173
19,278,278
20,274,283
21,271,287
22,270,290
23,269,293
24,268,295
25,268,297
26,268,299
27,268,301
28,268,303
29,268,304
30,268,306
31,269,307
32,269,309
33,270,311
34,270,312
35,271,313
36,272,314
37,272,315
38,273,316
39,273,317
40,273,317
41,274,317
42,274,318
43,275,317
44,275,317
45,275,317
46,276,317
47,276,316
48,276,316
49,277,316
50,277,316
51,277,315
52,277,315
53,278,315
54,278,315
55,278,314
56,278,314
57,278,314
58,279,314
59,279,313
60,279,313
61,279,313
62,279,313
63,279,313
64,280,313
65,280,312
66,280,312
67,280,312
68,280,312
69,280,312
70,280,312
71,280,312
72,281,312
73,281,311
74,281,311
75,281,311
76,281,311
77,281,311
78,281,311
79,281,311
80,281,311
81,281,311
82,281,311
83,282,310
84,282,310
85,282,310
86,282,310
87,282,310
88,282,310
89,282,310
90,282,310
91,282,310
92,282,310
93,282,309
94,282,309
95,282,309
96,282,309
97,282,309
98,282,309
99,282,309
100,282,309
101,282,309
102,282,309
103,282,309
104,282,309
105,282,308
106,282,308
107,282,308
108,282,308
109,282,308
110,282,308
111,282,308
112,282,308
113,282,308
114,282,308
115,283,308
116,283,307
117,283,307
118,283,307
119,283,307
120,283,307
121,283,307
122,283,307
123,283,307
124,283,307
125,283,307
126,283,307
127,283,307
128,283,306
129,283,306
130,283,306
131,283,306
132,283,306
133,283,306
134,283,306
135,282,306
136,282,306
137,282,306
138,282,306
139,282,305
140,282,305
141,282,305
142,282,305
143,282,305
144,282,305
145,282,305
146,282,305
147,282,305
148,282,305
149,282,305
150,282,304
151,282,304
152,282,304
153,282,304
154,282,304
155,282,304
156,282,304
157,282,304
158,282,304
159,282,304
160,282,304
161,282,304
162,282,303
163,282,303
164,282,303
165,282,303
166,282,303
167,282,303
168,282,303
169,282,303
170,282,303
171,282,303
172,282,303
173,282,302
174,282,302
175,282,302
176,282,302
177,282,302
178,282,302
179,282,302
180,282,302
181,282,302
182,282,302
183,281,302
184,281,301
185,281,301
186,281,300
187,281,297
188,281,293
189,281,289
190,281,285
191,281,282
0,0
1,277
164,198,199
165,197,201
166,196,202
167,196,203
168,196,204
169,195,205
170,195,206
171,195,207
172,195,207
173,195,208
174,195,209
175,195,209
176,194,210
177,194,210
178,194,211
179,194,211
180,194,212
181,194,212
182,194,212
183,194,213
184,193,213
185,193,213
186,193,213
187,193,213
188,193,213
189,193,214
190,193,214
191,193,214
192,192,214
193,192,214
194,192,214
195,192,214
196,192,214
197,192,213
198,192,213
199,192,213
200,191,213
201,191,213
202,191,213
203,191,212
204,191,212
205,191,212
206,191,212
207,191,211
208,190,211
209,190,211
210,190,211
211,190,210
212,190,210
213,190,210
214,190,210
215,190,209
216,189,209
217,189,209
218,189,209
219,189,208
220,189,208
221,189,208
222,189,208
223,188,208
224,188,207
225,188,207
226,188,207
227,188,207
228,188,206
229,188,206
230,188,206
231,187,206
232,187,206
233,187,205
234,187,205
235,187,205
236,187,205
237,187,205
238,187,204
239,186,204
240,186,204
241,186,204
242,186,204
243,186,204
244,186,203
245,186,203
246,185,203
247,185,203
248,185,203
249,185,202
250,185,202
251,185,202
252,185,202
253,185,202
254,184,202
255,184,201
256,184,201
257,184,201
258,184,201
259,184,201
260,184,201
261,183,200
262,183,200
263,183,200
264,183,200
265,183,200
266,183,200
267,183,200
268,183,199
269,182,199
270,182,199
271,182,199
272,182,199
273,182,199
274,182,199
275,182,198
276,181,198
277,181,198
278,181,198
279,181,198
280,181,198
281,181,198
282,181,197
283,180,197
284,180,197
285,180,197
286,180,197
287,180,197
288,180,197
289,180,197
290,180,197
291,179,196
292,179,196
293,179,196
294,179,196
295,179,196
296,179,196
297,179,196
298,178,196
299,178,195
300,178,195
301,178,195
302,178,195
303,178,195
304,177,195
305,177,195
306,177,195
307,177,195
308,177,195
309,177,195
310,177,194
311,176,194
312,176,194
313,176,194
314,176,194
315,176,194
316,176,194
317,176,194
318,175,194
319,175,194
320,175,194
321,175,194
322,175,193
323,175,193
324,175,193
325,174,193
326,174,193
327,174,193
328,174,193
329,174,193
330,174,193
331,173,193
332,173,193
333,173,193
334,173,193
335,173,193
336,173,193
337,172,193
338,172,193
339,172,193
340,172,193
341,172,193
342,172,193
343,172,192
344,171,192
345,171,192
346,171,192
347,171,192
348,171,192
349,170,192
350,170,192
351,170,192
352,170,192
353,170,192
354,170,192
355,169,192
356,169,192
357,169,192
358,169,192
359,169,192
360,169,192
361,168,192
362,168,192
363,168,192
364,168,192
365,168,192
366,168,192
367,167,192
368,167,192
369,167,192
370,167,192
371,167,192
372,166,192
373,166,192
374,166,192
375,166,192
376,166,192
377,165,192
378,165,192
379,165,192
380,165,192
381,165,192
382,164,192
383,164,192
384,164,192
385,164,192
386,164,192
387,163,192
388,163,192
389,163,192
390,163,192
391,163,192
392,162,192
393,162,192
394,162,192
395,162,192
396,162,192
397,162,192
398,162,192
399,161,192
400,162,192
401,162,192
402,162,192
403,162,192
404,162,192
405,162,192
406,162,192
407,163,192
408,163,192
409,163,192
410,163,192
411,164,192
412,164,192
413,165,192
414,165,192
415,165,192
416,166,192
417,166,192
418,167,192
419,167,192
420,168,192
421,168,192
422,169,192
423,169,192
424,170,192
425,171,192
426,171,192
427,172,193
428,173,192
429,173,192
430,174,192
431,175,192
432,176,192
433,177,192
434,177,191
435,178,191
436,179,191
437,180,190
438,181,190
439,183,189
440,185,187
0,0
0,78
199,234,234
200,233,236
201,232,237
202,231,238
203,231,239
204,231,240
205,230,241
206,230,242
207,230,242
208,231,243
209,231,244
210,231,244
211,231,245
212,232,246
213,232,247
214,232,247
215,232,248
216,233,249
217,233,249
218,233,250
219,233,250
220,234,251
221,234,252
222,234,252
223,234,253
224,235,253
225,235,254
226,235,255
227,235,255
228,236,256
229,236,256
230,236,257
231,237,258
232,237,258
233,237,259
234,237,259
235,238,260
236,238,260
237,238,261
238,239,261
239,239,261
240,239,262
241,239,262
242,240,263
243,240,263
244,240,263
245,241,264
246,241,264
247,241,264
248,241,265
249,242,265
250,242,265
251,242,265
252,243,266
253,243,266
254,243,266
255,244,266
256,244,266
257,244,266
258,245,266
259,245,266
260,245,266
261,246,266
262,246,266
263,246,266
264,246,266
265,247,266
266,247,265
267,247,265
268,248,265
269,248,264
270,249,264
271,249,263
272,250,263
273,251,262
274,252,261
275,253,260
276,257,257
0,0
0,91
183,326,332
184,323,337
185,321,340
186,320,343
187,319,345
188,318,347
189,318,349
190,318,351
191,319,352
192,319,353
193,320,354
194,320,355
195,320,356
196,321,357
197,321,357
198,321,357
199,322,356
200,322,356
201,322,355
202,322,354
203,322,353
204,322,352
205,322,351
206,322,351
207,321,350
208,321,349
209,321,348
210,321,348
211,321,347
212,320,346
213,320,346
214,320,345
215,320,344
216,319,344
217,319,343
218,319,342
219,318,342
220,318,341
221,318,340
222,318,340
223,317,339
224,317,338
225,317,338
226,316,337
227,316,336
228,316,336
229,316,335
230,315,335
231,315,334
232,315,333
233,314,333
234,314,332
235,314,331
236,313,331
237,313,330
238,313,329
239,313,329
240,312,328
241,312,327
242,312,327
243,311,326
244,311,326
245,310,325
246,310,325
247,310,324
248,310,323
249,309,323
250,309,322
251,309,321
252,308,321
253,308,320
254,307,320
255,307,319
256,307,318
257,307,318
258,306,317
259,306,317
260,305,316
261,305,315
262,305,315
263,304,314
264,304,314
265,304,313
266,303,313
267,303,312
268,303,311
269,302,311
270,302,310
271,302,310
272,303,308
273,306,306
0,0
1,206
187,282,282
188,280,284
189,280,285
190,279,285
191,279,286
192,279,287
193,279,288
194,279,289
195,279,289
196,278,290
197,278,291
198,278,292
199,278,292
200,278,293
201,278,294
202,278,295
203,278,295
204,278,296
205,278,296
206,277,297
207,277,297
208,277,297
209,277,298
210,277,298
211,277,298
212,277,298
213,277,298
214,277,298
215,277,298
216,277,298
217,276,298
218,276,297
219,276,297
220,276,297
221,276,297
222,276,297
223,276,296
224,276,296
225,276,296
226,276,296
227,275,296
228,275,295
229,275,295
230,275,295
231,275,295
232,275,295
233,275,295
234,275,294
235,275,294
236,275,294
237,275,294
238,275,294
239,275,294
240,274,293
241,274,293
242,274,293
243,274,293
244,274,293
245,274,293
246,274,292
247,274,292
248,274,292
249,274,292
250,273,292
251,273,292
252,273,291
253,273,291
254,273,291
255,273,291
256,273,291
257,273,291
258,273,290
259,272,290
260,272,290
261,272,290
262,272,290
263,272,290
264,272,289
265,272,289
266,272,289
267,271,289
268,271,289
269,271,289
270,271,289
271,271,288
272,271,288
273,271,288
274,270,288
275,270,288
276,270,288
277,270,287
278,270,287
279,270,287
280,270,287
281,269,287
282,269,287
283,269,287
284,269,286
285,269,286
286,268,286
287,268,286
288,268,286
289,268,286
290,268,286
291,268,285
292,267,285
293,267,285
294,267,285
295,267,285
296,267,285
297,266,285
298,266,284
299,266,284
300,266,284
301,266,284
302,266,284
303,265,284
304,265,284
305,265,284
306,265,283
307,264,283
308,264,283
309,264,283
310,264,283
311,264,283
312,263,283
313,263,283
314,263,282
315,263,282
316,263,282
317,262,282
318,262,282
319,262,282
320,262,282
321,262,282
322,261,281
323,261,281
324,261,281
325,261,281
326,261,281
327,260,281
328,260,281
329,260,281
330,260,280
331,259,280
332,259,280
333,259,280
334,259,280
335,259,280
336,258,280
337,258,280
338,258,279
339,258,279
340,258,279
341,257,279
342,257,279
343,257,279
344,257,279
345,256,279
346,256,279
347,256,278
348,256,278
349,255,278
350,255,278
351,255,278
352,255,278
353,255,278
354,254,278
355,254,278
356,254,277
357,254,277
358,254,277
359,254,277
360,253,277
361,253,277
362,253,277
363,253,277
364,253,277
365,253,276
366,253,276
367,254,276
368,254,276
369,254,276
370,254,276
371,254,276
372,255,276
373,255,276
374,255,276
375,256,275
376,256,275
377,257,275
378,257,275
379,258,275
380,258,275
381,258,275
382,259,275
383,259,275
384,260,275
385,260,275
386,261,275
387,261,274
388,262,274
389,263,273
390,263,272
391,264,271
392,266,268
0,0
1,261
166,354,355
167,353,357
168,352,358
169,352,359
170,352,360
171,352,361
172,352,362
173,351,363
174,351,364
175,351,364
176,351,365
177,351,366
178,351,366
179,351,367
180,351,367
181,350,368
182,350,368
183,350,368
184,350,369
185,350,369
186,350,369
187,350,369
188,350,370
189,349,370
190,349,370
191,349,370
192,349,370
193,349,370
194,349,371
195,349,370
196,349,370
197,348,370
198,348,370
199,348,370
200,348,370
201,348,370
202,348,370
203,348,369
204,348,369
205,348,369
206,347,369
207,347,368
208,347,368
209,347,368
210,347,368
211,347,367
212,347,367
213,347,367
214,346,367
215,346,366
216,346,366
217,346,366
218,346,366
219,346,366
220,346,365
221,346,365
222,345,365
223,345,365
224,345,365
225,345,364
226,345,364
227,345,364
228,345,364
229,345,363
230,344,363
231,344,363
232,344,363
233,344,363
234,344,363
235,344,362
236,344,362
237,344,362
238,343,362
239,343,362
240,343,361
241,343,361
242,343,361
243,343,361
244,343,361
245,343,361
246,342,360
247,342,360
248,342,360
249,342,360
250,342,360
251,342,360
252,342,359
253,342,359
254,341,359
255,341,359
256,341,359
257,341,359
258,341,358
259,341,358
260,341,358
261,341,358
262,340,358
263,340,358
264,340,358
265,340,357
266,340,357
267,340,357
268,340,357
269,339,357
270,339,357
271,339,357
272,339,357
273,339,356
274,339,356
275,339,356
276,339,356
277,338,356
278,338,356
279,338,356
280,338,356
281,338,356
282,338,355
283,338,355
284,338,355
285,337,355
286,337,355
287,337,355
288,337,355
289,337,355
290,337,355
291,337,354
292,336,354
293,336,354
294,336,354
295,336,354
296,336,354
297,336,354
298,336,354
299,335,354
300,335,354
301,335,353
302,335,353
303,335,353
304,335,353
305,335,353
306,334,353
307,334,353
308,334,353
309,334,353
310,334,353
311,334,353
312,334,353
313,333,353
314,333,353
315,333,353
316,333,353
317,333,352
318,333,352
319,333,352
320,332,352
321,332,352
322,332,352
323,332,352
324,332,352
325,332,352
326,332,352
327,331,352
328,331,352
329,331,352
330,331,352
331,331,352
332,331,352
333,330,352
334,330,352
335,330,352
336,330,352
337,330,352
338,330,352
339,329,352
340,329,352
341,329,352
342,329,352
343,329,352
344,329,352
345,328,352
346,328,352
347,328,352
348,328,352
349,328,352
350,328,352
351,327,352
352,327,352
353,327,352
354,327,352
355,327,352
356,327,352
357,326,352
358,326,352
359,326,352
360,326,352
361,326,352
362,325,352
363,325,352
364,325,352
365,325,352
366,325,352
367,325,352
368,324,352
369,324,352
370,324,352
371,324,352
372,324,352
373,323,352
374,323,352
375,323,352
376,323,352
377,323,352
378,322,352
379,322,352
380,322,352
381,322,352
382,322,352
383,322,352
384,322,352
385,321,352
386,322,352
387,322,352
388,322,352
389,322,352
390,322,352
391,322,352
392,322,352
393,322,352
394,323,352
395,323,352
396,323,352
397,324,352
398,324,352
399,324,352
400,325,352
401,325,352
402,326,352
403,326,352
404,327,352
405,327,352
406,328,352
407,328,352
408,329,352
409,329,352
410,330,352
411,331,352
412,331,352
413,332,353
414,333,353
415,333,352
416,334,352
417,335,352
418,336,352
419,337,352
420,337,352
421,338,351
422,339,351
423,340,351
424,341,350
425,343,349
426,345,348
0,0
0,196
275,281,281
276,276,285
277,273,287
278,272,289
279,271,292
280,270,293
281,269,295
282,269,297
283,269,298
284,269,300
285,269,301
286,269,303
287,270,304
288,271,305
289,271,306
290,272,307
291,272,308
292,273,308
293,274,309
294,274,309
295,274,309
296,275,310
297,275,310
298,275,310
299,276,310
300,276,310
301,276,309
302,276,309
303,276,309
304,276,309
305,276,308
306,276,308
307,277,308
308,277,308
309,277,308
310,277,307
311,277,307
312,277,307
313,277,307
314,277,307
315,277,307
316,277,307
317,277,307
318,277,307
319,277,307
320,277,307
321,278,307
322,278,306
323,278,306
324,278,306
325,278,306
326,278,306
327,278,306
328,278,306
329,278,306
330,278,306
331,278,306
332,278,306
333,278,306
334,278,306
335,278,306
336,278,306
337,278,306
338,278,306
339,278,306
340,278,306
341,278,306
342,278,306
343,278,306
344,278,305
345,278,305
346,278,305
347,278,305
348,278,305
349,278,305
350,278,305
351,279,305
352,279,305
353,279,305
354,279,305
355,279,305
356,279,305
357,279,305
358,279,305
359,279,305
360,279,305
361,279,305
362,279,305
363,279,305
364,279,305
365,279,305
366,279,305
367,279,305
368,279,305
369,279,305
370,279,305
371,279,305
372,279,305
373,279,305
374,279,304
375,279,304
376,279,304
377,279,304
378,279,304
379,279,304
380,279,304
381,279,304
382,279,304
383,279,304
384,279,304
385,279,304
386,279,304
387,279,304
388,279,304
389,279,304
390,279,304
391,279,304
392,279,304
393,279,304
394,279,304
395,279,304
396,279,304
397,279,304
398,279,304
399,279,304
400,279,304
401,279,304
402,279,304
403,279,304
404,279,304
405,279,304
406,279,304
407,279,304
408,279,304
409,279,304
410,279,304
411,279,304
412,279,304
413,279,304
414,279,304
415,279,304
416,279,304
417,279,304
418,279,304
419,279,304
420,279,304
421,280,304
422,280,304
423,280,304
424,280,304
425,280,304
426,280,304
427,280,303
428,280,303
429,280,303
430,280,303
431,280,303
432,280,303
433,280,303
434,280,303
435,280,303
436,280,303
437,280,302
438,280,302
439,280,302
440,280,302
441,280,302
442,280,302
443,280,302
444,280,302
445,281,302
446,281,302
447,281,301
448,281,301
449,281,301
450,281,301
451,281,301
452,281,301
453,281,301
454,282,300
455,282,300
456,282,300
457,282,300
458,283,299
459,283,299
460,283,299
461,284,299
462,284,298
463,284,298
464,285,297
465,285,297
466,286,296
467,286,295
468,287,294
469,288,293
470,291,291
0,0
