0,105
172,77,80
173,75,81
174,74,82
175,74,83
176,73,84
177,73,85
178,73,85
179,73,86
180,72,86
181,72,87
182,72,87
183,72,88
184,72,88
185,72,88
186,71,89
187,71,89
188,71,89
189,71,89
190,71,90
191,70,90
192,70,90
193,70,90
194,70,90
195,70,90
196,69,90
197,69,91
198,69,91
199,69,91
200,68,91
201,68,91
202,68,91
203,68,91
204,68,91
205,67,91
206,67,91
207,67,91
208,67,92
209,66,92
210,66,92
211,66,92
212,65,92
213,65,92
214,65,92
215,65,92
216,64,92
217,64,92
218,64,92
219,64,92
220,63,92
221,63,92
222,63,92
223,62,92
224,62,91
225,62,91
226,62,91
227,61,91
228,61,91
229,61,91
230,60,91
231,60,91
232,60,90
233,59,90
234,59,90
235,59,90
236,58,90
237,58,90
238,58,89
239,57,89
240,57,89
241,57,89
242,56,89
243,56,88
244,56,88
245,56,88
246,55,88
247,55,88
248,55,87
249,55,87
250,55,87
251,55,86
252,55,86
253,55,86
254,55,86
255,55,85
256,55,85
257,56,85
258,56,84
259,56,84
260,56,83
261,56,83
262,56,82
263,57,82
264,57,81
265,57,81
266,58,80
267,58,79
268,59,79
269,59,78
270,60,77
271,60,76
272,61,75
273,62,74
274,63,73
275,64,71
276,66,69
0,0
0,406
36,115,119
37,112,123
38,111,126
39,110,128
40,109,130
41,109,131
42,108,133
43,108,135
44,108,136
45,107,138
46,107,140
47,108,141
48,108,143
49,108,144
50,109,146
51,109,147
52,110,148
53,110,150
54,111,151
55,112,152
56,112,153
57,113,154
58,113,156
59,114,157
60,114,157
61,115,158
62,115,159
63,116,160
64,116,160
65,117,160
66,117,161
67,118,161
68,118,161
69,118,161
70,119,160
71,119,160
72,119,160
73,120,160
74,120,159
75,121,159
76,121,158
77,121,158
78,121,158
79,122,157
80,122,157
81,122,157
82,122,156
83,123,156
84,123,156
85,123,156
86,123,156
87,123,156
88,124,155
89,124,155
90,124,155
91,124,155
92,124,155
93,124,155
94,124,155
95,124,154
96,124,154
97,124,154
98,125,154
99,125,154
100,125,154
101,125,154
102,125,153
103,125,153
104,125,153
105,125,153
106,125,153
107,125,153
108,125,153
109,125,153
110,125,153
111,125,153
112,125,152
113,125,152
114,125,152
115,125,152
116,125,152
117,125,152
118,125,152
119,125,152
120,125,152
121,125,152
122,125,152
123,125,152
124,125,151
125,125,151
126,125,151
127,125,151
128,125,151
129,125,151
130,125,151
131,125,151
132,125,151
133,125,151
134,125,151
135,125,151
136,125,151
137,125,151
138,125,151
139,125,150
140,125,150
141,125,150
142,125,150
143,125,150
144,125,150
145,125,150
146,125,150
147,125,150
148,125,150
149,125,150
150,125,150
151,125,150
152,125,150
153,125,150
154,125,150
155,125,150
156,125,150
157,125,150
158,125,150
159,125,149
160,125,149
161,125,149
162,125,149
163,125,149
164,125,149
165,125,149
166,125,149
167,125,149
168,125,149
169,125,149
170,125,149
171,125,149
172,125,149
173,125,149
174,125,149
175,125,149
176,125,149
177,125,149
178,125,149
179,125,149
180,125,149
181,125,149
182,125,149
183,125,149
184,125,149
185,125,149
186,125,149
187,125,148
188,125,148
189,125,148
190,125,148
191,125,148
192,125,148
193,125,148
194,125,148
195,125,148
196,125,148
197,125,148
198,125,148
199,125,148
200,125,148
201,125,148
202,125,148
203,125,148
204,125,148
205,125,148
206,125,148
207,125,148
208,125,148
209,125,148
210,125,148
211,125,148
212,125,148
213,124,148
214,124,148
215,124,148
216,124,148
217,124,148
218,124,148
219,124,148
220,124,148
221,124,148
222,124,148
223,124,148
224,124,148
225,124,148
226,124,148
227,124,148
228,124,148
229,124,148
230,124,147
231,124,147
232,124,147
233,124,147
234,124,147
235,124,147
236,124,147
237,124,147
238,124,147
239,124,147
240,124,147
241,124,147
242,124,147
243,124,147
244,124,147
245,124,147
246,124,147
247,124,147
248,124,147
249,124,147
250,124,147
251,124,147
252,124,147
253,124,147
254,124,147
255,124,147
256,124,147
257,124,147
258,124,147
259,124,147
260,124,147
261,124,147
262,124,147
263,123,147
264,123,147
265,123,147
266,123,147
267,123,147
268,123,147
269,123,147
270,123,147
271,123,147
272,123,147
273,123,147
274,123,147
275,123,147
276,123,147
277,123,147
278,123,147
279,123,147
280,123,147
281,123,147
282,123,147
283,123,147
284,123,147
285,123,147
286,123,147
287,123,147
288,123,147
289,123,147
290,123,147
291,123,147
292,123,147
293,123,147
294,123,147
295,123,147
296,122,147
297,122,147
298,122,147
299,122,147
300,122,147
301,122,147
302,122,147
303,122,147
304,122,147
305,122,146
306,122,146
307,122,146
308,122,146
309,122,146
310,122,146
311,122,146
312,122,146
313,122,146
314,121,146
315,121,146
316,121,146
317,121,146
318,121,146
319,121,146
320,121,146
321,121,146
322,121,146
323,121,146
324,121,146
325,121,146
326,120,146
327,120,146
328,120,146
329,120,146
330,120,146
331,120,146
332,120,146
333,120,146
334,120,146
335,120,146
336,119,146
337,119,146
338,119,146
339,119,146
340,119,146
341,119,146
342,119,146
343,118,146
344,118,146
345,118,146
346,118,146
347,118,146
348,118,146
349,118,146
350,118,146
351,117,146
352,117,146
353,117,146
354,117,146
355,117,146
356,116,146
357,116,146
358,116,146
359,116,146
360,116,146
361,116,146
362,115,146
363,115,146
364,115,146
365,115,146
366,115,146
367,114,146
368,114,146
369,114,146
370,114,146
371,113,146
372,113,146
373,113,146
374,113,146
375,112,146
376,112,146
377,112,146
378,112,146
379,111,146
380,111,146
381,111,146
382,111,146
383,110,146
384,110,146
385,110,146
386,110,146
387,110,146
388,109,146
389,109,146
390,109,146
391,109,146
392,109,146
393,109,146
394,109,146
395,109,146
396,109,146
397,109,146
398,109,146
399,109,146
400,109,146
401,109,146
402,109,146
403,109,146
404,110,146
405,110,146
406,110,146
407,111,146
408,111,146
409,111,146
410,112,146
411,112,145
412,112,145
413,113,145
414,113,145
415,113,145
416,114,144
417,114,144
418,114,144
419,115,144
420,115,143
421,115,143
422,116,143
423,116,142
424,117,142
425,117,141
426,117,141
427,118,141
428,118,140
429,119,140
430,119,139
431,119,138
432,120,138
433,120,137
434,121,137
435,122,136
436,122,136
437,123,135
438,124,134
439,124,133
440,126,131
441,129,129
0,0
0,51
151,149,152
152,146,157
153,145,161
154,145,164
155,145,167
156,145,170
157,145,173
158,145,176
159,146,178
160,146,181
161,147,183
162,147,185
163,148,187
164,149,189
165,150,191
166,151,192
167,152,194
168,153,195
169,154,196
170,155,197
171,156,198
172,158,198
173,159,199
174,160,200
175,161,200
176,162,200
177,163,201
178,164,201
179,166,201
180,167,201
181,168,202
182,169,202
183,170,202
184,171,202
185,172,202
186,173,202
187,174,203
188,175,203
189,176,203
190,177,203
191,178,203
192,179,202
193,180,202
194,181,202
195,182,202
196,183,201
197,184,201
198,186,200
199,187,199
200,190,197
201,194,194
0,0
1,194
215,147,149
216,146,150
217,146,151
218,145,152
219,145,152
220,145,153
221,145,153
222,144,154
223,144,155
224,144,155
225,144,156
226,144,156
227,144,157
228,143,157
229,143,157
230,143,158
231,143,158
232,143,159
233,143,159
234,143,159
235,143,160
236,143,160
237,143,160
238,143,160
239,143,161
240,143,161
241,142,161
242,142,161
243,142,161
244,142,161
245,142,162
246,142,162
247,142,162
248,142,162
249,142,162
250,142,162
251,141,162
252,141,162
253,141,162
254,141,162
255,141,162
256,141,161
257,141,161
258,141,161
259,141,161
260,140,161
261,140,161
262,140,161
263,140,161
264,140,160
265,140,160
266,140,160
267,139,160
268,139,160
269,139,159
270,139,159
271,139,159
272,139,159
273,139,159
274,138,159
275,138,158
276,138,158
277,138,158
278,138,158
279,138,158
280,138,158
281,137,157
282,137,157
283,137,157
284,137,157
285,137,157
286,136,156
287,136,156
288,136,156
289,136,156
290,136,156
291,136,156
292,135,155
293,135,155
294,135,155
295,135,155
296,135,155
297,134,154
298,134,154
299,134,154
300,134,154
301,134,154
302,133,154
303,133,153
304,133,153
305,133,153
306,133,153
307,132,153
308,132,152
309,132,152
310,132,152
311,131,152
312,131,152
313,131,152
314,131,151
315,130,151
316,130,151
317,130,151
318,130,151
319,130,151
320,129,150
321,129,150
322,129,150
323,129,150
324,128,150
325,128,149
326,128,149
327,128,149
328,127,149
329,127,149
330,127,149
331,127,148
332,126,148
333,126,148
334,126,148
335,125,148
336,125,148
337,125,147
338,125,147
339,124,147
340,124,147
341,124,147
342,124,146
343,123,146
344,123,146
345,123,146
346,122,146
347,122,146
348,122,145
349,122,145
350,121,145
351,121,145
352,121,145
353,120,144
354,120,144
355,120,144
356,119,144
357,119,144
358,119,143
359,119,143
360,118,143
361,118,143
362,118,143
363,117,143
364,117,142
365,117,142
366,116,142
367,116,142
368,116,142
369,116,141
370,115,141
371,115,141
372,115,141
373,115,141
374,115,140
375,115,140
376,115,140
377,115,140
378,114,140
379,114,139
380,114,139
381,114,139
382,114,139
383,114,139
384,114,138
385,114,138
386,115,138
387,115,138
388,115,137
389,115,137
390,116,137
391,116,137
392,116,137
393,116,136
394,117,136
395,117,136
396,117,136
397,118,135
398,118,135
399,119,135
400,119,134
401,119,134
402,120,134
403,120,134
404,121,133
405,122,133
406,123,132
407,124,131
408,125,130
0,0
0,155
74,244,249
75,242,253
76,241,256
77,240,259
78,239,261
79,239,263
80,239,264
81,239,266
82,239,268
83,239,269
84,240,271
85,240,272
86,241,273
87,241,274
88,241,275
89,242,277
90,242,277
91,243,278
92,243,279
93,244,280
94,244,280
95,245,281
96,245,281
97,245,281
98,246,282
99,246,282
100,247,282
101,247,282
102,247,282
103,248,282
104,248,282
105,248,282
106,249,282
107,249,282
108,249,281
109,250,281
110,250,281
111,250,281
112,250,281
113,251,281
114,251,281
115,251,281
116,251,281
117,252,281
118,252,281
119,252,281
120,252,280
121,253,280
122,253,280
123,253,280
124,253,280
125,253,280
126,253,280
127,254,280
128,254,280
129,254,280
130,254,280
131,254,280
132,254,280
133,254,280
134,254,280
135,255,280
136,255,280
137,255,280
138,255,280
139,255,280
140,255,280
141,255,280
142,255,280
143,255,280
144,255,280
145,255,280
146,256,280
147,256,280
148,256,280
149,256,280
150,256,280
151,256,280
152,256,280
153,256,280
154,256,280
155,256,280
156,256,280
157,257,280
158,257,280
159,257,280
160,257,280
161,257,280
162,257,280
163,257,280
164,257,280
165,257,280
166,257,280
167,257,280
168,257,280
169,257,280
170,257,280
171,257,280
172,258,280
173,258,280
174,258,280
175,258,280
176,258,280
177,258,280
178,258,280
179,258,280
180,258,280
181,258,280
182,258,280
183,258,280
184,258,280
185,258,280
186,258,280
187,259,280
188,259,280
189,259,280
190,259,280
191,259,280
192,259,280
193,259,280
194,259,280
195,259,280
196,259,280
197,259,280
198,259,280
199,259,280
200,259,280
201,259,280
202,259,280
203,259,280
204,260,280
205,260,280
206,260,280
207,260,280
208,260,280
209,260,280
210,260,280
211,260,280
212,260,280
213,260,280
214,260,280
215,260,280
216,260,280
217,260,280
218,260,280
219,260,280
220,260,281
221,260,281
222,261,281
223,261,281
224,261,281
225,261,281
226,261,281
227,261,281
228,261,265
0,0
0,199
23,342,342
24,335,346
25,333,349
26,332,352
27,331,354
28,331,356
29,330,358
30,330,359
31,330,361
32,330,362
33,331,364
34,331,366
35,331,367
36,332,368
37,332,370
38,333,371
39,333,372
40,334,374
41,334,375
42,334,376
43,335,377
44,335,377
45,336,378
46,336,379
47,336,379
48,336,380
49,337,380
50,337,380
51,337,380
52,337,380
53,337,380
54,338,379
55,338,379
56,338,379
57,338,378
58,338,378
59,338,378
60,339,377
61,339,377
62,339,377
63,339,376
64,339,376
65,339,375
66,339,375
67,339,375
68,339,374
69,339,374
70,339,374
71,339,374
72,340,373
73,340,373
74,340,373
75,340,373
76,340,372
77,340,372
78,340,372
79,340,372
80,340,371
81,340,371
82,340,371
83,340,371
84,340,371
85,340,371
86,340,370
87,340,370
88,340,370
89,340,370
90,340,369
91,340,369
92,340,369
93,340,369
94,340,369
95,340,368
96,339,368
97,339,368
98,339,368
99,339,368
100,339,368
101,339,367
102,339,367
103,339,367
104,339,367
105,339,367
106,339,367
107,339,366
108,339,366
109,339,366
110,339,366
111,339,366
112,339,365
113,338,365
114,338,365
115,338,365
116,338,365
117,338,365
118,338,364
119,338,364
120,338,364
121,338,364
122,338,364
123,338,364
124,337,363
125,337,363
126,337,363
127,337,363
128,337,363
129,337,363
130,337,362
131,337,362
132,337,362
133,337,362
134,337,362
135,336,361
136,336,361
137,336,361
138,336,361
139,336,361
140,336,361
141,336,360
142,336,360
143,336,360
144,336,360
145,335,360
146,335,360
147,335,359
148,335,359
149,335,359
150,335,359
151,335,359
152,335,358
153,335,358
154,334,358
155,334,358
156,334,358
157,334,358
158,334,357
159,334,357
160,334,357
161,334,357
162,334,357
163,333,357
164,333,356
165,333,356
166,333,356
167,333,356
168,333,356
169,333,356
170,333,355
171,332,355
172,332,355
173,332,355
174,332,355
175,332,354
176,332,354
177,332,354
178,332,354
179,331,354
180,331,354
181,331,353
182,331,353
183,331,353
184,331,353
185,331,353
186,331,353
187,330,352
188,330,352
189,330,352
190,330,352
191,330,352
192,330,351
193,330,351
194,329,351
195,329,351
196,329,351
197,329,351
198,329,350
199,329,350
200,329,350
201,329,350
202,328,350
203,328,350
204,328,349
205,328,349
206,328,349
207,328,349
208,328,349
209,327,348
210,327,348
211,327,348
212,327,348
213,327,348
214,327,348
215,327,347
216,327,347
217,326,347
218,326,345
219,326,339
220,326,333
221,326,327
0,0
1,290
176,234,237
177,233,238
178,233,239
179,233,240
180,233,241
181,232,242
182,232,243
183,232,244
184,232,245
185,232,245
186,232,246
187,232,246
188,231,247
189,231,247
190,231,248
191,231,248
192,231,249
193,231,249
194,231,249
195,230,250
196,230,250
197,230,250
198,230,250
199,230,250
200,230,250
201,230,251
202,230,251
203,229,251
204,229,251
205,229,251
206,229,251
207,229,251
208,229,250
209,229,250
210,229,250
211,228,250
212,228,250
213,228,250
214,228,249
215,228,249
216,228,249
217,228,249
218,227,248
219,227,248
220,227,248
221,227,248
222,227,247
223,227,247
224,227,247
225,227,247
226,226,246
227,226,246
228,226,246
229,226,246
230,226,245
231,226,245
232,226,245
233,226,245
234,225,244
235,225,244
236,225,244
237,225,244
238,225,243
239,225,243
240,225,243
241,224,243
242,224,242
243,224,242
244,224,242
245,224,242
246,224,242
247,224,241
248,223,241
249,223,241
250,223,241
251,223,241
252,223,240
253,223,240
254,223,240
255,222,240
256,222,240
257,222,239
258,222,239
259,222,239
260,222,239
261,222,239
262,222,238
263,221,238
264,221,238
265,221,238
266,221,238
267,221,238
268,221,237
269,221,237
270,220,237
271,220,237
272,220,237
273,220,236
274,220,236
275,220,236
276,220,236
277,219,236
278,219,236
279,219,236
280,219,235
281,219,235
282,219,235
283,219,235
284,218,235
285,218,234
286,218,234
287,218,234
288,218,234
289,218,234
290,218,234
291,217,234
292,217,233
293,217,233
294,217,233
295,217,233
296,217,233
297,217,233
298,216,233
299,216,232
300,216,232
301,216,232
302,216,232
303,216,232
304,216,232
305,215,232
306,215,232
307,215,231
308,215,231
309,215,231
310,215,231
311,215,231
312,214,231
313,214,231
314,214,231
315,214,230
316,214,230
317,214,230
318,214,230
319,213,230
320,213,230
321,213,230
322,213,230
323,213,230
324,213,229
325,212,229
326,212,229
327,212,229
328,212,229
329,212,229
330,212,229
331,212,229
332,211,229
333,211,229
334,211,229
335,211,228
336,211,228
337,211,228
338,210,228
339,210,228
340,210,228
341,210,228
342,210,228
343,210,228
344,210,228
345,209,228
346,209,228
347,209,227
348,209,227
349,209,227
350,209,227
351,208,227
352,208,227
353,208,227
354,208,227
355,208,227
356,208,227
357,207,227
358,207,227
359,207,227
360,207,227
361,207,227
362,206,227
363,206,227
364,206,227
365,206,227
366,206,227
367,206,227
368,206,227
369,205,227
370,205,227
371,205,227
372,205,227
373,205,227
374,204,227
375,204,226
376,204,226
377,204,226
378,204,226
379,204,226
380,203,226
381,203,226
382,203,226
383,203,226
384,203,226
385,202,226
386,202,226
387,202,226
388,202,226
389,202,226
390,201,226
391,201,226
392,201,226
393,201,226
394,201,226
395,201,226
396,200,226
397,200,226
398,200,226
399,200,226
400,200,226
401,199,226
402,199,226
403,199,226
404,199,226
405,199,226
406,198,226
407,198,226
408,198,226
409,198,226
410,198,226
411,197,226
412,197,226
413,197,226
414,197,226
415,196,226
416,196,226
417,196,226
418,196,226
419,196,226
420,196,226
421,195,226
422,195,226
423,195,226
424,195,226
425,195,226
426,195,226
427,195,226
428,195,226
429,196,226
430,196,226
431,196,226
432,196,226
433,196,226
434,197,226
435,197,226
436,197,226
437,197,226
438,198,226
439,198,226
440,199,226
441,199,226
442,199,226
443,200,226
444,200,226
445,201,226
446,202,226
447,202,226
448,203,226
449,203,226
450,204,226
451,204,226
452,205,226
453,206,226
454,207,226
455,207,226
456,208,226
457,209,225
458,209,225
459,210,225
460,211,225
461,212,224
462,213,224
463,214,223
464,215,223
465,217,221
0,0
0,161
274,234,235
275,230,239
276,229,241
277,228,244
278,228,246
279,228,247
280,228,249
281,228,251
282,228,252
283,229,254
284,229,255
285,230,256
286,230,257
287,231,258
288,231,258
289,232,259
290,232,259
291,232,259
292,233,259
293,233,259
294,233,259
295,233,259
296,234,259
297,234,259
298,234,259
299,234,259
300,234,259
301,234,259
302,235,259
303,235,259
304,235,259
305,235,259
306,235,259
307,235,258
308,235,258
309,235,258
310,235,258
311,235,258
312,235,258
313,235,258
314,236,258
315,236,258
316,236,258
317,236,258
318,236,258
319,236,258
320,236,258
321,236,258
322,236,258
323,236,258
324,236,258
325,236,258
326,236,258
327,236,258
328,236,258
329,236,258
330,236,258
331,236,258
332,236,258
333,236,258
334,236,258
335,236,258
336,236,258
337,236,258
338,236,258
339,236,258
340,236,258
341,236,258
342,236,258
343,236,258
344,236,258
345,236,258
346,236,258
347,236,258
348,236,258
349,236,258
350,236,258
351,236,258
352,236,258
353,236,258
354,236,258
355,236,258
356,236,258
357,236,258
358,236,258
359,236,258
360,236,258
361,236,258
362,236,258
363,236,258
364,236,258
365,236,258
366,236,258
367,235,258
368,235,258
369,235,258
370,235,258
371,235,258
372,235,258
373,235,258
374,235,258
375,235,258
376,234,258
377,234,258
378,234,258
379,234,258
380,234,258
381,234,258
382,234,257
383,233,257
384,233,257
385,233,257
386,233,257
387,233,257
388,232,257
389,232,257
390,232,257
391,232,257
392,232,257
393,231,257
394,231,257
395,231,257
396,231,257
397,231,257
398,231,257
399,231,257
400,231,257
401,231,257
402,231,257
403,231,257
404,231,257
405,231,257
406,231,257
407,231,257
408,231,257
409,231,257
410,231,257
411,231,257
412,232,257
413,232,256
414,232,256
415,233,256
416,233,256
417,233,256
418,234,256
419,234,256
420,235,256
421,235,256
422,236,256
423,236,255
424,237,255
425,237,255
426,238,254
427,238,254
428,239,253
429,240,253
430,240,252
431,241,252
432,242,251
433,243,249
434,246,247
0,0
1,166
239,282,285
240,281,286
241,281,288
242,280,288
243,280,289
244,280,290
245,280,291
246,280,292
247,280,292
248,280,293
249,280,293
250,280,294
251,280,294
252,280,295
253,280,295
254,279,295
255,279,295
256,279,295
257,279,295
258,279,296
259,279,296
260,279,296
261,278,296
262,278,296
263,278,296
264,278,296
265,278,295
266,278,295
267,277,295
268,277,295
269,277,295
270,277,295
271,277,295
272,276,294
273,276,294
274,276,294
275,276,294
276,276,293
277,275,293
278,275,293
279,275,293
280,275,292
281,275,292
282,274,292
283,274,292
284,274,291
285,274,291
286,274,291
287,273,291
288,273,290
289,273,290
290,273,290
291,273,290
292,272,289
293,272,289
294,272,289
295,272,289
296,271,288
297,271,288
298,271,288
299,271,288
300,271,288
301,270,287
302,270,287
303,270,287
304,270,287
305,269,286
306,269,286
307,269,286
308,269,286
309,268,286
310,268,285
311,268,285
312,267,285
313,267,285
314,267,285
315,267,284
316,266,284
317,266,284
318,266,284
319,266,284
320,265,283
321,265,283
322,265,283
323,264,283
324,264,283
325,264,282
326,263,282
327,263,282
328,263,282
329,262,282
330,262,281
331,262,281
332,261,281
333,261,281
334,261,281
335,260,280
336,260,280
337,260,280
338,259,280
339,259,280
340,259,280
341,258,280
342,258,280
343,257,280
344,257,280
345,257,280
346,256,280
347,256,280
348,255,280
349,255,280
350,255,280
351,255,280
352,279,280
352,255,281
353,279,280
353,254,281
354,279,280
354,255,282
355,279,280
355,255,282
356,279,280
356,255,283
357,279,280
357,255,284
358,256,285
359,256,286
360,256,287
361,256,288
362,257,289
363,257,290
364,257,291
365,258,292
366,258,293
367,259,294
368,259,295
369,260,296
370,260,297
371,261,298
372,261,299
373,262,300
374,262,301
375,263,302
376,263,303
377,264,304
378,264,305
379,265,306
380,265,307
381,266,308
382,267,309
383,267,310
384,268,311
385,268,312
386,269,313
387,270,314
388,270,315
389,271,307
390,272,303
391,273,299
392,274,297
393,275,295
394,276,293
395,277,292
396,278,290
397,280,288
397,282,288
0,178
282,355,355
283,355,356
284,356,357
285,356,358
286,356,359
287,356,360
288,357,361
289,357,362
290,357,363
291,357,364
292,357,365
293,357,366
294,357,367
295,358,368
296,358,369
297,358,370
298,358,371
299,358,372
300,358,373
301,358,374
302,358,375
303,358,376
304,358,377
305,358,378
306,358,379
307,358,380
308,358,381
309,358,382
310,358,383
311,359,384
312,359,385
313,359,386
314,359,387
315,359,388
316,359,388
317,359,388
318,359,388
319,359,388
320,359,388
321,359,388
322,359,388
323,359,388
324,359,388
325,359,388
326,359,388
327,359,388
328,359,388
329,359,388
330,359,388
331,359,388
332,359,388
333,359,388
334,359,388
335,359,388
336,359,388
337,359,388
338,359,388
339,359,388
340,359,389
341,359,389
342,359,389
343,359,389
344,359,389
345,359,389
346,359,389
347,359,389
348,359,389
349,359,389
350,359,389
351,359,389
352,359,389
353,359,389
354,359,389
355,359,389
356,359,389
357,359,389
358,359,389
359,359,389
360,359,389
361,359,389
362,359,389
363,359,389
364,359,389
365,359,389
366,359,389
367,358,389
368,358,389
369,358,389
370,358,389
371,358,389
372,358,389
373,358,389
374,358,389
375,358,389
376,358,389
377,358,389
378,358,389
379,358,390
380,358,390
381,358,390
382,358,390
383,358,390
384,358,390
385,358,390
386,358,390
387,358,390
388,358,390
389,357,390
390,357,390
391,357,390
392,357,390
393,357,390
394,357,390
395,357,390
396,357,390
397,357,390
398,356,390
399,356,390
400,355,390
400,347,347
400,355,390
401,343,350
401,350,390
401,343,390
402,342,390
403,341,390
404,340,390
405,339,390
406,339,390
407,339,390
408,339,390
409,339,390
410,339,390
411,340,390
412,340,390
413,340,389
414,341,389
415,341,389
416,342,389
417,342,389
418,343,389
419,343,388
420,344,388
421,344,388
422,345,388
423,345,388
424,346,387
425,346,387
426,347,387
427,347,386
428,348,386
429,348,386
430,349,386
431,350,385
432,350,385
433,351,384
434,351,384
435,352,384
436,352,383
437,353,383
438,353,382
439,354,382
440,354,381
441,355,381
442,355,380
443,356,380
444,357,379
445,357,378
446,358,378
447,358,377
448,359,376
449,360,376
450,361,375
451,361,374
452,362,373
453,363,372
454,365,371
455,368,368
0,0
1,126
244,346,347
245,345,349
246,345,350
247,344,351
248,344,351
249,344,352
250,343,353
251,343,353
252,343,353
253,343,354
254,343,354
255,342,354
256,342,354
257,342,354
258,342,354
259,341,354
260,341,354
261,341,354
262,341,354
263,341,354
264,340,354
265,340,354
266,340,354
267,340,354
268,340,354
269,339,353
270,339,353
271,339,353
272,339,353
273,338,353
274,338,353
275,338,353
276,338,353
277,338,353
278,337,353
279,337,352
280,337,352
281,337,352
282,336,352
283,336,352
284,336,352
285,336,352
286,335,351
287,335,351
288,335,351
289,335,351
290,334,351
291,334,351
292,334,351
293,334,350
294,333,350
295,333,350
296,333,350
297,333,350
298,333,350
299,332,350
300,332,349
301,332,349
302,332,349
303,331,349
304,331,349
305,331,349
306,331,348
307,330,348
308,330,348
309,330,348
310,330,348
311,329,348
312,329,348
313,329,347
314,329,347
315,328,347
316,328,347
317,328,347
318,328,347
319,327,347
320,327,347
321,327,346
322,327,346
323,327,346
324,326,346
325,326,346
326,326,346
327,326,346
328,326,345
329,325,345
330,325,345
331,325,345
332,325,345
333,325,345
334,325,345
335,325,344
336,324,344
337,324,344
338,324,344
339,324,344
340,324,344
341,324,344
342,324,344
343,324,343
344,323,343
345,324,343
346,324,343
347,324,343
348,324,343
349,325,343
350,325,343
351,325,343
352,325,342
353,325,342
354,326,342
355,326,342
356,326,342
357,326,342
358,327,342
359,327,342
360,328,341
361,328,341
362,329,341
363,329,341
364,330,340
365,331,340
366,332,340
367,333,339
368,334,339
369,337,337
0,0
1,110
241,404,407
242,404,408
243,403,409
244,403,410
245,403,411
246,402,411
247,402,412
248,402,412
249,402,412
250,402,413
251,401,413
252,401,413
253,401,413
254,401,413
255,401,413
256,401,414
257,400,413
258,400,413
259,400,413
260,400,413
261,400,413
262,399,413
263,399,413
264,399,413
265,399,413
266,398,413
267,398,413
268,398,413
269,398,413
270,398,413
271,398,413
272,397,413
273,397,412
274,397,412
275,397,412
276,396,412
277,396,412
278,396,412
279,396,412
280,396,412
281,396,412
282,395,412
283,395,412
284,395,412
285,395,411
286,394,411
287,394,411
288,394,411
289,394,411
290,394,411
291,393,411
292,393,411
293,393,411
294,393,411
295,393,410
296,392,410
297,392,410
298,392,410
299,392,410
300,392,410
301,391,410
302,391,410
303,391,410
304,391,410
305,391,410
306,390,410
307,390,410
308,390,410
309,390,409
310,390,409
311,390,409
312,390,409
313,390,409
314,390,409
315,390,409
316,389,409
317,389,409
318,389,409
319,389,409
320,389,409
321,389,409
322,389,409
323,389,408
324,389,408
325,389,408
326,389,408
327,389,408
328,390,408
329,390,408
330,390,408
331,390,408
332,390,408
333,391,408
334,391,408
335,391,408
336,392,408
337,392,408
338,392,408
339,393,407
340,393,407
341,394,407
342,394,407
343,395,407
344,396,407
345,397,407
346,398,406
347,399,406
348,400,405
349,403,404
349,403,403
0,0
