1,146
49,205,207
50,204,208
51,204,209
52,203,209
53,203,210
54,202,210
55,202,211
56,202,211
57,201,212
58,201,212
59,201,213
60,201,213
61,200,213
62,200,214
63,200,214
64,200,214
65,200,215
66,200,215
67,199,215
68,199,215
69,199,216
70,199,216
71,199,216
72,199,216
73,198,216
74,198,217
75,198,217
76,198,217
77,198,217
78,197,217
79,197,217
80,197,217
81,197,217
82,196,217
83,196,218
84,196,217
85,196,217
86,196,217
87,195,217
88,195,217
89,195,217
90,195,217
91,194,217
92,194,217
93,194,216
94,194,216
95,194,216
96,193,216
97,193,216
98,193,215
99,192,215
100,192,215
101,192,215
102,192,214
103,191,214
104,191,214
105,191,213
106,191,213
107,190,213
108,190,212
109,190,212
110,189,212
111,189,212
112,189,211
113,188,211
114,188,211
115,188,211
116,187,210
117,187,210
118,187,210
119,186,209
120,186,209
121,186,209
122,185,209
123,185,208
124,185,208
125,184,208
126,184,208
127,184,207
128,183,207
129,183,207
130,183,206
131,182,206
132,182,206
133,181,206
134,181,205
135,181,205
136,180,205
137,180,205
138,180,204
139,179,204
140,179,204
141,178,203
142,178,203
143,178,203
144,177,203
145,177,202
146,176,202
147,176,202
148,175,202
149,175,201
150,175,201
151,174,201
152,174,201
153,174,200
154,173,200
155,173,200
156,173,199
157,173,199
158,172,199
159,172,199
160,172,198
161,172,198
162,172,198
163,172,197
164,172,197
165,172,197
166,172,197
167,171,196
168,172,196
169,172,196
170,172,195
171,172,195
172,172,195
173,172,195
174,172,194
175,172,194
176,172,194
177,173,193
178,173,193
179,173,193
180,173,192
181,173,192
182,173,192
183,174,192
184,174,191
185,174,191
186,175,191
187,175,190
188,175,190
189,176,189
190,176,189
191,177,188
192,178,188
193,179,187
194,180,186
0,0
0,412
43,126,126
44,122,132
45,119,136
46,118,139
47,117,142
48,117,145
49,117,147
50,117,150
51,117,152
52,117,154
53,117,156
54,118,157
55,118,159
56,119,160
57,119,161
58,120,162
59,121,163
60,121,164
61,122,165
62,123,166
63,123,166
64,124,167
65,124,167
66,125,167
67,125,168
68,126,168
69,126,168
70,127,168
71,127,168
72,127,168
73,128,168
74,128,168
75,129,167
76,129,167
77,129,167
78,129,167
79,129,166
80,130,166
81,130,166
82,130,165
83,130,165
84,130,164
85,130,164
86,130,164
87,130,163
88,131,163
89,131,163
90,131,163
91,131,162
92,131,162
93,131,162
94,131,162
95,131,161
96,131,161
97,131,161
98,131,161
99,131,161
100,131,160
101,131,160
102,131,160
103,131,160
104,131,160
105,131,159
106,131,159
107,131,159
108,131,159
109,131,159
110,131,159
111,131,158
112,131,158
113,131,158
114,131,158
115,131,158
116,131,158
117,131,158
118,131,158
119,131,157
120,131,157
121,131,157
122,131,157
123,131,157
124,131,157
125,131,157
126,131,157
127,131,157
128,131,157
129,131,156
130,131,156
131,131,156
132,131,156
133,131,156
134,131,156
135,131,156
136,131,156
137,131,156
138,131,156
139,131,156
140,131,156
141,131,156
142,131,156
143,131,155
144,131,155
145,131,155
146,131,155
147,131,155
148,130,155
149,130,155
150,130,155
151,130,155
152,130,155
153,130,155
154,130,155
155,130,155
156,130,155
157,130,155
158,130,155
159,130,155
160,130,155
161,130,154
162,130,154
163,130,154
164,130,154
165,130,154
166,130,154
167,130,154
168,130,154
169,130,154
170,130,154
171,130,154
172,130,154
173,130,154
174,130,154
175,130,154
176,130,154
177,130,154
178,130,154
179,130,154
180,130,154
181,130,154
182,130,154
183,130,154
184,130,153
185,130,153
186,130,153
187,129,153
188,129,153
189,129,153
190,129,153
191,129,153
192,129,153
193,129,153
194,129,153
195,129,153
196,129,153
197,129,153
198,129,153
199,129,153
200,129,153
201,129,153
202,129,153
203,129,153
204,129,153
205,129,153
206,129,153
207,129,153
208,129,153
209,129,153
210,129,153
211,129,153
212,129,153
213,129,153
214,129,153
215,129,153
216,128,153
217,128,152
218,128,152
219,128,152
220,128,152
221,128,152
222,128,152
223,128,152
224,128,152
225,128,152
226,128,152
227,128,152
228,128,152
229,128,152
230,128,152
231,128,152
232,128,152
233,128,152
234,128,152
235,128,152
236,128,152
237,128,152
238,128,152
239,128,152
240,128,152
241,128,152
242,128,152
243,128,152
244,128,152
245,128,152
246,128,152
247,128,152
248,128,152
249,127,152
250,127,152
251,127,152
252,127,152
253,127,152
254,127,152
255,127,152
256,127,152
257,127,152
258,127,152
259,127,152
260,127,152
261,127,152
262,127,152
263,127,152
264,127,152
265,127,152
266,127,152
267,127,152
268,127,152
269,127,152
270,127,152
271,127,152
272,127,152
273,127,152
274,126,152
275,126,152
276,126,152
277,126,152
278,126,152
279,126,152
280,126,152
281,126,152
282,126,152
283,126,152
284,126,152
285,126,152
286,126,152
287,126,152
288,126,152
289,126,152
290,126,152
291,126,152
292,126,152
293,126,152
294,126,152
295,126,152
296,126,152
297,125,152
298,125,152
299,125,152
300,125,152
301,125,152
302,125,152
303,125,152
304,125,152
305,125,152
306,125,152
307,125,152
308,125,152
309,125,152
310,125,152
311,125,152
312,125,152
313,125,152
314,125,152
315,125,152
316,125,152
317,125,152
318,124,152
319,124,152
320,124,152
321,124,152
322,124,152
323,124,152
324,124,152
325,124,152
326,124,152
327,124,152
328,124,152
329,124,152
330,124,152
331,124,153
332,124,153
333,124,153
334,124,153
335,124,153
336,124,153
337,123,153
338,123,153
339,123,153
340,123,153
341,123,153
342,123,153
343,123,153
344,123,153
345,123,153
346,123,153
347,123,153
348,123,153
349,123,153
350,123,153
351,123,153
352,122,153
353,122,153
354,122,153
355,122,153
356,122,153
357,122,153
358,122,153
359,122,153
360,122,153
361,122,153
362,122,153
363,122,154
364,121,154
365,121,154
366,121,154
367,121,154
368,121,154
369,121,154
370,121,154
371,121,154
372,121,154
373,121,154
374,120,154
375,120,154
376,120,154
377,120,154
378,120,154
379,120,154
380,120,154
381,120,154
382,119,154
383,119,154
384,119,154
385,119,154
386,119,154
387,118,154
388,118,154
389,118,154
390,118,154
391,117,154
392,117,154
393,117,154
394,117,153
395,117,153
396,117,153
397,117,153
398,117,153
399,118,153
400,118,153
401,118,153
402,118,153
403,118,153
404,119,152
405,119,152
406,119,152
407,119,152
408,119,152
409,119,152
410,120,151
411,120,151
412,120,151
413,120,151
414,120,151
415,120,151
416,121,150
417,121,150
418,121,150
419,121,150
420,121,149
421,122,149
422,122,149
423,122,149
424,122,148
425,122,148
426,122,148
427,123,147
428,123,147
429,123,147
430,123,146
431,123,146
432,123,146
433,124,145
434,124,145
435,124,144
436,124,144
437,124,143
438,125,143
439,125,142
440,125,142
441,125,141
442,125,141
443,125,140
444,126,140
445,126,139
446,126,138
447,126,138
448,126,137
449,126,136
450,127,135
451,127,135
452,127,133
453,127,132
454,127,130
1,54
128,454,454
127,449,454
126,443,454
125,437,453
124,432,453
123,426,452
122,420,451
121,414,450
120,409,449
119,403,447
118,397,445
117,392,443
116,393,441
115,393,439
114,393,436
113,393,434
112,393,432
111,393,430
110,393,429
109,393,427
108,393,425
107,392,424
106,392,422
105,392,421
104,391,420
103,391,418
102,391,417
101,391,416
100,390,414
99,390,413
98,390,412
97,389,411
96,389,409
95,389,408
94,389,407
93,388,406
92,388,405
91,388,404
90,387,402
89,387,401
88,386,400
87,386,399
86,385,398
85,385,397
84,384,396
83,384,395
82,384,394
81,383,393
80,383,392
79,383,391
78,383,390
77,382,388
76,383,387
75,384,385
0,0
1,168
22,328,330
23,326,332
24,325,334
25,324,335
26,324,336
27,323,337
28,322,338
29,322,339
30,322,340
31,321,341
32,321,342
33,321,343
34,320,343
35,320,344
36,319,345
37,319,345
38,319,346
39,318,347
40,318,347
41,317,348
42,317,348
43,316,349
44,316,349
45,315,350
46,315,350
47,314,350
48,314,351
49,313,351
50,313,351
51,312,352
52,312,352
53,311,352
54,311,352
55,310,352
56,310,352
57,309,352
58,309,352
59,308,351
60,308,351
61,307,351
62,307,350
63,306,349
64,305,349
65,305,347
66,304,346
67,304,345
68,303,345
69,303,344
70,302,343
71,302,342
72,301,341
73,301,340
74,300,339
75,299,338
76,299,337
77,298,337
78,298,336
79,297,335
80,297,334
81,296,333
82,296,332
83,295,332
84,295,331
85,294,330
86,293,329
87,293,328
88,292,327
89,292,326
90,291,326
91,291,325
92,290,324
93,290,323
94,289,322
95,289,321
96,288,321
97,288,320
98,287,319
99,286,318
100,286,317
101,285,316
102,285,316
103,284,315
104,284,314
105,283,313
106,283,312
107,282,311
108,282,311
109,281,310
110,281,309
111,280,308
112,280,307
113,279,306
114,279,306
115,278,305
116,277,304
117,277,303
118,276,302
119,276,302
120,275,301
121,275,300
122,274,299
123,274,298
124,273,298
125,273,297
126,272,296
127,272,295
128,271,294
129,271,294
130,270,293
131,270,292
132,269,291
133,269,291
134,268,290
135,268,289
136,267,288
137,267,287
138,266,287
139,266,286
140,265,285
141,264,284
142,264,284
143,263,283
144,263,282
145,262,281
146,262,280
147,261,280
148,261,279
149,260,278
150,260,278
151,259,277
152,259,276
153,258,275
154,258,275
155,257,274
156,257,273
157,256,273
158,256,272
159,255,271
160,255,270
161,254,270
162,254,269
163,253,268
164,253,268
165,252,267
166,252,266
167,251,266
168,250,265
169,250,264
170,249,263
171,248,263
172,248,262
173,247,261
174,247,261
175,246,260
176,246,259
177,245,258
178,245,258
179,244,257
180,244,256
181,244,255
182,243,254
183,243,253
184,243,253
185,243,252
186,243,251
187,242,249
188,243,248
189,244,246
0,0
1,78
224,232,233
225,231,235
226,231,236
227,230,236
228,230,237
229,229,238
230,229,238
231,228,239
232,228,239
233,227,239
234,227,239
235,226,239
236,226,239
237,225,240
238,225,239
239,224,239
240,224,239
241,223,239
242,223,239
243,222,239
244,222,239
245,221,239
246,221,238
247,221,238
248,220,238
249,220,238
250,220,238
251,219,238
252,219,238
253,219,237
254,218,237
255,218,237
256,218,237
257,217,237
258,217,237
259,217,236
260,217,236
261,217,236
262,216,236
263,216,236
264,216,235
265,216,235
266,215,235
267,215,235
268,215,235
269,215,235
270,215,235
271,215,234
272,215,234
273,215,234
274,215,234
275,215,234
276,214,234
277,214,234
278,214,233
279,214,233
280,215,233
281,215,233
282,215,233
283,215,233
284,215,233
285,215,232
286,215,232
287,216,232
288,216,232
289,216,232
290,217,232
291,217,232
292,217,231
293,218,231
294,218,231
295,219,231
296,219,230
297,220,230
298,221,230
299,222,229
300,223,228
301,225,227
0,0
0,257
131,206,206
132,197,210
133,195,215
134,194,217
135,193,220
136,192,221
137,192,223
138,192,224
139,192,226
140,192,227
141,192,229
142,192,230
143,193,231
144,193,232
145,194,233
146,195,234
147,196,235
148,197,235
149,198,235
150,199,236
151,200,236
152,200,236
153,201,236
154,201,236
155,202,235
156,202,235
157,202,234
158,203,234
159,203,234
160,203,233
161,203,233
162,204,233
163,204,233
164,204,233
165,204,233
166,204,233
167,205,232
168,205,232
169,205,232
170,205,232
171,205,232
172,205,232
173,205,232
174,206,232
175,206,232
176,206,232
177,206,232
178,206,232
179,206,232
180,206,232
181,206,232
182,206,232
183,206,232
184,206,232
185,207,232
186,207,231
187,207,231
188,207,231
189,207,231
190,207,231
191,207,231
192,207,231
193,207,231
194,207,231
195,207,231
196,207,231
197,207,231
198,207,231
199,207,231
200,207,231
201,207,231
202,207,231
203,207,231
204,207,231
205,207,231
206,207,231
207,207,231
208,207,231
209,207,231
210,207,231
211,208,231
212,208,231
213,208,231
214,208,231
215,208,231
216,208,231
217,208,231
218,208,231
219,208,231
220,208,231
221,208,231
222,208,231
223,208,231
224,208,231
225,208,231
226,208,231
227,208,231
228,208,231
229,208,231
230,208,231
231,208,231
232,208,231
233,208,231
234,208,231
235,208,231
236,208,231
237,208,231
238,208,231
239,208,231
240,208,231
241,208,231
242,208,231
243,208,231
244,208,231
245,208,231
246,208,231
247,208,231
248,208,231
249,208,231
250,208,231
251,208,231
252,208,231
253,208,231
254,208,230
255,208,230
256,208,230
257,208,230
258,208,230
259,208,230
260,208,230
261,208,230
262,208,230
263,208,230
264,208,230
265,208,230
266,208,230
267,208,230
268,208,230
269,208,230
270,208,230
271,208,230
272,208,230
273,208,230
274,208,230
275,208,230
276,207,230
277,207,230
278,207,230
279,207,230
280,207,230
281,207,230
282,207,230
283,207,230
284,207,230
285,207,230
286,207,230
287,207,230
288,207,230
289,207,230
290,207,230
291,207,230
292,207,230
293,207,229
294,207,229
295,207,229
296,207,229
297,207,229
298,207,229
299,207,229
300,207,229
301,207,229
302,207,229
303,207,229
304,207,229
305,207,229
306,207,229
307,207,229
308,207,229
309,207,229
310,207,229
311,206,229
312,206,229
313,206,229
314,206,229
315,206,229
316,206,229
317,206,229
318,206,229
319,206,229
320,206,229
321,206,229
322,206,229
323,206,228
324,206,228
325,206,228
326,206,228
327,205,228
328,205,228
329,205,228
330,205,228
331,205,228
332,205,228
333,205,228
334,205,228
335,204,228
336,204,228
337,204,229
338,204,229
339,204,229
339,204,229
339,237,237
340,204,229
340,235,236
341,203,231
341,231,236
341,203,236
342,203,236
343,203,236
344,203,235
345,203,235
346,203,235
347,203,235
348,202,234
349,202,234
350,202,234
351,202,234
352,202,233
353,202,233
354,202,233
355,202,233
356,202,232
357,201,232
358,201,232
359,201,232
360,201,231
361,201,231
362,201,231
363,201,231
364,201,230
365,201,230
366,201,230
367,201,230
368,201,229
369,202,229
370,202,229
371,202,229
372,202,228
373,202,228
374,203,228
375,203,227
376,204,225
377,205,223
378,206,222
379,207,220
380,209,218
381,211,215
382,213,213
0,66
374,228,228
373,228,230
372,228,231
371,229,232
370,229,234
369,229,235
368,229,236
367,230,238
366,230,239
365,230,241
364,230,242
363,231,243
362,231,245
361,231,246
360,231,247
359,232,249
358,232,250
357,232,251
356,232,253
355,233,254
354,233,255
353,233,257
352,233,258
351,234,259
350,234,261
349,234,262
348,234,263
347,235,265
346,235,266
345,235,267
344,235,269
343,236,270
342,236,271
341,236,272
340,236,274
339,237,275
338,239,276
337,242,278
336,244,279
335,247,280
334,249,281
333,251,283
332,253,284
331,256,285
330,258,286
329,260,288
328,263,289
327,265,290
326,267,291
325,269,293
324,271,294
323,273,295
322,276,296
321,278,297
320,280,299
319,282,300
318,284,301
317,286,302
316,288,304
315,290,305
314,292,306
313,294,307
312,297,307
311,299,307
310,301,307
309,304,305
0,0
1,121
325,219,220
326,218,222
327,217,222
328,217,223
329,216,224
330,216,224
331,216,225
332,215,225
333,215,226
334,215,226
335,215,227
336,215,227
337,214,227
338,214,228
339,214,228
340,214,229
341,214,229
342,214,229
343,214,229
344,214,230
345,214,230
346,213,230
347,213,231
348,213,231
349,213,231
350,213,231
351,213,231
352,213,232
353,212,232
354,212,232
355,212,232
356,212,232
357,212,232
358,212,232
359,211,233
360,211,232
361,211,232
362,211,232
363,211,232
364,210,232
365,210,232
366,210,232
367,210,232
368,210,232
369,209,232
370,209,232
371,209,231
372,209,231
373,208,231
374,208,231
375,208,231
376,208,230
377,207,230
378,207,230
379,207,230
380,207,229
381,206,229
382,206,229
383,206,229
384,205,229
385,205,228
386,205,228
387,205,228
388,204,228
389,204,227
390,204,227
391,203,227
392,203,227
393,203,227
394,202,226
395,202,226
396,202,226
397,201,226
398,201,226
399,200,225
400,200,225
401,200,225
402,200,225
403,199,225
404,199,224
405,199,224
406,199,224
407,198,224
408,198,223
409,198,223
410,198,223
411,198,223
412,198,223
413,198,222
414,198,222
415,198,222
416,198,222
417,197,221
418,198,221
419,198,221
420,198,221
421,198,221
422,198,220
423,198,220
424,198,220
425,199,220
426,199,219
427,199,219
428,199,219
429,200,219
430,200,218
431,200,218
432,200,218
433,201,218
434,201,218
435,201,217
436,202,217
437,202,217
438,203,216
439,203,216
440,204,216
441,204,215
442,205,215
443,207,214
444,209,212
444,209,210
0,0
0,282
66,319,319
67,311,323
68,308,327
69,308,330
70,307,333
71,306,336
72,306,338
73,306,340
74,306,342
75,306,343
76,306,345
77,307,346
78,308,348
79,309,349
80,310,350
81,310,352
82,311,353
83,312,354
84,312,355
85,313,356
86,314,356
87,314,357
88,315,358
89,315,358
90,316,359
91,316,359
92,316,359
93,317,360
94,317,360
95,317,360
96,318,360
97,318,360
98,318,360
99,318,360
100,318,359
101,318,359
102,318,359
103,318,358
104,318,358
105,318,357
106,318,357
107,318,357
108,318,356
109,319,356
110,319,356
111,319,355
112,319,355
113,319,355
114,319,355
115,319,354
116,319,354
117,319,354
118,319,354
119,319,354
120,319,353
121,319,353
122,319,353
123,319,353
124,319,352
125,319,352
126,319,352
127,319,352
128,318,352
129,318,352
130,318,351
131,318,351
132,318,351
133,318,351
134,318,350
135,318,350
136,318,350
137,318,350
138,318,350
139,318,350
140,318,349
141,318,349
142,318,349
143,318,349
144,318,349
145,318,349
146,318,348
147,318,348
148,318,348
149,318,348
150,318,348
151,318,348
152,318,348
153,318,348
154,318,347
155,318,347
156,318,347
157,318,347
158,318,347
159,318,347
160,318,347
161,318,347
162,318,347
163,318,346
164,318,346
165,317,346
166,317,346
167,317,346
168,317,346
169,317,346
170,317,346
171,317,346
172,317,346
173,317,345
174,317,345
175,317,345
176,317,345
177,317,345
178,317,345
179,317,345
180,317,345
181,317,345
182,317,345
183,317,345
184,317,344
185,317,344
186,317,344
187,317,344
188,317,344
189,317,344
190,317,344
191,317,344
192,317,344
193,317,344
194,316,344
195,316,344
196,316,344
197,316,344
198,316,343
199,316,343
200,316,343
201,316,343
202,316,343
203,316,343
204,316,343
205,316,343
206,316,343
207,316,343
208,316,343
209,316,343
210,316,343
211,316,343
212,316,343
213,316,342
214,316,342
215,316,342
216,316,342
217,316,342
218,316,342
219,316,342
220,316,342
221,316,342
222,316,342
223,316,342
224,316,342
225,316,342
226,316,342
227,316,342
228,316,342
229,316,342
230,316,342
231,316,341
232,316,341
233,316,341
234,316,341
235,316,341
236,316,341
237,316,341
238,316,341
239,316,341
240,316,341
241,316,341
242,316,341
243,316,341
244,316,341
245,316,341
246,316,341
247,316,341
248,316,341
249,316,341
250,316,341
251,316,341
252,316,341
253,316,341
254,316,340
255,316,340
256,316,340
257,316,340
258,316,340
259,316,340
260,316,340
261,316,340
262,316,340
263,316,340
264,316,340
265,316,340
266,316,340
267,316,340
268,316,340
269,316,340
270,316,340
271,316,340
272,316,340
273,316,340
274,316,340
275,316,340
276,316,340
277,316,340
278,316,340
279,316,340
280,316,340
281,316,340
282,316,340
283,316,340
284,316,340
285,316,340
286,316,340
287,316,340
288,316,340
289,316,340
290,316,340
291,316,340
292,317,340
293,317,340
294,317,340
295,317,340
296,317,340
297,317,340
298,317,340
299,317,341
300,317,341
301,317,341
302,317,341
303,317,341
304,317,341
305,317,341
306,317,341
307,317,341
308,318,341
309,318,341
310,318,341
311,318,341
312,318,341
313,318,342
314,318,342
315,318,342
316,318,342
317,318,342
318,318,342
319,318,342
320,318,342
321,319,342
322,319,342
323,319,342
324,319,342
325,319,343
326,319,343
327,319,343
328,319,343
329,319,343
330,319,343
331,320,343
332,320,343
333,320,344
334,320,344
335,320,344
336,320,344
337,320,344
338,320,344
339,320,345
340,321,345
341,321,345
342,321,342
343,321,338
344,321,334
345,321,330
346,322,325
347,322,322
1,199
322,347,350
323,347,354
324,347,358
325,346,360
326,346,363
327,346,365
328,346,366
329,346,368
330,345,369
331,345,370
332,345,371
333,345,372
334,344,373
335,344,374
336,344,375
337,344,376
338,343,376
339,343,377
340,343,378
341,343,379
342,342,379
343,342,380
344,342,381
345,341,381
346,343,382
347,345,382
348,348,383
349,350,383
350,351,384
351,353,384
352,355,385
353,356,385
354,357,386
355,358,386
356,359,386
357,360,387
358,360,387
359,361,387
360,361,388
361,362,388
362,362,388
363,363,388
364,363,389
365,364,389
366,364,389
367,364,389
368,365,390
369,365,390
370,365,390
371,366,390
372,366,391
373,366,391
374,366,391
375,367,391
376,367,391
377,367,391
378,367,392
379,367,392
380,367,392
381,367,392
382,367,392
383,367,392
384,367,393
385,368,393
386,368,393
387,368,393
388,368,393
389,368,393
390,368,393
391,368,393
392,368,393
393,368,394
394,368,394
395,368,394
396,368,394
397,368,394
398,368,394
399,368,381
399,368,394
400,368,381
400,368,394
401,368,381
401,368,394
402,368,381
402,368,394
403,368,381
403,368,394
404,368,381
404,368,394
405,368,381
405,368,394
406,368,381
406,368,394
407,368,381
407,368,395
408,368,381
408,368,395
409,368,381
409,368,395
410,368,381
410,368,395
411,368,381
411,367,395
412,368,381
412,367,395
413,368,381
413,367,395
414,368,381
414,367,395
415,368,381
415,367,395
416,368,381
416,367,395
417,368,381
417,367,395
418,368,381
418,366,395
419,368,381
419,366,395
420,368,381
420,366,395
421,368,381
421,366,395
422,368,381
422,366,395
423,368,381
423,365,395
424,368,381
424,365,395
425,368,381
425,365,395
426,368,381
426,365,395
427,368,381
427,364,395
428,368,381
428,364,394
429,368,381
429,363,394
430,368,381
430,363,394
431,368,381
431,363,394
432,368,381
432,362,394
433,368,381
433,362,394
434,368,381
434,361,394
435,368,381
435,360,394
436,368,381
436,358,394
437,368,381
437,359,394
438,368,381
438,359,394
439,368,381
439,360,394
440,360,393
441,361,393
442,361,393
443,362,393
444,362,393
445,363,393
446,363,393
447,364,392
448,364,392
449,365,392
450,366,392
451,366,392
452,367,391
453,367,391
454,368,391
455,368,391
456,369,390
457,369,390
458,370,390
459,370,389
460,371,389
461,371,389
462,372,388
463,372,388
464,373,388
465,373,387
466,374,387
467,374,387
468,375,386
469,375,386
470,376,386
471,376,385
472,377,385
473,377,384
474,378,384
475,378,383
476,379,383
477,379,382
478,380,382
479,380,381
0,89
381,480,480
380,478,480
379,476,481
378,474,482
377,473,482
376,471,483
375,469,483
374,467,483
373,465,483
372,463,483
371,461,484
370,459,483
369,457,483
368,455,483
367,453,483
366,451,483
365,449,483
364,447,482
363,445,482
362,443,482
361,441,482
360,440,481
359,438,481
358,437,480
357,437,480
356,438,480
355,438,479
354,439,479
353,440,478
352,440,478
351,440,477
350,441,477
349,441,477
348,442,476
347,442,476
346,443,475
345,443,475
344,443,475
343,444,474
342,444,474
341,444,474
340,445,473
339,445,473
338,445,473
337,445,472
336,446,472
335,446,472
334,446,472
333,447,472
332,447,471
331,447,471
330,447,471
329,448,471
328,448,470
327,448,470
326,448,470
325,449,470
324,449,469
323,449,469
322,449,469
321,450,469
320,450,469
319,450,469
318,451,469
317,451,468
316,451,468
315,452,468
314,452,468
313,452,468
312,452,468
311,453,467
310,453,467
309,453,467
308,454,467
307,454,467
306,454,467
305,455,467
304,455,467
303,455,467
302,456,466
301,456,466
300,456,466
299,456,466
298,456,465
297,457,465
296,457,464
295,457,463
294,458,462
293,459,460
0,0
