1,145
51,184,187
52,183,187
53,183,188
54,182,189
55,182,189
56,181,189
57,181,190
58,181,190
59,180,191
60,180,191
61,180,191
62,180,192
63,179,192
64,179,192
65,179,193
66,179,193
67,179,193
68,178,193
69,178,193
70,178,194
71,178,194
72,177,194
73,177,194
74,177,194
75,177,194
76,176,194
77,176,195
78,176,195
79,176,195
80,175,195
81,175,195
82,175,195
83,175,195
84,175,195
85,174,194
86,174,194
87,174,194
88,173,194
89,173,194
90,173,194
91,173,194
92,172,194
93,172,193
94,172,193
95,171,193
96,171,193
97,171,192
98,170,192
99,170,192
100,170,192
101,169,191
102,169,191
103,169,190
104,169,190
105,168,190
106,168,189
107,168,189
108,167,189
109,167,188
110,166,188
111,166,188
112,166,187
113,165,187
114,165,187
115,165,186
116,164,186
117,164,186
118,163,186
119,163,185
120,163,185
121,162,185
122,162,184
123,162,184
124,161,184
125,161,183
126,160,183
127,160,183
128,160,182
129,159,182
130,159,182
131,158,181
132,158,181
133,158,181
134,157,180
135,157,180
136,156,180
137,156,179
138,156,179
139,155,179
140,155,178
141,154,178
142,154,178
143,153,177
144,153,177
145,152,177
146,152,176
147,151,176
148,151,176
149,150,176
150,150,175
151,149,175
152,149,175
153,149,174
154,148,174
155,148,173
156,147,173
157,147,173
158,147,173
159,147,172
160,146,172
161,146,172
162,146,171
163,146,171
164,146,171
165,146,170
166,146,170
167,145,170
168,145,169
169,145,169
170,145,169
171,145,168
172,145,168
173,145,168
174,145,167
175,146,167
176,146,167
177,146,166
178,146,166
179,146,165
180,146,165
181,146,165
182,146,164
183,147,164
184,147,164
185,147,163
186,147,163
187,148,162
188,148,162
189,149,162
190,149,161
191,149,161
192,150,160
193,151,159
194,152,158
195,155,155
0,0
0,424
32,122,127
33,118,133
34,117,137
35,116,139
36,115,142
37,115,145
38,115,147
39,115,149
40,115,151
41,115,153
42,116,155
43,116,156
44,116,158
45,117,159
46,118,160
47,118,161
48,119,162
49,120,163
50,120,164
51,121,164
52,122,165
53,122,165
54,123,165
55,123,166
56,124,166
57,124,166
58,125,166
59,125,166
60,125,166
61,126,166
62,126,166
63,127,166
64,127,166
65,127,165
66,127,165
67,127,165
68,128,164
69,128,164
70,128,163
71,128,163
72,128,163
73,128,162
74,129,162
75,129,162
76,129,161
77,129,161
78,129,161
79,129,161
80,129,160
81,129,160
82,129,160
83,129,160
84,129,159
85,129,159
86,129,159
87,129,159
88,129,159
89,129,158
90,129,158
91,129,158
92,129,158
93,129,158
94,129,158
95,129,157
96,129,157
97,129,157
98,129,157
99,129,157
100,129,157
101,129,156
102,129,156
103,129,156
104,129,156
105,129,156
106,129,156
107,129,156
108,129,156
109,129,156
110,129,155
111,129,155
112,129,155
113,129,155
114,129,155
115,129,155
116,129,155
117,129,155
118,129,155
119,129,155
120,129,154
121,129,154
122,129,154
123,129,154
124,129,154
125,129,154
126,129,154
127,129,154
128,129,154
129,129,154
130,129,154
131,129,154
132,129,154
133,129,154
134,129,154
135,129,154
136,129,153
137,129,153
138,129,153
139,129,153
140,129,153
141,129,153
142,129,153
143,129,153
144,129,153
145,129,153
146,129,153
147,129,153
148,129,153
149,129,153
150,129,153
151,128,153
152,128,153
153,128,153
154,128,153
155,128,152
156,128,152
157,128,152
158,128,152
159,128,152
160,128,152
161,128,152
162,128,152
163,128,152
164,128,152
165,128,152
166,128,152
167,128,152
168,128,152
169,128,152
170,128,152
171,128,152
172,128,152
173,128,152
174,128,152
175,128,152
176,128,152
177,128,152
178,128,152
179,128,152
180,128,151
181,128,151
182,128,151
183,128,151
184,128,151
185,128,151
186,128,151
187,128,151
188,127,151
189,127,151
190,127,151
191,127,151
192,127,151
193,127,151
194,127,151
195,127,151
196,127,151
197,127,151
198,127,151
199,127,151
200,127,151
201,127,151
202,127,151
203,127,151
204,127,151
205,127,151
206,127,151
207,127,151
208,127,151
209,127,151
210,127,151
211,127,151
212,127,151
213,127,150
214,127,150
215,127,150
216,127,150
217,127,150
218,127,150
219,127,150
220,127,150
221,127,150
222,127,150
223,127,150
224,127,150
225,126,150
226,126,150
227,126,150
228,126,150
229,126,150
230,126,150
231,126,150
232,126,150
233,126,150
234,126,150
235,126,150
236,126,150
237,126,150
238,126,150
239,126,150
240,126,150
241,126,150
242,126,150
243,126,150
244,126,150
245,126,150
246,126,150
247,126,150
248,126,150
249,126,150
250,126,150
251,126,150
252,126,150
253,126,150
254,125,150
255,125,150
256,125,150
257,125,150
258,125,150
259,125,150
260,125,150
261,125,150
262,125,150
263,125,150
264,125,150
265,125,150
266,125,150
267,125,150
268,125,150
269,125,150
270,125,150
271,125,150
272,125,150
273,125,150
274,125,150
275,125,150
276,125,150
277,125,150
278,125,150
279,125,150
280,125,150
281,124,150
282,124,150
283,124,150
284,124,150
285,124,150
286,124,150
287,124,150
288,124,150
289,124,150
290,124,150
291,124,150
292,124,150
293,124,150
294,124,150
295,124,150
296,124,150
297,124,150
298,124,150
299,124,150
300,124,150
301,124,150
302,124,150
303,124,150
304,124,150
305,123,150
306,123,150
307,123,150
308,123,150
309,123,150
310,123,150
311,123,150
312,123,150
313,123,150
314,123,150
315,123,150
316,123,150
317,123,150
318,123,150
319,123,150
320,123,150
321,123,150
322,123,150
323,123,150
324,122,150
325,122,150
326,122,150
327,122,150
328,122,150
329,122,151
330,122,151
331,122,151
332,122,151
333,122,151
334,122,151
335,122,151
336,122,151
337,122,151
338,122,151
339,122,151
340,122,151
341,121,151
342,121,151
343,121,151
344,121,151
345,121,151
346,121,151
347,121,151
348,121,151
349,121,151
350,121,151
351,121,151
352,121,151
353,121,151
354,121,151
355,121,151
356,120,151
357,120,151
358,120,151
359,120,151
360,120,151
361,120,151
362,120,152
363,120,152
364,120,152
365,120,152
366,120,152
367,119,152
368,119,152
369,119,152
370,119,152
371,119,152
372,119,152
373,119,152
374,119,152
375,119,152
376,118,152
377,118,152
378,118,152
379,118,152
380,118,152
381,118,152
382,118,152
383,117,152
384,117,152
385,117,152
386,117,152
387,117,152
388,116,152
389,116,152
390,116,152
391,116,152
392,115,152
393,115,152
394,115,152
395,115,152
396,115,151
397,116,151
398,116,151
399,116,151
400,116,151
401,116,151
402,116,151
403,117,151
404,117,151
405,117,151
406,117,150
407,117,150
408,118,150
409,118,150
410,118,150
411,118,150
412,118,150
413,119,149
414,119,149
415,119,149
416,119,149
417,119,148
418,119,148
419,120,148
420,120,148
421,120,148
422,120,147
423,120,147
424,121,147
425,121,147
426,121,146
427,121,146
428,121,146
429,121,145
430,122,145
431,122,145
432,122,144
433,122,144
434,122,143
435,123,143
436,123,143
437,123,142
438,123,142
439,123,141
440,123,141
441,124,140
442,124,139
443,124,139
444,124,138
445,124,138
446,125,137
447,125,137
448,125,136
449,125,135
450,125,134
451,125,133
452,126,132
453,126,131
454,126,129
455,126,126
1,48
126,450,455
125,445,454
124,439,453
123,434,453
122,428,452
121,423,451
120,418,450
119,412,448
118,407,446
117,401,445
116,396,442
115,393,440
114,393,437
113,393,435
112,394,433
111,394,431
110,394,429
109,394,428
108,394,426
107,394,425
106,394,423
105,394,422
104,394,421
103,394,419
102,394,418
101,394,417
100,394,415
99,393,414
98,393,413
97,393,412
96,393,410
95,393,409
94,393,408
93,392,407
92,392,406
91,391,405
90,391,403
89,391,402
88,390,401
87,390,401
86,390,400
85,389,399
84,389,398
83,389,397
82,388,395
81,388,394
80,389,393
79,389,391
0,0
1,166
18,316,321
19,315,323
20,314,324
21,314,325
22,313,326
23,313,327
24,312,328
25,312,329
26,312,330
27,311,331
28,311,331
29,310,332
30,310,333
31,310,333
32,309,334
33,309,334
34,308,335
35,308,336
36,307,336
37,307,336
38,306,337
39,306,337
40,305,338
41,304,338
42,304,338
43,303,338
44,303,339
45,302,339
46,302,339
47,301,339
48,301,339
49,300,339
50,300,339
51,299,338
52,298,338
53,298,338
54,297,337
55,297,336
56,296,335
57,295,334
58,295,333
59,294,332
60,293,331
61,293,330
62,292,329
63,292,329
64,291,328
65,290,327
66,290,326
67,289,325
68,289,324
69,288,323
70,287,322
71,287,321
72,286,321
73,286,320
74,285,319
75,285,318
76,284,317
77,283,316
78,283,315
79,282,314
80,282,313
81,281,313
82,280,312
83,280,311
84,279,310
85,279,309
86,278,308
87,277,307
88,277,307
89,276,306
90,276,305
91,275,304
92,275,303
93,274,302
94,273,301
95,273,301
96,272,300
97,272,299
98,271,298
99,270,297
100,270,296
101,269,296
102,269,295
103,268,294
104,268,293
105,267,292
106,266,291
107,266,291
108,265,290
109,265,289
110,264,288
111,263,287
112,263,286
113,262,285
114,262,285
115,261,284
116,260,283
117,260,282
118,259,281
119,259,281
120,258,280
121,258,279
122,257,278
123,256,277
124,256,276
125,255,276
126,255,275
127,254,274
128,254,273
129,253,272
130,252,272
131,252,271
132,251,270
133,251,269
134,250,269
135,250,268
136,249,267
137,248,266
138,248,265
139,247,265
140,247,264
141,246,263
142,245,262
143,245,261
144,244,261
145,244,260
146,243,259
147,243,258
148,242,258
149,242,257
150,241,256
151,240,256
152,240,255
153,239,254
154,239,253
155,238,253
156,238,252
157,237,251
158,236,251
159,236,250
160,235,249
161,235,248
162,234,248
163,234,247
164,233,246
165,232,246
166,232,245
167,231,244
168,230,243
169,230,243
170,229,242
171,229,241
172,228,240
173,228,239
174,227,239
175,227,238
176,226,237
177,226,236
178,226,235
179,226,234
180,225,233
181,225,232
182,225,231
183,226,229
0,0
1,147
370,70,74
369,69,75
368,67,76
367,66,77
366,65,77
365,64,78
364,64,78
363,63,78
362,62,79
361,61,79
360,60,79
359,60,79
358,59,79
357,58,80
356,58,80
355,57,80
354,57,80
353,56,80
352,55,80
351,55,81
350,54,81
349,54,81
348,53,81
347,53,81
346,52,81
345,52,82
344,51,82
343,51,82
342,50,82
341,50,83
340,50,83
339,49,83
338,49,84
337,48,84
336,48,84
335,48,84
334,47,85
333,47,85
332,46,85
331,46,86
330,46,86
329,46,86
328,45,87
327,45,87
326,45,87
325,45,88
324,45,88
323,45,88
322,45,89
321,45,89
320,46,90
319,46,90
318,47,90
317,49,91
316,54,91
315,57,92
314,59,92
313,60,92
312,61,93
311,62,93
310,63,94
309,64,94
308,65,94
307,65,95
306,66,95
305,67,95
304,68,96
303,68,96
302,69,97
301,70,97
300,71,97
299,71,98
298,72,98
297,73,98
296,73,99
295,74,99
294,75,99
293,75,100
292,76,100
291,76,100
290,77,100
289,78,101
288,78,101
287,79,101
286,80,102
285,80,102
284,81,102
283,81,103
282,82,103
281,83,103
280,83,103
279,84,104
278,84,104
277,85,104
276,85,104
275,86,105
274,87,105
273,87,105
272,88,106
271,88,106
270,89,106
269,89,106
268,90,106
267,90,107
266,91,107
265,91,107
264,92,108
263,92,108
262,93,108
261,93,108
260,94,108
259,94,109
258,95,109
257,95,109
256,96,109
255,96,110
254,97,110
253,97,110
252,98,110
251,98,110
250,99,111
249,99,111
248,100,111
247,100,111
246,101,111
245,101,112
244,101,112
243,102,112
242,102,112
241,103,112
240,103,112
239,104,113
238,104,113
237,105,113
236,105,113
235,106,113
234,106,113
233,106,113
232,107,114
231,107,114
230,108,114
229,108,114
228,109,114
227,109,115
226,110,115
225,110,114
224,111,114
0,0
1,185
212,164,166
213,164,167
214,163,168
215,162,168
216,162,169
217,162,170
218,162,171
219,161,171
220,161,172
221,161,173
222,161,173
223,161,174
224,161,175
225,160,175
226,160,176
227,160,176
228,160,177
229,160,178
230,160,178
231,159,178
232,159,179
233,159,179
234,159,179
235,159,179
236,159,180
237,159,180
238,158,180
239,158,179
240,158,179
241,158,179
242,158,179
243,158,179
244,157,179
245,157,178
246,157,178
247,157,178
248,157,178
249,157,177
250,157,177
251,156,177
252,156,177
253,156,177
254,156,176
255,156,176
256,156,176
257,156,176
258,155,175
259,155,175
260,155,175
261,155,175
262,155,174
263,155,174
264,155,174
265,154,174
266,154,173
267,154,173
268,154,173
269,154,173
270,154,172
271,153,172
272,153,172
273,153,172
274,153,172
275,153,171
276,152,171
277,152,171
278,152,171
279,152,170
280,152,170
281,151,170
282,151,170
283,151,170
284,151,169
285,151,169
286,150,169
287,150,169
288,150,168
289,150,168
290,150,168
291,149,168
292,149,168
293,149,167
294,149,167
295,148,167
296,148,167
297,148,167
298,148,166
299,148,166
300,147,166
301,147,166
302,147,166
303,147,165
304,146,165
305,146,165
306,146,165
307,146,165
308,145,164
309,145,164
310,145,164
311,145,164
312,144,164
313,144,163
314,144,163
315,144,163
316,143,163
317,143,163
318,143,162
319,142,162
320,142,162
321,142,162
322,142,162
323,141,162
324,141,161
325,141,161
326,141,161
327,140,161
328,140,161
329,140,160
330,140,160
331,139,160
332,139,160
333,139,160
334,138,160
335,138,159
336,138,159
337,138,159
338,137,159
339,137,159
340,137,158
341,136,158
342,136,158
343,136,158
344,136,158
345,135,158
346,135,157
347,135,157
348,134,157
349,134,157
350,134,157
351,134,157
352,133,156
353,133,156
354,133,156
355,133,156
356,132,156
357,132,155
358,132,155
359,131,155
360,131,155
361,131,155
362,131,155
363,131,154
364,131,154
365,131,154
366,130,154
367,130,154
368,130,154
369,130,153
370,130,153
371,130,153
372,131,153
373,131,153
374,131,153
375,131,152
376,131,152
377,131,152
378,132,152
379,132,152
380,132,152
381,133,151
382,133,151
383,133,151
384,134,151
385,134,151
386,135,151
387,135,151
388,135,151
389,136,151
390,136,150
391,137,150
392,137,150
393,138,149
394,139,149
395,139,147
396,141,146
0,0
0,319
88,285,285
89,281,291
90,279,294
91,278,297
92,278,299
93,277,301
94,277,302
95,277,304
96,277,305
97,278,307
98,278,308
99,278,309
100,279,311
101,279,312
102,280,313
103,280,314
104,281,315
105,281,316
106,282,317
107,282,317
108,283,318
109,283,319
110,283,319
111,284,319
112,284,320
113,285,320
114,285,320
115,286,320
116,286,320
117,286,320
118,287,320
119,287,320
120,288,320
121,288,320
122,289,320
123,289,319
124,289,319
125,289,319
126,290,319
127,290,319
128,290,319
129,290,319
130,291,319
131,291,319
132,291,319
133,291,319
134,291,319
135,291,319
136,291,319
137,292,319
138,292,319
139,292,319
140,292,319
141,292,319
142,292,319
143,292,319
144,292,319
145,292,319
146,292,319
147,292,319
148,293,319
149,293,319
150,293,319
151,293,319
152,293,318
153,293,318
154,293,318
155,293,318
156,293,318
157,293,318
158,293,318
159,293,318
160,293,318
161,293,318
162,293,318
163,293,318
164,293,318
165,293,318
166,293,318
167,293,318
168,293,318
169,293,318
170,293,318
171,293,318
172,293,318
173,293,318
174,293,318
175,293,318
176,293,318
177,293,318
178,293,318
179,293,318
180,293,318
181,293,318
182,293,318
183,293,318
184,293,318
185,293,318
186,293,318
187,293,318
188,293,318
189,293,318
190,293,318
191,293,318
192,293,318
193,293,318
194,293,318
195,293,318
196,293,318
197,293,318
198,293,317
199,293,317
200,293,317
201,293,317
202,293,317
203,293,317
204,293,317
205,293,317
206,293,317
207,293,317
208,293,317
209,293,317
210,293,317
211,293,317
212,293,317
213,293,317
214,293,317
215,292,317
216,292,317
217,292,317
218,292,317
219,292,317
220,292,317
221,292,317
222,292,317
223,292,317
224,292,317
225,292,317
226,292,317
227,292,317
228,292,317
229,292,317
230,292,317
231,292,317
232,292,317
233,292,317
234,292,317
235,292,317
236,292,317
237,292,317
238,292,317
239,292,317
240,292,317
241,292,317
242,292,317
243,292,317
244,292,317
245,292,316
246,292,316
247,292,316
248,292,316
249,292,316
250,292,316
251,292,316
252,292,316
253,292,316
254,292,316
255,292,316
256,292,316
257,292,316
258,292,316
259,292,316
260,292,316
261,292,316
262,292,316
263,292,316
264,292,316
265,292,316
266,292,316
267,292,316
268,292,316
269,292,316
270,292,316
271,292,316
272,292,316
273,292,316
274,292,316
275,292,316
276,292,316
277,292,316
278,292,316
279,291,316
280,291,316
281,291,316
282,291,316
283,291,316
284,291,316
285,291,316
286,291,316
287,291,316
288,291,316
289,291,316
290,291,316
291,291,316
292,291,316
293,291,316
294,291,316
295,291,316
296,291,316
297,291,316
298,291,315
299,291,315
300,291,315
301,291,315
302,291,315
303,291,315
304,291,315
305,291,315
306,291,315
307,291,315
308,291,315
309,291,315
310,291,315
311,291,315
312,291,315
313,291,315
314,291,315
315,291,315
316,291,315
317,291,315
318,291,315
319,291,315
320,291,315
321,291,315
322,291,315
323,291,315
324,291,315
325,291,315
326,291,315
327,291,315
328,291,315
329,291,315
330,291,315
331,291,315
332,291,315
333,291,315
334,291,315
335,291,315
336,291,315
337,290,315
338,290,315
339,290,315
340,290,315
341,290,315
342,290,315
343,290,315
344,290,315
345,290,315
346,290,315
347,290,315
348,290,315
349,290,315
350,290,315
351,290,315
352,290,315
353,290,315
354,290,315
355,290,314
356,290,314
357,290,314
358,290,314
359,290,314
360,290,314
361,290,314
362,290,314
363,290,314
364,290,314
365,290,314
366,290,314
367,290,314
368,290,314
369,290,314
370,290,314
371,290,314
372,290,314
373,290,314
374,290,314
375,290,314
376,290,314
377,290,314
378,290,314
379,290,314
380,290,314
381,290,314
382,290,314
383,290,314
384,290,314
385,290,314
386,290,314
387,290,314
388,290,314
389,290,314
390,290,314
391,290,314
392,289,314
393,289,314
394,289,314
395,289,314
396,289,314
397,289,314
398,289,314
399,289,314
400,289,314
401,289,314
402,289,314
403,289,314
404,289,314
405,289,314
406,310,314
0,0
0,99
207,222,224
208,216,228
209,213,231
210,211,235
211,211,238
212,210,240
213,210,243
214,210,245
215,210,246
216,211,247
217,211,248
218,212,248
219,213,249
220,213,249
221,214,249
222,215,249
223,216,249
224,216,249
225,217,249
226,218,249
227,218,249
228,219,249
229,220,249
230,220,249
231,221,250
232,221,250
233,222,250
234,223,250
235,223,250
236,224,250
237,224,250
238,225,250
239,225,250
240,226,250
241,226,250
242,226,250
243,227,250
244,227,250
245,228,250
246,228,250
247,228,251
248,229,251
249,229,251
250,229,251
251,230,251
252,230,251
253,230,251
254,230,251
255,231,251
256,231,251
257,231,251
258,231,251
259,231,251
260,232,252
261,232,252
262,232,252
263,232,252
264,232,252
265,233,252
266,233,252
267,233,252
268,233,252
269,233,252
270,233,252
271,234,252
272,234,252
273,234,253
274,234,253
275,234,253
276,235,253
277,235,253
278,235,253
279,235,253
280,235,253
281,235,253
282,236,253
283,236,253
284,236,253
285,236,254
286,236,254
287,236,254
288,236,254
289,237,254
290,237,254
291,237,254
292,237,254
293,238,254
294,238,254
295,239,254
296,239,254
297,240,254
298,240,254
299,241,254
300,242,253
301,243,253
302,243,253
303,244,252
304,246,252
305,247,250
0,0
1,106
174,262,265
175,261,267
176,260,268
177,260,268
178,259,269
179,259,270
180,259,270
181,258,271
182,258,272
183,258,272
184,258,272
185,258,273
186,258,273
187,257,274
188,257,274
189,257,274
190,257,275
191,257,275
192,257,275
193,256,275
194,256,275
195,256,276
196,256,276
197,256,276
198,256,276
199,255,276
200,255,276
201,255,276
202,255,276
203,254,276
204,254,275
205,254,275
206,254,275
207,253,275
208,253,275
209,253,274
210,253,274
211,252,273
212,252,273
213,252,273
214,252,272
215,251,272
216,251,271
217,251,271
218,250,271
219,250,270
220,250,270
221,250,269
222,249,269
223,249,268
224,249,268
225,249,268
226,248,267
227,248,267
228,248,267
229,247,266
230,247,266
231,247,265
232,247,265
233,246,265
234,246,264
235,246,264
236,245,264
237,245,263
238,245,263
239,245,263
240,244,262
241,244,262
242,244,262
243,244,261
244,243,261
245,243,261
246,243,260
247,242,260
248,242,260
249,242,259
250,242,259
251,241,259
252,241,259
253,241,258
254,241,258
255,241,258
256,240,258
257,240,257
258,240,257
259,240,257
260,240,257
261,239,256
262,240,256
263,240,256
264,240,256
265,240,255
266,240,255
267,241,255
268,241,255
269,241,254
270,242,254
271,242,254
272,242,254
273,243,254
274,243,253
275,244,253
276,244,252
277,245,252
278,246,251
279,248,250
0,0
1,143
326,234,235
327,233,237
328,232,238
329,232,239
330,232,240
331,232,241
332,232,241
333,231,242
334,231,243
335,231,243
336,231,244
337,231,244
338,230,245
339,230,245
340,230,245
341,230,246
342,230,246
343,230,246
344,230,246
345,229,246
346,229,247
347,229,247
348,229,247
349,229,247
350,228,248
351,228,247
352,228,247
353,228,247
354,228,247
355,228,246
356,227,246
357,227,246
358,227,246
359,227,246
360,227,245
361,227,245
362,226,245
363,226,245
364,226,244
365,226,244
366,226,244
367,225,244
368,225,244
369,225,243
370,225,243
371,225,243
372,225,243
373,224,243
374,224,242
375,224,242
376,224,242
377,224,242
378,223,242
379,223,242
380,223,241
381,223,241
382,223,241
383,223,241
384,222,241
385,222,241
386,222,240
387,222,240
388,222,240
389,221,240
390,221,240
391,221,240
392,221,240
393,221,240
394,220,239
395,220,239
396,220,239
397,220,239
398,220,239
399,219,239
400,219,239
401,219,239
402,219,239
403,219,239
404,218,239
405,218,239
406,218,238
407,218,238
408,218,238
409,217,238
410,217,238
411,217,238
412,217,238
413,217,238
414,216,238
415,216,238
416,216,238
417,216,238
418,215,238
419,215,238
420,215,238
421,215,238
422,215,238
423,214,238
424,214,238
425,214,238
426,214,238
427,214,238
428,213,238
429,213,238
430,213,238
431,213,238
432,213,238
433,213,238
434,212,238
435,213,238
436,213,238
437,213,238
438,213,238
439,214,238
440,214,238
441,214,238
442,214,238
443,214,238
444,215,238
445,215,238
446,216,238
447,216,238
448,216,238
449,217,238
450,217,238
451,218,238
452,218,238
453,219,238
454,220,238
455,220,238
456,221,238
457,221,238
458,222,238
459,223,238
460,224,237
461,224,237
462,225,237
463,226,237
464,227,237
465,228,236
466,229,235
467,231,234
467,231,231
0,0
0,129
171,369,373
172,366,378
173,364,381
174,363,383
175,362,385
176,362,387
177,361,389
178,361,390
179,362,392
180,362,394
181,363,395
182,363,396
183,364,398
184,364,399
185,364,400
186,364,401
187,365,402
188,365,402
189,365,403
190,365,403
191,366,403
192,366,403
193,366,403
194,366,403
195,366,402
196,366,402
197,366,401
198,366,401
199,366,400
200,366,399
201,366,399
202,366,398
203,366,398
204,366,397
205,366,397
206,366,396
207,366,396
208,366,395
209,366,395
210,366,394
211,366,394
212,365,394
213,365,393
214,365,393
215,365,392
216,365,392
217,365,391
218,365,391
219,365,391
220,364,390
221,364,390
222,364,390
223,364,389
224,364,389
225,364,388
226,363,388
227,363,388
228,363,387
229,363,387
230,363,387
231,362,386
232,362,386
233,362,386
234,362,385
235,362,385
236,361,385
237,361,384
238,361,384
239,361,383
240,361,383
241,360,383
242,360,382
243,360,382
244,360,382
245,359,381
246,359,381
247,359,381
248,359,380
249,358,380
250,358,380
251,358,379
252,358,379
253,357,379
254,357,378
255,357,378
256,357,377
257,356,377
258,356,377
259,356,376
260,356,376
261,355,375
262,355,375
263,355,375
264,355,374
265,354,374
266,354,374
267,354,373
268,353,373
269,353,372
270,353,372
271,353,371
272,352,371
273,352,371
274,352,370
275,352,370
276,351,369
277,351,369
278,351,369
279,351,368
280,350,368
281,350,367
282,350,367
283,350,366
284,350,366
285,349,365
286,349,365
287,349,364
288,349,364
289,349,363
290,349,362
291,349,362
292,349,361
293,349,360
294,349,359
295,349,358
296,349,357
297,349,356
298,349,355
299,350,353
0,0
1,188
210,333,335
211,332,336
212,331,337
213,331,338
214,331,339
215,331,339
216,330,340
217,330,341
218,330,342
219,330,342
220,330,343
221,330,344
222,330,344
223,329,345
224,329,346
225,329,347
226,329,347
227,329,348
228,329,348
229,329,349
230,329,349
231,329,350
232,328,350
233,328,350
234,328,351
235,328,351
236,328,351
237,328,352
238,328,351
239,328,351
240,328,351
241,327,351
242,327,351
243,327,351
244,327,350
245,327,350
246,327,350
247,327,350
248,327,350
249,327,349
250,327,349
251,326,349
252,326,349
253,326,349
254,326,348
255,326,348
256,326,348
257,326,348
258,326,348
259,326,348
260,326,347
261,325,347
262,325,347
263,325,347
264,325,347
265,325,346
266,325,346
267,325,346
268,325,346
269,325,346
270,324,346
271,324,345
272,324,345
273,324,345
274,324,345
275,324,345
276,324,344
277,324,344
278,323,344
279,323,344
280,323,344
281,323,344
282,323,343
283,323,343
284,323,343
285,322,343
286,322,343
287,322,343
288,322,343
289,322,342
290,321,342
291,321,342
292,321,342
293,321,342
294,321,341
295,321,341
296,320,341
297,320,341
298,320,341
299,320,341
300,320,341
301,319,340
302,319,340
303,319,340
304,319,340
305,319,340
306,318,340
307,318,339
308,318,339
309,318,339
310,318,339
311,317,339
312,317,339
313,317,339
314,317,338
315,317,338
316,316,338
317,316,338
318,316,338
319,316,338
320,315,338
321,315,337
322,315,337
323,315,337
324,315,337
325,314,337
326,314,337
327,314,337
328,314,337
329,313,336
330,313,336
331,313,336
332,313,336
333,313,336
334,312,336
335,312,336
336,312,335
337,312,335
338,311,335
339,311,335
340,311,335
341,311,335
342,310,335
343,310,335
344,310,334
345,310,334
346,310,334
347,309,334
348,309,334
349,309,334
350,309,334
351,308,334
352,308,333
353,308,333
354,308,333
355,307,333
356,307,333
357,307,333
358,307,333
359,307,333
360,306,332
361,306,332
362,306,332
363,306,332
364,306,332
365,306,332
366,306,332
367,305,332
368,306,331
369,306,331
370,306,331
371,306,331
372,306,331
373,307,331
374,307,331
375,307,331
376,307,331
377,308,330
378,308,330
379,309,330
380,309,330
381,309,330
382,310,330
383,310,330
384,311,330
385,311,330
386,312,330
387,312,330
388,312,330
389,313,330
390,313,330
391,314,329
392,315,329
393,315,329
394,316,328
395,316,327
396,317,326
397,319,324
0,0
1,288
178,414,416
179,413,418
180,413,419
181,413,420
182,413,421
183,412,422
184,412,423
185,412,424
186,412,425
187,412,425
188,412,426
189,412,427
190,412,427
191,411,428
192,411,428
193,411,429
194,411,429
195,411,429
196,411,430
197,411,430
198,411,430
199,411,430
200,411,430
201,410,431
202,410,431
203,410,431
204,410,431
205,410,431
206,410,432
207,410,431
208,410,431
209,410,431
210,410,431
211,409,431
212,409,431
213,409,431
214,409,431
215,409,430
216,409,430
217,409,430
218,409,430
219,409,430
220,409,429
221,408,429
222,408,429
223,408,429
224,408,428
225,408,428
226,408,428
227,408,428
228,408,428
229,408,427
230,408,427
231,407,427
232,407,427
233,407,427
234,407,426
235,407,426
236,407,426
237,407,426
238,407,426
239,407,425
240,406,425
241,406,425
242,406,425
243,406,425
244,406,425
245,406,424
246,406,424
247,406,424
248,406,424
249,406,424
250,405,423
251,405,423
252,405,423
253,405,423
254,405,423
255,405,423
256,405,422
257,405,422
258,405,422
259,404,422
260,404,422
261,404,422
262,404,422
263,404,421
264,404,421
265,404,421
266,404,421
267,404,421
268,403,421
269,403,421
270,403,420
271,403,420
272,403,420
273,403,420
274,403,420
275,403,420
276,403,420
277,402,420
278,402,419
279,402,419
280,402,419
281,402,419
282,402,419
283,402,419
284,402,419
285,402,419
286,401,419
287,401,418
288,401,418
289,401,418
290,401,418
291,401,418
292,401,418
293,401,418
294,401,418
295,400,418
296,400,418
297,400,418
298,400,417
299,400,417
300,400,417
301,400,417
302,400,417
303,400,417
304,399,417
305,399,417
306,399,417
307,399,417
308,399,417
309,399,416
310,399,416
311,399,416
312,398,416
313,398,416
314,398,416
315,398,416
316,398,416
317,398,416
318,398,416
319,398,416
320,397,416
321,397,416
322,397,416
323,397,416
324,397,416
325,397,416
326,397,415
327,397,415
328,396,415
329,396,415
330,396,415
331,396,415
332,396,415
333,396,415
334,396,415
335,395,415
336,395,415
337,395,415
338,395,415
339,395,415
340,395,415
341,395,415
342,395,415
343,394,415
344,394,415
345,394,415
346,394,415
347,394,415
348,394,415
349,394,415
350,393,415
351,393,415
352,393,415
353,393,415
354,393,415
355,393,415
356,393,415
357,392,415
358,392,415
359,392,415
360,392,415
361,392,415
362,392,415
363,392,415
364,391,415
365,391,415
366,391,415
367,391,415
368,391,415
369,391,415
370,390,415
371,390,415
372,390,415
373,390,415
374,390,415
375,390,415
376,390,415
377,389,415
378,389,415
379,389,415
380,389,415
381,389,415
382,388,415
383,388,415
384,388,415
385,388,415
386,388,415
387,388,415
388,387,415
389,387,415
390,387,415
391,387,415
392,387,415
393,387,415
394,410,415
394,386,416
395,410,415
395,386,416
396,410,415
396,386,416
397,410,415
397,386,416
398,410,415
398,386,416
399,410,415
399,386,416
400,410,415
400,385,416
401,410,415
401,386,416
402,410,415
402,386,416
403,410,415
403,386,416
404,410,415
404,386,416
405,410,415
405,386,416
406,410,415
406,386,416
407,410,415
407,386,416
408,410,415
408,386,416
409,410,415
409,386,416
410,410,415
410,386,416
411,410,415
411,386,416
412,410,415
412,387,416
413,410,415
413,387,416
414,410,415
414,387,416
415,388,416
416,388,416
417,389,416
418,389,416
419,389,416
420,390,416
421,390,416
422,391,417
423,391,417
424,392,417
425,393,417
426,393,417
427,394,417
428,394,417
429,395,417
430,396,417
431,397,417
432,397,417
433,398,417
434,399,416
435,400,416
436,400,416
437,401,416
438,402,416
439,403,416
440,404,415
441,405,415
442,407,414
443,408,413
443,408,409
0,0
