1,135
51,176,178
52,175,179
53,174,179
54,174,180
55,173,181
56,173,181
57,173,182
58,172,182
59,172,182
60,172,183
61,171,183
62,171,184
63,171,184
64,171,184
65,171,185
66,170,185
67,170,185
68,170,185
69,170,186
70,170,186
71,169,186
72,169,186
73,169,187
74,169,187
75,169,187
76,169,187
77,168,187
78,168,187
79,168,187
80,168,187
81,167,187
82,167,188
83,167,188
84,167,188
85,167,188
86,166,188
87,166,187
88,166,187
89,166,187
90,165,187
91,165,187
92,165,187
93,165,187
94,164,187
95,164,187
96,164,186
97,163,186
98,163,186
99,163,186
100,163,186
101,162,185
102,162,185
103,162,185
104,161,184
105,161,184
106,161,184
107,160,183
108,160,183
109,160,183
110,159,183
111,159,182
112,159,182
113,158,182
114,158,181
115,158,181
116,157,181
117,157,181
118,157,180
119,156,180
120,156,180
121,155,179
122,155,179
123,155,179
124,154,179
125,154,178
126,154,178
127,153,178
128,153,177
129,152,177
130,152,177
131,152,177
132,151,176
133,151,176
134,150,176
135,150,175
136,150,175
137,149,175
138,149,175
139,148,174
140,148,174
141,147,174
142,147,173
143,147,173
144,146,173
145,146,173
146,146,172
147,146,172
148,145,172
149,145,171
150,145,171
151,145,171
152,145,171
153,145,170
154,145,170
155,145,170
156,145,169
157,144,169
158,145,169
159,145,169
160,145,168
161,145,168
162,145,168
163,145,167
164,145,167
165,145,167
166,145,166
167,145,166
168,145,166
169,146,165
170,146,165
171,146,165
172,146,165
173,146,164
174,147,164
175,147,164
176,147,163
177,148,163
178,148,163
179,148,162
180,149,162
181,150,161
182,150,161
183,151,160
184,152,159
185,155,157
0,0
0,424
32,124,124
33,119,132
34,117,136
35,116,139
36,115,142
37,115,145
38,115,147
39,115,149
40,115,152
41,115,153
42,115,155
43,116,157
44,116,158
45,117,159
46,118,161
47,118,162
48,119,162
49,120,163
50,120,164
51,121,164
52,122,165
53,122,165
54,123,166
55,124,166
56,124,166
57,125,166
58,125,166
59,125,166
60,126,166
61,126,166
62,127,166
63,127,166
64,127,166
65,128,166
66,128,165
67,128,165
68,128,165
69,128,164
70,129,164
71,129,164
72,129,163
73,129,163
74,129,163
75,129,162
76,129,162
77,129,162
78,130,162
79,130,161
80,130,161
81,130,161
82,130,161
83,130,160
84,130,160
85,130,160
86,130,160
87,130,160
88,130,159
89,130,159
90,130,159
91,130,159
92,130,159
93,130,159
94,130,159
95,130,158
96,130,158
97,130,158
98,130,158
99,130,158
100,130,158
101,130,158
102,131,158
103,131,157
104,131,157
105,131,157
106,131,157
107,131,157
108,131,157
109,131,157
110,131,157
111,131,157
112,131,157
113,131,157
114,131,156
115,131,156
116,131,156
117,131,156
118,131,156
119,131,156
120,131,156
121,131,156
122,131,156
123,131,156
124,131,156
125,131,156
126,131,156
127,131,156
128,131,156
129,131,156
130,131,156
131,131,156
132,131,156
133,131,155
134,131,155
135,131,155
136,131,155
137,131,155
138,131,155
139,131,155
140,131,155
141,131,155
142,131,155
143,131,155
144,131,155
145,131,155
146,131,155
147,131,155
148,131,155
149,131,155
150,131,155
151,131,155
152,131,155
153,131,155
154,131,155
155,131,155
156,131,155
157,131,155
158,131,155
159,131,155
160,131,155
161,131,155
162,131,155
163,131,155
164,131,155
165,131,155
166,131,155
167,131,155
168,131,155
169,131,155
170,131,154
171,131,154
172,131,154
173,131,154
174,131,154
175,131,154
176,131,154
177,131,154
178,131,154
179,131,154
180,131,154
181,131,154
182,131,154
183,131,154
184,131,154
185,131,154
186,131,154
187,131,154
188,131,154
189,131,154
190,131,154
191,131,154
192,130,154
193,130,154
194,130,154
195,130,154
196,130,154
197,130,154
198,130,154
199,130,154
200,130,154
201,130,154
202,130,154
203,130,154
204,130,154
205,130,154
206,130,154
207,130,154
208,130,154
209,130,154
210,130,154
211,130,154
212,130,154
213,130,154
214,130,154
215,130,154
216,130,154
217,130,154
218,130,154
219,130,154
220,130,154
221,130,154
222,130,154
223,130,154
224,130,154
225,130,154
226,130,154
227,130,154
228,130,154
229,130,154
230,130,154
231,130,154
232,130,154
233,130,154
234,130,154
235,130,154
236,130,154
237,130,154
238,130,154
239,130,154
240,130,154
241,130,154
242,130,154
243,130,154
244,130,154
245,130,154
246,130,154
247,130,154
248,130,154
249,130,154
250,130,154
251,130,154
252,130,154
253,130,154
254,130,154
255,130,154
256,130,154
257,130,154
258,130,154
259,130,154
260,130,154
261,130,154
262,130,154
263,130,154
264,130,154
265,130,154
266,130,154
267,130,154
268,130,155
269,130,155
270,130,155
271,130,155
272,130,155
273,130,155
274,130,155
275,130,155
276,130,155
277,129,155
278,129,155
279,129,155
280,129,155
281,129,155
282,129,155
283,129,155
284,129,155
285,129,155
286,129,155
287,129,155
288,129,155
289,129,155
290,129,155
291,129,155
292,129,155
293,129,155
294,129,155
295,129,155
296,129,155
297,129,155
298,129,155
299,129,155
300,129,155
301,129,155
302,129,155
303,129,155
304,129,155
305,129,156
306,129,156
307,129,156
308,129,156
309,129,156
310,129,156
311,129,156
312,129,156
313,129,156
314,129,156
315,128,156
316,128,156
317,128,156
318,128,156
319,128,156
320,128,156
321,128,156
322,128,156
323,128,156
324,128,156
325,128,156
326,128,156
327,128,156
328,128,156
329,128,156
330,128,156
331,128,157
332,128,157
333,128,157
334,128,157
335,128,157
336,128,157
337,128,157
338,128,157
339,128,157
340,128,157
341,128,157
342,128,157
343,127,157
344,127,157
345,127,157
346,127,157
347,127,157
348,127,157
349,127,157
350,127,157
351,127,158
352,127,158
353,127,158
354,127,158
355,127,158
356,127,158
357,127,158
358,127,158
359,127,158
360,127,158
361,127,158
362,126,158
363,126,158
364,126,158
365,126,158
366,126,158
367,126,158
368,126,159
369,126,159
370,126,159
371,126,159
372,126,159
373,126,159
374,125,159
375,125,159
376,125,159
377,125,159
378,125,159
379,125,159
380,125,159
381,125,159
382,125,159
383,124,159
384,124,159
385,124,159
386,124,159
387,124,159
388,124,159
389,123,159
390,123,159
391,123,159
392,122,159
393,122,159
394,122,159
395,122,159
396,123,159
397,123,159
398,123,158
399,123,158
400,123,158
401,124,158
402,124,158
403,124,158
404,124,158
405,124,158
406,125,158
407,125,158
408,125,157
409,125,157
410,125,157
411,126,157
412,126,157
413,126,157
414,126,157
415,126,156
416,127,156
417,127,156
418,127,156
419,127,156
420,127,155
421,128,155
422,128,155
423,128,155
424,128,155
425,129,154
426,129,154
427,129,154
428,129,153
429,129,153
430,130,153
431,130,152
432,130,152
433,130,152
434,130,151
435,131,151
436,131,150
437,131,150
438,131,149
439,131,149
440,132,148
441,132,148
442,132,148
443,132,147
444,132,146
445,133,146
446,133,145
447,133,145
448,133,144
449,134,143
450,134,142
451,134,141
452,134,140
453,134,139
454,135,137
455,135,135
1,57
135,454,455
134,449,454
133,444,454
132,440,453
131,435,453
130,430,452
129,425,451
128,420,450
127,415,449
126,411,448
125,406,446
124,401,444
123,396,443
122,393,440
121,393,438
120,393,436
119,394,434
118,394,432
117,394,431
116,394,429
115,394,428
114,394,426
113,393,425
112,393,424
111,393,422
110,393,421
109,393,420
108,392,418
107,392,417
106,392,416
105,391,415
104,391,414
103,391,413
102,391,412
101,390,410
100,390,409
99,390,408
98,390,407
97,390,406
96,389,405
95,389,404
94,389,403
93,388,402
92,388,401
91,387,400
90,387,399
89,387,398
88,386,397
87,386,396
86,386,395
85,385,394
84,385,393
83,385,392
82,385,391
81,384,390
80,385,389
79,386,387
0,0
1,167
25,332,333
26,330,336
27,329,337
28,328,338
29,327,339
30,326,340
31,326,341
32,325,341
33,325,342
34,324,343
35,324,344
36,323,344
37,323,345
38,322,345
39,322,346
40,321,347
41,321,347
42,320,348
43,319,348
44,319,349
45,318,349
46,318,349
47,317,350
48,316,350
49,316,350
50,315,351
51,314,351
52,314,351
53,313,351
54,312,351
55,312,351
56,311,352
57,310,352
58,310,352
59,309,351
60,308,351
61,307,351
62,307,351
63,306,350
64,305,350
65,304,349
66,304,348
67,303,347
68,302,346
69,302,345
70,301,344
71,300,342
72,299,341
73,299,340
74,298,339
75,297,338
76,296,337
77,296,336
78,295,335
79,294,334
80,293,333
81,293,332
82,292,331
83,291,330
84,291,329
85,290,328
86,289,326
87,289,325
88,288,324
89,287,323
90,286,322
91,286,321
92,285,320
93,284,319
94,284,318
95,283,317
96,282,316
97,281,315
98,281,314
99,280,313
100,279,312
101,278,311
102,278,310
103,277,309
104,276,308
105,276,307
106,275,306
107,274,305
108,273,304
109,273,303
110,272,302
111,271,301
112,271,300
113,270,299
114,269,298
115,269,297
116,268,296
117,267,295
118,266,294
119,266,293
120,265,292
121,264,291
122,264,290
123,263,289
124,262,288
125,262,287
126,261,286
127,260,285
128,259,284
129,259,283
130,258,282
131,257,281
132,257,280
133,256,279
134,255,278
135,254,277
136,254,276
137,253,275
138,252,274
139,252,273
140,251,272
141,250,271
142,250,270
143,249,270
144,248,269
145,247,268
146,247,267
147,246,266
148,245,265
149,245,264
150,244,263
151,243,262
152,243,261
153,242,260
154,241,259
155,241,258
156,240,258
157,239,257
158,238,256
159,238,255
160,237,254
161,236,253
162,236,252
163,235,251
164,234,251
165,234,250
166,233,249
167,232,248
168,232,247
169,231,246
170,230,246
171,230,245
172,229,244
173,228,243
174,227,242
175,226,241
176,226,240
177,225,239
178,224,239
179,224,238
180,223,237
181,222,236
182,222,235
183,221,234
184,221,233
185,220,232
186,220,231
187,220,230
188,220,228
189,219,227
190,220,226
191,220,224
0,0
0,296
114,195,196
115,191,200
116,189,203
117,188,205
118,188,207
119,188,208
120,188,210
121,188,212
122,188,214
123,189,215
124,189,217
125,189,218
126,190,219
127,190,220
128,190,221
129,191,222
130,191,222
131,192,223
132,192,223
133,192,223
134,193,223
135,193,224
136,194,224
137,194,224
138,194,224
139,195,224
140,196,223
141,196,223
142,196,223
143,197,223
144,197,223
145,197,223
146,197,223
147,198,223
148,198,223
149,198,222
150,198,222
151,198,222
152,199,222
153,199,222
154,199,222
155,199,222
156,199,222
157,199,222
158,199,222
159,200,222
160,200,222
161,200,222
162,200,222
163,200,222
164,200,222
165,200,222
166,200,222
167,200,222
168,201,222
169,201,222
170,201,222
171,201,222
172,201,222
173,201,222
174,201,222
175,201,222
176,201,222
177,201,222
178,201,222
179,201,221
180,201,221
181,201,221
182,201,221
183,201,221
184,202,221
185,202,221
186,202,221
187,202,221
188,202,221
189,202,221
190,202,221
191,202,221
192,202,221
193,202,221
194,202,221
195,202,221
196,202,221
197,202,221
198,202,221
199,202,221
200,202,221
201,202,221
202,202,221
203,202,221
204,202,221
205,202,221
206,202,221
207,202,221
208,202,221
209,202,221
210,202,221
211,202,221
212,202,221
213,202,221
214,202,221
215,202,221
216,202,221
217,202,221
218,202,221
219,202,221
220,202,221
221,202,221
222,202,221
223,202,221
224,202,221
225,202,221
226,202,221
227,202,221
228,202,221
229,202,221
230,202,221
231,202,221
232,202,221
233,202,221
234,202,221
235,202,221
236,202,221
237,202,221
238,202,221
239,202,221
240,202,221
241,202,221
242,202,221
243,202,221
244,202,221
245,202,221
246,202,221
247,202,220
248,202,220
249,202,220
250,202,220
251,202,220
252,202,220
253,202,220
254,202,220
255,202,220
256,202,220
257,201,220
258,201,220
259,201,220
260,201,220
261,201,220
262,201,220
263,201,220
264,201,220
265,201,220
266,201,220
267,201,220
268,201,220
269,201,220
270,201,220
271,201,220
272,201,220
273,201,220
274,201,220
275,201,220
276,201,220
277,201,220
278,201,220
279,201,220
280,200,220
281,200,220
282,200,220
283,200,220
284,200,220
285,200,220
286,200,220
287,200,220
288,200,220
289,200,220
290,200,220
291,200,220
292,200,220
293,200,220
294,200,220
295,199,220
296,199,220
297,199,220
298,199,220
299,199,220
300,199,220
301,199,220
302,199,220
303,199,220
304,199,220
305,199,220
306,198,220
307,198,220
308,198,220
309,198,220
310,198,220
311,198,220
312,198,220
313,198,220
314,198,220
315,197,220
316,197,220
317,197,220
318,197,220
319,197,219
320,197,219
321,197,219
322,196,219
323,196,219
324,196,219
325,196,219
326,196,219
327,196,219
328,196,219
329,195,219
330,195,219
331,195,219
332,195,219
333,195,219
334,195,219
335,194,219
336,194,219
337,194,219
338,194,219
339,194,219
340,194,219
341,193,219
342,193,219
343,193,219
344,193,219
345,193,219
346,192,219
347,192,219
348,192,219
349,192,219
350,191,219
351,191,219
352,191,219
353,191,219
354,190,219
355,190,219
356,190,219
357,190,219
358,190,218
359,189,218
360,189,218
361,189,218
362,189,218
363,188,218
364,188,218
365,188,218
366,188,218
367,188,218
368,188,218
369,188,218
370,188,218
371,188,218
372,188,218
373,188,218
374,188,218
375,188,218
376,188,218
377,188,218
378,188,218
379,188,217
380,188,217
381,188,217
382,189,217
383,189,217
384,189,217
385,189,217
386,190,217
387,190,217
388,190,217
389,191,217
390,191,216
391,191,216
392,192,216
393,192,216
394,193,216
395,193,216
396,194,216
397,194,215
398,195,215
399,195,215
400,196,214
401,196,214
402,197,213
403,198,213
404,199,212
405,199,211
406,200,210
407,201,209
408,203,208
409,205,205
0,0
1,240
199,125,127
200,125,129
201,124,130
202,124,131
203,124,132
204,124,133
205,124,134
206,124,135
207,124,135
208,123,136
209,123,137
210,123,137
211,123,138
212,123,138
213,123,139
214,123,139
215,123,139
216,123,139
217,123,140
218,123,140
219,123,140
220,123,140
221,123,140
222,123,140
223,123,140
224,123,140
225,122,140
226,122,140
227,122,140
228,122,140
229,122,140
230,122,139
231,122,139
232,122,139
233,122,139
234,121,139
235,121,139
236,121,138
237,121,138
238,121,138
239,121,138
240,121,137
241,121,137
242,121,137
243,120,137
244,120,136
245,120,136
246,120,136
247,120,136
248,120,135
249,120,135
250,119,135
251,119,135
252,119,135
253,119,134
254,119,134
255,119,134
256,119,134
257,118,133
258,118,133
259,118,133
260,118,133
261,118,133
262,118,132
263,118,132
264,117,132
265,117,132
266,117,132
267,117,131
268,117,131
269,117,131
270,117,131
271,116,131
272,116,130
273,116,130
274,116,130
275,116,130
276,116,130
277,115,129
278,115,129
279,115,129
280,115,129
281,115,129
282,115,128
283,115,128
284,114,128
285,114,128
286,114,128
287,114,127
288,114,127
289,114,127
290,113,127
291,113,127
292,113,126
293,113,126
294,113,126
295,112,126
296,112,126
297,112,125
298,112,125
299,112,125
300,112,125
301,111,125
302,111,125
303,111,124
304,111,124
305,111,124
306,110,124
307,110,124
308,110,123
309,110,123
310,110,123
311,110,123
312,109,123
313,109,122
314,109,122
315,109,122
316,109,122
317,108,122
318,108,122
319,108,121
320,108,121
321,108,121
322,107,121
323,107,121
324,107,120
325,107,120
326,106,120
327,106,120
328,106,120
329,106,120
330,106,119
331,105,119
332,105,119
333,105,119
334,105,119
335,104,119
336,104,118
337,104,118
338,104,118
339,104,118
340,103,118
341,103,118
342,103,118
343,103,117
344,102,117
345,102,117
346,102,117
347,101,116
348,101,116
349,101,116
350,101,116
351,100,115
352,100,115
353,100,115
354,100,115
355,99,115
356,99,115
357,99,115
358,99,115
359,98,115
360,98,115
361,98,115
362,97,115
363,97,115
364,97,115
365,96,115
366,96,115
367,96,115
368,95,115
369,95,115
370,95,115
371,95,115
372,94,115
373,94,115
374,94,115
375,93,115
376,93,115
377,92,115
378,92,115
379,92,115
380,91,115
381,91,116
382,90,116
383,90,116
384,90,116
385,89,116
386,89,117
387,89,117
388,89,117
389,89,118
390,89,119
391,89,120
392,89,120
393,90,121
394,90,122
395,90,123
396,90,124
397,90,125
398,91,126
399,91,126
400,91,127
401,92,128
402,92,129
403,92,130
404,93,131
405,93,132
406,93,133
407,94,133
408,94,134
409,95,135
410,95,136
411,96,137
412,96,138
413,97,139
414,97,139
415,98,140
416,98,141
417,99,142
418,99,143
419,100,144
420,100,145
421,101,145
422,101,146
423,102,147
424,103,148
425,103,149
426,104,150
427,104,151
428,105,151
429,106,152
430,107,141
431,107,137
432,108,134
433,109,131
434,110,129
435,111,128
436,113,126
437,114,124
438,118,119
0,320
120,391,392
121,392,393
122,393,394
123,393,395
124,393,396
125,394,398
126,394,399
127,394,400
128,395,401
129,395,402
130,395,403
131,396,405
132,396,406
133,396,407
134,396,408
135,396,409
136,396,410
137,397,411
138,397,413
139,397,414
140,397,415
141,397,416
142,398,417
143,398,418
144,398,420
145,398,421
146,398,422
147,398,423
148,398,424
149,399,425
150,399,427
151,399,428
152,399,429
153,399,429
154,399,429
155,399,429
156,399,429
157,400,429
158,400,429
159,400,429
160,400,429
161,400,429
162,400,429
163,400,429
164,400,429
165,400,429
166,400,429
167,401,430
168,401,430
169,401,430
170,401,430
171,401,430
172,401,430
173,401,430
174,401,430
175,401,430
176,401,430
177,402,430
178,402,430
179,402,430
180,402,430
181,402,430
182,402,430
183,402,430
184,402,430
185,402,430
186,402,431
187,402,431
188,402,431
189,403,431
190,403,431
191,403,431
192,403,431
193,403,431
194,403,431
195,403,431
196,403,431
197,403,431
198,403,431
199,403,431
200,403,431
201,403,431
202,403,431
203,404,431
204,404,431
205,404,431
206,404,432
207,404,432
208,404,432
209,404,432
210,404,432
211,404,432
212,404,432
213,404,432
214,404,432
215,404,432
216,404,432
217,404,432
218,404,432
219,405,432
220,405,432
221,405,432
222,405,432
223,405,433
224,405,433
225,405,433
226,405,433
227,405,433
228,405,433
229,405,433
230,405,433
231,405,433
232,405,433
233,405,433
234,405,433
235,405,433
236,405,433
237,406,433
238,406,433
239,406,433
240,406,433
241,406,433
242,406,434
243,406,434
244,406,434
245,406,434
246,406,434
247,406,434
248,406,434
249,406,434
250,406,434
251,406,434
252,406,434
253,406,434
254,406,434
255,406,434
256,406,434
257,406,434
258,406,434
259,406,435
260,406,435
261,406,435
262,407,435
263,407,435
264,407,435
265,407,435
266,407,435
267,407,435
268,407,435
269,407,435
270,407,435
271,407,435
272,407,435
273,407,435
274,407,435
275,407,435
276,407,436
277,407,436
278,407,436
279,407,436
280,407,436
281,407,436
282,407,436
283,407,436
284,407,436
285,407,436
286,407,436
287,407,436
288,407,436
289,407,436
290,407,436
291,407,436
292,407,436
293,407,437
294,407,437
295,407,437
296,407,437
297,407,437
298,407,437
299,407,437
300,407,437
301,407,437
302,407,437
303,407,437
304,407,437
305,407,437
306,407,437
307,407,437
308,407,437
309,407,438
310,407,438
311,407,438
312,407,438
313,407,438
314,407,438
315,407,438
316,407,438
317,407,438
318,408,438
319,408,438
320,408,438
321,408,438
322,408,438
323,408,438
324,408,438
325,408,439
326,408,439
327,408,439
328,408,439
329,408,439
330,408,439
331,408,439
332,408,439
333,408,439
334,408,439
335,408,439
336,408,439
337,408,439
338,408,439
339,408,439
340,408,440
341,408,440
342,408,440
343,408,440
344,408,440
345,408,440
346,408,440
347,408,440
348,408,440
349,408,440
350,408,440
351,407,440
352,407,440
353,407,440
354,407,441
355,407,441
356,407,441
357,407,441
358,407,441
359,407,441
360,407,441
361,407,441
362,407,441
363,407,441
364,407,441
365,407,441
366,407,441
367,407,441
368,407,442
369,407,442
370,407,442
371,407,442
372,407,442
373,407,442
374,407,442
375,407,442
376,406,442
377,406,442
378,406,442
379,405,442
379,397,397
379,405,442
380,394,400
380,400,442
380,394,442
381,392,442
382,391,442
383,390,442
384,389,442
385,389,442
386,389,442
387,389,442
388,389,442
389,389,442
390,389,442
391,390,442
392,390,442
393,390,442
394,391,442
395,392,442
396,392,442
397,393,442
398,393,441
399,394,441
400,394,441
401,395,441
402,396,441
403,396,441
404,397,440
405,397,440
406,398,440
407,399,440
408,399,439
409,400,439
410,401,439
411,401,438
412,402,438
413,403,438
414,403,437
415,404,437
416,404,437
417,405,436
418,406,436
419,406,435
420,407,435
421,408,434
422,408,434
423,409,434
424,410,433
425,410,433
426,411,432
427,412,431
428,412,431
429,413,430
430,414,429
431,415,429
432,416,428
433,417,427
434,419,426
435,421,424
0,0
1,115
240,191,192
241,190,193
242,189,193
243,189,194
244,188,195
245,188,195
246,188,196
247,188,196
248,187,196
249,187,197
250,187,197
251,187,198
252,187,198
253,187,198
254,186,199
255,186,199
256,186,199
257,186,199
258,186,200
259,186,200
260,186,200
261,185,200
262,185,200
263,185,200
264,185,200
265,185,201
266,185,201
267,184,201
268,184,201
269,184,201
270,184,201
271,184,201
272,184,201
273,183,200
274,183,200
275,183,200
276,183,200
277,183,200
278,182,200
279,182,199
280,182,199
281,182,199
282,181,199
283,181,198
284,181,198
285,181,198
286,180,198
287,180,197
288,180,197
289,179,197
290,179,197
291,179,196
292,179,196
293,178,196
294,178,196
295,178,195
296,177,195
297,177,195
298,177,195
299,177,195
300,176,194
301,176,194
302,176,194
303,175,194
304,175,193
305,175,193
306,174,193
307,174,193
308,174,192
309,173,192
310,173,192
311,173,192
312,172,191
313,172,191
314,172,191
315,171,191
316,171,190
317,170,190
318,170,190
319,170,190
320,169,190
321,169,189
322,169,189
323,169,189
324,168,189
325,168,188
326,168,188
327,168,188
328,168,188
329,168,187
330,168,187
331,167,187
332,167,187
333,167,186
334,167,186
335,168,186
336,168,186
337,168,185
338,168,185
339,168,185
340,168,185
341,169,184
342,169,184
343,169,184
344,169,183
345,170,183
346,170,183
347,170,183
348,171,182
349,171,182
350,172,182
351,172,181
352,173,181
353,174,179
354,177,177
0,0
0,73
225,227,229
226,224,236
227,224,240
228,224,243
229,224,244
230,224,246
231,225,246
232,225,247
233,226,247
234,226,248
235,226,248
236,227,248
237,227,248
238,228,248
239,228,248
240,229,248
241,229,248
242,229,248
243,230,248
244,230,248
245,231,249
246,231,249
247,231,249
248,232,249
249,232,249
250,232,249
251,233,249
252,233,249
253,233,250
254,233,250
255,234,250
256,234,250
257,234,250
258,234,250
259,235,250
260,235,251
261,235,251
262,236,251
263,236,251
264,236,251
265,236,251
266,236,252
267,237,252
268,237,252
269,237,252
270,237,252
271,237,252
272,237,252
273,238,252
274,238,253
275,238,253
276,238,253
277,238,253
278,239,253
279,239,253
280,239,253
281,239,253
282,240,253
283,240,253
284,240,253
285,241,253
286,241,253
287,241,253
288,242,253
289,242,253
290,243,253
291,243,253
292,244,253
293,245,253
294,246,253
295,246,252
296,247,252
297,249,251
0,0
1,50
232,232,234
233,232,235
234,232,235
235,232,236
236,231,237
237,231,237
238,231,238
239,231,238
240,231,238
241,230,238
242,230,238
243,230,238
244,230,238
245,229,239
246,229,238
247,229,238
248,229,238
249,228,238
250,228,238
251,228,237
252,228,237
253,227,237
254,227,237
255,227,237
256,226,236
257,226,236
258,226,236
259,225,236
260,225,235
261,225,235
262,224,235
263,224,235
264,223,234
265,223,234
266,222,234
267,222,234
268,222,233
269,221,233
270,220,233
271,220,233
272,219,232
273,219,232
274,218,232
275,217,232
276,217,232
277,216,232
278,219,232
279,225,233
280,230,234
280,233,234
0,57
214,283,283
215,280,288
216,277,290
217,277,292
218,277,293
219,277,295
220,278,297
221,278,299
222,278,300
223,278,302
224,278,304
225,279,305
226,279,307
227,279,308
228,279,309
229,279,309
230,279,309
231,280,309
232,280,309
233,280,308
234,280,308
235,281,307
236,281,307
237,281,306
238,281,305
239,281,304
240,281,303
241,281,302
242,281,302
243,280,301
244,280,301
245,280,300
246,280,300
247,280,299
248,279,299
249,279,298
250,279,298
251,279,298
252,279,297
253,278,297
254,278,296
255,278,296
256,278,296
257,277,295
258,277,295
259,277,295
260,277,294
261,277,294
262,276,294
263,276,294
264,276,293
265,276,293
266,276,293
267,275,293
268,275,292
269,275,292
270,292,292
0,0
1,59
244,277,278
245,276,279
246,276,280
247,275,281
248,275,281
249,274,282
250,274,282
251,274,282
252,273,282
253,273,282
254,272,282
255,272,282
256,271,281
257,271,281
258,271,281
259,270,281
260,270,281
261,269,281
262,269,280
263,269,280
264,268,280
265,268,280
266,267,280
267,267,280
268,266,279
269,266,279
270,266,279
271,266,279
272,265,279
273,265,278
274,265,278
275,265,278
276,264,278
277,264,278
278,264,277
279,264,277
280,264,277
281,263,277
282,263,277
283,263,276
284,263,276
285,263,276
286,263,276
287,263,276
288,263,275
289,263,275
290,263,275
291,263,275
292,264,275
293,264,275
294,264,274
295,264,274
296,265,274
297,265,274
298,266,274
299,266,273
300,267,273
301,268,272
302,269,272
0,0
1,77
230,321,326
231,320,327
232,320,328
233,319,328
234,319,329
235,319,329
236,319,330
237,318,330
238,318,331
239,318,331
240,317,331
241,317,332
242,317,332
243,316,333
244,316,333
245,316,333
246,315,334
247,315,334
248,314,334
249,314,334
250,313,334
251,313,335
252,313,334
253,312,334
254,312,334
255,311,334
256,311,334
257,310,333
258,310,333
259,309,331
260,309,330
261,309,329
262,308,328
263,308,327
264,307,326
265,307,325
266,306,324
267,306,323
268,305,322
269,305,322
270,304,321
271,304,320
272,303,319
273,303,318
274,302,318
275,302,317
276,301,316
277,301,315
278,300,314
279,300,314
280,299,313
281,299,312
282,298,311
283,298,311
284,297,310
285,297,309
286,296,308
287,296,308
288,295,307
289,295,306
290,294,305
291,294,304
292,293,304
293,293,303
294,292,302
295,292,301
296,291,301
297,291,300
298,290,299
299,290,298
300,289,297
301,289,296
302,289,295
303,288,294
304,288,293
305,289,292
306,290,290
0,0
0,218
132,297,304
133,294,308
134,293,310
135,292,312
136,293,314
137,294,315
138,294,317
139,295,318
140,296,319
141,296,320
142,297,321
143,297,322
144,298,323
145,298,324
146,298,324
147,299,324
148,299,324
149,300,324
150,300,324
151,300,324
152,301,324
153,301,323
154,301,323
155,301,323
156,302,322
157,302,322
158,302,322
159,303,322
160,303,322
161,303,322
162,303,322
163,304,322
164,304,322
165,304,322
166,304,322
167,305,322
168,305,322
169,305,322
170,305,322
171,306,322
172,306,323
173,306,323
174,306,323
175,306,323
176,307,323
177,307,323
178,307,323
179,307,323
180,307,323
181,307,323
182,307,324
183,308,324
184,308,324
185,308,324
186,308,324
187,308,324
188,308,324
189,308,324
190,308,325
191,309,325
192,309,325
193,309,325
194,309,325
195,309,325
196,309,325
197,309,326
198,310,326
199,310,326
200,310,326
201,310,326
202,310,326
203,310,326
204,311,327
205,311,327
206,311,327
207,311,327
208,311,327
209,312,327
210,312,328
211,312,328
212,312,328
213,312,328
214,312,328
215,313,328
216,313,329
217,313,329
218,313,329
219,314,329
220,314,329
221,314,330
222,314,330
223,314,330
224,315,330
225,315,330
226,315,331
227,315,331
228,315,331
229,316,331
230,316,332
231,316,332
232,316,332
233,317,332
234,317,333
235,317,333
236,317,333
237,318,333
238,318,334
239,318,334
240,318,334
241,319,335
242,319,335
243,319,335
244,319,335
245,320,336
246,320,336
247,320,336
248,320,337
249,321,337
250,321,337
251,321,338
252,322,338
253,322,338
254,322,339
255,323,339
256,323,339
257,323,340
258,323,340
259,324,341
260,324,341
261,324,341
262,325,342
263,325,342
264,325,342
265,326,343
266,326,343
267,326,344
268,326,344
269,327,345
270,327,345
271,327,346
272,328,346
273,328,346
274,329,347
275,329,347
276,329,348
277,330,348
278,330,349
279,330,350
280,331,350
281,331,351
282,332,351
283,332,352
284,332,352
285,333,353
286,333,354
287,334,354
288,334,355
289,335,355
290,335,356
291,335,357
292,336,357
293,336,358
294,337,359
295,337,359
296,338,360
297,338,361
298,339,361
299,339,362
300,340,363
301,340,364
302,341,365
303,341,366
304,342,367
305,343,368
306,343,369
307,344,370
308,344,373
309,345,374
310,346,375
311,346,376
312,347,377
313,348,378
314,348,379
315,349,380
316,349,381
317,350,382
318,351,383
319,352,384
320,352,385
321,353,386
322,354,387
323,355,388
324,356,389
325,356,390
326,357,391
327,358,392
328,359,393
329,360,393
330,361,393
331,361,394
332,362,394
333,363,394
334,364,394
335,365,394
336,366,394
337,367,394
338,368,394
339,369,394
340,370,394
341,372,394
342,373,394
343,374,394
344,375,393
345,377,393
346,378,392
347,380,391
348,381,390
349,384,388
0,59
328,393,393
327,392,393
326,391,393
325,390,393
324,389,393
323,388,393
322,387,393
321,386,393
320,385,393
319,384,393
318,383,393
317,382,393
316,381,393
315,380,393
314,379,393
313,378,394
312,377,394
311,376,394
310,375,394
309,374,394
308,373,394
307,374,394
306,375,394
305,376,394
304,377,394
303,377,394
302,378,394
301,379,395
300,379,395
299,380,395
298,380,395
297,381,395
296,381,395
295,382,395
294,382,395
293,383,395
292,383,396
291,384,396
290,384,396
289,385,396
288,385,396
287,386,396
286,386,396
285,387,397
284,387,397
283,387,397
282,388,397
281,388,397
280,389,397
279,389,398
278,389,398
277,390,398
276,390,398
275,391,398
274,391,398
273,392,398
272,393,398
271,394,398
270,395,397
0,0
0,34
134,346,346
135,340,359
136,338,367
137,337,371
138,337,375
139,337,377
140,337,379
141,338,380
142,338,381
143,339,382
144,340,383
145,341,383
146,342,384
147,343,384
148,345,385
149,346,385
150,348,386
151,350,386
152,352,386
153,354,387
154,355,387
155,357,387
156,358,387
157,360,387
158,361,388
159,363,388
160,365,388
161,366,387
162,368,387
163,369,387
164,371,386
165,372,385
166,375,384
167,379,380
0,0
0,140
207,356,361
208,352,368
209,352,371
210,351,373
211,351,375
212,351,377
213,352,378
214,352,380
215,352,381
216,352,382
217,352,383
218,353,383
219,353,384
220,353,384
221,353,384
222,353,384
223,353,384
224,353,384
225,353,383
226,353,382
227,352,382
228,352,381
229,352,381
230,352,380
231,352,379
232,352,379
233,352,378
234,352,378
235,352,378
236,351,377
237,351,377
238,351,376
239,351,376
240,351,375
241,350,375
242,350,374
243,350,374
244,350,373
245,349,373
246,349,373
247,349,372
248,349,372
249,348,371
250,348,371
251,348,370
252,347,370
253,347,369
254,347,369
255,346,368
256,346,368
257,346,367
258,345,367
259,345,366
260,344,366
261,344,365
262,344,365
263,343,364
264,343,364
265,342,363
266,342,363
267,342,362
268,341,362
269,341,361
270,340,361
271,340,360
272,339,360
273,339,359
274,338,358
275,338,358
276,337,357
277,337,357
278,337,356
279,336,356
280,336,355
281,335,354
282,334,354
283,334,353
284,333,353
285,333,352
286,332,352
287,332,351
288,331,350
289,331,350
290,330,349
291,329,348
292,329,348
293,328,347
294,328,346
295,327,346
296,326,345
297,326,344
298,325,344
299,325,343
300,324,342
301,323,342
302,322,341
303,322,340
304,321,339
305,320,339
306,320,338
307,319,337
308,318,336
309,318,336
310,317,335
311,316,334
312,315,333
313,315,332
314,314,331
315,313,331
316,312,330
317,312,329
318,311,328
319,310,327
320,309,326
321,308,325
322,308,324
323,307,323
324,306,322
325,305,321
326,305,320
327,304,318
328,303,317
329,302,316
330,302,315
331,301,314
332,300,313
333,299,312
334,298,311
335,298,309
336,297,308
337,296,307
338,295,305
339,294,304
340,294,302
341,293,301
342,292,299
343,291,298
344,290,296
345,290,295
346,292,292
0,0
1,199
202,385,386
203,384,388
204,383,390
205,383,391
206,383,392
207,382,394
208,382,395
209,382,395
210,382,396
211,382,397
212,382,397
213,382,398
214,382,398
215,382,398
216,382,398
217,382,399
218,382,399
219,382,399
220,382,399
221,382,399
222,382,399
223,381,399
224,381,399
225,381,399
226,381,399
227,381,398
228,381,398
229,381,398
230,381,398
231,381,398
232,381,398
233,381,398
234,381,397
235,381,397
236,381,397
237,381,397
238,381,397
239,380,397
240,380,397
241,380,396
242,380,396
243,380,396
244,380,396
245,380,396
246,380,396
247,380,396
248,380,396
249,380,395
250,380,395
251,380,395
252,379,395
253,379,395
254,379,395
255,379,395
256,379,395
257,379,395
258,379,394
259,379,394
260,379,394
261,379,394
262,379,394
263,379,394
264,378,394
265,378,394
266,378,394
267,378,394
268,378,393
269,378,393
270,378,393
271,378,393
272,378,393
273,378,393
274,378,393
275,377,393
276,377,393
277,377,393
278,377,393
279,377,393
280,377,393
281,377,392
282,377,392
283,377,392
284,376,392
285,376,392
286,376,392
287,376,392
288,376,392
289,376,392
290,376,392
291,376,392
292,375,392
293,375,392
294,375,392
295,375,392
296,375,391
297,375,391
298,375,391
299,375,391
300,375,391
301,374,391
302,374,391
303,374,391
304,374,391
305,374,391
306,374,391
307,374,391
308,374,391
309,373,391
310,373,391
311,373,391
312,373,391
313,373,390
314,373,390
315,373,390
316,372,390
317,372,390
318,372,390
319,372,390
320,372,390
321,372,390
322,372,390
323,372,390
324,371,390
325,371,390
326,371,390
327,371,390
328,371,390
329,371,390
330,371,390
331,370,390
332,370,390
333,370,390
334,370,390
335,370,389
336,370,389
337,370,389
338,369,389
339,369,389
340,369,389
341,369,389
342,369,389
343,369,389
344,368,389
345,368,389
346,368,389
347,368,389
348,368,389
349,368,389
350,368,389
351,367,389
352,367,389
353,367,389
354,367,389
355,367,389
356,367,389
357,366,389
358,366,389
359,366,389
360,366,389
361,366,389
362,366,389
363,366,389
364,365,389
365,365,389
366,365,389
367,365,388
368,365,388
369,365,388
370,365,388
371,365,388
372,365,388
373,365,388
374,366,388
375,366,388
376,366,388
377,366,388
378,366,388
379,366,388
380,367,388
381,367,388
382,367,388
383,368,388
384,368,388
385,369,388
386,369,388
387,370,388
388,371,388
389,371,388
390,372,388
391,373,388
392,374,388
393,375,388
394,375,388
395,376,387
396,377,387
397,378,387
398,380,386
399,381,385
399,381,381
0,0
