0,77
71,122,122
72,119,125
73,118,127
74,117,129
75,117,131
76,116,133
77,116,135
78,116,136
79,116,138
80,116,139
81,116,141
82,116,143
83,117,144
84,117,146
85,118,147
86,118,149
87,118,150
88,119,151
89,119,153
90,120,154
91,121,155
92,121,157
93,122,158
94,122,159
95,123,161
96,124,162
97,125,163
98,125,164
99,126,165
100,127,166
101,127,167
102,128,168
103,129,169
104,129,170
105,130,171
106,131,172
107,131,172
108,132,173
109,133,174
110,133,174
111,134,175
112,135,175
113,135,175
114,136,176
115,137,176
116,137,176
117,138,176
118,139,177
119,139,177
120,140,177
121,140,177
122,141,177
123,142,177
124,142,177
125,143,177
126,144,177
127,144,176
128,145,176
129,145,176
130,146,176
131,147,176
132,147,176
133,148,176
134,148,176
135,149,175
136,150,175
137,150,175
138,151,174
139,151,174
140,152,174
141,153,173
142,154,172
143,155,171
144,156,171
145,158,169
146,160,168
147,165,165
0,0
1,184
33,172,173
34,169,175
35,168,176
36,168,177
37,167,178
38,167,179
39,167,180
40,166,180
41,166,181
42,166,182
43,166,182
44,166,183
45,166,183
46,165,184
47,165,184
48,165,184
49,165,185
50,165,185
51,165,186
52,165,186
53,165,186
54,164,186
55,164,187
56,164,187
57,164,187
58,164,187
59,164,187
60,163,187
61,163,188
62,163,188
63,163,188
64,163,188
65,163,188
66,163,188
67,163,188
68,162,187
69,162,187
70,162,187
71,162,187
72,162,187
73,162,186
74,161,186
75,161,186
76,161,186
77,161,185
78,161,185
79,160,184
80,160,184
81,160,184
82,160,183
83,160,183
84,159,183
85,159,182
86,159,182
87,159,181
88,159,181
89,158,181
90,158,180
91,158,180
92,158,180
93,157,179
94,157,179
95,157,179
96,157,178
97,156,178
98,156,178
99,156,177
100,156,177
101,156,177
102,155,176
103,155,176
104,155,176
105,155,175
106,154,175
107,154,175
108,154,174
109,154,174
110,153,174
111,153,173
112,153,173
113,153,173
114,152,172
115,152,172
116,152,172
117,152,171
118,151,171
119,151,171
120,151,170
121,151,170
122,150,170
123,150,169
124,150,169
125,150,169
126,149,169
127,149,168
128,149,168
129,149,168
130,148,167
131,148,167
132,148,167
133,148,166
134,147,166
135,147,166
136,147,166
137,147,165
138,146,165
139,146,165
140,146,165
141,145,164
142,145,164
143,145,164
144,145,164
145,145,163
146,144,163
147,144,163
148,144,163
149,143,162
150,143,162
151,143,162
152,143,161
153,142,161
154,142,161
155,142,161
156,142,161
157,141,160
158,141,160
159,141,160
160,141,160
161,140,159
162,140,159
163,140,159
164,139,159
165,139,158
166,139,158
167,139,158
168,138,158
169,138,158
170,138,157
171,138,157
172,137,157
173,137,157
174,137,157
175,137,156
176,136,156
177,136,156
178,136,156
179,136,155
180,135,155
181,135,155
182,135,155
183,135,155
184,134,154
185,134,154
186,134,154
187,134,154
188,133,154
189,133,153
190,133,153
191,133,153
192,133,153
193,132,153
194,133,153
195,133,152
196,133,152
197,133,152
198,133,152
199,133,152
200,134,151
201,134,151
202,134,151
203,134,151
204,135,151
205,135,151
206,136,150
207,136,150
208,136,150
209,137,150
210,137,150
211,138,149
212,139,149
213,139,149
214,140,148
215,141,147
216,142,146
0,0
1,39
135,215,219
136,214,221
137,214,223
138,214,225
139,214,226
140,215,227
141,215,229
142,215,230
143,216,231
144,216,231
145,217,232
146,217,233
147,217,233
148,218,233
149,218,233
150,218,234
151,218,234
152,219,234
153,219,234
154,219,234
155,219,234
156,220,234
157,220,234
158,220,235
159,220,234
160,221,233
161,221,232
162,221,231
163,221,230
164,221,229
165,221,228
166,221,227
167,221,226
168,221,225
169,221,224
170,221,223
171,221,222
172,221,221
173,221,221
0,192
220,179,179
221,173,186
222,171,189
223,170,191
224,169,192
225,168,194
226,167,195
227,166,197
228,165,198
229,164,199
230,163,200
231,162,201
232,161,202
233,160,203
234,159,205
235,158,206
236,162,207
237,166,208
238,168,208
239,170,209
240,172,210
241,173,211
242,174,212
243,174,212
244,175,213
245,175,214
246,175,214
247,176,214
248,176,214
249,176,214
250,176,213
251,176,213
252,176,212
253,176,211
254,176,210
255,176,209
256,176,207
257,176,207
258,175,206
259,175,205
260,175,204
261,175,204
262,175,203
263,175,203
264,175,202
265,174,202
266,174,201
267,174,201
268,174,200
269,174,200
270,174,200
271,174,199
272,174,199
273,174,199
274,173,198
275,173,198
276,173,198
277,173,197
278,173,197
279,173,197
280,173,196
281,172,196
282,172,196
283,172,196
284,172,195
285,172,195
286,172,195
287,171,195
288,171,194
289,171,194
290,171,194
291,171,194
292,170,193
293,170,193
294,170,193
295,170,193
296,170,193
297,170,192
298,169,192
299,169,192
300,169,192
301,169,192
302,168,191
303,168,191
304,168,191
305,168,191
306,167,191
307,167,190
308,167,190
309,167,190
310,166,190
311,166,190
312,166,189
313,166,189
314,165,189
315,165,189
316,165,189
317,165,188
318,164,188
319,164,188
320,164,188
321,164,188
322,163,187
323,163,187
324,163,187
325,162,187
326,162,187
327,162,186
328,161,186
329,161,186
330,161,186
331,160,186
332,160,185
333,160,185
334,159,185
335,159,185
336,159,185
337,158,184
338,158,184
339,158,184
340,157,184
341,157,183
342,157,183
343,156,183
344,156,182
345,156,182
346,155,182
347,155,182
348,155,182
349,154,181
350,154,181
351,153,181
352,153,180
353,152,180
354,152,180
355,151,179
356,151,179
357,150,179
358,150,179
359,149,178
360,148,178
361,148,178
362,147,177
363,146,177
364,145,177
365,144,177
366,143,176
367,142,176
368,140,175
369,139,175
370,137,175
371,137,174
372,136,174
373,136,174
374,135,173
375,135,173
376,135,173
377,134,172
378,134,172
379,133,172
380,133,171
381,132,170
382,132,170
383,131,169
384,131,169
385,130,168
386,130,167
387,130,167
388,129,166
389,129,165
390,128,164
391,128,164
392,127,163
393,127,162
394,126,161
395,126,160
396,126,159
397,125,158
398,125,157
399,124,156
400,124,155
401,123,153
402,124,152
403,124,151
404,124,149
405,125,148
406,125,146
407,126,145
408,127,143
409,128,141
410,129,139
411,132,135
1,42
137,370,371
136,370,374
135,370,376
134,370,378
133,370,380
132,370,382
131,370,385
130,370,387
129,369,389
128,369,391
127,368,393
126,368,396
125,367,398
124,367,400
123,366,401
122,366,398
121,365,395
120,365,392
119,364,390
118,363,388
117,363,387
116,362,385
115,362,383
114,361,381
113,361,380
112,360,378
111,359,377
110,359,375
109,358,374
108,358,373
107,357,371
106,357,370
105,356,369
104,356,367
103,356,366
102,355,365
101,355,364
100,355,363
99,355,362
98,354,361
97,355,360
96,356,359
0,0
0,213
157,132,132
158,125,137
159,124,139
160,124,141
161,123,143
162,123,145
163,124,146
164,124,147
165,124,149
166,124,150
167,125,151
168,125,152
169,125,153
170,126,153
171,126,154
172,126,155
173,127,156
174,127,157
175,127,157
176,128,158
177,128,159
178,128,159
179,128,160
180,128,160
181,128,161
182,127,161
183,127,161
184,127,162
185,127,162
186,127,162
187,127,162
188,127,162
189,126,161
190,126,161
191,126,160
192,126,160
193,126,159
194,125,158
195,125,158
196,125,157
197,125,157
198,125,156
199,124,156
200,124,155
201,124,155
202,124,154
203,123,154
204,123,153
205,123,153
206,122,152
207,122,152
208,122,151
209,122,151
210,121,150
211,121,150
212,121,149
213,121,149
214,120,148
215,120,148
216,120,148
217,119,147
218,119,147
219,119,146
220,118,146
221,118,145
222,118,145
223,117,144
224,117,144
225,116,144
226,116,143
227,116,143
228,115,142
229,115,142
230,115,141
231,114,141
232,114,140
233,113,140
234,113,139
235,113,139
236,112,138
237,112,138
238,111,137
239,111,137
240,110,136
241,110,136
242,109,135
243,109,135
244,109,134
245,108,134
246,108,133
247,107,132
248,107,132
249,106,131
250,106,131
251,105,130
252,105,130
253,104,129
254,103,129
255,103,128
256,102,128
257,102,127
258,101,126
259,101,126
260,100,125
261,100,125
262,99,124
263,99,123
264,98,123
265,98,122
266,97,122
267,96,121
268,96,120
269,95,120
270,95,119
271,94,119
272,93,118
273,93,117
274,92,117
275,92,116
276,91,115
277,91,115
278,90,114
279,89,114
280,89,113
281,88,112
282,88,112
283,87,111
284,86,110
285,86,110
286,85,109
287,84,108
288,84,108
289,83,107
290,83,106
291,82,106
292,81,105
293,81,104
294,80,104
295,79,103
296,79,102
297,78,102
298,78,101
299,77,100
300,76,100
301,76,99
302,75,98
303,74,97
304,74,97
305,73,96
306,72,95
307,72,95
308,71,94
309,70,93
310,70,92
311,69,92
312,68,91
313,68,90
314,67,90
315,66,89
316,65,88
317,65,87
318,64,87
319,63,86
320,62,85
321,62,84
322,61,83
323,60,83
324,60,82
325,59,81
326,58,80
327,57,79
328,57,78
329,56,78
330,55,77
331,54,76
332,54,75
333,53,74
334,52,73
335,51,72
336,51,71
337,50,70
338,49,69
339,48,68
340,47,67
341,47,66
342,46,65
343,45,64
344,44,63
345,43,62
346,43,61
347,42,60
348,41,59
349,40,58
350,39,56
351,39,55
352,38,54
353,37,53
354,36,52
355,35,51
356,34,50
357,34,48
358,33,47
359,32,46
360,31,45
361,30,44
362,29,42
363,29,41
364,28,40
365,27,39
366,27,37
367,27,36
368,27,34
369,28,32
0,0
0,121
30,271,277
31,269,281
32,268,283
33,267,286
34,267,287
35,267,289
36,267,291
37,268,292
38,268,294
39,268,295
40,269,297
41,269,298
42,270,299
43,270,300
44,270,301
45,270,302
46,271,303
47,271,304
48,271,304
49,271,305
50,271,305
51,271,306
52,270,306
53,270,306
54,270,306
55,270,306
56,270,305
57,270,305
58,269,304
59,269,304
60,269,303
61,269,302
62,268,301
63,268,300
64,268,299
65,267,299
66,267,298
67,267,297
68,266,297
69,266,296
70,265,295
71,265,295
72,265,294
73,264,293
74,264,293
75,264,292
76,263,292
77,263,291
78,262,290
79,262,290
80,261,289
81,261,289
82,261,288
83,260,288
84,260,287
85,259,286
86,259,286
87,258,285
88,258,284
89,257,284
90,257,283
91,256,283
92,256,282
93,255,281
94,255,281
95,254,280
96,254,279
97,253,279
98,253,278
99,252,277
100,252,277
101,251,276
102,251,275
103,250,274
104,250,274
105,249,273
106,249,272
107,248,272
108,248,271
109,247,270
110,246,269
111,246,269
112,245,268
113,245,267
114,244,266
115,244,265
116,243,265
117,243,264
118,242,263
119,241,262
120,241,261
121,240,260
122,240,260
123,239,259
124,238,258
125,238,257
126,237,256
127,237,255
128,236,254
129,235,253
130,235,252
131,234,251
132,234,251
133,233,249
134,232,248
135,232,247
136,231,246
137,230,245
138,230,244
139,229,243
140,229,242
141,228,241
142,227,240
143,226,239
144,225,238
145,225,236
146,224,235
147,224,234
148,224,232
149,224,231
150,224,228
0,0
1,139
269,92,95
270,91,96
271,91,96
272,90,97
273,90,97
274,90,98
275,90,98
276,89,99
277,89,99
278,89,100
279,89,100
280,88,101
281,88,101
282,88,101
283,88,102
284,88,102
285,88,102
286,88,103
287,87,103
288,87,103
289,87,103
290,87,104
291,87,104
292,87,104
293,87,104
294,86,105
295,86,105
296,86,105
297,86,105
298,86,105
299,86,105
300,86,105
301,85,106
302,85,105
303,85,105
304,85,105
305,85,105
306,85,105
307,84,105
308,84,105
309,84,105
310,84,105
311,84,104
312,83,104
313,83,104
314,83,104
315,83,104
316,82,104
317,82,103
318,82,103
319,82,103
320,82,103
321,81,102
322,81,102
323,81,102
324,81,102
325,80,101
326,80,101
327,80,101
328,79,101
329,79,100
330,79,100
331,79,100
332,78,100
333,78,99
334,78,99
335,78,99
336,77,99
337,77,99
338,77,98
339,76,98
340,76,98
341,76,98
342,76,97
343,75,97
344,75,97
345,75,97
346,74,96
347,74,96
348,74,96
349,73,96
350,73,96
351,73,95
352,72,95
353,72,95
354,72,95
355,71,94
356,71,94
357,71,94
358,70,94
359,70,94
360,70,93
361,69,93
362,69,93
363,68,93
364,68,92
365,68,92
366,67,92
367,67,92
368,67,91
369,67,91
370,66,91
371,66,91
372,66,91
373,66,90
374,66,90
375,65,90
376,65,90
377,65,89
378,65,89
379,65,89
380,65,89
381,65,88
382,65,88
383,65,88
384,65,88
385,65,87
386,66,87
387,66,87
388,66,87
389,66,86
390,66,86
391,67,86
392,67,86
393,67,85
394,67,85
395,68,85
396,68,85
397,68,84
398,69,84
399,69,84
400,69,83
401,70,83
402,70,83
403,71,82
404,72,82
405,72,81
406,74,80
407,76,78
0,0
1,194
229,191,194
230,190,194
231,190,195
232,190,196
233,189,196
234,189,197
235,189,198
236,189,198
237,189,199
238,188,199
239,188,199
240,188,200
241,188,200
242,188,201
243,188,201
244,188,201
245,188,202
246,188,202
247,188,202
248,187,202
249,187,203
250,187,203
251,187,203
252,187,203
253,187,203
254,187,204
255,187,204
256,187,204
257,186,204
258,186,204
259,186,204
260,186,204
261,186,204
262,186,204
263,186,204
264,186,204
265,185,204
266,185,204
267,185,204
268,185,203
269,185,203
270,185,203
271,185,203
272,184,203
273,184,202
274,184,202
275,184,202
276,184,202
277,184,202
278,184,201
279,183,201
280,183,201
281,183,201
282,183,201
283,183,200
284,183,200
285,182,200
286,182,200
287,182,200
288,182,199
289,182,199
290,181,199
291,181,199
292,181,199
293,181,198
294,181,198
295,181,198
296,180,198
297,180,198
298,180,197
299,180,197
300,180,197
301,179,197
302,179,197
303,179,196
304,179,196
305,179,196
306,178,196
307,178,196
308,178,195
309,178,195
310,178,195
311,177,195
312,177,195
313,177,194
314,177,194
315,176,194
316,176,194
317,176,194
318,176,193
319,175,193
320,175,193
321,175,193
322,175,193
323,174,192
324,174,192
325,174,192
326,174,192
327,173,192
328,173,191
329,173,191
330,173,191
331,172,191
332,172,190
333,172,190
334,172,190
335,171,190
336,171,190
337,171,189
338,171,189
339,170,189
340,170,189
341,170,189
342,170,188
343,169,188
344,169,188
345,169,188
346,168,188
347,168,187
348,168,187
349,168,187
350,167,187
351,167,187
352,167,186
353,166,186
354,166,186
355,166,186
356,165,186
357,165,185
358,165,185
359,165,185
360,164,185
361,164,184
362,164,184
363,163,184
364,163,184
365,163,184
366,162,183
367,162,183
368,162,183
369,161,183
370,161,183
371,161,182
372,160,182
373,160,182
374,160,182
375,159,182
376,159,181
377,159,181
378,158,181
379,158,181
380,158,180
381,157,180
382,157,180
383,157,180
384,156,180
385,156,179
386,156,179
387,156,179
388,155,179
389,155,178
390,155,178
391,155,178
392,155,178
393,155,178
394,155,177
395,155,177
396,155,177
397,154,177
398,154,176
399,154,176
400,154,176
401,154,176
402,154,175
403,155,175
404,155,175
405,155,175
406,156,174
407,156,174
408,156,174
409,156,174
410,157,173
411,157,173
412,157,173
413,158,172
414,158,172
415,158,172
416,159,171
417,159,171
418,160,171
419,161,170
420,161,169
421,163,168
422,165,166
0,0
0,192
144,262,262
145,257,266
146,256,270
147,255,272
148,255,274
149,255,276
150,255,277
151,255,279
152,255,280
153,256,281
154,256,282
155,257,283
156,257,285
157,258,286
158,258,286
159,258,287
160,259,288
161,259,289
162,260,289
163,260,290
164,261,290
165,261,290
166,261,290
167,262,290
168,262,290
169,262,290
170,263,290
171,263,290
172,263,290
173,263,290
174,263,290
175,264,290
176,264,289
177,264,289
178,264,289
179,264,289
180,264,289
181,264,289
182,264,289
183,265,289
184,265,289
185,265,289
186,265,289
187,265,289
188,265,289
189,265,289
190,265,289
191,265,289
192,265,289
193,265,289
194,265,289
195,265,289
196,265,289
197,265,289
198,265,289
199,265,289
200,265,289
201,265,289
202,265,289
203,265,289
204,265,289
205,265,289
206,265,289
207,265,289
208,265,289
209,265,289
210,265,289
211,265,289
212,265,288
213,265,288
214,265,288
215,265,288
216,265,288
217,265,288
218,265,288
219,265,288
220,265,288
221,265,288
222,265,288
223,265,288
224,265,288
225,265,288
226,265,288
227,265,288
228,265,288
229,265,288
230,265,288
231,265,288
232,265,288
233,265,288
234,265,288
235,265,288
236,265,288
237,265,288
238,265,288
239,265,288
240,265,288
241,265,288
242,265,288
243,265,288
244,265,288
245,265,288
246,265,288
247,265,288
248,265,288
249,265,288
250,265,288
251,266,288
252,266,288
253,266,288
254,266,288
255,266,288
256,266,288
257,266,288
258,266,288
259,266,288
260,266,288
261,266,287
262,266,287
263,266,287
264,266,287
265,266,287
266,266,287
267,266,287
268,266,287
269,266,287
270,266,287
271,266,287
272,266,287
273,266,287
274,266,287
275,266,287
276,266,287
277,266,287
278,266,287
279,266,287
280,266,287
281,266,287
282,266,287
283,266,287
284,266,287
285,266,287
286,266,287
287,266,287
288,266,287
289,266,287
290,266,287
291,266,287
292,266,287
293,266,287
294,266,287
295,266,287
296,266,287
297,266,287
298,266,287
299,266,287
300,266,287
301,266,287
302,266,287
303,266,287
304,266,287
305,266,287
306,266,287
307,266,287
308,266,287
309,266,286
310,266,286
311,266,286
312,266,286
313,266,286
314,266,286
315,266,286
316,266,286
317,266,286
318,266,286
319,266,286
320,266,286
321,266,286
322,266,286
323,266,286
324,266,286
325,266,286
326,266,286
327,266,286
328,266,286
329,266,286
330,266,286
331,266,286
332,266,286
333,266,286
334,266,286
335,266,286
0,0
0,220
109,348,349
110,342,354
111,341,358
112,340,361
113,339,363
114,338,365
115,338,367
116,338,369
117,338,371
118,338,373
119,338,375
120,339,376
121,339,378
122,340,379
123,340,381
124,341,382
125,341,383
126,342,384
127,342,385
128,343,386
129,343,387
130,344,387
131,344,387
132,344,388
133,345,387
134,345,387
135,346,387
136,346,387
137,346,387
138,347,386
139,347,386
140,347,386
141,347,386
142,348,385
143,348,385
144,348,385
145,348,385
146,349,384
147,349,384
148,349,384
149,349,383
150,349,383
151,350,383
152,350,383
153,350,383
154,350,382
155,350,382
156,350,382
157,350,382
158,351,382
159,351,382
160,351,381
161,351,381
162,351,381
163,351,381
164,351,381
165,351,381
166,352,381
167,352,381
168,352,380
169,352,380
170,352,380
171,352,380
172,352,380
173,352,380
174,352,380
175,352,380
176,352,380
177,352,380
178,352,379
179,352,379
180,353,379
181,353,379
182,353,379
183,353,379
184,353,379
185,353,379
186,353,379
187,353,379
188,353,378
189,353,378
190,353,378
191,353,378
192,353,378
193,353,378
194,353,378
195,353,378
196,353,378
197,353,378
198,353,378
199,353,378
200,353,378
201,353,377
202,353,377
203,353,377
204,353,377
205,353,377
206,353,377
207,353,377
208,353,377
209,353,377
210,353,377
211,353,377
212,353,377
213,353,376
214,353,376
215,353,376
216,353,376
217,353,376
218,353,376
219,353,376
220,353,376
221,353,376
222,353,376
223,353,376
224,353,376
225,353,376
226,353,375
227,353,375
228,353,375
229,353,375
230,353,375
231,353,375
232,353,375
233,353,375
234,353,375
235,353,375
236,353,375
237,352,375
238,352,375
239,352,374
240,352,374
241,352,374
242,352,374
243,352,374
244,352,374
245,352,374
246,352,374
247,352,374
248,352,374
249,352,374
250,352,374
251,352,374
252,352,373
253,352,373
254,352,373
255,352,373
256,352,373
257,352,373
258,352,373
259,352,373
260,352,373
261,352,373
262,351,373
263,351,373
264,351,372
265,351,372
266,351,372
267,351,372
268,351,372
269,351,372
270,351,372
271,351,372
272,351,372
273,351,372
274,351,372
275,351,372
276,351,372
277,351,371
278,351,371
279,351,371
280,351,371
281,351,371
282,351,371
283,350,371
284,350,371
285,350,371
286,350,371
287,350,371
288,350,371
289,350,371
290,350,370
291,350,370
292,350,370
293,350,370
294,350,370
295,350,370
296,350,370
297,350,370
298,350,370
299,350,370
300,349,370
301,349,369
302,349,369
303,349,369
304,349,369
305,349,369
306,349,369
307,349,369
308,349,369
309,349,369
310,349,369
311,349,369
312,349,369
313,349,369
314,349,368
315,348,368
316,348,368
317,348,368
318,348,368
319,348,368
320,348,368
321,348,368
322,348,368
323,348,366
324,348,362
325,348,358
326,348,354
327,348,351
328,348,348
0,0
1,93
271,242,242
272,240,243
273,240,244
274,239,245
275,239,246
276,239,246
277,239,247
278,238,247
279,238,247
280,238,247
281,237,247
282,237,248
283,237,247
284,236,247
285,236,247
286,236,247
287,236,247
288,235,247
289,235,247
290,235,247
291,234,247
292,234,247
293,234,247
294,234,247
295,233,246
296,233,246
297,233,246
298,232,246
299,232,246
300,232,246
301,231,246
302,231,245
303,231,245
304,230,245
305,230,245
306,230,245
307,230,244
308,229,244
309,229,244
310,229,244
311,228,244
312,228,244
313,228,243
314,227,243
315,227,243
316,227,243
317,226,243
318,226,243
319,226,242
320,226,242
321,225,242
322,225,242
323,225,242
324,224,242
325,224,241
326,224,241
327,224,241
328,224,241
329,223,241
330,223,241
331,223,240
332,223,240
333,223,240
334,223,240
335,223,240
336,223,240
337,222,239
338,222,239
339,222,239
340,222,239
341,222,239
342,222,239
343,222,239
344,222,238
345,222,238
346,223,238
347,223,238
348,223,238
349,223,238
350,223,238
351,223,237
352,224,237
353,224,237
354,224,237
355,225,237
356,225,237
357,226,236
358,226,236
359,227,236
360,228,236
361,229,235
362,230,234
363,232,233
0,0
1,89
271,288,289
272,287,290
273,287,291
274,286,292
275,286,293
276,286,293
277,285,294
278,285,294
279,285,294
280,284,294
281,284,294
282,284,295
283,283,294
284,283,294
285,283,294
286,282,294
287,282,294
288,282,294
289,282,294
290,281,294
291,281,294
292,281,293
293,280,293
294,280,293
295,280,293
296,279,293
297,279,293
298,279,293
299,278,292
300,278,292
301,278,292
302,277,292
303,277,292
304,277,292
305,276,291
306,276,291
307,276,291
308,275,291
309,275,291
310,275,290
311,274,290
312,274,290
313,274,290
314,274,290
315,273,290
316,273,289
317,273,289
318,272,289
319,272,289
320,272,289
321,272,289
322,271,288
323,271,288
324,271,288
325,271,288
326,271,288
327,270,288
328,270,287
329,270,287
330,270,287
331,270,287
332,270,287
333,270,287
334,269,286
335,269,286
336,269,286
337,269,286
338,269,286
339,269,286
340,269,286
341,270,285
342,270,285
343,270,285
344,270,285
345,270,285
346,270,285
347,270,284
348,271,284
349,271,284
350,271,284
351,272,284
352,272,284
353,273,284
354,273,283
355,274,283
356,275,283
357,276,282
358,277,281
359,278,280
0,0
1,265
201,339,340
202,338,341
203,337,343
204,337,344
205,337,345
206,336,346
207,336,346
208,336,347
209,336,348
210,336,349
211,336,349
212,335,350
213,335,350
214,335,351
215,335,351
216,335,352
217,335,352
218,335,352
219,334,353
220,334,353
221,334,353
222,334,353
223,334,353
224,334,353
225,334,353
226,333,354
227,333,354
228,333,354
229,333,354
230,333,354
231,333,354
232,333,353
233,333,353
234,332,353
235,332,353
236,332,353
237,332,353
238,332,352
239,332,352
240,332,352
241,331,352
242,331,351
243,331,351
244,331,351
245,331,351
246,331,350
247,330,350
248,330,350
249,330,349
250,330,349
251,330,349
252,330,349
253,330,349
254,330,348
255,329,348
256,329,348
257,329,348
258,329,347
259,329,347
260,329,347
261,329,347
262,328,346
263,328,346
264,328,346
265,328,346
266,328,345
267,328,345
268,328,345
269,327,345
270,327,345
271,327,344
272,327,344
273,327,344
274,327,344
275,327,344
276,326,343
277,326,343
278,326,343
279,326,343
280,326,343
281,326,342
282,326,342
283,325,342
284,325,342
285,325,342
286,325,342
287,325,341
288,325,341
289,324,341
290,324,341
291,324,341
292,324,340
293,324,340
294,324,340
295,324,340
296,323,340
297,323,340
298,323,339
299,323,339
300,323,339
301,323,339
302,322,339
303,322,339
304,322,338
305,322,338
306,322,338
307,322,338
308,322,338
309,321,338
310,321,338
311,321,337
312,321,337
313,321,337
314,321,337
315,321,337
316,320,337
317,320,337
318,320,336
319,320,336
320,320,336
321,320,336
322,320,336
323,319,336
324,319,336
325,319,336
326,319,335
327,319,335
328,319,335
329,318,335
330,318,335
331,318,335
332,318,335
333,318,335
334,318,334
335,317,334
336,317,334
337,317,334
338,317,334
339,317,334
340,317,334
341,317,334
342,316,334
343,316,334
344,316,333
345,316,333
346,316,333
347,316,333
348,315,333
349,315,333
350,315,333
351,315,333
352,315,333
353,315,333
354,314,333
355,314,332
356,314,332
357,314,332
358,314,332
359,314,332
360,313,332
361,313,332
362,313,332
363,313,332
364,313,332
365,313,332
366,312,332
367,312,332
368,312,332
369,312,332
370,312,332
371,311,332
372,311,332
373,311,332
374,311,332
375,311,332
376,311,332
377,310,332
378,310,331
379,310,331
380,310,331
381,310,331
382,309,331
383,309,331
384,309,331
385,309,331
386,309,331
387,309,331
388,308,331
389,308,331
390,308,331
391,308,331
392,308,331
393,307,331
394,307,331
395,307,331
396,307,331
397,307,331
398,306,331
399,306,331
400,306,331
401,306,331
402,306,331
403,305,331
404,305,331
405,305,331
406,305,331
407,305,331
408,304,331
409,304,331
410,304,331
411,304,331
412,303,331
413,303,331
414,303,331
415,303,331
416,303,331
417,302,331
418,302,331
419,302,331
420,302,331
421,302,331
422,301,331
423,301,331
424,301,331
425,301,331
426,301,331
427,301,331
428,301,331
429,301,330
430,301,330
431,302,330
432,302,330
433,302,330
434,302,330
435,302,330
436,303,330
437,303,330
438,303,330
439,304,330
440,304,330
441,304,330
442,305,330
443,305,330
444,306,330
445,306,330
446,307,330
447,307,330
448,308,330
449,308,330
450,309,330
451,310,330
452,310,330
453,311,330
454,312,330
455,312,330
456,313,330
457,314,330
458,315,330
459,315,329
460,316,329
461,317,329
462,318,329
463,319,328
464,320,327
465,322,326
0,0
0,97
357,267,267
358,264,273
359,262,276
360,261,279
361,261,281
362,260,284
363,260,286
364,259,288
365,259,290
366,259,292
367,258,293
368,258,294
369,258,295
370,257,296
371,257,296
372,256,297
373,256,297
374,255,297
375,255,297
376,254,297
377,253,296
378,253,296
379,252,296
380,252,295
381,251,294
382,250,293
383,250,293
384,249,291
385,248,290
386,247,289
387,247,288
388,246,287
389,245,285
390,244,284
391,244,283
392,243,282
393,242,281
394,241,280
395,240,279
396,239,278
397,239,277
398,238,275
399,237,274
400,236,273
401,235,272
402,234,271
403,233,270
404,232,269
405,231,268
406,230,267
407,229,266
408,228,264
409,227,263
410,226,262
411,225,261
412,224,260
413,223,259
414,222,257
415,221,256
416,220,255
417,218,254
418,217,252
419,216,251
420,215,250
421,214,248
422,212,247
423,211,246
424,210,244
425,209,243
426,207,241
427,206,240
428,205,239
429,204,237
430,202,236
431,201,234
432,200,233
433,198,231
434,197,230
435,196,228
436,194,226
437,193,225
438,192,223
439,190,221
440,189,220
441,188,218
442,186,216
443,185,214
444,183,212
445,182,210
446,181,208
447,179,206
448,178,203
449,177,201
450,175,198
451,174,194
452,174,191
453,175,184
0,0
1,80
349,361,369
350,359,371
351,358,372
352,358,374
353,357,375
354,358,376
355,359,377
356,360,379
357,360,380
358,361,381
359,361,383
360,362,384
361,362,385
362,363,387
363,364,388
364,364,389
365,365,391
366,366,392
367,366,393
368,367,395
369,368,396
370,368,397
371,369,399
372,369,400
373,370,402
374,371,403
375,371,404
376,372,406
377,373,407
378,373,409
379,374,410
380,375,412
381,376,413
382,376,414
383,377,416
384,378,417
385,378,419
386,379,420
387,380,422
388,380,423
389,381,425
390,382,426
391,382,428
392,383,429
393,384,431
394,385,432
395,385,434
396,386,435
397,387,437
398,387,438
399,388,440
400,389,441
401,390,443
402,390,445
403,391,446
404,392,448
405,393,449
406,394,450
407,394,452
408,395,453
409,396,454
410,397,454
411,398,455
412,399,456
413,400,456
414,401,456
415,402,456
416,402,457
417,403,456
418,404,456
419,406,456
420,407,456
421,408,455
422,410,455
423,412,454
424,414,453
425,416,453
426,419,451
427,423,450
428,429,447
0,0
