0,272
112,55,55
113,52,58
114,49,62
115,48,64
116,47,66
117,47,68
118,47,70
119,47,71
120,48,73
121,48,75
122,49,76
123,49,77
124,49,79
125,49,80
126,50,80
127,50,81
128,51,82
129,51,82
130,52,83
131,52,83
132,52,83
133,53,83
134,53,83
135,54,83
136,54,83
137,55,83
138,55,83
139,55,83
140,56,83
141,56,83
142,56,83
143,57,83
144,57,83
145,57,82
146,57,82
147,57,82
148,58,82
149,58,82
150,58,82
151,58,82
152,58,82
153,58,82
154,59,82
155,59,82
156,59,82
157,59,82
158,59,82
159,59,82
160,59,82
161,59,82
162,60,82
163,60,82
164,60,82
165,60,82
166,60,82
167,60,82
168,60,82
169,60,82
170,60,82
171,60,82
172,60,82
173,60,82
174,61,82
175,61,82
176,61,82
177,61,82
178,61,82
179,61,82
180,61,82
181,61,82
182,61,82
183,61,82
184,61,82
185,61,82
186,61,82
187,61,82
188,61,82
189,61,82
190,61,82
191,61,82
192,61,82
193,61,82
194,61,82
195,61,82
196,61,82
197,62,82
198,62,82
199,62,82
200,62,82
201,62,82
202,62,82
203,62,82
204,62,82
205,62,82
206,62,82
207,62,82
208,62,82
209,62,82
210,62,82
211,62,82
212,62,82
213,62,82
214,62,82
215,62,82
216,62,82
217,62,82
218,62,82
219,62,82
220,62,82
221,62,82
222,62,82
223,62,82
224,62,82
225,62,82
226,62,82
227,62,82
228,62,82
229,62,82
230,62,82
231,62,82
232,62,82
233,62,82
234,62,82
235,62,82
236,62,82
237,62,82
238,62,82
239,62,82
240,62,82
241,62,82
242,62,82
243,62,82
244,62,82
245,62,82
246,62,82
247,62,82
248,61,82
249,61,82
250,61,82
251,61,82
252,61,82
253,61,82
254,61,82
255,61,82
256,61,82
257,61,82
258,61,82
259,61,82
260,61,82
261,61,82
262,61,82
263,61,82
264,61,82
265,61,82
266,61,82
267,61,82
268,61,82
269,61,82
270,61,82
271,61,82
272,61,82
273,61,82
274,61,82
275,60,82
276,60,82
277,60,82
278,60,82
279,60,82
280,60,82
281,60,82
282,60,82
283,60,82
284,60,82
285,60,82
286,60,82
287,60,82
288,59,82
289,59,82
290,59,82
291,59,82
292,59,82
293,59,82
294,59,82
295,59,82
296,59,82
297,58,82
298,58,82
299,58,82
300,58,82
301,58,82
302,58,82
303,58,82
304,58,82
305,57,81
306,57,81
307,57,81
308,57,81
309,57,81
310,57,81
311,57,81
312,56,81
313,56,81
314,56,81
315,56,81
316,56,81
317,56,81
318,55,81
319,55,81
320,55,81
321,55,81
322,55,81
323,54,81
324,54,81
325,54,81
326,54,81
327,54,81
328,53,81
329,53,81
330,53,81
331,53,81
332,52,81
333,52,81
334,52,81
335,52,81
336,52,81
337,51,81
338,51,81
339,51,81
340,51,81
341,51,81
342,51,81
343,51,81
344,51,81
345,50,81
346,50,81
347,50,81
348,51,81
349,51,81
350,51,81
351,51,81
352,51,80
353,51,80
354,51,80
355,51,80
356,51,80
357,52,80
358,52,80
359,52,80
360,52,80
361,53,80
362,53,80
363,53,80
364,54,80
365,54,80
366,55,79
367,55,79
368,55,79
369,56,79
370,56,79
371,57,79
372,57,78
373,58,78
374,58,78
375,59,77
376,60,77
377,60,76
378,61,76
379,62,75
380,63,74
381,64,73
382,65,72
383,67,70
0,0
1,79
55,131,133
56,130,134
57,130,135
58,130,136
59,130,136
60,129,137
61,129,137
62,129,138
63,129,138
64,129,139
65,128,139
66,128,139
67,128,139
68,128,140
69,128,140
70,127,140
71,127,140
72,127,140
73,127,140
74,127,140
75,126,141
76,126,140
77,126,140
78,126,140
79,125,140
80,125,140
81,125,139
82,124,139
83,124,139
84,124,139
85,123,139
86,123,138
87,123,138
88,123,138
89,122,138
90,122,137
91,122,137
92,121,137
93,121,136
94,121,136
95,120,136
96,120,136
97,119,135
98,119,135
99,119,135
100,118,134
101,118,134
102,117,134
103,117,133
104,117,133
105,116,133
106,116,133
107,115,132
108,115,132
109,115,132
110,114,131
111,114,131
112,113,131
113,113,130
114,112,130
115,112,130
116,111,129
117,111,129
118,110,129
119,110,129
120,109,128
121,109,128
122,108,128
123,109,128
124,111,128
125,113,128
126,115,128
127,117,128
128,120,128
129,122,128
130,124,128
131,126,129
132,128,130
133,130,130
0,284
106,129,136
107,124,143
108,122,147
109,123,150
110,123,153
111,124,156
112,124,159
113,125,161
114,125,163
115,125,165
116,126,167
117,126,169
118,127,170
119,127,171
120,128,172
121,128,173
122,129,173
123,129,174
124,130,174
125,130,174
126,131,174
127,131,174
128,132,173
129,132,173
130,133,173
131,133,172
132,134,172
133,134,172
134,134,171
135,135,170
136,135,170
137,135,170
138,135,169
139,136,169
140,136,169
141,136,168
142,136,168
143,136,168
144,136,168
145,136,168
146,137,167
147,137,167
148,137,167
149,137,167
150,137,167
151,137,167
152,137,166
153,137,166
154,137,166
155,137,166
156,138,166
157,138,166
158,138,166
159,138,166
160,138,166
161,138,166
162,138,166
163,138,165
164,138,165
165,138,165
166,138,165
167,138,165
168,138,165
169,138,165
170,138,165
171,138,165
172,138,165
173,138,165
174,139,165
175,139,165
176,139,165
177,139,165
178,139,165
179,139,164
180,139,164
181,139,164
182,139,164
183,139,164
184,139,164
185,139,164
186,139,164
187,139,164
188,139,164
189,139,164
190,139,164
191,139,164
192,139,164
193,139,164
194,139,164
195,139,164
196,139,164
197,139,164
198,139,164
199,139,164
200,139,164
201,139,164
202,139,164
203,139,164
204,139,164
205,139,164
206,139,164
207,139,164
208,139,164
209,139,164
210,139,164
211,139,164
212,139,164
213,139,164
214,139,164
215,139,164
216,139,164
217,139,164
218,139,164
219,139,164
220,139,164
221,139,164
222,139,164
223,139,164
224,139,164
225,139,164
226,139,164
227,139,164
228,139,164
229,139,164
230,139,164
231,139,164
232,139,164
233,139,164
234,139,164
235,139,164
236,139,164
237,139,164
238,139,164
239,139,164
240,139,164
241,139,164
242,139,164
243,139,164
244,139,164
245,139,164
246,139,164
247,139,164
248,139,164
249,139,164
250,139,164
251,139,164
252,139,164
253,139,164
254,139,164
255,139,164
256,139,164
257,139,164
258,139,164
259,139,164
260,139,164
261,139,164
262,139,164
263,139,164
264,139,164
265,139,164
266,139,164
267,139,164
268,139,164
269,139,164
270,139,164
271,138,164
272,138,165
273,138,165
274,138,165
275,138,165
276,138,165
277,138,165
278,138,165
279,138,165
280,138,165
281,138,165
282,138,165
283,138,165
284,138,165
285,138,165
286,138,165
287,138,165
288,138,165
289,138,165
290,138,165
291,138,165
292,137,165
293,137,165
294,137,165
295,137,165
296,137,165
297,137,165
298,137,165
299,137,165
300,137,165
301,137,165
302,137,165
303,137,165
304,137,165
305,137,165
306,137,166
307,137,166
308,137,166
309,136,166
310,136,166
311,136,166
312,136,166
313,136,166
314,136,166
315,136,166
316,136,166
317,136,166
318,136,166
319,136,166
320,136,166
321,136,166
322,136,166
323,135,166
324,135,166
325,135,166
326,135,166
327,135,166
328,135,166
329,135,166
330,135,166
331,135,166
332,135,166
333,135,166
334,135,166
335,134,166
336,134,166
337,134,166
338,134,166
339,134,166
340,133,166
341,133,166
342,132,166
343,131,166
344,130,166
345,124,166
346,121,166
347,121,166
348,121,166
349,121,165
350,121,165
351,121,165
352,121,165
353,122,165
354,122,165
355,122,165
356,123,165
357,123,164
358,124,164
359,124,164
360,125,164
361,125,163
362,126,163
363,126,163
364,127,163
365,127,162
366,128,162
367,128,162
368,129,161
369,129,161
370,130,161
371,131,160
372,131,160
373,132,159
374,132,159
375,133,158
376,134,158
377,134,157
378,135,157
379,136,156
380,136,156
381,137,155
382,138,155
383,139,154
384,139,153
385,140,152
386,141,151
387,142,150
388,144,149
389,146,146
0,0
1,89
66,236,237
67,235,239
68,235,240
69,234,240
70,234,241
71,233,242
72,233,243
73,233,243
74,232,243
75,232,243
76,231,243
77,231,244
78,231,243
79,230,243
80,230,243
81,229,243
82,229,243
83,229,243
84,228,243
85,228,243
86,227,243
87,227,243
88,227,243
89,226,243
90,226,242
91,225,242
92,225,242
93,225,242
94,224,242
95,224,242
96,223,241
97,223,241
98,223,241
99,222,241
100,222,241
101,222,241
102,221,240
103,221,240
104,221,240
105,220,240
106,220,240
107,220,239
108,219,239
109,219,239
110,219,239
111,219,239
112,218,239
113,218,238
114,218,238
115,218,238
116,218,238
117,217,238
118,217,238
119,217,237
120,217,237
121,217,237
122,217,237
123,217,237
124,216,237
125,216,236
126,216,236
127,216,236
128,216,236
129,216,236
130,216,236
131,216,235
132,216,235
133,216,235
134,216,235
135,216,235
136,217,235
137,217,235
138,217,234
139,217,234
140,217,234
141,217,234
142,218,234
143,218,234
144,218,233
145,219,233
146,219,233
147,220,233
148,220,233
149,221,232
150,222,232
151,222,232
152,223,231
153,224,231
154,226,230
0,0
1,86
57,354,356
58,353,358
59,352,359
60,352,360
61,352,361
62,352,362
63,352,363
64,352,363
65,351,364
66,351,364
67,351,365
68,351,365
69,351,365
70,351,365
71,350,365
72,350,366
73,350,365
74,350,365
75,350,365
76,350,365
77,349,365
78,349,365
79,349,365
80,349,365
81,349,364
82,348,364
83,348,364
84,348,364
85,348,364
86,347,364
87,347,363
88,347,363
89,347,363
90,347,363
91,346,363
92,346,363
93,346,363
94,346,362
95,345,362
96,345,362
97,345,362
98,345,362
99,344,362
100,344,362
101,344,362
102,344,362
103,343,361
104,343,361
105,343,361
106,343,361
107,342,361
108,342,361
109,342,361
110,342,361
111,342,361
112,341,361
113,341,361
114,341,360
115,341,360
116,341,360
117,341,360
118,340,360
119,341,360
120,341,360
121,341,360
122,341,360
123,342,360
124,342,360
125,342,360
126,342,360
127,343,360
128,343,360
129,343,359
130,344,359
131,344,359
132,345,359
133,345,359
134,346,359
135,347,359
136,347,359
137,348,359
138,349,359
139,350,359
140,351,358
141,352,358
142,353,357
0,0
0,114
171,197,201
172,194,207
173,193,210
174,193,213
175,192,215
176,192,217
177,192,219
178,193,220
179,193,222
180,193,223
181,194,225
182,194,226
183,195,227
184,196,228
185,196,229
186,197,229
187,197,230
188,198,230
189,198,231
190,199,231
191,200,231
192,200,231
193,200,231
194,201,231
195,201,231
196,202,231
197,202,231
198,203,231
199,203,231
200,203,231
201,204,231
202,204,231
203,205,231
204,205,231
205,205,231
206,206,231
207,206,231
208,206,231
209,207,231
210,207,232
211,207,232
212,207,232
213,208,232
214,208,232
215,208,232
216,208,232
217,209,232
218,209,232
219,209,232
220,209,232
221,210,232
222,210,232
223,210,232
224,210,232
225,210,233
226,211,233
227,211,233
228,211,233
229,211,233
230,211,233
231,212,233
232,212,233
233,212,233
234,212,233
235,212,233
236,212,233
237,213,233
238,213,234
239,213,234
240,213,234
241,213,234
242,214,234
243,214,234
244,214,234
245,214,234
246,214,234
247,215,234
248,215,235
249,215,235
250,215,235
251,215,235
252,215,235
253,216,235
254,216,235
255,216,235
256,216,235
257,216,235
258,217,235
259,217,236
260,217,236
261,217,236
262,217,236
263,217,236
264,218,236
265,218,236
266,218,236
267,218,236
268,218,237
269,218,237
270,219,237
271,219,237
272,219,237
273,219,237
274,219,237
275,220,237
276,220,237
277,220,238
278,220,238
279,220,238
280,220,238
281,221,238
282,221,231
283,221,225
284,221,221
0,0
1,151
205,184,186
206,183,188
207,183,189
208,182,190
209,182,191
210,182,191
211,182,192
212,181,192
213,181,193
214,181,193
215,181,194
216,181,194
217,181,195
218,181,195
219,181,195
220,180,195
221,180,196
222,180,196
223,180,196
224,180,196
225,180,196
226,180,196
227,180,197
228,179,196
229,179,196
230,179,196
231,179,196
232,179,196
233,179,196
234,179,196
235,178,196
236,178,196
237,178,195
238,178,195
239,178,195
240,178,195
241,178,195
242,177,194
243,177,194
244,177,194
245,177,193
246,177,193
247,177,193
248,177,193
249,176,192
250,176,192
251,176,192
252,176,192
253,176,192
254,175,191
255,175,191
256,175,191
257,175,191
258,175,191
259,175,190
260,174,190
261,174,190
262,174,190
263,174,189
264,174,189
265,173,189
266,173,189
267,173,189
268,173,188
269,173,188
270,172,188
271,172,188
272,172,188
273,172,187
274,172,187
275,171,187
276,171,187
277,171,187
278,171,186
279,171,186
280,170,186
281,170,186
282,170,186
283,170,185
284,169,185
285,169,185
286,169,185
287,169,184
288,168,184
289,168,184
290,168,184
291,168,184
292,167,183
293,167,183
294,167,183
295,167,183
296,166,183
297,166,182
298,166,182
299,166,182
300,165,182
301,165,181
302,165,181
303,164,181
304,164,181
305,164,181
306,164,180
307,163,180
308,163,180
309,163,180
310,162,180
311,162,179
312,162,179
313,161,179
314,161,179
315,161,178
316,161,178
317,160,178
318,160,178
319,160,178
320,159,177
321,159,177
322,159,177
323,158,177
324,158,176
325,158,176
326,157,176
327,157,176
328,156,176
329,156,175
330,156,175
331,155,175
332,155,175
333,155,175
334,154,175
335,154,174
336,154,174
337,153,174
338,153,174
339,152,174
340,152,174
341,152,174
342,151,174
343,151,174
344,150,174
345,150,174
346,150,174
347,149,174
348,148,174
349,149,174
350,154,174
351,158,174
352,163,174
353,167,175
354,172,176
355,176,176
0,122
147,353,362
148,349,367
149,348,370
150,349,373
151,349,376
152,349,378
153,349,380
154,350,382
155,350,384
156,350,386
157,350,388
158,350,390
159,351,392
160,351,394
161,351,395
162,351,397
163,352,398
164,352,400
165,352,401
166,352,402
167,352,404
168,353,405
169,353,406
170,353,407
171,353,407
172,354,408
173,354,409
174,354,409
175,354,409
176,354,409
177,355,409
178,356,409
179,356,409
180,357,409
181,357,409
182,357,408
183,357,408
184,357,407
185,357,406
186,358,406
187,358,405
188,358,403
189,358,402
190,358,401
191,358,400
192,358,399
193,358,398
194,358,398
195,357,397
196,357,396
197,357,395
198,357,395
199,357,394
200,357,393
201,357,393
202,357,392
203,357,391
204,357,391
205,356,390
206,356,389
207,356,389
208,356,388
209,356,388
210,356,387
211,355,387
212,355,386
213,355,386
214,355,385
215,355,385
216,354,384
217,354,384
218,354,383
219,354,383
220,354,383
221,354,382
222,353,382
223,353,382
224,353,381
225,353,381
226,352,381
227,352,380
228,352,380
229,352,379
230,352,379
231,351,379
232,351,378
233,351,378
234,351,378
235,350,378
236,350,377
237,350,377
238,350,377
239,349,376
240,349,376
241,349,376
242,349,375
243,348,375
244,348,375
245,348,375
246,347,374
247,347,374
248,347,374
249,347,373
250,346,373
251,346,373
252,346,372
253,345,372
254,345,372
255,345,372
256,345,371
257,344,371
258,344,371
259,344,371
260,343,370
261,343,370
262,343,370
263,342,370
264,342,369
265,342,369
266,342,365
267,341,353
268,341,341
0,0
1,288
172,283,285
173,282,287
174,282,288
175,282,289
176,282,290
177,281,291
178,281,292
179,281,293
180,281,293
181,281,294
182,281,295
183,281,295
184,280,296
185,280,296
186,280,297
187,280,297
188,280,298
189,280,298
190,280,298
191,280,299
192,279,299
193,279,299
194,279,299
195,279,299
196,279,299
197,279,300
198,279,300
199,279,300
200,279,301
201,278,300
202,278,300
203,278,300
204,278,300
205,278,300
206,278,299
207,278,299
208,278,299
209,278,299
210,277,299
211,277,298
212,277,298
213,277,298
214,277,298
215,277,297
216,277,297
217,276,297
218,276,297
219,276,296
220,276,296
221,276,296
222,276,296
223,276,296
224,276,295
225,276,295
226,275,295
227,275,295
228,275,294
229,275,294
230,275,294
231,275,294
232,275,293
233,275,293
234,274,293
235,274,293
236,274,293
237,274,292
238,274,292
239,274,292
240,274,292
241,274,292
242,273,291
243,273,291
244,273,291
245,273,291
246,273,291
247,273,290
248,273,290
249,273,290
250,272,290
251,272,290
252,272,289
253,272,289
254,272,289
255,272,289
256,272,289
257,272,289
258,271,288
259,271,288
260,271,288
261,271,288
262,271,288
263,271,288
264,271,287
265,270,287
266,270,287
267,270,287
268,270,287
269,270,287
270,270,286
271,270,286
272,270,286
273,270,286
274,269,286
275,269,286
276,269,286
277,269,285
278,269,285
279,269,285
280,269,285
281,268,285
282,268,285
283,268,284
284,268,284
285,268,284
286,268,284
287,268,284
288,268,284
289,267,284
290,267,284
291,267,283
292,267,283
293,267,283
294,267,283
295,267,283
296,267,283
297,266,283
298,266,283
299,266,283
300,266,282
301,266,282
302,266,282
303,266,282
304,265,282
305,265,282
306,265,282
307,265,282
308,265,281
309,265,281
310,265,281
311,265,281
312,264,281
313,264,281
314,264,281
315,264,281
316,264,281
317,264,281
318,264,281
319,263,280
320,263,280
321,263,280
322,263,280
323,263,280
324,263,280
325,263,280
326,262,280
327,262,280
328,262,280
329,262,280
330,262,280
331,262,279
332,262,279
333,261,279
334,261,279
335,261,279
336,261,279
337,261,279
338,261,279
339,261,279
340,260,279
341,260,279
342,260,279
343,260,279
344,260,279
345,260,279
346,259,279
347,259,278
348,259,278
349,259,278
350,259,278
351,259,278
352,259,278
353,258,278
354,258,278
355,258,278
356,258,278
357,258,278
358,258,278
359,258,278
360,257,278
361,257,278
362,257,278
363,257,278
364,257,278
365,257,278
366,256,278
367,256,278
368,256,278
369,256,278
370,256,278
371,256,278
372,255,278
373,255,278
374,255,278
375,255,278
376,255,278
377,255,278
378,254,278
379,254,278
380,254,278
381,254,278
382,254,278
383,254,278
384,253,278
385,253,278
386,253,278
387,253,278
388,253,278
389,252,278
390,252,278
391,252,278
392,252,278
393,252,278
394,252,278
395,251,278
396,251,278
397,251,278
398,251,278
399,251,278
400,250,278
401,250,278
402,250,278
403,250,278
404,250,278
405,249,278
406,249,278
407,249,278
408,249,278
409,249,278
410,248,278
411,248,278
412,248,278
413,248,278
414,248,278
415,248,278
416,248,278
417,248,278
418,247,278
419,248,278
420,248,278
421,248,278
422,248,278
423,248,278
424,248,278
425,248,278
426,248,278
427,248,278
428,249,278
429,249,278
430,249,278
431,250,278
432,250,278
433,250,278
434,251,278
435,251,278
436,252,278
437,252,278
438,253,278
439,253,278
440,254,278
441,254,278
442,255,278
443,256,278
444,256,278
445,257,278
446,258,278
447,258,279
448,259,278
449,260,278
450,260,278
451,261,278
452,262,278
453,263,277
454,264,277
455,265,277
456,266,277
457,267,276
458,268,275
459,270,274
0,0
0,405
33,274,283
34,272,288
35,271,292
36,270,296
37,270,299
38,270,302
39,270,304
40,270,306
41,270,308
42,271,310
43,271,312
44,271,313
45,272,315
46,272,316
47,273,317
48,273,318
49,274,319
50,275,320
51,275,321
52,276,322
53,276,322
54,277,323
55,277,323
56,278,323
57,278,323
58,278,323
59,279,323
60,279,323
61,280,322
62,280,322
63,280,322
64,281,321
65,281,321
66,281,320
67,281,320
68,282,320
69,282,319
70,282,319
71,282,318
72,282,318
73,283,318
74,283,317
75,283,317
76,283,316
77,283,316
78,283,316
79,283,315
80,284,315
81,284,315
82,284,314
83,284,314
84,284,314
85,284,313
86,284,313
87,284,313
88,284,313
89,284,313
90,284,313
91,284,312
92,284,312
93,284,312
94,284,312
95,285,312
96,285,312
97,285,312
98,285,312
99,285,311
100,285,311
101,285,311
102,285,311
103,285,311
104,285,311
105,285,311
106,285,311
107,285,311
108,285,311
109,285,311
110,285,310
111,285,310
112,285,310
113,285,310
114,285,310
115,285,310
116,285,310
117,285,310
118,285,310
119,285,310
120,285,310
121,285,310
122,285,310
123,285,310
124,285,310
125,285,310
126,285,310
127,285,310
128,286,310
129,286,309
130,286,309
131,286,309
132,286,309
133,286,309
134,286,309
135,286,309
136,286,309
137,286,309
138,286,309
139,286,309
140,286,309
141,286,309
142,286,309
143,286,309
144,286,309
145,286,309
146,286,309
147,286,309
148,286,309
149,286,309
150,286,309
151,286,309
152,286,308
153,286,308
154,285,308
155,285,308
156,285,308
157,285,308
158,285,308
159,285,308
160,285,308
161,285,308
162,285,308
163,285,308
164,285,308
165,285,308
166,285,308
167,285,308
168,285,308
169,285,308
170,285,308
171,285,308
172,285,308
173,285,308
174,285,307
175,285,307
176,285,307
177,285,307
178,285,307
179,285,307
180,285,307
181,285,307
182,285,307
183,285,307
184,285,307
185,285,307
186,285,307
187,285,307
188,285,307
189,285,307
190,285,307
191,284,307
192,284,307
193,284,307
194,284,306
195,284,306
196,284,306
197,284,306
198,284,306
199,284,306
200,284,306
201,284,306
202,284,306
203,284,306
204,284,306
205,284,306
206,284,306
207,284,306
208,284,306
209,283,306
210,283,306
211,283,306
212,283,306
213,283,306
214,283,305
215,283,305
216,283,305
217,283,305
218,283,305
219,283,305
220,283,305
221,283,305
222,283,305
223,282,305
224,282,305
225,282,305
226,282,305
227,282,305
228,282,305
229,282,305
230,282,305
231,282,305
232,282,305
233,282,305
234,282,305
235,281,305
236,281,305
237,281,304
238,281,304
239,281,304
240,281,304
241,281,304
242,281,304
243,281,304
244,281,304
245,281,304
246,280,304
247,280,304
248,280,304
249,280,304
250,280,304
251,280,304
252,280,304
253,280,304
254,280,303
255,280,303
256,279,303
257,279,303
258,279,303
259,279,303
260,279,303
261,279,303
262,279,303
263,279,303
264,279,303
265,278,303
266,278,302
267,278,302
268,278,302
269,278,302
270,278,302
271,278,302
272,277,302
273,277,302
274,277,302
275,277,301
276,277,301
277,277,301
278,276,301
279,276,301
280,276,301
281,276,301
282,276,301
283,275,300
284,275,300
285,275,300
286,275,300
287,275,300
288,274,300
289,274,300
290,274,299
291,274,299
292,274,299
293,273,299
294,273,299
295,273,299
296,273,298
297,272,298
298,272,298
299,272,298
300,272,298
301,272,297
302,271,297
303,271,297
304,271,297
305,271,297
306,270,296
307,270,296
308,270,296
309,269,296
310,269,296
311,269,295
312,269,295
313,268,295
314,268,295
315,268,294
316,268,294
317,267,294
318,267,294
319,267,293
320,266,293
321,266,293
322,266,292
323,265,292
324,265,292
325,265,292
326,264,291
327,264,291
328,263,291
329,263,290
330,263,290
331,262,290
332,262,289
333,261,289
334,261,289
335,261,288
336,260,288
337,260,287
338,259,287
339,259,287
340,258,286
341,258,286
342,257,286
343,257,285
344,256,285
345,256,284
346,255,284
347,255,283
348,254,283
349,253,283
350,253,282
351,252,282
352,252,281
353,251,281
354,250,280
355,250,280
356,249,279
357,249,279
358,248,278
359,247,278
360,247,277
361,246,276
362,245,276
363,244,275
364,244,275
365,243,274
366,242,273
367,242,273
368,241,272
369,240,272
370,239,271
371,238,270
372,237,270
373,237,269
374,236,268
375,235,268
376,234,267
377,233,266
378,232,265
379,231,265
380,230,264
381,229,263
382,228,262
383,227,261
384,226,261
385,225,260
386,224,259
387,223,258
388,222,257
389,220,256
390,219,256
391,218,255
392,217,254
393,216,253
394,214,252
395,213,251
396,212,250
397,210,249
398,209,248
399,208,247
400,207,246
401,205,244
402,204,243
403,202,242
404,201,241
405,199,240
406,198,239
407,196,238
408,195,236
409,193,235
410,192,234
411,190,233
412,189,231
413,187,230
414,186,228
415,184,227
416,182,225
417,181,224
418,179,222
419,177,220
420,176,219
421,174,217
422,172,215
423,170,213
424,169,211
425,167,209
426,165,206
427,163,204
428,162,201
429,160,198
430,158,195
431,157,192
432,156,189
433,155,185
434,155,182
435,156,177
436,157,172
437,164,164
0,0
1,132
309,321,330
310,320,332
311,320,334
312,319,335
313,320,336
314,320,337
315,321,338
316,321,339
317,322,339
318,322,340
319,323,341
320,323,342
321,324,343
322,325,344
323,325,345
324,326,346
325,326,347
326,327,348
327,327,349
328,328,350
329,328,351
330,329,351
331,329,352
332,330,353
333,331,354
334,331,355
335,332,356
336,332,357
337,333,358
338,333,359
339,334,360
340,334,361
341,335,362
342,336,363
343,336,364
344,337,365
345,337,365
346,338,366
347,338,368
348,339,368
349,340,369
350,340,370
351,341,371
352,341,372
353,342,373
354,342,374
355,343,375
356,344,376
357,344,377
358,345,378
359,345,379
360,346,380
361,347,381
362,347,382
363,348,383
364,348,384
365,349,385
366,350,386
367,350,387
368,351,388
369,351,389
370,352,390
371,353,391
372,353,392
373,354,393
374,354,394
375,355,395
376,356,396
377,356,397
378,357,399
379,358,400
380,358,401
381,359,402
382,359,403
383,360,404
384,361,405
385,361,406
386,362,407
387,363,408
388,363,409
389,364,410
390,365,411
391,365,412
392,366,413
393,367,414
394,367,415
395,368,416
396,369,417
397,369,418
398,370,419
399,371,420
400,371,422
401,372,423
402,373,424
403,374,425
404,374,426
405,375,427
406,376,428
407,377,429
408,377,430
409,378,431
410,379,432
411,380,433
412,380,435
413,381,436
414,382,437
415,383,438
416,384,439
417,384,440
418,385,441
419,386,442
420,387,442
421,388,443
422,389,444
423,390,444
424,391,445
425,392,445
426,393,445
427,394,446
428,395,446
429,397,446
430,398,446
431,400,445
432,401,445
433,403,445
434,405,444
435,407,444
436,410,443
437,413,442
438,416,441
439,419,439
440,424,437
0,0
