0,45
51,133,141
52,131,148
53,130,153
54,130,158
55,130,162
56,130,166
57,130,169
58,130,172
59,130,174
60,131,176
61,132,178
62,132,179
63,133,181
64,134,182
65,135,182
66,136,183
67,138,184
68,139,184
69,140,185
70,142,185
71,143,185
72,145,186
73,146,186
74,147,187
75,149,187
76,150,187
77,151,187
78,153,188
79,154,188
80,155,188
81,156,188
82,158,188
83,159,188
84,160,188
85,162,188
86,163,188
87,164,188
88,165,188
89,166,188
90,168,187
91,169,187
92,170,186
93,172,185
94,174,183
95,179,179
0,0
0,44
110,95,95
111,92,100
112,89,105
113,89,110
114,88,115
115,88,119
116,89,122
117,89,124
118,89,127
119,89,129
120,90,131
121,90,132
122,91,134
123,92,135
124,93,137
125,94,138
126,95,139
127,96,140
128,97,141
129,98,141
130,100,142
131,101,142
132,102,143
133,103,143
134,104,144
135,105,144
136,106,144
137,107,145
138,109,145
139,110,145
140,111,145
141,112,145
142,114,145
143,115,145
144,116,145
145,117,145
146,119,145
147,120,145
148,122,144
149,124,144
150,126,143
151,128,142
152,131,141
153,134,140
0,0
0,97
259,114,114
258,109,117
257,105,119
256,102,120
255,99,121
254,96,121
253,94,122
252,92,122
251,90,123
250,88,123
249,87,124
248,85,124
247,84,124
246,83,125
245,82,125
244,81,126
243,81,126
242,80,127
241,80,127
240,79,128
239,79,129
238,79,129
237,79,130
236,79,130
235,79,131
234,79,132
233,79,132
232,80,133
231,81,134
230,83,134
229,86,135
228,90,136
227,94,136
226,98,137
225,101,138
224,103,138
223,104,139
222,106,140
221,107,140
220,109,141
219,110,141
218,111,142
217,113,143
216,114,144
215,115,144
214,116,145
213,117,146
212,118,146
211,120,147
210,121,148
209,122,148
208,123,149
207,124,150
206,125,150
205,126,151
204,127,152
203,128,152
202,129,153
201,130,154
200,131,155
199,132,155
198,134,156
197,135,157
196,136,157
195,137,158
194,138,159
193,139,159
192,140,160
191,141,161
190,143,162
189,144,162
188,145,163
187,146,164
186,147,164
185,148,165
184,149,166
183,150,166
182,151,167
181,152,168
180,153,169
179,155,169
178,156,170
177,157,171
176,158,171
175,159,172
174,160,173
173,161,174
172,162,174
171,163,175
170,165,176
169,166,176
168,167,177
167,168,177
166,169,177
165,170,177
164,171,177
163,174,175
0,0
0,226
27,255,262
28,252,266
29,250,268
30,249,270
31,248,273
32,248,274
33,247,277
34,247,279
35,247,280
36,248,282
37,248,284
38,249,286
39,249,287
40,250,288
41,250,289
42,251,289
43,251,290
44,252,290
45,252,290
46,253,290
47,253,290
48,253,290
49,254,290
50,254,289
51,254,289
52,254,288
53,255,288
54,255,287
55,255,287
56,255,287
57,255,286
58,255,286
59,255,286
60,255,285
61,255,285
62,255,285
63,255,284
64,255,284
65,255,284
66,255,284
67,255,283
68,255,283
69,255,283
70,255,283
71,256,282
72,256,282
73,256,282
74,256,282
75,256,282
76,256,282
77,256,281
78,256,281
79,256,281
80,256,281
81,256,281
82,256,281
83,256,281
84,256,281
85,256,280
86,256,280
87,256,280
88,256,280
89,256,280
90,256,280
91,256,280
92,256,280
93,256,280
94,255,279
95,255,279
96,255,279
97,255,279
98,255,279
99,255,279
100,255,279
101,255,279
102,255,278
103,255,278
104,254,278
105,254,278
106,254,278
107,254,278
108,254,278
109,254,278
110,254,277
111,253,277
112,253,277
113,253,277
114,253,277
115,253,277
116,252,277
117,252,277
118,252,276
119,252,276
120,251,276
121,251,276
122,251,276
123,251,276
124,250,276
125,250,275
126,250,275
127,250,275
128,250,275
129,249,275
130,249,274
131,249,274
132,248,274
133,248,274
134,248,273
135,248,273
136,248,273
137,247,273
138,247,272
139,247,272
140,246,272
141,246,271
142,246,271
143,245,271
144,245,270
145,245,270
146,244,270
147,244,269
148,244,269
149,243,269
150,243,268
151,243,268
152,242,267
153,242,267
154,242,266
155,241,266
156,241,265
157,241,265
158,240,265
159,240,264
160,239,264
161,239,263
162,239,263
163,238,262
164,238,262
165,237,261
166,237,261
167,237,261
168,236,260
169,236,260
170,235,259
171,235,259
172,234,258
173,234,258
174,233,257
175,233,257
176,232,257
177,232,256
178,231,256
179,231,255
180,230,255
181,229,254
182,229,254
183,228,253
184,228,253
185,227,252
186,227,252
187,226,251
188,225,251
189,225,250
190,224,250
191,223,249
192,223,248
193,222,248
194,221,247
195,221,247
196,220,246
197,219,245
198,218,244
199,217,244
200,217,243
201,216,242
202,215,241
203,215,240
204,214,240
205,213,239
206,212,238
207,211,237
208,210,236
209,210,235
210,208,234
211,208,233
212,207,232
213,206,231
214,205,230
215,204,229
216,203,228
217,202,227
218,201,226
219,200,225
220,198,224
221,197,223
222,196,222
223,195,220
224,194,219
225,192,218
226,191,217
227,190,216
228,189,214
229,188,213
230,186,212
231,185,210
232,184,209
233,183,207
234,181,206
235,180,204
236,179,203
237,177,201
238,176,200
239,175,198
240,174,197
241,173,195
242,172,193
243,170,191
244,169,190
245,168,188
246,167,185
247,165,183
248,164,181
249,163,178
250,163,176
251,163,171
252,166,166
0,0
1,171
196,117,119
197,116,120
198,115,121
199,115,122
200,115,123
201,114,123
202,114,124
203,114,124
204,114,125
205,114,125
206,114,125
207,114,125
208,113,126
209,113,126
210,113,126
211,113,126
212,113,126
213,113,126
214,113,126
215,112,126
216,112,126
217,112,126
218,112,126
219,112,125
220,112,125
221,111,125
222,111,125
223,111,125
224,111,125
225,111,124
226,111,124
227,110,124
228,110,124
229,110,123
230,110,123
231,110,123
232,109,122
233,109,122
234,109,122
235,109,122
236,109,121
237,108,121
238,108,121
239,108,121
240,108,120
241,108,120
242,107,120
243,107,120
244,107,119
245,107,119
246,107,119
247,106,119
248,106,118
249,106,118
250,106,118
251,106,118
252,105,117
253,105,117
254,105,117
255,105,117
256,104,116
257,104,116
258,104,116
259,104,116
260,103,115
261,103,115
262,103,115
263,103,115
264,102,114
265,102,114
266,102,114
267,102,114
268,101,113
269,101,113
270,101,113
271,101,113
272,100,112
273,100,112
274,100,112
275,99,112
276,99,111
277,99,111
278,99,111
279,98,111
280,98,111
281,98,110
282,97,110
283,97,110
284,97,110
285,96,109
286,96,109
287,96,109
288,95,109
289,95,109
290,95,108
291,94,108
292,94,108
293,93,108
294,93,108
295,93,107
296,92,107
297,92,107
298,92,107
299,91,107
300,91,107
301,90,106
302,90,106
303,89,106
304,89,106
305,89,106
306,88,106
307,88,106
308,87,106
309,87,106
310,86,106
311,86,106
312,85,106
313,85,106
314,84,106
315,83,107
316,82,107
317,82,108
318,81,108
319,81,108
320,81,108
321,80,108
322,80,108
323,80,108
324,80,108
325,80,108
326,80,108
327,80,108
328,79,108
329,80,108
330,80,108
331,80,108
332,80,108
333,81,108
334,81,108
335,81,108
336,82,108
337,82,108
338,82,108
339,83,108
340,83,108
341,83,108
342,84,108
343,84,108
344,85,108
345,85,108
346,86,108
347,86,108
348,87,108
349,87,108
350,88,108
351,88,108
352,89,108
353,89,108
354,90,108
355,91,108
356,91,108
357,92,108
358,93,108
359,93,108
360,94,108
361,95,108
362,96,108
363,97,109
364,98,107
365,100,106
365,106,106
0,105
108,317,317
109,317,362
110,318,361
111,318,360
112,318,360
113,318,359
114,318,358
115,318,357
116,318,356
117,318,355
118,318,355
119,318,354
120,318,353
121,318,352
122,318,352
123,317,351
124,317,350
125,317,350
126,317,349
127,317,348
128,317,348
129,317,347
130,317,347
131,317,346
132,317,346
133,316,345
134,316,344
135,316,344
136,316,343
137,316,343
138,316,342
139,316,342
140,316,342
141,316,341
142,315,341
143,315,340
144,315,340
145,315,340
146,315,339
147,315,339
148,315,339
149,314,338
150,314,338
151,314,338
152,314,338
153,314,337
154,314,337
155,314,337
156,314,337
157,313,336
158,313,336
159,313,336
160,313,336
161,313,336
162,313,336
163,313,335
164,313,335
165,313,335
166,312,335
167,312,335
168,312,335
169,312,335
170,312,335
171,312,335
172,312,335
173,312,335
174,312,335
175,312,335
176,312,335
177,312,335
178,312,335
179,312,335
180,312,335
181,312,335
182,312,335
183,312,335
184,312,335
185,312,335
186,312,335
187,312,335
188,312,335
189,312,335
190,312,335
191,312,335
192,312,336
193,312,336
194,312,336
195,312,336
196,312,336
197,312,337
198,312,337
199,313,338
200,313,338
201,313,338
202,313,339
203,313,339
204,313,340
205,313,341
206,314,341
207,314,337
208,314,333
209,314,329
210,315,325
211,315,321
212,315,317
1,188
316,213,214
317,212,216
318,212,217
319,212,218
320,212,219
321,211,220
322,211,221
323,211,222
324,211,223
325,210,223
326,210,224
327,210,225
328,210,225
329,209,226
330,209,227
331,209,227
332,208,228
333,208,228
334,208,229
335,208,229
336,207,230
337,207,230
338,207,230
339,207,231
340,206,231
341,206,232
342,206,232
343,207,232
344,207,233
345,208,233
346,208,233
347,209,233
348,209,234
349,210,234
350,210,234
351,210,235
352,211,235
353,211,235
354,211,235
355,212,236
356,212,236
357,212,236
358,212,236
359,213,236
360,213,237
361,213,237
362,213,237
363,213,237
364,213,237
365,213,231
365,213,237
366,213,231
366,213,238
367,213,231
367,213,238
368,213,231
368,213,238
369,213,231
369,213,238
370,213,231
370,213,238
371,213,231
371,213,238
372,213,231
372,213,239
373,213,231
373,213,239
374,213,231
374,213,239
375,213,231
375,213,239
376,213,231
376,213,239
377,213,231
377,213,239
378,213,231
378,213,239
379,213,231
379,213,239
380,213,231
380,213,239
381,213,231
381,213,239
382,213,231
382,213,239
383,213,231
383,213,240
384,213,231
384,213,240
385,213,231
385,213,240
386,213,231
386,212,240
387,213,231
387,212,240
388,213,231
388,212,240
389,213,231
389,212,240
390,213,231
390,212,240
391,213,231
391,211,240
392,213,231
392,211,240
393,213,231
393,211,240
394,213,231
394,211,240
395,213,231
395,210,240
396,213,231
396,210,239
397,213,231
397,210,239
398,213,231
398,209,239
399,213,231
399,209,239
400,213,231
400,209,239
401,213,231
401,208,239
402,213,231
402,208,239
403,213,231
403,207,239
404,213,231
404,207,239
405,213,231
405,206,238
406,213,231
406,206,238
407,213,231
407,205,238
408,213,231
408,204,238
409,213,231
409,202,238
410,213,231
410,203,238
411,213,231
411,203,238
412,213,231
412,203,237
413,213,231
413,203,237
414,213,231
414,204,237
415,213,231
415,204,237
416,204,236
417,204,236
418,205,236
419,205,236
420,205,235
421,205,235
422,205,235
423,206,234
424,206,234
425,206,234
426,206,233
427,207,233
428,207,233
429,207,232
430,207,232
431,208,231
432,208,231
433,208,231
434,208,230
435,208,230
436,209,229
437,209,229
438,209,228
439,209,228
440,210,227
441,210,226
442,210,226
443,210,225
444,211,224
445,211,224
446,211,223
447,211,222
448,211,221
449,212,220
450,212,219
451,214,217
451,215,217
0,64
212,450,450
211,447,450
210,443,449
209,439,449
208,435,449
207,430,448
206,426,448
205,422,447
204,417,447
203,413,447
202,410,446
201,411,446
200,411,446
199,412,445
198,413,445
197,413,445
196,414,444
195,414,444
194,415,444
193,415,444
192,416,443
191,416,443
190,417,443
189,417,442
188,417,442
187,418,442
186,418,441
185,418,441
184,419,441
183,419,441
182,419,440
181,420,440
180,420,440
179,420,440
178,420,439
177,421,439
176,421,439
175,421,439
174,422,438
173,422,438
172,422,438
171,422,438
170,423,438
169,423,437
168,423,437
167,423,437
166,423,437
165,424,437
164,424,436
163,424,436
162,424,436
161,424,436
160,425,436
159,425,435
158,425,435
157,425,435
156,426,435
155,426,435
154,426,434
153,427,434
152,427,434
151,428,433
150,428,432
149,429,431
0,0
1,358
76,305,307
77,303,310
78,302,311
79,301,313
80,301,314
81,301,314
82,300,315
83,300,316
84,300,317
85,300,318
86,300,318
87,300,319
88,300,320
89,300,320
90,300,321
91,300,322
92,300,322
93,300,323
94,300,323
95,300,324
96,300,324
97,300,325
98,300,325
99,300,326
100,300,326
101,300,327
102,300,327
103,300,327
104,300,328
105,300,328
106,300,328
107,300,328
108,300,328
109,300,329
110,300,329
111,300,329
112,300,329
113,300,329
114,300,329
115,300,329
116,300,328
117,300,328
118,300,328
119,299,328
120,299,327
121,299,327
122,299,327
123,299,326
124,299,326
125,299,326
126,299,325
127,299,325
128,299,325
129,299,325
130,299,325
131,299,324
132,299,324
133,299,324
134,299,324
135,299,323
136,298,323
137,298,323
138,298,323
139,298,323
140,298,322
141,298,322
142,298,322
143,298,322
144,298,321
145,298,321
146,298,321
147,297,321
148,297,321
149,297,320
150,297,320
151,297,320
152,297,320
153,297,320
154,297,320
155,297,319
156,296,319
157,296,319
158,296,319
159,296,319
160,296,318
161,296,318
162,296,318
163,296,318
164,295,318
165,295,317
166,295,317
167,295,317
168,295,317
169,295,317
170,295,316
171,295,316
172,294,316
173,294,316
174,294,316
175,294,316
176,294,315
177,294,315
178,294,315
179,294,315
180,293,315
181,293,315
182,293,314
183,293,314
184,293,314
185,293,314
186,293,314
187,293,314
188,293,313
189,293,313
190,292,313
191,292,313
192,292,313
193,292,313
194,292,313
195,292,312
196,292,312
197,292,312
198,291,312
199,291,312
200,291,312
201,291,312
202,291,311
203,291,311
204,291,311
205,291,311
206,291,311
207,291,311
208,290,311
209,290,311
210,290,311
211,290,310
212,290,310
213,290,310
214,290,310
215,290,310
216,290,310
217,290,310
218,289,310
219,289,309
220,289,309
221,289,309
222,289,309
223,289,309
224,289,309
225,289,309
226,289,309
227,289,309
228,288,309
229,288,308
230,288,308
231,288,308
232,288,308
233,288,308
234,288,308
235,288,308
236,288,308
237,288,308
238,288,308
239,287,307
240,287,307
241,287,307
242,287,307
243,287,307
244,287,307
245,287,307
246,287,307
247,287,307
248,286,307
249,286,307
250,286,307
251,286,306
252,286,306
253,286,306
254,286,306
255,286,306
256,286,306
257,285,306
258,285,306
259,285,306
260,285,306
261,285,306
262,285,306
263,285,306
264,285,306
265,285,305
266,284,305
267,284,305
268,284,305
269,284,305
270,284,305
271,284,305
272,284,305
273,284,305
274,284,305
275,284,305
276,283,305
277,283,305
278,283,305
279,283,305
280,283,304
281,283,304
282,283,304
283,283,304
284,283,304
285,282,304
286,282,304
287,282,304
288,282,304
289,282,304
290,282,304
291,282,304
292,282,304
293,282,303
294,281,303
295,281,303
296,281,303
297,281,303
298,281,303
299,281,303
300,281,303
301,281,303
302,281,303
303,281,303
304,280,303
305,280,302
306,280,302
307,280,302
308,280,302
309,280,302
310,280,302
311,280,302
312,279,302
313,279,302
314,279,302
315,279,302
316,279,302
317,279,302
318,279,302
319,279,302
320,278,302
321,278,302
322,278,302
323,278,302
324,278,302
325,278,302
326,278,302
327,278,302
328,277,302
329,277,302
330,277,302
331,277,302
332,277,302
333,277,302
334,277,302
335,276,302
336,276,302
337,276,302
338,276,302
339,276,302
340,276,302
341,276,302
342,276,302
343,275,302
344,275,302
345,275,302
346,275,302
347,275,302
348,274,302
349,274,302
350,274,302
351,274,302
352,274,302
353,274,302
354,273,302
355,273,302
356,273,302
357,273,302
358,273,302
359,273,302
360,273,302
361,272,302
362,272,302
363,272,302
364,272,302
365,272,302
366,271,302
367,271,302
368,271,302
369,271,302
370,271,302
371,270,302
372,270,302
373,270,302
374,270,302
375,270,302
376,269,302
377,269,302
378,269,302
379,269,302
380,268,302
381,268,302
382,268,302
383,268,302
384,268,302
385,268,302
386,268,302
387,268,302
388,268,302
389,268,302
390,268,302
391,269,302
392,269,303
393,269,303
394,269,303
395,269,303
396,270,303
397,270,303
398,270,303
399,271,303
400,271,303
401,272,303
402,272,303
403,272,303
404,273,303
405,273,303
406,274,303
407,274,304
408,275,304
409,276,304
410,276,304
411,277,304
412,277,304
413,278,304
414,279,304
415,279,304
416,280,304
417,281,305
418,281,305
419,282,305
420,283,305
421,284,305
422,284,305
423,285,305
424,286,305
425,287,305
426,288,304
427,289,304
428,290,304
429,291,303
430,293,303
431,294,302
432,296,300
432,296,299
0,0
0,233
240,225,230
241,223,233
242,222,235
243,221,238
244,221,239
245,220,241
246,220,243
247,220,244
248,220,246
249,220,247
250,220,249
251,221,250
252,221,252
253,222,253
254,222,254
255,223,256
256,224,257
257,224,258
258,225,259
259,225,260
260,226,261
261,226,261
262,226,262
263,227,262
264,227,263
265,227,263
266,228,263
267,228,263
268,228,262
269,228,262
270,229,262
271,229,261
272,229,261
273,229,260
274,229,260
275,229,260
276,229,259
277,230,259
278,230,259
279,230,259
280,230,259
281,230,259
282,230,258
283,230,258
284,230,258
285,230,258
286,230,258
287,230,258
288,230,258
289,230,258
290,230,257
291,230,257
292,230,257
293,230,257
294,230,257
295,230,257
296,230,257
297,230,257
298,230,257
299,230,257
300,230,257
301,230,257
302,230,256
303,230,256
304,230,256
305,230,256
306,230,256
307,230,256
308,230,256
309,230,256
310,230,256
311,230,256
312,230,256
313,230,256
314,230,256
315,230,256
316,230,256
317,230,256
318,230,256
319,230,256
320,230,255
321,230,255
322,230,255
323,230,255
324,230,255
325,230,255
326,230,255
327,230,255
328,230,255
329,230,255
330,230,255
331,230,255
332,230,255
333,230,255
334,230,255
335,230,255
336,230,255
337,230,255
338,230,255
339,230,255
340,230,255
341,230,255
342,230,255
343,230,255
344,230,255
345,230,255
346,230,255
347,230,255
348,230,255
349,230,255
350,230,254
351,230,254
352,230,254
353,230,254
354,230,254
355,230,254
356,230,254
357,230,254
358,230,254
359,230,254
360,230,254
361,230,254
362,230,254
363,230,254
364,230,254
365,230,254
366,230,254
367,230,254
368,230,254
369,230,254
370,230,254
371,230,254
372,230,254
373,230,254
374,230,254
375,230,254
376,230,254
377,230,254
378,230,254
379,230,254
380,230,254
381,230,254
382,230,254
383,230,254
384,230,254
385,230,254
386,230,254
387,230,254
388,230,254
389,230,254
390,230,254
391,230,254
392,230,254
393,230,254
394,229,254
395,229,254
396,229,254
397,229,254
398,229,253
399,229,253
400,229,253
401,229,253
402,229,253
403,229,253
404,228,253
405,228,253
406,228,253
407,228,253
408,228,253
409,228,253
410,228,253
411,228,253
412,227,253
413,227,253
414,227,253
415,227,253
416,227,253
417,226,253
418,226,253
419,226,253
420,226,253
421,225,253
422,225,253
423,225,253
424,225,253
425,224,253
426,224,253
427,224,253
428,224,253
429,224,253
430,224,253
431,223,253
432,223,253
433,223,253
434,223,253
435,223,253
436,223,253
437,223,253
438,223,253
439,223,253
440,223,253
441,224,253
442,224,253
443,224,253
444,224,253
445,225,253
446,225,253
447,225,253
448,226,253
449,226,252
450,226,252
451,227,252
452,227,252
453,227,252
454,228,251
455,228,251
456,229,251
457,229,250
458,229,250
459,230,250
460,230,249
461,231,249
462,231,248
463,231,248
464,232,247
465,232,247
466,233,246
467,233,245
468,234,245
469,235,244
470,236,243
471,237,242
472,240,240
0,0
0,97
338,176,176
339,174,180
340,173,183
341,172,185
342,172,186
343,172,188
344,172,190
345,172,191
346,172,192
347,171,193
348,171,194
349,171,195
350,170,196
351,170,197
352,169,198
353,169,198
354,169,199
355,168,200
356,168,200
357,167,201
358,167,201
359,166,201
360,166,202
361,165,202
362,164,202
363,164,202
364,163,202
365,163,202
366,162,201
367,161,200
368,161,199
369,160,197
370,159,196
371,159,194
372,158,193
373,157,192
374,156,191
375,155,190
376,154,189
377,154,188
378,153,187
379,152,185
380,151,184
381,150,183
382,149,182
383,148,181
384,147,180
385,146,179
386,145,178
387,144,176
388,143,175
389,142,174
390,141,173
391,140,172
392,139,171
393,138,169
394,137,168
395,136,167
396,135,166
397,133,164
398,132,163
399,131,162
400,130,160
401,129,159
402,127,158
403,126,157
404,125,155
405,123,154
406,122,152
407,120,151
408,119,149
409,118,148
410,116,146
411,114,145
412,113,143
413,111,142
414,110,140
415,108,138
416,107,137
417,105,135
418,104,133
419,102,132
420,100,130
421,99,128
422,97,126
423,95,123
424,94,121
425,92,119
426,90,116
427,89,113
428,87,111
429,85,108
430,84,105
431,82,101
432,81,97
433,80,93
434,81,88
0,0
1,126
285,338,342
286,336,345
287,335,347
288,334,348
289,335,349
290,336,350
291,336,351
292,336,352
293,337,352
294,337,353
295,337,354
296,338,355
297,338,355
298,339,356
299,339,357
300,339,358
301,340,358
302,340,359
303,341,360
304,341,361
305,341,362
306,342,362
307,342,363
308,343,364
309,343,365
310,344,366
311,344,366
312,344,367
313,345,368
314,345,369
315,346,370
316,346,370
317,347,371
318,347,372
319,348,373
320,348,374
321,348,375
322,349,375
323,349,376
324,350,377
325,350,378
326,351,379
327,351,380
328,352,380
329,352,381
330,353,382
331,353,383
332,353,384
333,354,385
334,354,385
335,355,386
336,355,387
337,356,388
338,356,389
339,357,390
340,357,391
341,358,391
342,358,392
343,359,393
344,359,394
345,359,395
346,360,396
347,360,397
348,361,397
349,361,398
350,362,399
351,362,400
352,363,401
353,363,402
354,364,403
355,364,403
356,365,404
357,365,405
358,366,406
359,366,407
360,367,408
361,367,409
362,368,410
363,368,411
364,369,411
365,370,412
366,370,413
367,371,414
368,371,415
369,372,416
370,372,417
371,373,418
372,373,419
373,374,420
374,375,420
375,375,421
376,376,422
377,376,423
378,377,424
379,378,425
380,378,426
381,379,427
382,380,428
383,380,429
384,381,430
385,382,431
386,382,432
387,383,433
388,384,434
389,385,434
390,385,435
391,386,436
392,387,436
393,388,437
394,389,437
395,390,438
396,391,438
397,392,438
398,393,438
399,395,439
400,396,438
401,398,438
402,399,438
403,401,438
404,403,437
405,405,436
406,408,436
407,410,435
408,413,434
409,416,432
410,422,430
0,0
