0,144
19,164,172
20,161,177
21,160,180
22,160,183
23,160,186
24,160,188
25,160,190
26,160,191
27,160,193
28,160,194
29,160,195
30,161,197
31,161,198
32,161,199
33,161,199
34,161,200
35,161,201
36,161,202
37,161,202
38,160,203
39,160,203
40,160,203
41,160,203
42,160,203
43,160,203
44,160,203
45,159,202
46,159,201
47,159,200
48,159,200
49,159,199
50,158,198
51,158,197
52,158,197
53,158,196
54,157,195
55,157,195
56,157,194
57,156,193
58,156,193
59,156,192
60,155,192
61,155,191
62,155,190
63,154,190
64,154,189
65,154,188
66,153,188
67,153,187
68,153,187
69,152,186
70,152,185
71,151,185
72,151,184
73,150,184
74,150,183
75,150,182
76,149,182
77,149,181
78,148,180
79,148,180
80,147,179
81,147,178
82,146,178
83,146,177
84,145,176
85,145,176
86,144,175
87,144,174
88,143,174
89,143,173
90,142,172
91,141,172
92,141,171
93,140,170
94,140,170
95,139,169
96,139,168
97,138,167
98,137,167
99,137,166
100,136,165
101,135,164
102,135,163
103,134,163
104,134,162
105,133,161
106,132,160
107,131,160
108,131,159
109,130,158
110,129,157
111,129,156
112,128,156
113,127,155
114,126,154
115,126,153
116,125,152
117,124,151
118,123,150
119,122,150
120,122,149
121,121,148
122,120,147
123,119,146
124,118,145
125,118,144
126,117,143
127,116,142
128,115,141
129,114,140
130,113,139
131,113,138
132,112,137
133,111,136
134,110,135
135,109,133
136,108,132
137,107,131
138,106,130
139,106,129
140,105,127
141,104,126
142,103,125
143,102,123
144,101,122
145,100,121
146,99,119
147,99,118
148,98,116
149,97,115
150,96,113
151,95,112
152,94,110
153,93,109
154,92,107
155,91,105
156,90,104
157,89,101
158,89,100
159,88,98
160,87,96
161,87,93
162,89,91
0,0
1,158
169,72,72
170,71,74
171,70,75
172,70,75
173,70,76
174,69,77
175,69,77
176,69,78
177,69,78
178,68,79
179,68,79
180,68,80
181,68,80
182,68,80
183,68,81
184,68,81
185,68,81
186,67,82
187,67,82
188,67,82
189,67,83
190,67,83
191,67,83
192,67,83
193,67,84
194,66,84
195,66,84
196,66,84
197,66,84
198,66,84
199,66,85
200,66,84
201,65,84
202,65,84
203,65,84
204,65,84
205,65,84
206,65,84
207,65,84
208,64,84
209,64,84
210,64,84
211,64,84
212,64,83
213,64,83
214,63,83
215,63,83
216,63,83
217,63,82
218,63,82
219,62,82
220,62,82
221,62,81
222,62,81
223,62,81
224,61,81
225,61,81
226,61,80
227,61,80
228,61,80
229,60,80
230,60,79
231,60,79
232,60,79
233,59,79
234,59,79
235,59,78
236,59,78
237,59,78
238,58,78
239,58,78
240,58,77
241,57,77
242,57,77
243,57,77
244,57,77
245,56,76
246,56,76
247,56,76
248,56,76
249,55,75
250,55,75
251,55,75
252,55,75
253,54,75
254,54,74
255,54,74
256,53,74
257,53,74
258,53,74
259,53,73
260,52,73
261,52,73
262,52,73
263,51,72
264,51,72
265,51,72
266,50,72
267,50,72
268,50,71
269,50,71
270,49,71
271,49,71
272,49,70
273,48,70
274,48,70
275,48,70
276,47,70
277,47,69
278,47,69
279,46,69
280,46,69
281,46,69
282,45,68
283,45,68
284,45,68
285,44,68
286,44,67
287,43,67
288,43,67
289,43,67
290,43,67
291,43,66
292,42,66
293,42,66
294,42,66
295,42,65
296,42,65
297,42,65
298,42,65
299,41,64
300,41,64
301,41,64
302,41,64
303,41,64
304,41,63
305,42,63
306,42,63
307,42,63
308,42,62
309,42,62
310,43,62
311,43,62
312,43,61
313,43,61
314,43,61
315,44,61
316,44,60
317,44,60
318,45,60
319,45,59
320,46,59
321,46,59
322,47,58
323,47,58
324,48,57
325,49,56
326,50,55
0,0
1,130
170,132,133
171,131,134
172,130,135
173,130,136
174,130,136
175,130,137
176,129,137
177,129,138
178,129,138
179,129,138
180,129,139
181,128,139
182,128,140
183,128,140
184,128,140
185,128,141
186,128,141
187,128,141
188,128,141
189,127,142
190,127,142
191,127,142
192,127,142
193,127,142
194,127,142
195,126,142
196,126,143
197,126,142
198,126,142
199,126,142
200,126,142
201,126,142
202,125,142
203,125,142
204,125,142
205,125,142
206,125,142
207,125,142
208,124,142
209,124,141
210,124,141
211,124,141
212,124,141
213,123,140
214,123,140
215,123,140
216,123,140
217,122,140
218,122,139
219,122,139
220,122,139
221,122,139
222,121,138
223,121,138
224,121,138
225,121,138
226,120,138
227,120,137
228,120,137
229,119,137
230,119,137
231,119,136
232,119,136
233,118,136
234,118,136
235,118,136
236,118,135
237,117,135
238,117,135
239,117,135
240,116,134
241,116,134
242,116,134
243,116,134
244,115,134
245,115,133
246,115,133
247,114,133
248,114,133
249,114,132
250,113,132
251,113,132
252,113,132
253,112,132
254,112,131
255,112,131
256,111,131
257,111,131
258,111,130
259,110,130
260,110,130
261,110,130
262,109,130
263,109,129
264,108,129
265,108,129
266,108,129
267,108,128
268,108,128
269,107,128
270,107,128
271,107,128
272,107,127
273,107,127
274,107,127
275,107,127
276,107,126
277,106,126
278,106,126
279,107,126
280,107,125
281,107,125
282,107,125
283,107,125
284,107,124
285,108,124
286,108,124
287,108,124
288,108,123
289,109,123
290,109,123
291,109,122
292,110,122
293,110,122
294,110,121
295,111,121
296,112,121
297,112,120
298,114,119
299,116,118
0,0
1,219
100,195,197
101,194,199
102,194,200
103,193,201
104,193,202
105,193,203
106,193,204
107,193,205
108,193,206
109,193,207
110,193,208
111,193,208
112,193,209
113,193,210
114,193,210
115,192,211
116,192,211
117,192,212
118,192,212
119,192,213
120,192,213
121,192,214
122,192,214
123,192,214
124,192,215
125,192,215
126,192,215
127,192,215
128,192,215
129,192,216
130,192,216
131,191,216
132,191,216
133,191,216
134,191,216
135,191,216
136,191,216
137,191,216
138,191,215
139,191,215
140,191,215
141,191,215
142,190,215
143,190,214
144,190,214
145,190,214
146,190,213
147,190,213
148,190,213
149,190,212
150,190,212
151,190,212
152,190,211
153,189,211
154,189,211
155,189,210
156,189,210
157,189,210
158,189,209
159,189,209
160,189,209
161,189,208
162,188,208
163,188,208
164,188,208
165,188,207
166,188,207
167,188,207
168,188,206
169,187,206
170,187,206
171,187,206
172,187,205
173,187,205
174,187,205
175,187,205
176,186,204
177,186,204
178,186,204
179,186,203
180,186,203
181,186,203
182,185,203
183,185,202
184,185,202
185,185,202
186,185,202
187,185,201
188,185,201
189,185,201
190,184,201
191,184,200
192,184,200
193,184,200
194,184,200
195,183,199
196,183,199
197,183,199
198,183,199
199,183,198
200,183,198
201,182,198
202,182,198
203,182,197
204,182,197
205,182,197
206,182,197
207,181,196
208,181,196
209,181,196
210,181,196
211,181,195
212,181,195
213,180,195
214,180,195
215,180,194
216,180,194
217,180,194
218,179,194
219,179,194
220,179,193
221,179,193
222,179,193
223,178,193
224,178,192
225,178,192
226,178,192
227,178,192
228,177,191
229,177,191
230,177,191
231,177,191
232,177,191
233,176,190
234,176,190
235,176,190
236,176,190
237,175,189
238,175,189
239,175,189
240,175,189
241,175,189
242,174,188
243,174,188
244,174,188
245,174,188
246,173,187
247,173,187
248,173,187
249,173,187
250,172,187
251,172,186
252,172,186
253,172,186
254,171,186
255,171,186
256,171,185
257,171,185
258,170,185
259,170,185
260,170,184
261,169,184
262,169,184
263,169,184
264,169,184
265,168,183
266,168,183
267,168,183
268,167,183
269,167,182
270,167,182
271,167,182
272,166,182
273,166,182
274,166,181
275,165,181
276,165,181
277,165,181
278,164,181
279,164,180
280,164,180
281,163,180
282,163,180
283,163,179
284,162,179
285,162,179
286,162,179
287,161,179
288,161,178
289,160,178
290,160,178
291,160,178
292,159,178
293,159,177
294,159,177
295,158,177
296,158,177
297,158,177
298,157,176
299,157,176
300,156,176
301,156,176
302,155,176
303,155,175
304,154,175
305,154,175
306,154,174
307,153,171
308,153,169
309,152,167
310,152,165
311,151,163
312,151,161
313,150,159
314,150,157
315,149,155
316,149,153
317,149,150
318,148,148
0,322
145,327,327
146,322,334
147,319,339
148,318,342
149,317,344
150,317,346
151,316,349
152,316,350
153,316,352
154,315,354
155,315,356
156,314,358
157,314,360
158,313,361
159,313,363
160,312,364
161,312,365
162,311,366
163,311,368
164,310,368
165,310,369
166,309,370
167,309,370
168,308,371
169,308,371
170,307,371
171,307,370
172,306,370
173,306,370
174,306,369
175,305,368
176,313,367
177,314,366
178,315,364
179,315,363
180,315,361
181,315,360
182,315,359
183,315,358
184,315,357
185,315,356
186,315,355
187,314,354
188,314,353
189,314,352
190,314,352
191,314,351
192,314,350
193,313,349
194,313,349
195,313,348
196,313,348
197,313,347
198,313,346
199,312,346
200,312,345
201,312,345
202,312,344
203,312,344
204,312,343
205,311,343
206,311,343
207,311,342
208,311,342
209,311,341
210,311,341
211,311,340
212,310,340
213,310,340
214,310,339
215,310,339
216,310,339
217,310,338
218,310,338
219,310,338
220,309,337
221,309,337
222,309,337
223,309,336
224,309,336
225,309,336
226,309,336
227,309,335
228,308,335
229,308,335
230,308,335
231,308,334
232,308,334
233,308,334
234,308,334
235,308,334
236,308,333
237,308,333
238,307,333
239,307,333
240,307,333
241,307,332
242,307,332
243,307,332
244,307,332
245,307,332
246,307,332
247,307,332
248,307,331
249,307,331
250,307,331
251,306,331
252,306,331
253,306,331
254,306,331
255,306,331
256,306,331
257,306,331
258,306,331
259,306,330
260,306,330
261,306,330
262,306,330
263,306,330
264,306,330
265,306,330
266,306,330
267,306,330
268,306,330
269,306,330
270,306,330
271,306,330
272,306,330
273,306,330
274,306,330
275,306,330
276,306,330
277,306,330
278,306,330
279,306,330
280,306,330
281,306,330
282,306,330
283,306,330
284,306,330
285,306,330
286,306,330
287,306,330
288,306,330
289,306,330
290,306,330
291,306,330
292,306,330
293,307,330
294,307,330
295,307,330
296,307,330
297,307,330
298,307,330
299,307,330
300,307,330
301,307,330
302,307,331
303,307,331
304,307,331
305,308,331
306,308,331
307,308,331
308,308,331
309,308,331
310,308,331
311,308,331
312,308,332
313,309,332
314,309,332
315,309,332
316,309,332
317,309,332
318,309,332
319,309,333
320,310,333
321,310,333
322,310,333
323,310,333
324,310,334
325,310,334
326,311,334
327,311,334
328,311,334
329,311,334
330,311,335
331,312,335
332,312,335
333,312,335
334,312,336
335,312,336
336,313,336
337,313,336
338,313,337
339,313,337
340,314,337
341,314,337
342,314,338
343,314,338
344,315,338
345,315,339
346,315,339
347,315,339
348,316,340
349,316,340
350,316,340
351,316,341
352,317,341
353,317,341
354,317,342
355,318,342
356,318,343
357,318,343
358,318,343
359,319,344
360,319,344
361,319,345
362,320,345
363,320,346
364,320,346
365,321,347
366,321,347
367,321,348
368,322,348
369,322,349
370,323,349
371,323,350
372,323,351
373,324,351
374,324,352
375,325,352
376,325,353
377,325,354
378,326,354
379,326,355
380,327,356
381,327,356
382,328,357
383,328,358
384,329,359
385,329,360
386,330,361
387,330,361
388,331,362
389,331,363
390,332,364
391,332,365
392,333,366
393,333,367
394,334,368
395,334,369
396,335,370
397,336,371
398,336,372
399,337,373
400,338,375
401,338,376
402,339,377
403,340,379
404,340,380
405,341,381
406,342,382
407,343,384
408,343,385
409,344,387
410,345,388
411,346,389
412,347,391
413,348,392
414,348,394
415,349,396
416,350,397
417,351,399
418,352,401
419,353,402
420,354,404
421,355,406
422,356,408
423,357,411
424,359,413
424,359,413
424,440,440
425,360,416
425,439,443
426,361,420
426,437,446
427,362,424
427,424,449
427,362,449
428,363,452
429,365,455
430,366,458
431,367,462
432,368,465
433,370,468
434,371,471
435,373,474
436,374,477
437,376,481
438,377,483
439,379,483
440,381,483
441,382,484
442,384,484
443,386,484
444,388,484
445,389,484
446,391,484
447,394,484
448,396,484
449,398,483
450,400,483
451,403,482
452,405,480
453,408,478
454,410,477
455,413,474
456,417,472
457,420,468
458,425,464
459,431,458
460,444,445
0,74
438,482,482
437,480,482
436,477,482
435,474,481
434,471,481
433,468,480
432,465,480
431,461,479
430,458,479
429,455,478
428,452,478
427,449,478
426,446,477
425,442,477
424,440,476
423,441,476
422,441,476
421,441,475
420,442,475
419,442,474
418,442,474
417,443,474
416,443,473
415,443,473
414,444,473
413,444,472
412,444,472
411,444,471
410,445,471
409,445,471
408,445,470
407,445,470
406,446,470
405,446,469
404,446,469
403,446,469
402,446,468
401,447,468
400,447,467
399,447,467
398,447,467
397,447,466
396,447,466
395,448,466
394,448,465
393,448,465
392,448,465
391,448,465
390,449,464
389,449,464
388,449,464
387,449,463
386,449,463
385,449,463
384,450,462
383,450,462
382,450,462
381,450,461
380,450,461
379,451,461
378,451,461
377,451,460
376,451,460
375,451,460
374,451,459
373,452,459
372,452,459
371,452,459
370,452,458
369,452,458
368,453,458
367,453,457
366,454,457
365,455,456
0,0
0,193
243,90,96
244,88,99
245,87,102
246,86,104
247,86,106
248,86,108
249,87,110
250,87,112
251,88,113
252,88,115
253,89,116
254,89,117
255,90,118
256,90,119
257,91,119
258,91,120
259,91,120
260,92,121
261,92,121
262,93,121
263,93,121
264,93,121
265,94,121
266,94,121
267,94,121
268,95,121
269,95,121
270,95,121
271,95,120
272,95,120
273,96,120
274,96,120
275,96,120
276,96,120
277,96,120
278,96,120
279,96,120
280,96,120
281,97,120
282,97,120
283,97,120
284,97,120
285,97,120
286,97,120
287,97,120
288,97,120
289,97,120
290,97,120
291,97,120
292,98,120
293,98,119
294,98,119
295,98,119
296,98,119
297,98,119
298,98,119
299,98,119
300,98,119
301,98,119
302,98,119
303,98,119
304,98,119
305,98,119
306,98,119
307,98,119
308,99,119
309,99,119
310,99,119
311,99,120
312,99,120
313,99,120
314,99,120
315,99,120
316,99,120
317,99,120
318,99,120
319,99,120
320,99,120
321,99,120
322,99,120
323,99,120
324,99,120
325,99,120
326,99,120
327,99,120
328,99,120
329,99,120
330,99,120
331,99,120
332,99,120
333,99,120
334,99,120
335,99,120
336,99,120
337,99,120
338,99,120
339,99,120
340,99,120
341,99,120
342,99,120
343,99,120
344,99,120
345,99,120
346,99,120
347,99,120
348,99,120
349,99,120
350,99,120
351,99,120
352,99,120
353,99,120
354,99,120
355,99,120
356,98,120
357,98,120
358,98,120
359,98,120
360,98,120
361,98,120
362,98,120
363,98,120
364,98,120
365,98,120
366,97,120
367,97,120
368,97,120
369,97,120
370,97,120
371,97,120
372,97,120
373,96,120
374,96,120
375,96,120
376,96,120
377,96,120
378,95,120
379,95,120
380,95,120
381,95,120
382,95,120
383,94,120
384,94,120
385,94,120
386,94,120
387,93,120
388,93,120
389,93,120
390,93,120
391,92,120
392,92,120
393,92,120
394,92,120
395,91,120
396,91,119
397,91,119
398,91,119
399,91,119
400,91,119
401,91,119
402,90,119
403,90,119
404,90,119
405,91,118
406,91,118
407,91,118
408,91,118
409,91,118
410,91,118
411,91,118
412,91,117
413,91,117
414,92,117
415,92,117
416,92,117
417,93,116
418,93,116
419,93,116
420,94,116
421,94,116
422,94,115
423,95,115
424,95,115
425,96,114
426,96,114
427,97,113
428,97,113
429,98,112
430,99,112
431,99,111
432,100,111
433,101,110
434,102,109
435,105,106
0,0
1,188
98,255,257
99,254,259
100,253,260
101,253,261
102,253,262
103,253,262
104,253,263
105,253,264
106,252,265
107,252,265
108,252,266
109,252,266
110,252,267
111,252,267
112,252,267
113,252,268
114,252,268
115,252,268
116,252,268
117,252,268
118,252,269
119,252,268
120,251,268
121,251,268
122,251,268
123,251,268
124,251,268
125,251,268
126,251,268
127,251,268
128,250,267
129,250,267
130,250,267
131,250,267
132,250,267
133,250,267
134,249,266
135,249,266
136,249,266
137,249,266
138,249,265
139,249,265
140,248,265
141,248,265
142,248,264
143,248,264
144,248,264
145,248,263
146,247,263
147,247,263
148,247,263
149,247,262
150,247,262
151,246,262
152,246,262
153,246,261
154,246,261
155,246,261
156,246,261
157,245,261
158,245,260
159,245,260
160,245,260
161,245,260
162,244,260
163,244,259
164,244,259
165,244,259
166,244,259
167,243,258
168,243,258
169,243,258
170,243,258
171,243,258
172,242,257
173,242,257
174,242,257
175,242,257
176,242,256
177,241,256
178,241,256
179,241,256
180,241,256
181,240,255
182,240,255
183,240,255
184,240,255
185,239,255
186,239,254
187,239,254
188,239,254
189,239,254
190,238,254
191,238,253
192,238,253
193,238,253
194,237,253
195,237,253
196,237,252
197,237,252
198,236,252
199,236,252
200,236,251
201,236,251
202,235,251
203,235,251
204,235,251
205,234,251
206,234,250
207,234,250
208,233,250
209,233,250
210,233,250
211,233,250
212,232,249
213,232,249
214,232,249
215,231,248
216,231,248
217,231,248
218,230,248
219,230,248
220,230,248
221,229,248
222,229,248
223,229,248
224,228,248
225,228,248
226,228,248
227,227,248
228,227,248
229,226,248
230,226,248
231,226,248
232,225,248
233,225,248
234,225,248
235,224,248
236,224,248
237,224,248
238,224,249
239,223,249
240,224,249
241,224,250
242,224,251
243,224,252
244,224,252
245,224,253
246,225,254
247,225,255
248,225,256
249,226,257
250,226,258
251,226,259
252,227,260
253,227,261
254,228,262
255,228,263
256,228,264
257,229,265
258,229,266
259,230,267
260,230,268
261,231,269
262,231,270
263,232,270
264,232,271
265,233,272
266,233,273
267,234,274
268,235,275
269,235,276
270,236,277
271,236,278
272,237,279
273,238,280
274,238,281
275,239,279
275,281,281
276,240,270
277,241,267
278,242,264
279,242,262
280,243,260
281,245,259
282,246,257
283,248,254
283,250,254
0,207
251,242,242
252,243,244
253,243,245
254,244,246
255,244,247
256,244,248
257,244,249
258,245,250
259,245,251
260,245,252
261,245,253
262,245,254
263,245,255
264,246,256
265,246,257
266,246,258
267,246,259
268,246,260
269,246,261
270,246,262
271,246,264
272,246,265
273,246,266
274,246,267
275,246,268
276,246,269
277,247,270
278,247,271
279,247,272
280,247,273
281,247,274
282,247,275
283,247,275
284,247,275
285,247,275
286,247,275
287,247,275
288,247,275
289,247,275
290,247,275
291,247,275
292,247,275
293,247,275
294,247,275
295,247,275
296,247,275
297,247,275
298,247,275
299,247,275
300,247,275
301,247,275
302,248,275
303,248,275
304,248,275
305,248,275
306,248,275
307,248,275
308,248,275
309,248,275
310,248,275
311,248,275
312,248,275
313,248,275
314,248,275
315,248,275
316,248,275
317,248,275
318,248,275
319,248,275
320,248,275
321,248,275
322,248,275
323,248,275
324,248,275
325,248,275
326,248,275
327,248,275
328,248,275
329,248,275
330,248,275
331,248,275
332,248,275
333,248,275
334,248,275
335,248,275
336,248,275
337,248,275
338,248,275
339,248,275
340,248,275
341,248,275
342,248,275
343,248,275
344,248,275
345,248,275
346,248,275
347,248,275
348,248,276
349,248,276
350,247,276
351,247,276
352,247,276
353,247,276
354,247,276
355,247,276
356,247,276
357,247,276
358,247,276
359,247,276
360,247,276
361,247,276
362,247,276
363,247,276
364,247,276
365,247,276
366,247,276
367,247,276
368,247,276
369,247,276
370,247,276
371,247,276
372,247,276
373,247,276
374,247,276
375,247,276
376,247,276
377,247,276
378,246,276
379,246,276
380,246,276
381,246,276
382,246,276
383,246,276
384,246,276
385,246,276
386,246,276
387,246,276
388,246,277
389,246,277
390,246,277
391,246,277
392,246,277
393,246,277
394,246,277
395,246,277
396,245,277
397,245,277
398,245,277
399,245,277
400,244,277
401,244,277
401,236,236
401,244,277
402,233,238
402,238,277
402,233,277
403,231,277
404,230,277
405,229,277
406,229,277
407,228,277
408,228,277
409,228,277
410,228,277
411,229,276
412,229,276
413,229,276
414,230,276
415,230,276
416,231,276
417,232,276
418,232,276
419,233,275
420,233,275
421,234,275
422,234,275
423,235,275
424,235,274
425,236,274
426,236,274
427,237,274
428,237,273
429,238,273
430,238,273
431,239,272
432,240,272
433,240,272
434,241,271
435,241,271
436,242,270
437,243,270
438,243,269
439,244,269
440,244,268
441,245,268
442,245,267
443,246,267
444,246,266
445,247,265
446,248,265
447,248,264
448,249,263
449,250,263
450,251,262
451,252,261
452,253,259
453,257,257
0,0
1,100
129,307,308
130,307,309
131,306,310
132,306,310
133,305,311
134,305,311
135,305,312
136,304,312
137,304,313
138,304,313
139,304,313
140,304,314
141,304,314
142,303,314
143,303,314
144,303,315
145,303,315
146,303,315
147,303,315
148,302,315
149,302,315
150,302,315
151,302,315
152,302,316
153,302,315
154,301,315
155,301,315
156,301,315
157,301,315
158,300,315
159,300,315
160,300,315
161,300,315
162,299,314
163,299,314
164,299,314
165,299,314
166,298,313
167,298,313
168,298,313
169,298,313
170,297,312
171,297,312
172,297,312
173,296,311
174,296,311
175,296,311
176,295,311
177,295,310
178,295,310
179,294,310
180,294,310
181,294,309
182,294,309
183,293,309
184,293,309
185,292,308
186,292,308
187,292,308
188,291,308
189,291,307
190,291,307
191,290,307
192,290,307
193,290,306
194,289,306
195,289,306
196,288,305
197,288,305
198,288,305
199,287,305
200,287,304
201,287,304
202,286,304
203,286,304
204,286,303
205,286,303
206,286,303
207,286,303
208,285,302
209,285,302
210,285,302
211,285,302
212,285,301
213,286,301
214,286,301
215,286,300
216,286,300
217,286,300
218,286,300
219,287,299
220,287,299
221,287,299
222,287,298
223,288,298
224,288,298
225,289,297
226,289,297
227,290,296
228,291,295
0,0
0,129
255,165,169
256,162,173
257,162,176
258,162,178
259,162,180
260,162,182
261,162,184
262,163,185
263,163,187
264,164,188
265,165,190
266,165,191
267,165,192
268,166,192
269,166,193
270,166,193
271,167,194
272,167,194
273,167,194
274,167,193
275,168,193
276,168,193
277,168,192
278,168,192
279,168,192
280,168,192
281,168,191
282,168,191
283,168,191
284,168,191
285,168,190
286,168,190
287,168,190
288,168,190
289,168,190
290,168,190
291,168,189
292,168,189
293,168,189
294,168,189
295,168,189
296,168,189
297,168,189
298,168,189
299,167,188
300,167,188
301,167,188
302,167,188
303,167,188
304,167,187
305,167,187
306,167,187
307,167,187
308,167,187
309,167,187
310,167,186
311,166,186
312,166,186
313,166,186
314,166,186
315,166,185
316,166,185
317,166,185
318,165,185
319,165,185
320,165,184
321,165,184
322,165,184
323,164,184
324,164,184
325,164,183
326,164,183
327,163,183
328,163,182
329,163,182
330,162,182
331,162,182
332,162,181
333,162,181
334,161,181
335,161,180
336,161,180
337,160,180
338,160,179
339,160,179
340,159,179
341,159,178
342,158,178
343,158,177
344,157,177
345,157,177
346,156,176
347,156,176
348,155,175
349,155,174
350,154,174
351,154,173
352,153,173
353,153,172
354,152,172
355,151,171
356,151,170
357,150,170
358,149,169
359,149,168
360,148,167
361,147,166
362,146,166
363,145,165
364,144,164
365,143,163
366,142,162
367,141,161
368,140,159
369,139,158
370,138,157
371,137,156
372,136,154
373,135,153
374,134,152
375,133,150
376,131,148
377,130,147
378,129,145
379,129,143
380,128,142
381,128,139
382,128,137
383,131,132
0,0
1,57
175,326,329
176,325,332
177,324,333
178,325,334
179,325,334
180,326,335
181,326,336
182,326,337
183,327,338
184,327,339
185,327,340
186,327,340
187,328,341
188,328,342
189,328,343
190,329,344
191,329,345
192,330,346
193,330,346
194,330,347
195,331,348
196,331,349
197,331,350
198,332,351
199,332,352
200,332,353
201,333,354
202,333,355
203,334,356
204,334,357
205,334,357
206,335,358
207,335,359
208,336,360
209,336,361
210,336,362
211,337,363
212,337,364
213,338,365
214,338,366
215,339,367
216,339,368
217,340,369
218,341,370
219,341,371
220,342,371
221,342,372
222,343,372
223,344,372
224,346,372
225,347,373
226,349,372
227,350,372
228,353,371
229,355,370
230,358,369
231,362,367
0,0
1,137
102,407,409
103,406,410
104,406,411
105,406,412
106,406,413
107,405,414
108,405,414
109,405,414
110,405,415
111,405,415
112,405,415
113,405,415
114,405,415
115,404,415
116,404,415
117,404,415
118,404,416
119,404,416
120,404,416
121,404,416
122,404,416
123,403,416
124,403,416
125,403,416
126,403,416
127,403,415
128,403,415
129,403,415
130,402,415
131,402,415
132,402,415
133,402,415
134,402,415
135,402,415
136,402,415
137,402,415
138,401,415
139,401,415
140,401,415
141,401,415
142,401,415
143,401,415
144,401,415
145,400,414
146,400,414
147,400,414
148,400,414
149,400,414
150,400,414
151,400,414
152,399,414
153,399,414
154,399,414
155,399,414
156,399,413
157,399,413
158,399,413
159,398,413
160,398,413
161,398,413
162,398,413
163,398,413
164,398,413
165,398,413
166,397,413
167,397,412
168,397,412
169,397,412
170,397,412
171,397,412
172,396,412
173,396,412
174,396,412
175,396,412
176,396,412
177,396,412
178,396,412
179,395,412
180,395,411
181,395,411
182,395,411
183,395,411
184,395,411
185,394,411
186,394,411
187,394,411
188,394,411
189,394,411
190,394,411
191,394,410
192,393,410
193,393,410
194,393,410
195,393,410
196,393,410
197,393,410
198,393,410
199,393,410
200,393,410
201,392,410
202,392,410
203,392,410
204,392,410
205,392,409
206,392,409
207,392,409
208,392,409
209,392,409
210,391,409
211,392,409
212,392,409
213,392,409
214,392,409
215,392,409
216,392,409
217,392,409
218,392,409
219,392,409
220,393,408
221,393,408
222,393,408
223,393,408
224,393,408
225,394,408
226,394,408
227,394,408
228,395,408
229,395,408
230,396,408
231,396,408
232,397,408
233,398,407
234,398,407
235,400,407
236,401,406
237,403,406
237,403,403
0,0
