0,70
55,119,123
56,117,128
57,116,131
58,116,134
59,115,137
60,115,139
61,115,142
62,115,145
63,115,147
64,115,150
65,116,152
66,116,154
67,116,156
68,117,159
69,117,161
70,118,163
71,119,165
72,119,167
73,120,169
74,121,170
75,122,172
76,123,173
77,124,175
78,125,176
79,126,177
80,127,178
81,128,179
82,129,180
83,130,181
84,131,182
85,132,182
86,133,183
87,134,184
88,135,184
89,136,185
90,137,185
91,138,185
92,139,186
93,140,186
94,141,186
95,141,186
96,143,186
97,143,186
98,144,187
99,145,187
100,146,187
101,147,187
102,148,187
103,149,187
104,150,187
105,151,187
106,152,187
107,153,187
108,154,187
109,155,187
110,155,187
111,156,187
112,157,187
113,158,187
114,159,187
115,160,186
116,161,186
117,162,186
118,163,185
119,164,185
120,165,184
121,167,183
122,168,182
123,170,178
124,175,175
0,0
0,59
153,72,77
154,68,83
155,67,86
156,67,90
157,67,94
158,67,97
159,67,101
160,67,104
161,67,107
162,67,109
163,68,112
164,68,114
165,68,116
166,69,117
167,70,119
168,70,121
169,71,123
170,72,124
171,73,126
172,74,127
173,75,128
174,76,130
175,77,131
176,78,132
177,79,133
178,81,133
179,82,134
180,83,135
181,84,135
182,85,136
183,86,136
184,87,137
185,88,137
186,89,138
187,90,138
188,91,138
189,92,139
190,94,139
191,95,139
192,96,139
193,97,139
194,98,139
195,100,139
196,101,139
197,102,140
198,103,139
199,105,139
200,106,139
201,107,139
202,109,139
203,110,138
204,112,138
205,114,138
206,115,137
207,117,136
208,120,136
209,122,135
210,125,133
211,130,130
0,0
0,169
412,97,101
411,94,103
410,92,104
409,90,104
408,89,105
407,88,105
406,87,105
405,86,106
404,85,106
403,84,106
402,84,106
401,83,106
400,83,106
399,82,107
398,81,107
397,81,107
396,80,107
395,80,107
394,79,107
393,79,108
392,79,108
391,78,108
390,78,108
389,77,108
388,77,109
387,76,109
386,76,109
385,76,109
384,75,110
383,75,110
382,74,110
381,74,110
380,74,111
379,73,111
378,73,111
377,73,112
376,72,112
375,72,112
374,72,113
373,72,113
372,71,113
371,71,114
370,71,114
369,70,114
368,70,114
367,70,115
366,70,115
365,69,115
364,69,116
363,69,116
362,69,116
361,69,117
360,69,117
359,69,118
358,69,118
357,69,118
356,69,119
355,69,119
354,69,119
353,69,120
352,69,120
351,70,120
350,71,121
349,73,121
348,74,122
347,76,122
346,77,122
345,78,123
344,79,123
343,80,124
342,82,124
341,83,124
340,84,125
339,85,125
338,86,126
337,87,126
336,87,126
335,88,127
334,89,127
333,90,127
332,91,128
331,92,128
330,92,129
329,93,129
328,94,129
327,95,130
326,96,130
325,96,130
324,97,131
323,98,131
322,99,132
321,99,132
320,100,132
319,101,133
318,101,133
317,102,134
316,103,134
315,103,134
314,104,135
313,105,135
312,105,136
311,106,136
310,107,136
309,108,137
308,108,137
307,109,138
306,110,138
305,110,138
304,111,139
303,112,139
302,112,140
301,113,140
300,114,140
299,114,141
298,115,141
297,116,141
296,117,142
295,117,142
294,118,143
293,119,143
292,119,143
291,120,144
290,120,144
289,121,145
288,122,145
287,123,145
286,123,146
285,124,146
284,125,147
283,125,147
282,126,147
281,127,148
280,127,148
279,128,149
278,129,149
277,130,149
276,130,150
275,131,150
274,132,150
273,132,151
272,133,151
271,134,152
270,134,152
269,135,153
268,136,153
267,137,153
266,137,154
265,138,154
264,138,155
263,139,155
262,140,155
261,141,156
260,141,156
259,142,157
258,143,157
257,143,157
256,144,158
255,145,158
254,146,159
253,147,159
252,147,159
251,148,159
250,149,160
249,150,160
248,151,160
247,152,160
246,154,160
245,156,160
244,158,159
0,0
1,291
164,212,215
165,211,216
166,211,217
167,211,218
168,210,219
169,210,220
170,210,221
171,210,222
172,210,222
173,210,223
174,209,224
175,209,224
176,209,225
177,209,226
178,209,226
179,209,226
180,209,227
181,208,227
182,208,228
183,208,228
184,208,228
185,208,228
186,208,229
187,208,229
188,207,229
189,207,229
190,207,229
191,207,229
192,207,230
193,207,230
194,206,230
195,206,230
196,206,230
197,206,230
198,206,230
199,206,229
200,206,229
201,205,229
202,205,229
203,205,229
204,205,228
205,205,228
206,205,228
207,204,228
208,204,227
209,204,227
210,204,227
211,204,226
212,204,226
213,204,226
214,203,226
215,203,225
216,203,225
217,203,225
218,203,225
219,203,224
220,203,224
221,202,224
222,202,224
223,202,223
224,202,223
225,202,223
226,202,223
227,201,222
228,201,222
229,201,222
230,201,222
231,201,221
232,201,221
233,201,221
234,200,221
235,200,220
236,200,220
237,200,220
238,200,220
239,200,220
240,200,219
241,199,219
242,199,219
243,199,219
244,199,218
245,199,218
246,199,218
247,198,218
248,198,218
249,198,217
250,198,217
251,198,217
252,198,217
253,198,217
254,197,216
255,197,216
256,197,216
257,197,216
258,197,216
259,197,215
260,196,215
261,196,215
262,196,215
263,196,215
264,196,215
265,196,214
266,195,214
267,195,214
268,195,214
269,195,214
270,195,213
271,195,213
272,195,213
273,194,213
274,194,213
275,194,213
276,194,212
277,194,212
278,194,212
279,193,212
280,193,212
281,193,212
282,193,211
283,193,211
284,193,211
285,193,211
286,192,211
287,192,211
288,192,211
289,192,210
290,192,210
291,192,210
292,191,210
293,191,210
294,191,210
295,191,210
296,191,209
297,191,209
298,190,209
299,190,209
300,190,209
301,190,209
302,190,209
303,190,208
304,189,208
305,189,208
306,189,208
307,189,208
308,189,208
309,189,208
310,188,208
311,188,207
312,188,207
313,188,207
314,188,207
315,188,207
316,187,207
317,187,207
318,187,207
319,187,207
320,187,206
321,187,206
322,186,206
323,186,206
324,186,206
325,186,206
326,186,206
327,185,206
328,185,206
329,185,206
330,185,206
331,185,205
332,185,205
333,184,205
334,184,205
335,184,205
336,184,205
337,184,205
338,184,205
339,183,205
340,183,205
341,183,205
342,183,205
343,183,204
344,183,204
345,182,204
346,182,204
347,182,204
348,182,204
349,182,204
350,181,204
351,181,204
352,181,204
353,181,204
354,181,204
355,180,204
356,180,204
357,180,204
358,180,204
359,180,204
360,179,203
361,179,203
362,179,203
363,179,203
364,179,203
365,178,203
366,178,203
367,178,203
368,178,203
369,178,203
370,177,203
371,177,203
372,177,203
373,177,203
374,177,203
375,176,203
376,176,203
377,176,203
378,176,203
379,176,203
380,175,203
381,175,203
382,175,203
383,175,203
384,175,203
385,174,203
386,174,203
387,174,203
388,174,203
389,173,203
390,173,203
391,173,203
392,173,203
393,173,203
394,172,203
395,172,203
396,172,203
397,172,203
398,172,203
399,171,203
400,171,203
401,171,203
402,171,203
403,170,203
404,170,203
405,170,203
406,170,203
407,170,203
408,170,203
409,170,203
410,170,203
411,170,203
412,169,203
413,170,203
414,170,202
415,170,202
416,170,202
417,170,202
418,170,202
419,171,202
420,171,202
421,171,202
422,172,202
423,172,202
424,172,202
425,173,202
426,173,202
427,173,202
428,174,202
429,174,202
430,175,202
431,175,202
432,176,202
433,176,202
434,177,202
435,177,202
436,178,202
437,178,202
438,179,202
439,180,202
440,180,202
441,181,202
442,182,202
443,182,202
444,183,202
445,184,201
446,185,201
447,185,201
448,186,201
449,187,201
450,188,200
451,189,200
452,190,199
453,191,198
454,194,197
0,0
0,417
33,291,291
34,285,295
35,283,298
36,281,301
37,280,303
38,278,305
39,277,307
40,277,308
41,276,310
42,276,312
43,276,313
44,276,315
45,276,316
46,276,318
47,277,319
48,277,320
49,278,322
50,278,323
51,279,323
52,279,324
53,280,325
54,280,326
55,281,326
56,282,327
57,282,327
58,283,327
59,283,327
60,284,327
61,284,328
62,285,327
63,286,327
64,286,327
65,287,327
66,287,327
67,287,327
68,288,327
69,288,326
70,288,326
71,288,326
72,289,326
73,289,326
74,289,325
75,289,325
76,289,325
77,290,325
78,290,325
79,290,325
80,290,324
81,290,324
82,290,324
83,290,324
84,290,324
85,291,324
86,291,323
87,291,323
88,291,323
89,291,323
90,291,323
91,291,323
92,291,323
93,291,323
94,291,322
95,291,322
96,291,322
97,292,322
98,292,322
99,292,322
100,292,322
101,292,322
102,292,322
103,292,322
104,292,322
105,292,322
106,292,322
107,292,322
108,292,322
109,292,322
110,292,322
111,292,322
112,292,322
113,292,322
114,292,322
115,292,322
116,292,321
117,292,321
118,292,321
119,292,321
120,292,321
121,293,321
122,293,321
123,293,321
124,293,321
125,293,321
126,293,321
127,293,321
128,293,321
129,293,321
130,293,321
131,293,321
132,293,321
133,293,321
134,293,321
135,293,321
136,293,321
137,293,321
138,293,321
139,293,321
140,293,321
141,293,321
142,293,321
143,293,321
144,293,321
145,293,321
146,293,321
147,293,321
148,293,321
149,293,321
150,293,321
151,293,321
152,293,321
153,293,321
154,293,321
155,293,321
156,293,321
157,293,321
158,293,321
159,293,321
160,293,321
161,293,321
162,293,321
163,293,321
164,293,321
165,293,321
166,293,321
167,293,320
168,293,320
169,293,320
170,293,320
171,293,320
172,293,320
173,293,320
174,293,320
175,293,320
176,293,320
177,293,320
178,293,320
179,293,320
180,293,320
181,293,320
182,293,320
183,293,320
184,293,320
185,293,320
186,293,320
187,293,320
188,293,320
189,293,320
190,293,320
191,293,320
192,293,320
193,293,320
194,293,320
195,293,320
196,293,320
197,293,320
198,293,320
199,293,320
200,293,320
201,293,320
202,293,320
203,293,320
204,293,320
205,293,320
206,293,320
207,293,320
208,293,320
209,293,320
210,293,320
211,293,320
212,293,320
213,293,320
214,293,320
215,293,320
216,293,320
217,293,320
218,292,320
219,292,320
220,292,320
221,292,320
222,292,320
223,292,320
224,292,320
225,292,320
226,292,320
227,292,320
228,292,320
229,292,320
230,292,320
231,292,320
232,292,320
233,292,320
234,292,320
235,292,320
236,292,320
237,292,320
238,292,320
239,292,320
240,292,320
241,292,320
242,292,320
243,292,320
244,292,320
245,292,320
246,292,320
247,292,320
248,292,320
249,292,320
250,292,320
251,292,320
252,292,320
253,292,320
254,292,320
255,292,320
256,292,320
257,292,320
258,292,320
259,292,320
260,292,320
261,292,320
262,292,320
263,292,320
264,292,320
265,292,320
266,292,320
267,292,320
268,292,320
269,292,320
270,292,320
271,292,320
272,292,320
273,292,320
274,292,320
275,292,320
276,292,320
277,292,320
278,292,320
279,292,320
280,291,320
281,291,320
282,291,320
283,291,320
284,291,320
285,291,320
286,291,320
287,291,320
288,291,320
289,291,320
290,291,320
291,291,320
292,291,320
293,291,320
294,291,320
295,291,320
296,291,320
297,291,320
298,291,320
299,291,321
300,291,321
301,291,321
302,291,321
303,291,321
304,291,321
305,291,321
306,291,321
307,291,321
308,291,321
309,291,321
310,291,321
311,291,321
312,291,321
313,291,321
314,291,321
315,291,321
316,291,321
317,291,321
318,291,321
319,291,321
320,291,321
321,291,321
322,291,321
323,291,321
324,291,321
325,291,322
326,291,322
327,291,322
328,291,322
329,291,322
330,291,322
331,291,322
332,291,322
333,291,322
334,290,322
335,290,322
336,290,322
337,290,322
338,290,322
339,290,322
340,290,322
341,290,322
342,290,322
343,290,322
344,290,322
345,290,322
346,290,322
347,290,322
348,290,322
349,290,322
350,290,322
351,290,322
352,290,322
353,290,322
354,290,322
355,290,322
356,290,322
357,290,322
358,290,322
359,290,322
360,290,322
361,290,322
362,290,322
363,290,322
364,290,321
365,290,321
366,290,321
367,290,321
368,290,321
369,290,321
370,290,321
371,290,321
372,290,321
373,290,321
374,290,321
375,290,321
376,290,321
377,290,321
378,290,321
379,290,321
380,290,321
381,290,321
382,290,321
383,290,320
384,290,320
385,290,320
386,290,320
387,290,320
388,290,320
389,290,320
390,290,320
391,291,320
392,291,320
393,291,320
394,291,320
395,291,320
396,291,320
397,291,319
398,291,319
399,291,319
400,291,319
401,291,319
402,291,319
403,291,319
404,291,319
405,291,319
406,291,319
407,291,319
408,291,318
409,291,318
410,291,318
411,291,318
412,291,318
413,291,318
414,291,318
415,291,318
416,291,318
417,291,318
418,291,318
419,292,318
420,292,317
421,292,317
422,292,317
423,292,317
424,292,317
425,292,317
426,292,317
427,292,317
428,293,316
429,293,316
430,293,316
431,293,316
432,293,316
433,294,315
434,294,315
435,294,315
436,295,315
437,295,314
438,295,314
439,296,314
440,296,313
441,297,313
442,297,312
443,298,312
444,298,311
445,299,310
446,299,309
447,300,308
448,302,307
449,305,305
0,0
