0,59
80,93,93
81,88,98
82,87,103
83,87,107
84,86,111
85,86,114
86,86,117
87,86,120
88,86,123
89,86,126
90,87,128
91,87,131
92,87,133
93,88,135
94,88,137
95,89,138
96,90,140
97,91,141
98,91,142
99,92,143
100,93,144
101,94,145
102,95,145
103,96,146
104,98,146
105,99,147
106,100,147
107,101,148
108,102,148
109,103,148
110,104,148
111,105,148
112,106,149
113,107,149
114,108,149
115,109,149
116,110,149
117,111,150
118,112,150
119,113,150
120,114,150
121,115,150
122,116,150
123,116,150
124,117,150
125,118,150
126,119,150
127,120,150
128,121,149
129,122,149
130,123,149
131,124,148
132,125,148
133,126,147
134,127,147
135,129,146
136,130,145
137,133,143
138,137,139
0,0
0,59
174,41,41
175,38,47
176,37,51
177,36,54
178,36,57
179,35,61
180,35,64
181,35,68
182,35,71
183,36,73
184,36,75
185,36,77
186,36,79
187,37,81
188,37,82
189,38,84
190,38,85
191,39,86
192,40,88
193,41,89
194,41,89
195,42,90
196,43,91
197,44,92
198,45,93
199,46,93
200,47,94
201,48,94
202,48,95
203,49,95
204,50,95
205,51,96
206,52,96
207,52,96
208,53,97
209,54,97
210,55,97
211,56,97
212,57,97
213,57,97
214,58,97
215,59,97
216,60,97
217,61,97
218,62,97
219,63,97
220,64,97
221,65,97
222,66,96
223,68,96
224,69,96
225,71,95
226,72,95
227,74,94
228,76,93
229,78,92
230,80,91
231,82,90
232,86,86
0,0
0,196
429,78,78
428,74,82
427,72,83
426,70,84
425,68,84
424,67,85
423,66,85
422,65,85
421,64,85
420,63,86
419,63,86
418,62,86
417,61,86
416,61,86
415,60,86
414,59,86
413,59,86
412,58,86
411,58,86
410,57,86
409,57,86
408,56,87
407,56,87
406,55,87
405,55,87
404,54,87
403,54,88
402,53,88
401,53,88
400,52,88
399,52,88
398,52,89
397,51,89
396,51,89
395,50,89
394,50,90
393,49,90
392,49,90
391,49,90
390,48,91
389,48,91
388,48,91
387,47,91
386,47,92
385,47,92
384,46,92
383,46,92
382,46,93
381,46,93
380,45,93
379,45,94
378,45,94
377,45,94
376,45,94
375,44,95
374,44,95
373,44,95
372,44,96
371,44,96
370,44,96
369,45,97
368,45,97
367,46,97
366,46,98
365,48,98
364,50,98
363,51,98
362,52,99
361,53,99
360,54,99
359,55,100
358,56,100
357,57,100
356,58,101
355,59,101
354,60,101
353,61,102
352,61,102
351,62,102
350,63,103
349,64,103
348,65,104
347,65,104
346,66,104
345,67,104
344,67,105
343,68,105
342,69,106
341,70,106
340,70,106
339,71,107
338,72,107
337,72,107
336,73,108
335,74,108
334,74,108
333,75,109
332,75,109
331,76,109
330,77,110
329,77,110
328,78,110
327,79,111
326,79,111
325,80,111
324,80,112
323,81,112
322,81,112
321,82,113
320,83,113
319,83,114
318,84,114
317,84,114
316,85,115
315,85,115
314,86,115
313,87,116
312,87,116
311,88,116
310,88,117
309,89,117
308,89,117
307,90,118
306,91,118
305,91,118
304,92,119
303,92,119
302,93,119
301,94,120
300,94,120
299,95,121
298,95,121
297,96,121
296,96,122
295,97,122
294,98,122
293,98,123
292,99,123
291,99,123
290,100,124
289,101,124
288,101,124
287,102,125
286,102,125
285,103,125
284,103,126
283,104,126
282,105,126
281,105,127
280,106,127
279,106,127
278,107,128
277,107,128
276,108,128
275,109,129
274,109,129
273,110,129
272,110,130
271,111,130
270,111,131
269,112,131
268,113,131
267,113,132
266,114,132
265,114,132
264,115,133
263,116,133
262,116,133
261,117,134
260,117,134
259,118,134
258,119,135
257,119,135
256,120,135
255,120,136
254,121,136
253,121,137
252,122,137
251,123,137
250,123,138
249,124,138
248,124,138
247,125,139
246,126,139
245,127,139
244,127,140
243,128,140
242,129,140
241,130,140
240,131,141
239,132,141
238,133,141
237,134,141
236,135,140
235,136,140
234,139,139
0,0
0,125
105,184,191
106,180,196
107,179,201
108,179,205
109,179,208
110,179,211
111,179,213
112,179,214
113,179,215
114,180,216
115,180,217
116,180,217
117,181,218
118,182,218
119,182,218
120,182,218
121,183,219
122,184,219
123,184,219
124,184,219
125,185,219
126,185,219
127,186,219
128,186,219
129,187,219
130,187,220
131,188,220
132,188,220
133,189,220
134,189,220
135,189,220
136,190,220
137,190,220
138,191,221
139,191,221
140,191,221
141,192,221
142,192,221
143,193,221
144,193,222
145,193,222
146,194,222
147,194,222
148,194,222
149,195,222
150,195,223
151,195,223
152,196,223
153,196,223
154,196,223
155,197,224
156,197,224
157,197,224
158,198,224
159,198,224
160,198,224
161,198,225
162,199,225
163,199,225
164,199,225
165,200,225
166,200,225
167,200,226
168,200,226
169,201,226
170,201,226
171,201,226
172,201,227
173,202,227
174,202,227
175,202,227
176,202,227
177,202,227
178,203,228
179,203,228
180,203,228
181,203,228
182,203,228
183,204,228
184,204,229
185,204,229
186,204,229
187,204,229
188,205,229
189,205,229
190,205,230
191,205,230
192,205,230
193,206,230
194,206,230
195,206,230
196,206,230
197,207,231
198,207,231
199,207,231
200,207,231
201,208,231
202,208,231
203,208,231
204,209,231
205,209,231
206,209,231
207,210,232
208,210,232
209,210,232
210,211,232
211,211,232
212,212,232
213,212,232
214,212,232
215,213,232
216,213,232
217,214,232
218,215,232
219,215,232
220,216,232
221,217,231
222,217,231
223,218,231
224,219,231
225,220,231
226,221,230
227,222,230
228,224,229
229,225,228
0,0
1,141
188,113,117
189,113,118
190,112,119
191,112,120
192,111,121
193,111,121
194,111,122
195,111,122
196,111,123
197,111,123
198,111,124
199,111,124
200,110,124
201,110,125
202,110,125
203,110,125
204,110,126
205,110,126
206,110,126
207,110,126
208,109,126
209,109,127
210,109,126
211,109,126
212,109,126
213,109,126
214,109,126
215,108,126
216,108,126
217,108,125
218,108,125
219,108,125
220,108,125
221,108,125
222,107,125
223,107,124
224,107,124
225,107,124
226,107,124
227,107,123
228,106,123
229,106,123
230,106,122
231,106,122
232,106,122
233,106,122
234,105,122
235,105,121
236,105,121
237,105,121
238,105,121
239,104,121
240,104,120
241,104,120
242,104,120
243,104,120
244,103,119
245,103,119
246,103,119
247,103,119
248,103,119
249,102,118
250,102,118
251,102,118
252,102,118
253,102,118
254,101,117
255,101,117
256,101,117
257,101,117
258,101,117
259,100,116
260,100,116
261,100,116
262,100,116
263,99,116
264,99,115
265,99,115
266,99,115
267,98,115
268,98,115
269,98,114
270,98,114
271,97,114
272,97,114
273,97,114
274,97,113
275,96,113
276,96,113
277,96,113
278,95,113
279,95,112
280,95,112
281,95,112
282,94,112
283,94,112
284,94,111
285,93,111
286,93,111
287,93,111
288,92,110
289,92,110
290,92,110
291,91,110
292,91,110
293,91,109
294,90,109
295,90,109
296,90,109
297,89,109
298,89,108
299,89,108
300,88,108
301,88,108
302,88,107
303,87,107
304,87,107
305,87,107
306,86,107
307,86,107
308,85,106
309,85,106
310,85,106
311,84,106
312,84,106
313,83,106
314,83,106
315,83,106
316,82,106
317,82,106
318,81,106
319,81,106
320,81,106
321,80,106
322,82,106
323,87,106
324,91,106
325,96,107
326,100,107
327,105,108
327,106,108
0,122
78,332,332
79,324,337
80,321,341
81,321,345
82,321,348
83,322,350
84,322,352
85,322,355
86,322,357
87,323,359
88,323,361
89,323,362
90,323,364
91,323,366
92,324,368
93,324,370
94,324,371
95,324,373
96,325,374
97,325,376
98,325,377
99,325,379
100,325,380
101,326,381
102,326,382
103,326,383
104,326,384
105,327,385
106,327,386
107,327,387
108,327,387
109,328,388
110,328,388
111,329,389
112,329,389
113,329,389
114,330,389
115,330,389
116,330,389
117,330,388
118,330,388
119,330,388
120,330,387
121,330,386
122,330,386
123,330,385
124,330,384
125,330,383
126,330,382
127,330,380
128,329,379
129,329,378
130,329,377
131,329,376
132,329,375
133,329,374
134,329,374
135,328,373
136,328,372
137,328,371
138,328,370
139,328,370
140,328,369
141,327,368
142,327,368
143,327,367
144,327,366
145,326,366
146,326,365
147,326,364
148,326,364
149,325,363
150,325,363
151,325,362
152,325,362
153,325,362
154,324,361
155,324,361
156,324,360
157,324,360
158,323,359
159,323,359
160,323,358
161,322,358
162,322,358
163,322,357
164,322,357
165,321,356
166,321,356
167,321,356
168,321,355
169,320,355
170,320,354
171,320,354
172,319,354
173,319,353
174,319,353
175,318,353
176,318,352
177,318,352
178,318,351
179,317,351
180,317,351
181,317,350
182,316,350
183,316,350
184,316,349
185,315,349
186,315,349
187,315,348
188,314,348
189,314,348
190,314,347
191,313,347
192,313,347
193,313,346
194,312,346
195,312,346
196,312,345
197,311,337
198,311,326
199,310,314
0,0
1,142
217,209,209
218,208,212
219,207,213
220,206,214
221,206,216
222,206,217
223,206,217
224,206,218
225,206,219
226,205,220
227,205,220
228,205,221
229,205,221
230,205,221
231,205,221
232,205,221
233,205,222
234,204,222
235,204,222
236,204,222
237,204,222
238,204,222
239,204,221
240,204,221
241,204,221
242,203,221
243,203,221
244,203,221
245,203,220
246,203,220
247,203,220
248,203,220
249,202,220
250,202,219
251,202,219
252,202,219
253,202,219
254,202,219
255,201,219
256,201,218
257,201,218
258,201,218
259,201,218
260,201,218
261,200,218
262,200,218
263,200,217
264,200,217
265,200,217
266,200,217
267,199,217
268,199,217
269,199,216
270,199,216
271,199,216
272,198,216
273,198,216
274,198,216
275,198,216
276,198,215
277,198,215
278,197,215
279,197,215
280,197,215
281,197,215
282,197,215
283,196,215
284,196,215
285,196,214
286,196,214
287,195,214
288,195,214
289,195,214
290,195,214
291,195,214
292,195,214
293,194,214
294,194,213
295,194,213
296,194,213
297,193,213
298,193,213
299,193,213
300,193,213
301,193,213
302,192,213
303,192,213
304,192,212
305,192,212
306,191,212
307,191,212
308,191,212
309,191,212
310,191,212
311,190,212
312,190,212
313,190,212
314,190,211
315,189,211
316,189,211
317,189,211
318,189,211
319,189,211
320,188,211
321,188,211
322,188,211
323,188,211
324,188,211
325,188,211
326,188,210
327,187,210
328,187,210
329,187,210
330,187,210
331,188,210
332,188,210
333,188,210
334,188,210
335,188,210
336,189,210
337,189,210
338,189,210
339,189,209
340,190,209
341,190,209
342,190,209
343,191,209
344,191,209
345,192,209
346,193,209
347,193,209
348,194,209
349,195,209
350,195,209
351,196,209
352,197,208
353,198,208
354,199,208
355,199,208
356,201,207
357,202,206
357,202,204
0,0
0,197
218,228,233
219,225,239
220,224,243
221,223,246
222,223,248
223,223,250
224,223,252
225,223,254
226,224,255
227,224,256
228,224,258
229,224,259
230,224,260
231,224,261
232,224,262
233,224,263
234,224,263
235,224,264
236,224,264
237,224,265
238,224,265
239,224,265
240,224,265
241,223,265
242,223,265
243,223,264
244,223,264
245,223,263
246,223,262
247,222,261
248,222,260
249,222,260
250,222,259
251,222,259
252,221,258
253,221,257
254,221,257
255,221,256
256,220,256
257,220,255
258,220,254
259,220,254
260,219,253
261,219,253
262,219,252
263,218,252
264,218,251
265,218,251
266,217,250
267,217,249
268,217,249
269,216,248
270,216,248
271,216,247
272,215,246
273,215,246
274,214,245
275,214,245
276,214,244
277,213,244
278,213,243
279,212,243
280,212,242
281,212,242
282,211,241
283,211,240
284,210,240
285,210,239
286,209,239
287,209,238
288,209,238
289,208,237
290,207,236
291,207,236
292,207,235
293,206,235
294,206,234
295,205,233
296,205,233
297,204,232
298,203,231
299,203,231
300,202,230
301,202,230
302,201,229
303,201,228
304,200,228
305,200,227
306,199,226
307,199,226
308,198,225
309,197,225
310,197,224
311,196,223
312,196,223
313,195,222
314,194,221
315,194,221
316,193,220
317,192,219
318,192,219
319,191,218
320,191,217
321,190,217
322,189,216
323,189,215
324,188,215
325,187,214
326,187,213
327,186,212
328,185,212
329,185,211
330,184,210
331,183,209
332,183,209
333,182,208
334,181,207
335,180,207
336,180,206
337,179,205
338,178,204
339,177,204
340,177,203
341,176,202
342,175,201
343,174,201
344,174,200
345,173,199
346,172,198
347,171,197
348,170,196
349,170,196
350,169,195
351,168,194
352,167,193
353,166,192
354,165,191
355,164,191
356,163,190
357,163,189
358,162,188
359,161,187
360,160,186
361,159,185
362,158,184
363,157,184
364,156,183
365,156,182
366,155,181
367,154,180
368,153,179
369,152,178
370,151,177
371,150,176
372,149,175
373,148,174
374,147,172
375,146,171
376,145,170
377,144,169
378,143,168
379,142,167
380,141,166
381,141,165
382,140,163
383,139,162
384,138,161
385,137,160
386,136,158
387,135,157
388,134,156
389,133,154
390,132,153
391,131,152
392,130,151
393,129,149
394,128,148
395,127,147
396,126,145
397,125,144
398,124,142
399,123,141
400,122,139
401,121,138
402,120,136
403,119,135
404,118,133
405,117,132
406,116,130
407,115,128
408,114,126
409,113,125
410,112,123
411,111,121
412,110,119
413,110,117
414,112,114
0,0
0,176
205,287,292
206,284,295
207,284,298
208,283,299
209,282,301
210,282,303
211,282,304
212,282,306
213,282,307
214,283,308
215,283,310
216,283,311
217,283,312
218,284,313
219,284,314
220,285,316
221,285,317
222,286,317
223,286,318
224,287,319
225,287,320
226,287,321
227,288,321
228,288,322
229,288,322
230,288,323
231,289,323
232,289,324
233,289,324
234,289,324
235,289,325
236,289,325
237,290,325
238,290,325
239,290,325
240,290,325
241,290,325
242,290,324
243,290,324
244,290,324
245,290,324
246,290,323
247,290,323
248,290,322
249,290,322
250,290,322
251,290,321
252,290,321
253,290,321
254,290,320
255,290,320
256,290,320
257,290,319
258,290,319
259,290,319
260,290,319
261,289,318
262,289,318
263,289,318
264,289,318
265,289,317
266,289,317
267,289,317
268,289,317
269,289,317
270,289,316
271,289,316
272,289,316
273,289,316
274,289,316
275,289,316
276,289,315
277,289,315
278,289,315
279,288,315
280,288,315
281,288,315
282,288,315
283,288,314
284,288,314
285,288,314
286,288,314
287,288,314
288,288,314
289,288,314
290,288,314
291,288,313
292,288,313
293,288,313
294,288,313
295,288,313
296,288,313
297,288,313
298,288,313
299,288,313
300,288,313
301,288,312
302,288,312
303,288,312
304,288,312
305,288,312
306,288,312
307,288,312
308,287,312
309,287,312
310,287,312
311,287,312
312,287,312
313,287,312
314,287,312
315,287,312
316,287,312
317,287,311
318,287,311
319,287,311
320,287,311
321,287,311
322,287,311
323,287,311
324,287,311
325,287,311
326,287,311
327,287,311
328,287,311
329,287,311
330,287,311
331,287,311
332,287,311
333,287,311
334,287,311
335,287,311
336,287,311
337,287,311
338,287,311
339,287,311
340,287,311
341,287,311
342,287,311
343,287,311
344,287,311
345,287,311
346,287,311
347,287,311
348,287,311
349,287,311
350,287,311
351,287,311
352,287,311
353,287,311
354,287,311
355,287,311
356,287,311
357,288,311
358,288,311
359,288,311
360,288,312
361,288,312
362,288,312
363,288,312
364,288,312
365,288,312
366,288,312
367,288,312
368,288,313
369,288,313
370,288,313
371,289,313
372,289,313
373,289,313
374,289,314
375,289,314
376,289,314
377,290,314
378,290,315
379,290,315
380,290,294
1,267
290,381,381
291,381,385
292,381,388
293,380,390
294,380,392
295,380,394
296,380,395
297,380,397
298,380,398
299,380,399
300,380,401
301,380,401
302,380,402
303,380,403
304,380,404
305,380,405
306,380,406
307,380,406
308,380,407
309,380,407
310,380,408
311,380,409
312,380,409
313,380,409
314,380,410
315,379,410
316,380,411
317,382,411
318,384,412
319,385,412
320,386,412
321,387,413
322,387,413
323,388,413
324,389,414
325,389,414
326,390,414
327,390,414
328,391,415
329,391,415
330,391,415
331,392,415
332,392,416
333,392,416
334,393,416
335,393,416
336,393,417
337,393,417
338,394,417
339,394,417
340,394,417
341,394,418
342,394,418
343,394,418
344,395,418
345,395,418
346,395,419
347,395,419
348,395,419
349,395,419
350,395,419
351,395,419
352,395,419
353,395,410
353,395,419
354,395,410
354,395,420
355,395,410
355,395,420
356,395,410
356,395,420
357,395,410
357,395,420
358,395,410
358,395,420
359,395,410
359,395,420
360,395,410
360,395,420
361,395,410
361,395,420
362,395,410
362,395,420
363,395,410
363,395,421
364,395,410
364,395,421
365,395,410
365,395,421
366,395,410
366,395,421
367,395,410
367,395,421
368,395,410
368,395,421
369,395,410
369,395,421
370,395,410
370,395,421
371,395,410
371,395,421
372,395,410
372,395,421
373,395,410
373,395,421
374,395,410
374,395,421
375,395,410
375,395,421
376,395,410
376,395,421
377,395,410
377,395,421
378,395,410
378,395,421
379,395,410
379,395,421
380,395,410
380,395,421
381,395,410
381,395,421
382,395,410
382,395,421
383,395,410
383,395,422
384,395,410
384,395,422
385,395,410
385,395,422
386,395,410
386,395,422
387,395,410
387,395,422
388,395,410
388,395,422
389,395,410
389,395,422
390,395,410
390,395,422
391,395,410
391,395,422
392,395,410
392,395,422
393,395,410
393,394,422
394,395,410
394,394,422
395,395,410
395,394,422
396,395,410
396,394,422
397,395,410
397,394,422
398,395,410
398,394,422
399,395,410
399,393,422
400,395,410
400,393,422
401,395,410
401,393,423
402,395,410
402,393,422
403,395,410
403,392,422
404,395,410
404,392,422
405,395,410
405,392,422
406,395,410
406,392,422
407,395,410
407,391,422
408,395,410
408,391,422
409,395,410
409,391,422
410,395,410
410,390,422
411,395,410
411,390,422
412,395,410
412,389,422
413,395,410
413,389,422
414,395,410
414,388,422
415,395,410
415,388,422
416,395,410
416,387,421
417,395,410
417,387,421
418,395,410
418,386,421
419,395,410
419,385,421
420,395,410
420,384,421
421,395,410
421,384,421
422,395,410
422,384,421
423,395,410
423,384,421
424,395,410
424,385,421
425,395,410
425,385,421
426,395,410
426,385,421
427,395,410
427,385,421
428,395,410
428,385,421
429,395,410
429,386,421
430,395,410
430,386,421
431,395,410
431,386,421
432,395,410
432,386,421
433,395,410
433,386,421
434,395,410
434,387,421
435,395,410
435,387,420
436,395,410
436,387,420
437,395,410
437,387,420
438,395,410
438,387,420
439,395,410
439,388,420
440,395,410
440,388,420
441,395,410
441,388,419
442,395,410
442,388,419
443,395,410
443,388,419
444,395,410
444,389,419
445,389,418
446,389,418
447,389,418
448,389,418
449,390,417
450,390,417
451,390,417
452,390,416
453,390,416
454,391,415
455,391,415
456,391,414
457,391,413
458,391,413
459,392,412
460,392,411
461,392,409
462,392,408
463,394,407
464,398,403
0,86
392,462,462
391,458,462
390,453,461
389,448,461
388,443,461
387,438,460
386,433,460
385,428,460
384,423,459
383,421,459
382,422,459
381,422,459
380,423,458
379,423,458
378,424,458
377,424,457
376,425,457
375,425,457
374,425,457
373,426,456
372,426,456
371,426,456
370,426,456
369,427,455
368,427,455
367,427,455
366,428,455
365,428,455
364,428,454
363,428,454
362,429,454
361,429,454
360,429,453
359,429,453
358,429,453
357,430,453
356,430,453
355,430,452
354,430,452
353,430,452
352,431,452
351,431,452
350,431,452
349,431,451
348,431,451
347,432,451
346,432,451
345,432,451
344,432,451
343,432,450
342,432,450
341,433,450
340,433,450
339,433,450
338,433,450
337,433,450
336,433,449
335,434,449
334,434,449
333,434,449
332,434,449
331,434,449
330,434,449
329,434,449
328,435,448
327,435,448
326,435,448
325,435,448
324,435,448
323,435,448
322,435,448
321,436,448
320,436,447
319,436,447
318,436,447
317,436,447
316,436,447
315,436,447
314,437,446
313,437,446
312,437,446
311,437,445
310,438,444
309,438,444
308,439,443
307,441,441
0,0
