0,55
68,91,91
69,87,95
70,85,101
71,85,105
72,85,109
73,84,113
74,84,116
75,84,119
76,85,122
77,85,125
78,85,128
79,85,130
80,86,132
81,87,134
82,87,136
83,88,137
84,89,138
85,90,140
86,91,141
87,92,141
88,93,142
89,94,143
90,95,144
91,96,144
92,98,144
93,99,145
94,100,145
95,101,145
96,102,146
97,104,146
98,105,146
99,106,146
100,107,147
101,108,147
102,109,147
103,110,147
104,111,147
105,112,147
106,113,148
107,114,148
108,115,148
109,117,148
110,117,148
111,119,148
112,120,148
113,121,147
114,122,147
115,123,147
116,124,146
117,125,146
118,126,145
119,127,145
120,129,144
121,131,142
122,134,139
0,0
0,56
153,58,58
154,56,65
155,54,68
156,54,72
157,53,75
158,53,78
159,53,81
160,53,84
161,53,87
162,54,90
163,54,92
164,54,94
165,55,96
166,55,97
167,56,99
168,56,100
169,57,102
170,58,103
171,59,105
172,60,106
173,61,107
174,62,108
175,63,108
176,64,109
177,64,110
178,65,111
179,66,111
180,67,112
181,68,112
182,69,113
183,70,113
184,71,113
185,72,114
186,73,114
187,73,114
188,74,114
189,75,114
190,76,115
191,77,115
192,78,115
193,79,115
194,80,115
195,81,115
196,83,115
197,84,114
198,85,114
199,86,114
200,87,114
201,89,113
202,90,113
203,92,112
204,94,112
205,96,111
206,98,110
207,100,108
208,105,105
0,0
0,166
397,74,77
396,70,79
395,69,80
394,67,80
393,66,81
392,65,81
391,64,81
390,63,81
389,62,82
388,61,82
387,61,82
386,60,82
385,60,82
384,59,82
383,58,82
382,58,82
381,57,82
380,57,83
379,57,83
378,56,83
377,56,83
376,55,84
375,55,84
374,54,84
373,54,84
372,54,85
371,53,85
370,53,85
369,52,85
368,52,86
367,52,86
366,51,86
365,51,87
364,51,87
363,50,87
362,50,87
361,50,88
360,49,88
359,49,88
358,49,89
357,49,89
356,48,89
355,48,90
354,48,90
353,48,90
352,48,91
351,47,91
350,47,91
349,47,92
348,47,92
347,47,92
346,47,93
345,47,93
344,48,93
343,48,94
342,49,94
341,51,94
340,52,95
339,54,95
338,55,96
337,56,96
336,57,96
335,58,97
334,59,97
333,60,97
332,61,98
331,62,98
330,63,99
329,64,99
328,65,99
327,65,100
326,66,100
325,67,100
324,68,101
323,69,101
322,69,102
321,70,102
320,71,102
319,72,103
318,72,103
317,73,104
316,74,104
315,74,104
314,75,105
313,76,105
312,76,106
311,77,106
310,78,106
309,78,107
308,79,107
307,80,107
306,80,108
305,81,108
304,82,109
303,82,109
302,83,109
301,83,110
300,84,110
299,85,111
298,85,111
297,86,111
296,87,112
295,87,112
294,88,113
293,89,113
292,89,113
291,90,114
290,90,114
289,91,115
288,92,115
287,92,115
286,93,116
285,94,116
284,94,116
283,95,117
282,95,117
281,96,118
280,97,118
279,97,118
278,98,119
277,99,119
276,99,120
275,100,120
274,101,120
273,101,121
272,102,121
271,103,122
270,103,122
269,104,122
268,104,123
267,105,123
266,106,124
265,106,124
264,107,124
263,108,125
262,108,125
261,109,126
260,110,126
259,110,126
258,111,127
257,111,127
256,112,127
255,113,128
254,113,128
253,114,129
252,115,129
251,115,129
250,116,130
249,117,130
248,117,131
247,118,131
246,119,132
245,119,132
244,120,132
243,121,133
242,121,133
241,122,133
240,123,134
239,124,134
238,125,134
237,126,134
236,127,134
235,128,134
234,129,134
233,131,134
232,133,133
0,0
1,103
180,110,113
181,109,114
182,109,115
183,108,115
184,108,116
185,108,116
186,108,117
187,108,117
188,108,118
189,107,118
190,107,119
191,107,119
192,107,119
193,107,119
194,106,119
195,106,120
196,106,120
197,106,120
198,106,120
199,106,120
200,105,119
201,105,119
202,105,119
203,105,119
204,105,119
205,104,119
206,104,118
207,104,118
208,104,118
209,104,118
210,103,117
211,103,117
212,103,117
213,103,116
214,102,116
215,102,116
216,102,116
217,102,115
218,102,115
219,101,115
220,101,115
221,101,114
222,101,114
223,100,114
224,100,114
225,100,113
226,100,113
227,99,113
228,99,113
229,99,113
230,99,112
231,98,112
232,98,112
233,98,112
234,97,111
235,97,111
236,97,111
237,97,111
238,96,110
239,96,110
240,96,110
241,95,110
242,95,109
243,95,109
244,94,109
245,94,109
246,94,108
247,93,108
248,93,108
249,93,108
250,92,108
251,92,107
252,92,107
253,91,107
254,91,107
255,91,106
256,90,106
257,90,106
258,89,106
259,89,105
260,89,105
261,88,105
262,88,105
263,87,104
264,87,104
265,87,104
266,86,104
267,86,104
268,85,103
269,85,103
270,84,103
271,84,103
272,83,103
273,83,103
274,83,103
275,82,103
276,82,103
277,85,103
278,89,103
279,93,103
280,97,103
281,101,104
282,104,104
0,71
80,283,283
81,278,288
82,276,292
83,276,295
84,276,297
85,276,299
86,277,301
87,277,303
88,277,305
89,277,307
90,278,309
91,278,310
92,278,312
93,279,314
94,279,315
95,279,316
96,279,318
97,280,319
98,280,320
99,280,321
100,280,322
101,281,322
102,281,323
103,281,323
104,281,323
105,282,324
106,282,323
107,283,323
108,283,323
109,283,323
110,283,322
111,283,321
112,283,321
113,282,320
114,282,318
115,282,317
116,282,315
117,282,314
118,282,313
119,281,312
120,281,311
121,281,310
122,281,309
123,280,309
124,280,308
125,280,307
126,280,306
127,279,306
128,279,305
129,279,305
130,278,304
131,278,303
132,278,303
133,278,302
134,277,302
135,277,301
136,276,301
137,276,300
138,276,300
139,276,299
140,275,299
141,275,298
142,274,298
143,274,297
144,274,297
145,273,296
146,273,296
147,273,295
148,272,295
149,272,294
150,271,294
0,0
1,116
192,166,169
193,165,170
194,165,171
195,164,172
196,164,173
197,164,174
198,164,175
199,164,176
200,163,176
201,163,176
202,163,177
203,163,177
204,163,177
205,163,177
206,162,177
207,162,178
208,162,177
209,162,177
210,162,177
211,161,177
212,161,177
213,161,177
214,161,176
215,161,176
216,160,176
217,160,176
218,160,175
219,160,175
220,160,175
221,159,175
222,159,174
223,159,174
224,159,174
225,158,174
226,158,173
227,158,173
228,158,173
229,158,173
230,157,173
231,157,172
232,157,172
233,157,172
234,156,172
235,156,172
236,156,171
237,156,171
238,155,171
239,155,171
240,155,171
241,155,171
242,154,170
243,154,170
244,154,170
245,154,170
246,153,170
247,153,170
248,153,169
249,153,169
250,152,169
251,152,169
252,152,169
253,151,169
254,151,168
255,151,168
256,151,168
257,150,168
258,150,168
259,150,168
260,150,167
261,149,167
262,149,167
263,149,167
264,148,167
265,148,167
266,148,167
267,148,166
268,147,166
269,147,166
270,147,166
271,146,166
272,146,166
273,146,166
274,146,165
275,145,165
276,145,165
277,145,165
278,145,165
279,145,165
280,145,165
281,145,165
282,144,164
283,145,164
284,145,164
285,145,164
286,145,164
287,145,164
288,145,164
289,146,163
290,146,163
291,146,163
292,146,163
293,147,163
294,147,163
295,147,163
296,148,163
297,149,163
298,149,162
299,150,162
300,150,162
301,151,162
302,152,162
303,152,162
304,153,161
305,154,161
306,155,160
307,157,159
0,0
0,279
91,177,177
92,172,182
93,171,185
94,170,187
95,169,189
96,169,191
97,169,193
98,169,194
99,169,196
100,170,197
101,170,199
102,171,200
103,171,201
104,172,202
105,173,203
106,173,204
107,174,205
108,174,205
109,175,206
110,175,207
111,176,207
112,176,207
113,176,207
114,177,208
115,177,208
116,177,207
117,177,207
118,177,207
119,177,206
120,177,206
121,177,206
122,177,205
123,177,205
124,177,205
125,177,205
126,177,204
127,177,204
128,177,204
129,177,204
130,177,204
131,177,203
132,177,203
133,177,203
134,177,203
135,176,203
136,176,203
137,176,203
138,176,202
139,176,202
140,176,202
141,176,202
142,176,202
143,176,202
144,176,201
145,176,201
146,176,201
147,176,201
148,176,201
149,176,201
150,176,201
151,176,201
152,175,201
153,175,200
154,175,200
155,175,200
156,175,200
157,175,200
158,175,200
159,175,200
160,175,200
161,175,199
162,175,199
163,175,199
164,175,199
165,175,199
166,174,199
167,174,199
168,174,199
169,174,199
170,174,198
171,174,198
172,174,198
173,174,198
174,174,198
175,174,198
176,173,198
177,173,198
178,173,198
179,173,197
180,173,197
181,173,197
182,173,197
183,173,197
184,173,197
185,173,197
186,172,196
187,172,196
188,172,196
189,172,196
190,172,196
191,172,196
192,171,195
193,171,195
194,171,195
195,171,195
196,171,195
197,171,194
198,171,194
199,170,194
200,170,194
201,170,194
202,170,193
203,170,193
204,170,193
205,169,193
206,169,193
207,169,192
208,169,192
209,169,192
210,168,192
211,168,192
212,168,191
213,168,191
214,168,191
215,168,191
216,167,190
217,167,190
218,167,190
219,167,190
220,167,189
221,166,189
222,166,189
223,166,189
224,166,188
225,165,188
226,165,188
227,165,188
228,165,187
229,165,187
230,164,187
231,164,187
232,164,186
233,164,186
234,163,186
235,163,186
236,163,185
237,163,185
238,162,185
239,162,184
240,162,184
241,162,184
242,161,184
243,161,183
244,161,183
245,160,183
246,160,182
247,160,182
248,159,182
249,159,181
250,159,181
251,159,181
252,158,181
253,158,180
254,158,180
255,157,179
256,157,179
257,157,179
258,157,178
259,156,178
260,156,178
261,155,177
262,155,177
263,155,177
264,154,176
265,154,176
266,154,176
267,153,175
268,153,175
269,153,174
270,152,174
271,152,174
272,152,173
273,151,173
274,151,173
275,151,172
276,150,172
277,150,171
278,149,171
279,149,171
280,149,170
281,148,170
282,148,169
283,147,169
284,147,168
285,147,168
286,146,168
287,146,167
288,145,167
289,145,166
290,144,166
291,144,165
292,143,165
293,143,165
294,143,164
295,142,164
296,142,163
297,141,163
298,141,162
299,140,162
300,140,161
301,139,161
302,139,160
303,138,160
304,138,159
305,137,159
306,137,158
307,136,158
308,136,157
309,135,157
310,135,156
311,134,156
312,134,155
313,133,154
314,133,154
315,132,153
316,132,153
317,131,152
318,131,152
319,130,151
320,129,150
321,129,150
322,128,149
323,128,149
324,127,148
325,126,147
326,126,147
327,125,146
328,125,145
329,124,145
330,123,144
331,123,143
332,122,143
333,122,142
334,121,141
335,120,140
336,120,140
337,119,139
338,118,138
339,118,137
340,117,136
341,117,136
342,116,135
343,115,134
344,115,133
345,114,132
346,113,131
347,113,130
348,112,129
349,112,128
350,111,127
351,110,126
352,110,125
353,109,124
354,108,123
355,108,122
356,107,121
357,106,120
358,106,119
359,105,118
360,105,117
361,104,116
362,103,115
363,103,114
364,102,114
365,102,112
366,102,111
367,101,110
368,101,108
369,102,106
0,0
0,108
233,189,192
234,185,197
235,184,200
236,184,202
237,184,204
238,184,206
239,185,207
240,185,209
241,185,209
242,186,210
243,186,211
244,187,211
245,187,211
246,187,212
247,188,212
248,188,212
249,188,212
250,189,212
251,189,212
252,189,212
253,189,212
254,189,211
255,190,211
256,190,211
257,190,211
258,190,211
259,190,211
260,190,211
261,190,211
262,190,211
263,190,211
264,190,211
265,190,211
266,190,211
267,190,211
268,190,211
269,190,211
270,190,210
271,190,210
272,190,210
273,190,210
274,190,210
275,190,210
276,190,210
277,190,210
278,190,210
279,190,210
280,190,210
281,190,210
282,190,210
283,190,210
284,190,210
285,189,210
286,189,210
287,189,210
288,189,210
289,189,210
290,189,210
291,189,210
292,188,210
293,188,210
294,188,210
295,188,209
296,188,209
297,188,209
298,187,209
299,187,209
300,187,209
301,187,209
302,186,209
303,186,209
304,186,209
305,185,209
306,185,209
307,184,209
308,184,209
309,183,209
310,183,208
311,183,208
312,183,208
313,183,208
314,183,208
315,183,208
316,183,208
317,183,208
318,183,207
319,183,207
320,183,207
321,183,207
322,183,207
323,184,206
324,184,206
325,184,206
326,184,205
327,185,205
328,185,205
329,186,204
330,186,204
331,186,204
332,187,203
333,187,203
334,188,202
335,189,202
336,189,201
337,190,200
338,191,200
339,192,198
340,194,196
0,0
1,101
192,243,244
193,242,246
194,241,247
195,241,248
196,241,249
197,240,249
198,240,250
199,240,250
200,240,251
201,240,251
202,239,251
203,239,251
204,239,252
205,239,252
206,239,252
207,238,252
208,238,252
209,238,253
210,238,252
211,238,252
212,237,252
213,237,252
214,237,252
215,237,252
216,237,251
217,237,251
218,236,251
219,236,251
220,236,251
221,236,250
222,236,250
223,235,250
224,235,250
225,235,249
226,235,249
227,235,249
228,234,248
229,234,248
230,234,248
231,234,248
232,234,247
233,233,247
234,233,247
235,233,247
236,233,246
237,232,246
238,232,246
239,232,246
240,232,245
241,232,245
242,231,245
243,231,245
244,231,244
245,231,244
246,230,244
247,230,244
248,230,243
249,230,243
250,230,243
251,229,243
252,229,243
253,229,242
254,229,242
255,228,242
256,228,242
257,228,241
258,228,241
259,227,241
260,227,241
261,227,241
262,227,240
263,226,240
264,226,240
265,226,240
266,226,240
267,226,239
268,225,239
269,225,239
270,225,239
271,224,239
272,224,239
273,224,238
274,223,238
275,223,238
276,223,238
277,223,238
278,222,238
279,222,237
280,222,237
281,221,237
282,221,237
283,221,237
284,220,237
285,220,237
286,219,236
287,219,233
288,219,230
289,218,227
290,218,224
291,217,221
292,216,218
0,139
213,299,299
214,295,301
215,293,303
216,292,305
217,292,307
218,292,308
219,291,310
220,291,311
221,291,313
222,290,314
223,290,315
224,290,316
225,289,317
226,289,319
227,289,320
228,288,320
229,288,321
230,288,322
231,287,322
232,287,323
233,287,323
234,286,323
235,286,324
236,286,324
237,285,324
238,294,324
239,296,324
240,297,324
241,297,323
242,297,323
243,298,323
244,298,323
245,298,323
246,298,323
247,298,323
248,298,322
249,298,322
250,298,322
251,298,322
252,298,322
253,298,322
254,298,322
255,299,322
256,299,322
257,299,322
258,299,322
259,299,322
260,299,322
261,299,322
262,299,322
263,299,322
264,299,322
265,299,321
266,299,321
267,299,321
268,299,321
269,299,321
270,299,321
271,299,321
272,299,321
273,299,321
274,299,321
275,299,321
276,299,321
277,299,321
278,299,321
279,299,321
280,299,321
281,299,321
282,299,321
283,299,321
284,299,321
285,299,321
286,299,322
287,299,322
288,299,322
289,299,322
290,299,322
291,299,322
292,299,322
293,299,322
294,299,322
295,299,322
296,299,322
297,299,322
298,299,322
299,299,322
300,298,322
301,298,322
302,298,322
303,298,322
304,298,322
305,298,322
306,298,322
307,297,322
308,297,322
309,297,322
310,297,322
311,296,322
312,296,322
313,296,322
314,295,322
315,294,322
316,293,322
317,283,322
318,283,322
319,284,322
320,284,322
321,285,322
322,285,322
323,286,322
324,286,322
325,287,322
326,288,322
327,288,321
328,289,321
329,289,321
330,290,321
331,290,321
332,291,320
333,291,320
334,292,320
335,293,319
336,293,319
337,294,319
338,294,318
339,295,318
340,295,317
341,296,316
342,296,316
343,297,315
344,298,315
345,298,314
346,299,313
347,299,312
348,300,311
349,300,310
350,302,308
351,305,305
1,41
300,348,349
299,346,348
298,344,347
297,342,346
296,341,345
295,339,344
294,337,344
293,335,343
292,333,342
291,332,341
290,330,341
289,328,340
288,326,339
287,324,338
286,323,338
285,321,337
284,319,336
283,318,335
282,318,335
281,317,334
280,317,333
279,317,333
278,317,332
277,317,331
276,317,330
275,317,330
274,316,329
273,316,328
272,316,328
271,316,327
270,316,326
269,316,325
268,316,325
267,315,324
266,315,323
265,315,323
264,315,322
263,315,321
262,315,321
261,316,320
260,316,318
0,0
0,247
185,241,241
186,237,245
187,236,248
188,236,250
189,235,252
190,235,253
191,236,255
192,236,256
193,237,257
194,238,259
195,238,260
196,238,261
197,239,262
198,239,263
199,239,264
200,240,264
201,240,265
202,240,265
203,240,266
204,241,266
205,241,266
206,241,266
207,241,266
208,241,265
209,241,265
210,241,265
211,241,265
212,242,265
213,242,265
214,242,265
215,242,264
216,242,264
217,242,264
218,242,264
219,242,264
220,242,264
221,242,264
222,242,264
223,242,264
224,242,263
225,242,263
226,242,263
227,242,263
228,242,263
229,242,263
230,242,263
231,242,263
232,242,263
233,242,263
234,242,263
235,242,263
236,242,263
237,242,263
238,242,262
239,242,262
240,242,262
241,242,262
242,242,262
243,242,262
244,242,262
245,242,262
246,242,262
247,242,262
248,242,262
249,242,262
250,242,262
251,242,262
252,242,262
253,242,262
254,242,262
255,242,262
256,242,262
257,242,261
258,242,261
259,242,261
260,242,261
261,242,261
262,242,261
263,242,261
264,242,261
265,242,261
266,242,261
267,241,261
268,241,261
269,241,261
270,241,261
271,241,261
272,241,261
273,241,261
274,241,261
275,241,261
276,241,261
277,241,261
278,241,261
279,241,261
280,241,261
281,241,261
282,241,261
283,241,261
284,241,260
285,241,260
286,241,260
287,240,260
288,240,260
289,240,260
290,240,260
291,240,260
292,240,260
293,240,260
294,240,260
295,240,260
296,240,260
297,240,260
298,240,260
299,240,260
300,240,260
301,240,260
302,239,260
303,239,260
304,239,260
305,239,260
306,239,260
307,239,260
308,239,260
309,239,260
310,239,260
311,239,260
312,239,260
313,239,260
314,239,260
315,239,260
316,239,260
317,238,260
318,238,260
319,238,260
320,238,260
321,238,260
322,238,260
323,238,260
324,238,260
325,238,260
326,238,260
327,238,260
328,238,260
329,238,260
330,237,260
331,237,260
332,237,260
333,237,260
334,237,260
335,237,260
336,237,260
337,237,260
338,237,259
339,237,259
340,237,259
341,237,259
342,236,259
343,236,259
344,236,259
345,236,259
346,236,259
347,236,259
348,236,259
349,236,259
350,236,259
351,235,259
352,235,259
353,235,259
354,235,259
355,235,259
356,235,259
357,235,259
358,235,259
359,234,259
360,234,259
361,234,259
362,234,259
363,234,259
364,234,259
365,233,259
366,233,259
367,233,259
368,233,259
369,233,259
370,233,259
371,232,259
372,232,259
373,232,259
374,232,259
375,232,259
376,231,259
377,231,259
378,231,259
379,231,259
380,230,259
381,230,259
382,230,259
383,230,259
384,229,259
385,229,259
386,229,259
387,229,259
388,229,259
389,229,259
390,229,259
391,229,259
392,229,259
393,229,259
394,229,259
395,230,259
396,230,259
397,230,259
398,230,259
399,230,259
400,231,260
401,231,260
402,231,260
403,231,260
404,231,260
405,232,260
406,232,260
407,232,260
408,233,260
409,233,260
410,234,260
411,234,259
412,234,259
413,235,259
414,235,259
415,236,259
416,236,259
417,237,258
418,238,258
419,238,258
420,239,257
421,239,257
422,240,257
423,241,256
424,242,256
425,242,256
426,243,255
427,244,254
428,245,254
429,246,253
430,248,252
431,250,250
0,0
0,148
150,345,345
151,341,349
152,339,352
153,338,354
154,338,356
155,338,358
156,337,360
157,337,362
158,337,364
159,338,365
160,338,367
161,338,368
162,338,369
163,339,370
164,339,371
165,340,371
166,340,372
167,340,372
168,341,372
169,341,372
170,341,372
171,342,372
172,342,372
173,342,372
174,342,371
175,342,371
176,343,371
177,343,371
178,343,371
179,343,371
180,343,370
181,344,370
182,344,370
183,344,370
184,344,370
185,344,370
186,344,370
187,344,370
188,345,370
189,345,369
190,345,369
191,345,369
192,345,369
193,345,369
194,345,369
195,345,369
196,345,369
197,345,369
198,346,369
199,346,369
200,346,369
201,346,369
202,346,369
203,346,369
204,346,369
205,346,369
206,346,369
207,346,369
208,346,369
209,346,369
210,346,369
211,346,369
212,346,369
213,346,368
214,346,368
215,346,368
216,346,368
217,346,368
218,346,368
219,346,368
220,346,368
221,346,368
222,346,368
223,346,368
224,346,368
225,346,368
226,346,368
227,346,368
228,345,368
229,345,368
230,345,368
231,345,368
232,345,368
233,345,368
234,345,368
235,345,368
236,345,368
237,345,368
238,345,368
239,345,368
240,345,368
241,345,368
242,344,368
243,344,368
244,344,368
245,344,368
246,344,368
247,344,369
248,344,369
249,344,369
250,344,369
251,344,369
252,343,369
253,343,369
254,343,369
255,343,369
256,343,369
257,343,369
258,343,369
259,342,369
260,342,369
261,342,369
262,342,369
263,342,369
264,342,369
265,342,369
266,342,369
267,342,369
268,342,369
269,342,369
270,342,369
271,342,368
272,342,368
273,342,368
274,342,368
275,343,368
276,343,367
277,343,367
278,343,367
279,344,366
280,344,366
281,345,366
282,345,366
283,345,365
284,346,365
285,346,365
286,347,364
287,347,364
288,348,364
289,348,363
290,349,363
291,349,362
292,350,361
293,351,361
294,352,360
295,353,359
296,354,358
297,356,356
0,0
0,419
46,390,398
47,387,403
48,385,407
49,384,410
50,383,413
51,383,415
52,383,418
53,383,420
54,383,422
55,383,424
56,384,426
57,384,428
58,385,429
59,385,430
60,386,431
61,386,432
62,387,433
63,388,434
64,389,434
65,389,435
66,390,436
67,391,436
68,391,436
69,392,437
70,393,437
71,393,437
72,394,437
73,394,437
74,395,437
75,395,437
76,395,437
77,396,437
78,396,437
79,396,436
80,397,436
81,397,436
82,397,436
83,397,435
84,398,435
85,398,434
86,398,434
87,398,434
88,398,433
89,398,433
90,399,433
91,399,433
92,399,432
93,399,432
94,399,432
95,399,432
96,399,432
97,399,431
98,399,431
99,399,431
100,399,431
101,399,431
102,399,430
103,400,430
104,400,430
105,400,430
106,400,430
107,400,430
108,400,430
109,400,429
110,400,429
111,400,429
112,400,429
113,400,429
114,400,429
115,400,429
116,400,429
117,400,428
118,400,428
119,400,428
120,400,428
121,400,428
122,400,428
123,400,428
124,400,428
125,400,428
126,400,428
127,400,428
128,400,427
129,400,427
130,400,427
131,400,427
132,400,427
133,400,427
134,400,427
135,400,427
136,400,427
137,401,427
138,401,427
139,401,427
140,401,427
141,401,427
142,401,427
143,401,427
144,401,427
145,401,427
146,401,427
147,401,427
148,401,426
149,401,426
150,401,426
151,401,426
152,401,426
153,401,426
154,401,426
155,401,426
156,401,426
157,401,426
158,401,426
159,401,426
160,401,426
161,401,426
162,401,426
163,401,426
164,401,426
165,401,426
166,401,426
167,401,426
168,401,426
169,401,426
170,401,426
171,401,426
172,401,426
173,401,426
174,401,426
175,401,426
176,401,426
177,401,426
178,401,426
179,401,426
180,401,426
181,401,426
182,401,426
183,401,426
184,401,426
185,401,426
186,401,426
187,401,426
188,401,426
189,401,426
190,401,426
191,401,426
192,401,426
193,401,426
194,401,426
195,401,426
196,401,426
197,401,426
198,401,426
199,401,426
200,401,426
201,401,426
202,401,426
203,401,426
204,401,426
205,401,426
206,401,426
207,401,426
208,401,426
209,401,426
210,401,426
211,401,426
212,401,426
213,401,426
214,401,426
215,401,426
216,401,426
217,401,426
218,401,426
219,401,426
220,401,426
221,401,426
222,401,426
223,401,426
224,401,426
225,401,426
226,401,426
227,401,426
228,401,426
229,401,426
230,401,426
231,401,426
232,401,426
233,401,426
234,401,426
235,401,426
236,401,426
237,401,426
238,401,426
239,401,426
240,401,426
241,401,426
242,401,426
243,401,426
244,401,426
245,401,426
246,401,426
247,401,426
248,401,426
249,401,426
250,401,426
251,401,427
252,401,427
253,401,427
254,401,427
255,401,427
256,401,427
257,401,427
258,401,427
259,401,427
260,401,427
261,401,427
262,401,427
263,401,427
264,401,427
265,401,427
266,401,427
267,401,427
268,401,427
269,401,427
270,401,427
271,401,427
272,401,427
273,401,427
274,401,427
275,401,427
276,401,427
277,401,427
278,401,427
279,401,427
280,401,427
281,401,427
282,401,427
283,401,427
284,401,428
285,401,428
286,401,428
287,401,428
288,401,428
289,401,428
290,401,428
291,401,428
292,401,428
293,401,428
294,401,428
295,401,428
296,401,428
297,401,428
298,401,428
299,401,428
300,401,428
301,401,428
302,401,428
303,401,428
304,401,428
305,401,428
306,401,428
307,401,428
308,401,428
309,401,428
310,401,429
311,401,429
312,401,429
313,401,429
314,401,429
315,401,429
316,401,429
317,401,429
318,401,429
319,401,429
320,401,429
321,401,429
322,401,429
323,401,429
324,401,429
325,401,429
326,401,429
327,401,429
328,401,429
329,401,430
330,401,430
331,401,430
332,401,430
333,401,430
334,401,430
335,401,430
336,401,430
337,401,430
338,400,430
339,400,430
340,400,430
341,400,430
342,400,430
343,400,430
344,400,430
345,400,430
346,400,430
347,400,431
348,400,431
349,400,431
350,400,431
351,400,431
352,400,431
353,400,431
354,400,431
355,400,431
356,400,431
357,400,431
358,400,431
359,400,431
360,400,431
361,400,431
362,400,432
363,400,432
364,400,432
365,400,432
366,400,432
367,399,432
368,399,432
369,399,432
370,399,432
371,399,432
372,399,432
373,399,432
374,399,432
375,399,432
376,399,432
377,399,433
378,399,433
379,399,433
380,399,433
381,399,433
382,399,433
383,398,433
384,398,433
385,398,433
386,398,433
387,398,433
388,398,433
389,398,433
390,398,433
391,398,433
392,397,433
393,397,433
394,397,433
395,397,433
396,397,433
397,397,433
398,396,433
399,396,433
400,395,433
401,395,433
402,396,433
403,396,433
404,396,433
405,396,433
406,397,433
407,397,433
408,397,433
409,397,433
410,398,433
411,398,433
412,398,433
413,398,433
414,399,433
415,399,433
416,399,433
417,399,432
418,400,432
419,400,432
420,400,432
421,400,432
422,401,432
423,401,432
424,401,432
425,401,431
426,401,431
427,402,431
428,402,431
429,402,431
430,402,430
431,403,430
432,403,430
433,403,430
434,403,430
435,404,429
436,404,429
437,404,429
438,404,428
439,405,428
440,405,428
441,405,427
442,405,427
443,406,427
444,406,426
445,406,426
446,406,426
447,407,425
448,407,425
449,407,424
450,407,424
451,408,423
452,408,423
453,408,422
454,408,422
455,409,421
456,409,421
457,409,420
458,409,419
459,410,419
460,410,418
461,410,417
462,410,416
463,411,414
464,411,411
1,63
411,462,464
410,458,463
409,454,463
408,450,463
407,446,462
406,442,462
405,438,461
404,434,460
403,430,459
402,426,458
401,421,457
400,417,455
399,413,454
398,409,452
397,405,451
396,401,449
395,400,447
394,401,445
393,402,444
392,402,442
391,402,441
390,402,439
389,402,438
388,402,437
387,402,436
386,402,435
385,402,433
384,402,432
383,402,431
382,402,430
381,402,429
380,402,428
379,402,427
378,401,426
377,401,425
376,401,424
375,401,423
374,401,422
373,401,421
372,401,420
371,400,419
370,400,418
369,400,418
368,400,417
367,400,416
366,400,415
365,400,414
364,399,413
363,399,412
362,399,411
361,398,410
360,398,410
359,398,409
358,397,408
357,397,407
356,397,406
355,397,406
354,397,405
353,396,404
352,396,403
351,396,402
350,396,401
349,396,399
0,0
