0,60
71,99,106
72,97,109
73,96,113
74,96,116
75,96,119
76,95,122
77,95,125
78,95,128
79,96,130
80,96,133
81,96,135
82,96,137
83,97,139
84,97,141
85,98,143
86,99,145
87,99,146
88,100,148
89,101,149
90,102,150
91,102,151
92,103,151
93,104,152
94,105,153
95,106,153
96,107,154
97,108,154
98,109,154
99,110,155
100,111,155
101,112,155
102,113,155
103,114,155
104,115,155
105,116,156
106,117,156
107,117,156
108,118,156
109,119,156
110,120,156
111,121,156
112,121,156
113,122,156
114,123,156
115,124,156
116,125,156
117,126,156
118,126,156
119,127,156
120,128,155
121,129,155
122,130,155
123,131,154
124,132,154
125,133,153
126,134,152
127,136,152
128,137,150
129,140,148
130,144,144
0,0
0,54
165,54,58
166,51,63
167,50,67
168,49,70
169,49,74
170,49,78
171,49,81
172,49,84
173,50,86
174,50,88
175,50,90
176,50,92
177,51,94
178,52,96
179,52,97
180,53,99
181,54,100
182,55,101
183,56,102
184,57,103
185,58,104
186,59,105
187,60,106
188,60,106
189,61,107
190,62,107
191,63,108
192,64,108
193,65,109
194,66,109
195,67,109
196,68,110
197,69,110
198,70,110
199,71,110
200,72,110
201,73,110
202,74,110
203,75,111
204,76,111
205,77,111
206,78,110
207,79,110
208,80,110
209,82,110
210,83,110
211,84,109
212,86,109
213,88,108
214,89,108
215,91,107
216,94,106
217,96,105
218,101,101
0,0
0,173
420,82,88
419,79,89
418,77,90
417,76,90
416,74,91
415,73,91
414,72,91
413,71,91
412,71,91
411,70,91
410,69,91
409,68,91
408,68,91
407,67,91
406,66,91
405,66,91
404,65,91
403,65,91
402,64,91
401,63,92
400,63,92
399,62,92
398,62,92
397,61,92
396,61,92
395,60,92
394,60,92
393,59,93
392,59,93
391,58,93
390,58,93
389,57,93
388,57,93
387,57,94
386,56,94
385,56,94
384,55,94
383,55,94
382,55,95
381,54,95
380,54,95
379,54,95
378,53,95
377,53,96
376,53,96
375,53,96
374,53,96
373,53,97
372,53,97
371,53,97
370,53,97
369,53,98
368,54,98
367,55,98
366,57,98
365,58,99
364,59,99
363,60,99
362,61,99
361,62,99
360,62,100
359,63,100
358,64,100
357,65,101
356,65,101
355,66,101
354,67,101
353,68,102
352,68,102
351,69,102
350,70,102
349,70,103
348,71,103
347,72,103
346,72,104
345,73,104
344,73,104
343,74,104
342,75,105
341,75,105
340,76,105
339,76,105
338,77,106
337,77,106
336,78,106
335,78,106
334,79,107
333,79,107
332,80,107
331,80,108
330,81,108
329,81,108
328,82,108
327,82,109
326,83,109
325,83,109
324,84,109
323,84,110
322,85,110
321,85,110
320,86,111
319,86,111
318,87,111
317,87,111
316,88,112
315,88,112
314,89,112
313,89,113
312,90,113
311,90,113
310,91,113
309,91,114
308,92,114
307,92,114
306,93,115
305,93,115
304,94,115
303,94,115
302,95,116
301,95,116
300,96,116
299,96,116
298,97,117
297,97,117
296,98,117
295,98,118
294,99,118
293,99,118
292,100,118
291,100,119
290,101,119
289,101,119
288,102,120
287,102,120
286,103,120
285,103,120
284,104,121
283,104,121
282,105,121
281,105,121
280,106,122
279,106,122
278,107,122
277,107,123
276,108,123
275,108,123
274,109,123
273,109,124
272,110,124
271,110,124
270,111,124
269,111,125
268,112,125
267,112,125
266,113,126
265,113,126
264,114,126
263,114,127
262,115,127
261,115,127
260,116,127
259,116,128
258,117,128
257,117,128
256,118,128
255,119,129
254,120,129
253,120,129
252,121,129
251,122,129
250,123,129
249,125,129
248,126,128
0,0
1,137
216,99,101
217,98,102
218,98,102
219,97,103
220,97,104
221,97,104
222,96,105
223,96,105
224,96,106
225,96,106
226,95,106
227,95,107
228,95,107
229,95,108
230,95,108
231,95,108
232,95,108
233,94,109
234,94,109
235,94,109
236,94,109
237,94,110
238,94,110
239,94,110
240,93,110
241,93,110
242,93,111
243,93,111
244,93,111
245,93,111
246,92,111
247,92,111
248,92,111
249,92,111
250,92,111
251,92,111
252,91,111
253,91,111
254,91,110
255,91,110
256,91,110
257,90,110
258,90,110
259,90,110
260,90,109
261,90,109
262,89,109
263,89,109
264,89,109
265,89,108
266,88,108
267,88,108
268,88,108
269,88,107
270,87,107
271,87,107
272,87,107
273,87,106
274,86,106
275,86,106
276,86,106
277,85,105
278,85,105
279,85,105
280,85,105
281,84,104
282,84,104
283,84,104
284,83,104
285,83,103
286,83,103
287,83,103
288,82,103
289,82,103
290,82,102
291,81,102
292,81,102
293,81,102
294,80,101
295,80,101
296,80,101
297,79,101
298,79,100
299,79,100
300,78,100
301,78,100
302,78,99
303,77,99
304,77,99
305,77,99
306,76,99
307,76,98
308,76,98
309,75,98
310,75,98
311,74,97
312,74,97
313,74,97
314,73,97
315,73,96
316,73,96
317,73,96
318,72,96
319,72,95
320,72,95
321,72,95
322,72,95
323,72,95
324,72,94
325,71,94
326,71,94
327,71,94
328,71,93
329,71,93
330,71,93
331,72,92
332,72,92
333,72,92
334,72,92
335,72,91
336,72,91
337,73,91
338,73,91
339,73,90
340,73,90
341,74,90
342,74,90
343,74,89
344,75,89
345,75,89
346,75,88
347,76,88
348,76,88
349,77,87
350,78,87
351,79,85
352,81,84
0,0
0,132
19,263,263
20,259,267
21,256,271
22,255,275
23,254,277
24,253,280
25,253,282
26,253,284
27,253,286
28,253,287
29,253,289
30,254,291
31,254,292
32,255,294
33,255,295
34,256,296
35,257,298
36,257,299
37,258,300
38,258,300
39,259,301
40,259,301
41,259,301
42,260,301
43,260,301
44,260,301
45,261,301
46,261,300
47,261,300
48,262,300
49,262,299
50,262,299
51,262,299
52,262,299
53,263,298
54,263,298
55,263,298
56,263,298
57,264,298
58,264,297
59,264,297
60,264,297
61,264,297
62,264,297
63,264,297
64,265,296
65,265,296
66,265,296
67,265,296
68,265,296
69,265,296
70,265,296
71,265,296
72,265,295
73,265,295
74,266,295
75,266,295
76,266,295
77,266,295
78,266,295
79,266,295
80,266,295
81,266,294
82,266,294
83,266,294
84,266,294
85,266,294
86,266,294
87,266,294
88,266,294
89,267,294
90,267,293
91,267,293
92,267,293
93,267,293
94,267,293
95,267,293
96,267,293
97,267,293
98,267,292
99,267,292
100,267,292
101,267,292
102,267,292
103,267,292
104,267,292
105,267,292
106,267,292
107,267,292
108,267,291
109,267,291
110,267,291
111,267,291
112,267,291
113,267,291
114,267,291
115,267,291
116,268,291
117,268,290
118,268,290
119,268,290
120,268,290
121,268,290
122,268,290
123,268,290
124,268,290
125,268,290
126,268,289
127,268,289
128,268,289
129,268,289
130,268,289
131,268,289
132,268,289
133,268,289
134,268,289
135,268,288
136,268,288
137,268,288
138,268,288
139,268,288
140,268,288
141,268,288
142,268,288
143,268,288
144,268,287
145,268,287
146,268,283
147,268,279
148,268,276
149,268,272
150,268,268
0,0
1,163
201,156,158
202,155,159
203,155,160
204,154,161
205,154,162
206,154,162
207,153,163
208,153,163
209,153,163
210,153,164
211,152,164
212,152,164
213,152,164
214,152,164
215,151,164
216,151,164
217,151,164
218,151,165
219,151,164
220,150,164
221,150,164
222,150,164
223,150,164
224,149,164
225,149,164
226,149,164
227,149,164
228,148,164
229,148,164
230,148,164
231,148,163
232,147,163
233,147,163
234,147,163
235,147,163
236,147,163
237,146,163
238,146,163
239,146,162
240,146,162
241,145,162
242,145,162
243,145,162
244,145,161
245,144,161
246,144,161
247,144,161
248,144,161
249,143,161
250,143,160
251,143,160
252,143,160
253,142,160
254,142,160
255,142,159
256,142,159
257,141,159
258,141,159
259,141,159
260,141,158
261,140,158
262,140,158
263,140,158
264,140,158
265,139,157
266,139,157
267,139,157
268,139,157
269,138,157
270,138,156
271,138,156
272,138,156
273,137,156
274,137,156
275,137,155
276,137,155
277,136,155
278,136,155
279,136,155
280,136,155
281,135,154
282,135,154
283,135,154
284,135,154
285,134,154
286,134,153
287,134,153
288,133,153
289,133,153
290,133,153
291,133,152
292,132,152
293,132,152
294,132,152
295,132,152
296,131,151
297,131,151
298,131,151
299,131,151
300,130,151
301,130,151
302,130,150
303,130,150
304,129,150
305,129,150
306,129,150
307,129,149
308,128,149
309,128,149
310,128,149
311,128,149
312,127,148
313,127,148
314,127,148
315,127,148
316,126,148
317,126,148
318,126,147
319,126,147
320,125,147
321,125,147
322,125,147
323,125,147
324,125,146
325,125,146
326,124,146
327,124,146
328,124,146
329,124,146
330,124,145
331,124,145
332,124,145
333,124,145
334,124,145
335,124,144
336,123,144
337,123,144
338,123,144
339,124,144
340,124,144
341,124,143
342,124,143
343,124,143
344,124,143
345,124,143
346,124,143
347,124,142
348,125,142
349,125,142
350,125,142
351,125,142
352,126,142
353,126,141
354,127,141
355,127,141
356,128,141
357,128,141
358,129,140
359,130,140
360,131,140
361,132,139
362,133,139
363,134,137
0,0
1,103
148,230,231
149,229,232
150,228,233
151,228,233
152,227,234
153,227,234
154,227,235
155,226,235
156,226,235
157,226,236
158,226,236
159,226,237
160,226,237
161,225,237
162,225,237
163,225,238
164,225,238
165,225,238
166,225,238
167,224,238
168,224,239
169,224,239
170,224,239
171,224,239
172,223,239
173,223,239
174,223,239
175,223,239
176,222,239
177,222,239
178,222,239
179,222,239
180,222,239
181,221,239
182,221,238
183,221,238
184,220,238
185,220,238
186,220,238
187,220,237
188,219,237
189,219,237
190,219,237
191,218,236
192,218,236
193,218,236
194,218,235
195,217,235
196,217,235
197,217,235
198,216,234
199,216,234
200,216,234
201,215,233
202,215,233
203,214,233
204,214,233
205,214,232
206,213,232
207,213,232
208,213,232
209,212,231
210,212,231
211,212,231
212,211,231
213,211,230
214,210,230
215,210,230
216,209,229
217,209,229
218,209,229
219,209,229
220,208,228
221,208,228
222,208,228
223,208,228
224,208,227
225,207,227
226,207,227
227,207,227
228,207,226
229,207,226
230,207,226
231,207,225
232,207,225
233,207,225
234,208,225
235,208,224
236,208,224
237,208,224
238,208,223
239,208,223
240,209,223
241,209,223
242,209,222
243,209,222
244,210,222
245,210,221
246,211,221
247,211,221
248,212,220
249,213,220
250,214,218
0,0
0,100
180,189,189
181,184,195
182,183,198
183,182,201
184,182,203
185,182,205
186,182,207
187,182,209
188,182,210
189,183,212
190,183,213
191,184,214
192,185,215
193,185,216
194,186,216
195,186,217
196,187,217
197,187,216
198,187,216
199,188,216
200,188,216
201,188,215
202,189,215
203,189,215
204,189,215
205,189,214
206,190,214
207,190,214
208,190,214
209,190,214
210,190,214
211,191,214
212,191,214
213,191,213
214,191,213
215,191,213
216,191,213
217,192,213
218,192,213
219,192,213
220,192,213
221,192,213
222,192,213
223,192,213
224,192,213
225,192,213
226,192,212
227,193,212
228,193,212
229,193,212
230,193,212
231,193,212
232,193,212
233,193,212
234,193,212
235,193,212
236,193,212
237,193,212
238,193,211
239,193,211
240,193,211
241,194,211
242,194,211
243,194,211
244,194,211
245,194,211
246,194,211
247,194,211
248,194,211
249,194,211
250,194,211
251,194,211
252,194,211
253,194,210
254,194,210
255,194,210
256,194,210
257,194,210
258,194,210
259,194,210
260,194,210
261,194,210
262,194,210
263,195,210
264,195,210
265,195,210
266,195,209
267,195,209
268,195,209
269,195,209
270,195,209
271,195,209
272,195,209
273,195,209
274,195,209
275,195,209
276,195,206
277,195,203
278,195,200
279,195,196
0,0
1,115
138,286,291
139,285,292
140,284,293
141,284,294
142,283,295
143,283,296
144,283,296
145,283,297
146,283,298
147,283,298
148,283,299
149,283,299
150,283,300
151,283,300
152,283,301
153,282,301
154,282,302
155,282,302
156,282,303
157,282,303
158,282,303
159,282,304
160,281,304
161,281,305
162,281,305
163,281,305
164,280,306
165,280,306
166,280,306
167,279,306
168,279,306
169,279,306
170,278,306
171,278,306
172,278,305
173,277,305
174,277,305
175,277,304
176,276,304
177,276,303
178,276,303
179,275,302
180,275,301
181,274,300
182,274,299
183,274,299
184,273,298
185,273,297
186,272,297
187,272,296
188,272,295
189,271,294
190,271,294
191,271,293
192,270,292
193,270,292
194,270,291
195,269,290
196,269,290
197,268,289
198,268,288
199,268,288
200,267,287
201,267,286
202,266,286
203,266,285
204,266,284
205,265,284
206,265,283
207,265,283
208,264,282
209,264,281
210,263,281
211,263,280
212,263,279
213,262,279
214,262,278
215,261,277
216,261,277
217,261,276
218,260,275
219,260,275
220,260,274
221,259,274
222,259,273
223,258,272
224,258,272
225,258,271
226,257,270
227,257,270
228,256,269
229,256,268
230,256,268
231,255,267
232,255,267
233,255,266
234,254,265
235,254,265
236,253,264
237,253,263
238,253,263
239,252,262
240,252,262
241,252,261
242,251,260
243,251,260
244,251,259
245,251,259
246,250,258
247,250,257
248,250,257
249,250,256
250,250,255
251,251,254
252,251,253
0,0
1,107
283,204,205
284,204,206
285,203,207
286,202,208
287,202,208
288,202,209
289,202,209
290,201,210
291,201,210
292,201,211
293,201,211
294,201,212
295,201,212
296,201,212
297,200,212
298,200,213
299,200,213
300,200,213
301,200,214
302,200,214
303,200,214
304,200,214
305,199,214
306,199,214
307,199,215
308,199,215
309,199,215
310,199,215
311,198,215
312,198,215
313,198,215
314,198,215
315,198,215
316,198,214
317,197,214
318,197,214
319,197,214
320,197,214
321,197,214
322,196,214
323,196,213
324,196,213
325,196,213
326,195,213
327,195,212
328,195,212
329,195,212
330,194,212
331,194,212
332,194,211
333,194,211
334,193,211
335,193,211
336,193,210
337,192,210
338,192,210
339,192,210
340,192,210
341,191,209
342,191,209
343,191,209
344,190,209
345,190,208
346,190,208
347,189,208
348,189,208
349,189,208
350,188,207
351,188,207
352,187,207
353,187,207
354,187,206
355,186,206
356,186,206
357,186,206
358,186,206
359,186,205
360,185,205
361,185,205
362,185,205
363,185,205
364,185,204
365,185,204
366,185,204
367,185,204
368,184,203
369,185,203
370,185,203
371,185,203
372,185,202
373,186,202
374,186,202
375,186,202
376,186,202
377,186,201
378,187,201
379,187,201
380,187,201
381,187,200
382,188,200
383,188,200
384,189,199
385,189,199
386,190,199
387,191,198
388,192,197
389,194,195
0,0
0,101
158,318,319
159,313,325
160,312,328
161,311,330
162,310,333
163,310,335
164,310,337
165,310,339
166,310,340
167,311,342
168,311,343
169,312,345
170,312,346
171,313,347
172,313,348
173,314,349
174,314,350
175,315,351
176,315,351
177,316,351
178,316,351
179,316,351
180,317,351
181,317,350
182,317,350
183,317,350
184,318,349
185,318,349
186,318,349
187,318,348
188,318,348
189,319,348
190,319,348
191,319,348
192,319,348
193,319,347
194,319,347
195,319,347
196,320,347
197,320,347
198,320,347
199,320,346
200,320,346
201,320,346
202,320,346
203,320,346
204,320,346
205,320,346
206,320,346
207,321,345
208,321,345
209,321,345
210,321,345
211,321,345
212,321,345
213,321,344
214,321,344
215,321,344
216,321,344
217,321,344
218,321,344
219,321,344
220,321,343
221,321,343
222,321,343
223,321,343
224,321,343
225,321,343
226,322,343
227,322,343
228,322,342
229,322,342
230,322,342
231,322,342
232,322,342
233,322,342
234,322,342
235,322,341
236,322,341
237,322,341
238,322,341
239,322,341
240,322,341
241,322,341
242,322,340
243,322,340
244,322,340
245,322,340
246,322,340
247,322,340
248,322,340
249,322,339
250,322,339
251,322,339
252,322,339
253,322,339
254,322,336
255,322,332
256,322,328
257,322,325
258,322,322
0,0
1,156
262,257,258
263,256,259
264,255,260
265,255,261
266,255,262
267,255,263
268,255,263
269,254,264
270,254,265
271,254,266
272,254,266
273,254,267
274,254,268
275,254,269
276,254,269
277,254,270
278,254,270
279,253,271
280,253,271
281,253,271
282,253,271
283,253,272
284,253,272
285,253,272
286,253,272
287,253,272
288,253,272
289,253,271
290,252,271
291,252,271
292,252,271
293,252,271
294,252,270
295,252,270
296,252,270
297,252,270
298,252,270
299,252,270
300,252,269
301,252,269
302,251,269
303,251,269
304,251,269
305,251,269
306,251,268
307,251,268
308,251,268
309,251,268
310,251,268
311,251,268
312,250,267
313,250,267
314,250,267
315,250,267
316,250,267
317,250,266
318,250,266
319,250,266
320,249,266
321,249,266
322,249,266
323,249,266
324,249,265
325,249,265
326,249,265
327,248,265
328,248,265
329,248,265
330,248,265
331,248,264
332,248,264
333,248,264
334,247,264
335,247,264
336,247,264
337,247,264
338,247,263
339,246,263
340,246,263
341,246,263
342,246,263
343,246,263
344,245,263
345,245,262
346,245,262
347,245,262
348,245,262
349,244,262
350,244,262
351,244,262
352,244,262
353,244,261
354,243,261
355,243,261
356,243,261
357,243,261
358,243,261
359,242,261
360,242,261
361,242,260
362,242,260
363,242,260
364,241,260
365,241,260
366,241,260
367,241,260
368,241,260
369,240,259
370,240,259
371,240,259
372,240,259
373,239,259
374,239,259
375,239,259
376,239,259
377,239,259
378,238,258
379,238,258
380,238,258
381,238,258
382,237,258
383,237,258
384,237,258
385,237,258
386,237,258
387,237,257
388,236,257
389,236,257
390,236,257
391,236,257
392,236,257
393,236,257
394,236,257
395,236,257
396,237,256
397,237,256
398,237,256
399,237,256
400,238,256
401,238,256
402,238,256
403,239,256
404,239,256
405,240,256
406,240,256
407,240,256
408,241,256
409,241,256
410,242,256
411,242,256
412,243,255
413,243,255
414,244,255
415,245,254
416,245,253
417,246,251
0,0
1,175
183,319,320
184,318,321
185,318,322
186,317,323
187,317,324
188,317,324
189,317,325
190,316,326
191,316,326
192,316,327
193,316,328
194,316,329
195,315,329
196,315,330
197,315,330
198,315,331
199,315,332
200,315,332
201,315,332
202,314,333
203,314,333
204,314,333
205,314,334
206,314,334
207,314,334
208,314,334
209,313,334
210,313,333
211,313,333
212,313,333
213,313,333
214,313,333
215,313,333
216,312,332
217,312,332
218,312,332
219,312,332
220,312,331
221,312,331
222,312,331
223,311,331
224,311,330
225,311,330
226,311,330
227,311,330
228,311,329
229,311,329
230,311,329
231,310,329
232,310,329
233,310,328
234,310,328
235,310,328
236,310,328
237,309,327
238,309,327
239,309,327
240,309,327
241,309,327
242,309,326
243,309,326
244,308,326
245,308,326
246,308,326
247,308,325
248,308,325
249,307,325
250,307,325
251,307,325
252,307,324
253,307,324
254,306,324
255,306,324
256,306,324
257,306,323
258,306,323
259,305,323
260,305,323
261,305,323
262,305,322
263,305,322
264,304,322
265,304,322
266,304,321
267,304,321
268,303,321
269,303,321
270,303,321
271,303,321
272,302,320
273,302,320
274,302,320
275,302,320
276,302,320
277,301,319
278,301,319
279,301,319
280,301,319
281,300,319
282,300,319
283,300,318
284,299,318
285,299,318
286,299,318
287,299,318
288,298,317
289,298,317
290,298,317
291,298,317
292,297,317
293,297,317
294,297,316
295,297,316
296,296,316
297,296,316
298,296,316
299,296,316
300,295,315
301,295,315
302,295,315
303,295,315
304,294,315
305,294,315
306,294,314
307,293,314
308,293,314
309,293,314
310,293,314
311,292,314
312,292,313
313,292,313
314,291,313
315,291,313
316,291,313
317,291,312
318,290,312
319,290,312
320,290,312
321,290,312
322,289,312
323,289,311
324,289,311
325,289,311
326,289,311
327,289,311
328,288,311
329,288,311
330,288,310
331,288,310
332,288,310
333,288,310
334,289,310
335,289,310
336,289,309
337,289,309
338,289,309
339,289,309
340,290,309
341,290,309
342,290,309
343,291,308
344,291,308
345,292,308
346,292,308
347,292,308
348,293,308
349,293,308
350,294,308
351,294,307
352,295,307
353,295,307
354,296,307
355,296,306
356,297,305
357,298,303
0,0
0,134
325,221,221
326,218,225
327,216,228
328,216,230
329,216,233
330,216,234
331,216,236
332,216,238
333,216,239
334,216,241
335,216,242
336,215,243
337,215,244
338,215,245
339,215,246
340,214,246
341,214,247
342,214,248
343,213,249
344,213,249
345,213,250
346,212,250
347,212,250
348,212,251
349,211,251
350,211,251
351,210,251
352,210,251
353,209,251
354,209,250
355,208,250
356,208,248
357,207,247
358,207,246
359,206,245
360,206,244
361,205,243
362,205,242
363,204,241
364,204,240
365,203,239
366,202,238
367,202,237
368,201,236
369,200,235
370,200,235
371,199,234
372,198,233
373,198,232
374,197,231
375,196,230
376,196,229
377,195,228
378,194,227
379,193,226
380,193,226
381,192,225
382,191,224
383,190,223
384,190,222
385,189,221
386,188,220
387,187,219
388,186,218
389,186,217
390,185,216
391,184,215
392,183,214
393,182,213
394,181,212
395,180,211
396,179,210
397,178,209
398,177,208
399,177,207
400,176,206
401,175,205
402,174,204
403,173,203
404,172,202
405,171,201
406,169,200
407,169,199
408,167,197
409,166,196
410,165,195
411,164,194
412,163,193
413,162,192
414,161,191
415,160,190
416,159,188
417,157,187
418,156,186
419,155,185
420,154,184
421,152,182
422,151,181
423,150,180
424,149,178
425,147,177
426,146,176
427,144,174
428,143,173
429,142,172
430,140,170
431,139,169
432,138,167
433,137,166
434,135,164
435,134,163
436,132,161
437,131,160
438,129,158
439,128,156
440,127,154
441,125,153
442,124,150
443,123,148
444,121,146
445,120,144
446,118,142
447,117,140
448,115,138
449,114,135
450,113,133
451,111,131
452,110,128
453,108,125
454,107,122
455,106,119
456,105,116
457,106,111
458,107,107
0,0
0,122
309,282,288
310,280,292
311,280,294
312,280,297
313,279,299
314,279,301
315,280,302
316,280,303
317,280,305
318,280,306
319,280,307
320,280,308
321,281,309
322,281,310
323,281,310
324,282,310
325,282,311
326,282,311
327,282,311
328,283,311
329,283,311
330,283,311
331,283,311
332,284,311
333,284,311
334,284,310
335,284,310
336,284,310
337,284,310
338,284,310
339,285,309
340,285,309
341,285,309
342,285,309
343,285,309
344,285,308
345,285,308
346,285,308
347,285,308
348,285,308
349,285,308
350,285,308
351,285,307
352,285,307
353,285,307
354,285,307
355,285,307
356,284,307
357,284,307
358,284,306
359,284,306
360,284,306
361,284,306
362,284,306
363,284,306
364,284,306
365,284,306
366,284,305
367,284,305
368,284,305
369,284,305
370,284,305
371,284,305
372,284,305
373,283,305
374,283,304
375,283,304
376,283,304
377,283,304
378,283,304
379,283,304
380,283,304
381,283,304
382,283,304
383,283,304
384,283,304
385,283,304
386,283,304
387,283,304
388,283,304
389,283,304
390,283,304
391,283,304
392,283,303
393,283,303
394,283,303
395,283,303
396,283,303
397,283,304
398,283,304
399,283,304
400,283,304
401,283,304
402,283,304
403,283,304
404,283,304
405,283,304
406,283,304
407,283,304
408,283,304
409,283,305
410,283,305
411,283,305
412,283,305
413,283,305
414,283,305
415,283,306
416,283,306
417,283,306
418,284,307
419,284,307
420,284,308
421,284,307
422,284,305
423,284,302
424,284,300
425,285,297
426,285,295
427,285,292
428,285,290
429,285,287
430,286,286
1,228
286,430,434
287,429,437
288,429,439
289,429,440
290,428,442
291,428,443
292,427,444
293,427,445
294,427,446
295,426,447
296,426,447
297,425,448
298,425,449
299,425,449
300,424,450
301,424,451
302,423,451
303,423,452
304,423,452
305,422,453
306,422,453
307,421,454
308,421,454
309,423,454
310,424,455
311,426,455
312,427,456
313,428,456
314,429,456
315,429,457
316,430,457
317,431,457
318,431,458
319,432,458
320,432,458
321,433,459
322,433,459
323,434,459
324,434,460
325,434,460
326,435,460
327,435,461
328,435,461
329,435,461
330,436,461
331,436,462
332,436,462
333,436,462
334,437,462
335,437,462
336,437,463
337,437,463
338,437,463
339,438,463
340,438,463
341,438,463
342,438,463
343,438,464
344,438,464
345,438,464
346,438,464
347,439,464
348,439,464
349,439,464
350,439,464
351,439,464
352,439,464
353,439,464
354,439,464
355,439,464
356,439,464
357,439,464
358,439,464
359,439,464
360,439,464
361,439,453
361,439,464
362,439,453
362,439,464
363,439,453
363,439,464
364,439,453
364,439,465
365,439,453
365,439,465
366,439,453
366,439,465
367,439,453
367,439,465
368,439,453
368,439,465
369,439,453
369,439,465
370,439,453
370,439,465
371,439,453
371,439,465
372,439,453
372,439,465
373,439,453
373,439,465
374,439,453
374,439,465
375,439,453
375,439,465
376,439,453
376,439,465
377,439,453
377,439,465
378,439,453
378,439,465
379,439,453
379,439,465
380,439,453
380,439,465
381,439,453
381,439,465
382,439,453
382,439,465
383,439,453
383,439,465
384,439,453
384,439,465
385,439,453
385,439,465
386,439,453
386,439,465
387,439,453
387,439,464
388,439,453
388,439,464
389,439,453
389,439,464
390,439,453
390,439,464
391,439,453
391,439,464
392,439,453
392,438,464
393,439,453
393,438,464
394,439,453
394,438,464
395,439,453
395,438,464
396,439,453
396,438,464
397,439,453
397,438,464
398,439,453
398,438,464
399,439,453
399,438,464
400,439,453
400,437,464
401,439,453
401,437,464
402,439,453
402,437,464
403,437,463
404,437,463
405,436,463
406,436,463
407,436,463
408,436,463
409,435,463
410,435,463
411,434,463
412,434,462
413,434,462
414,433,462
415,432,462
416,432,462
417,431,462
418,430,462
419,429,462
420,428,461
421,428,461
422,428,461
423,428,461
424,428,461
425,428,461
426,428,460
427,428,460
428,428,460
429,428,460
430,428,460
431,428,460
432,428,459
433,428,459
434,428,459
435,428,459
436,428,458
437,428,458
438,428,458
439,428,458
440,428,457
441,428,457
442,428,457
443,428,456
444,428,456
445,428,456
446,428,456
447,428,455
448,428,455
449,428,455
450,428,454
451,428,454
452,428,454
453,428,453
454,428,453
455,428,453
456,429,453
457,429,452
458,429,452
459,429,451
460,429,451
461,429,451
462,429,450
463,429,450
464,429,450
465,429,449
466,429,448
467,429,447
468,429,446
469,431,445
470,434,442
470,434,438
0,63
428,455,467
427,420,467
426,421,466
425,421,466
424,422,465
423,422,465
422,423,464
421,423,464
420,424,464
419,424,463
418,425,463
417,425,462
416,426,462
415,426,462
414,427,461
413,427,461
412,427,460
411,428,460
410,428,460
409,429,459
408,429,459
407,429,459
406,430,458
405,430,458
404,431,458
403,431,457
402,431,457
401,432,457
400,432,457
399,432,456
398,433,456
397,433,456
396,433,455
395,434,455
394,434,455
393,435,454
392,435,454
391,435,454
390,436,453
389,436,453
388,436,453
387,436,453
386,437,452
385,437,452
384,438,452
383,438,452
382,438,451
381,438,451
380,439,451
379,439,451
378,439,450
377,440,450
376,440,450
375,440,450
374,441,450
373,441,449
372,441,449
371,441,449
370,442,449
369,442,448
368,443,448
367,444,446
366,445,445
0,0
