0,57
70,97,97
71,93,101
72,91,106
73,90,109
74,90,113
75,90,117
76,90,120
77,90,123
78,90,126
79,90,129
80,90,131
81,91,134
82,91,136
83,92,138
84,92,139
85,93,141
86,94,142
87,95,144
88,96,145
89,97,145
90,97,146
91,99,147
92,100,148
93,101,148
94,102,149
95,103,149
96,104,149
97,105,150
98,106,150
99,107,150
100,108,150
101,109,151
102,110,151
103,111,151
104,112,151
105,113,151
106,114,151
107,115,152
108,116,152
109,117,152
110,118,152
111,119,152
112,120,152
113,121,152
114,122,152
115,123,152
116,124,151
117,124,151
118,125,151
119,126,151
120,127,150
121,128,150
122,130,149
123,131,148
124,133,147
125,135,145
126,139,142
0,0
0,51
161,64,64
162,61,70
163,60,73
164,59,77
165,59,81
166,59,84
167,59,88
168,59,90
169,59,93
170,59,95
171,59,97
172,60,98
173,60,100
174,61,101
175,61,102
176,62,103
177,63,104
178,63,105
179,64,106
180,65,107
181,66,107
182,67,108
183,68,108
184,68,109
185,69,109
186,70,110
187,70,110
188,71,110
189,72,110
190,73,111
191,73,111
192,74,111
193,75,111
194,76,111
195,77,111
196,77,111
197,78,111
198,79,111
199,80,111
200,81,111
201,82,111
202,83,110
203,84,110
204,85,110
205,87,109
206,88,109
207,90,108
208,91,107
209,93,107
210,95,105
211,98,104
0,0
0,166
409,90,90
408,86,93
407,84,94
406,82,95
405,81,95
404,79,95
403,78,96
402,77,96
401,77,96
400,76,96
399,75,96
398,74,96
397,74,96
396,73,96
395,73,97
394,72,97
393,71,97
392,71,97
391,70,97
390,70,97
389,69,97
388,69,98
387,68,98
386,68,98
385,68,98
384,67,98
383,67,99
382,66,99
381,66,99
380,65,99
379,65,100
378,65,100
377,64,100
376,64,100
375,63,100
374,63,101
373,63,101
372,62,101
371,62,102
370,62,102
369,61,102
368,61,102
367,61,103
366,61,103
365,60,103
364,60,104
363,60,104
362,60,104
361,60,104
360,59,105
359,59,105
358,59,105
357,59,106
356,60,106
355,60,106
354,60,107
353,61,107
352,61,107
351,63,107
350,64,108
349,66,108
348,67,108
347,68,109
346,69,109
345,70,109
344,71,110
343,72,110
342,73,110
341,74,111
340,74,111
339,75,111
338,76,112
337,77,112
336,78,113
335,78,113
334,79,113
333,80,114
332,81,114
331,81,114
330,82,115
329,83,115
328,84,115
327,84,116
326,85,116
325,86,116
324,86,117
323,87,117
322,87,117
321,88,118
320,89,118
319,89,118
318,90,119
317,91,119
316,91,119
315,92,120
314,92,120
313,93,120
312,94,121
311,94,121
310,95,121
309,95,122
308,96,122
307,97,122
306,97,123
305,98,123
304,98,124
303,99,124
302,100,124
301,100,125
300,101,125
299,101,125
298,102,126
297,103,126
296,103,126
295,104,127
294,104,127
293,105,127
292,106,128
291,106,128
290,107,128
289,108,129
288,108,129
287,109,129
286,109,130
285,110,130
284,111,131
283,111,131
282,112,131
281,112,131
280,113,132
279,114,132
278,114,133
277,115,133
276,115,133
275,116,134
274,117,134
273,117,134
272,118,135
271,118,135
270,119,135
269,120,136
268,120,136
267,121,136
266,122,137
265,122,137
264,123,138
263,124,138
262,124,138
261,125,139
260,125,139
259,126,139
258,127,140
257,127,140
256,128,140
255,129,141
254,129,141
253,130,141
252,131,142
251,132,142
250,132,142
249,133,142
248,134,142
247,135,142
246,136,142
245,138,142
244,141,141
0,0
1,169
164,115,116
165,114,117
166,113,118
167,113,119
168,113,119
169,112,120
170,112,121
171,112,121
172,112,122
173,111,122
174,111,123
175,111,123
176,111,124
177,111,124
178,111,124
179,111,125
180,111,125
181,111,125
182,111,126
183,110,126
184,110,126
185,110,126
186,110,127
187,110,127
188,110,127
189,110,127
190,110,127
191,110,127
192,109,128
193,109,128
194,109,128
195,109,128
196,109,128
197,109,128
198,109,128
199,109,128
200,108,128
201,108,128
202,108,128
203,108,127
204,108,127
205,108,127
206,108,127
207,107,127
208,107,127
209,107,127
210,107,126
211,107,126
212,107,126
213,106,126
214,106,126
215,106,125
216,106,125
217,106,125
218,106,125
219,105,125
220,105,124
221,105,124
222,105,124
223,105,124
224,104,124
225,104,123
226,104,123
227,104,123
228,104,123
229,104,123
230,103,122
231,103,122
232,103,122
233,103,122
234,102,122
235,102,121
236,102,121
237,102,121
238,102,121
239,101,121
240,101,120
241,101,120
242,101,120
243,100,120
244,100,120
245,100,119
246,100,119
247,99,119
248,99,119
249,99,119
250,99,119
251,98,118
252,98,118
253,98,118
254,98,118
255,97,118
256,97,117
257,97,117
258,97,117
259,96,117
260,96,117
261,96,116
262,95,116
263,95,116
264,95,116
265,95,115
266,94,115
267,94,115
268,94,115
269,93,115
270,93,114
271,93,114
272,92,114
273,92,114
274,92,114
275,92,113
276,91,113
277,91,113
278,91,113
279,90,113
280,90,112
281,90,112
282,89,112
283,89,112
284,89,112
285,88,111
286,88,111
287,88,111
288,88,111
289,87,111
290,87,110
291,86,110
292,86,110
293,86,110
294,85,110
295,85,109
296,85,109
297,85,109
298,85,109
299,85,108
300,84,108
301,84,108
302,84,108
303,84,108
304,84,107
305,84,107
306,84,107
307,84,107
308,84,107
309,83,106
310,84,106
311,84,106
312,84,106
313,85,105
314,85,105
315,85,105
316,85,105
317,86,104
318,86,104
319,86,104
320,86,104
321,87,103
322,87,103
323,87,103
324,88,102
325,88,102
326,89,102
327,89,102
328,90,101
329,90,101
330,91,100
331,92,99
332,94,97
0,0
0,151
19,233,233
20,228,238
21,226,242
22,225,245
23,223,248
24,223,250
25,223,252
26,223,254
27,223,256
28,223,258
29,223,259
30,223,261
31,224,263
32,224,264
33,225,265
34,225,267
35,226,268
36,227,269
37,227,270
38,228,271
39,228,271
40,229,272
41,229,272
42,229,272
43,230,272
44,230,272
45,230,272
46,231,272
47,231,271
48,231,271
49,231,271
50,232,270
51,232,270
52,232,270
53,232,270
54,232,269
55,233,269
56,233,269
57,233,269
58,233,268
59,233,268
60,234,268
61,234,268
62,234,268
63,234,268
64,234,267
65,234,267
66,234,267
67,235,267
68,235,267
69,235,267
70,235,267
71,235,266
72,235,266
73,235,266
74,235,266
75,235,266
76,235,266
77,235,266
78,236,266
79,236,265
80,236,265
81,236,265
82,236,265
83,236,265
84,236,265
85,236,265
86,236,265
87,236,265
88,236,265
89,236,264
90,236,264
91,236,264
92,236,264
93,236,264
94,236,264
95,236,264
96,236,264
97,236,264
98,236,263
99,236,263
100,236,263
101,237,263
102,237,263
103,237,263
104,237,263
105,237,263
106,237,263
107,237,263
108,237,262
109,237,262
110,237,262
111,237,262
112,237,262
113,237,262
114,237,262
115,237,262
116,237,262
117,237,261
118,237,261
119,237,261
120,237,261
121,237,261
122,237,261
123,237,261
124,237,261
125,237,261
126,237,260
127,237,260
128,237,260
129,237,260
130,237,260
131,237,260
132,237,260
133,237,260
134,237,260
135,237,260
136,237,259
137,237,259
138,237,259
139,237,259
140,237,259
141,237,259
142,237,259
143,237,259
144,237,259
145,237,258
146,237,258
147,237,258
148,237,258
149,237,258
150,237,258
151,237,258
152,237,258
153,237,258
154,237,257
155,237,257
156,237,257
157,237,257
158,236,257
159,236,257
160,236,257
161,236,257
162,236,257
163,236,257
164,236,256
165,236,254
166,236,250
167,236,246
168,236,242
169,236,238
0,0
1,127
184,175,178
185,174,179
186,174,180
187,173,181
188,173,181
189,173,182
190,173,182
191,172,183
192,172,183
193,172,183
194,172,183
195,171,183
196,171,183
197,171,184
198,170,183
199,170,183
200,170,183
201,170,183
202,169,183
203,169,183
204,169,183
205,169,183
206,168,183
207,168,183
208,168,183
209,167,183
210,167,182
211,167,182
212,167,182
213,166,182
214,166,182
215,166,182
216,166,182
217,165,182
218,165,181
219,165,181
220,164,181
221,164,181
222,164,181
223,164,181
224,163,180
225,163,180
226,163,180
227,162,180
228,162,180
229,162,179
230,162,179
231,161,179
232,161,179
233,161,179
234,160,178
235,160,178
236,160,178
237,160,178
238,159,178
239,159,177
240,159,177
241,158,177
242,158,177
243,158,177
244,157,177
245,157,176
246,157,176
247,157,176
248,156,176
249,156,176
250,156,175
251,155,175
252,155,175
253,155,175
254,155,175
255,154,175
256,154,174
257,154,174
258,153,174
259,153,174
260,153,174
261,153,173
262,152,173
263,152,173
264,152,173
265,152,173
266,151,173
267,151,172
268,151,172
269,151,172
270,151,172
271,150,172
272,150,172
273,150,171
274,150,171
275,150,171
276,150,171
277,150,171
278,149,171
279,149,170
280,149,170
281,149,170
282,149,170
283,149,170
284,149,169
285,149,169
286,149,169
287,149,169
288,149,169
289,149,169
290,149,168
291,150,168
292,150,168
293,150,168
294,150,168
295,150,168
296,150,168
297,151,167
298,151,167
299,151,167
300,152,167
301,152,167
302,152,167
303,153,166
304,154,166
305,154,166
306,155,166
307,156,165
308,157,165
309,158,164
310,159,163
0,0
0,74
215,172,172
216,167,178
217,165,185
218,165,188
219,164,191
220,164,192
221,165,193
222,165,194
223,165,194
224,166,195
225,166,195
226,167,195
227,168,195
228,168,195
229,169,195
230,170,196
231,170,196
232,171,196
233,171,196
234,172,196
235,173,196
236,173,197
237,174,197
238,174,197
239,175,197
240,175,197
241,176,198
242,176,198
243,177,198
244,177,198
245,178,198
246,178,199
247,178,199
248,179,199
249,179,199
250,180,200
251,180,200
252,180,200
253,181,200
254,181,201
255,181,201
256,182,201
257,182,201
258,183,201
259,183,201
260,183,202
261,183,202
262,184,202
263,184,202
264,184,202
265,185,203
266,185,203
267,185,203
268,186,203
269,186,203
270,187,203
271,187,204
272,187,204
273,188,204
274,188,204
275,189,204
276,189,204
277,190,204
278,190,204
279,191,204
280,192,204
281,192,204
282,193,204
283,194,204
284,195,204
285,196,204
286,197,203
287,199,203
288,201,201
0,0
1,103
169,221,223
170,220,224
171,220,225
172,220,226
173,220,227
174,220,228
175,220,228
176,220,229
177,220,229
178,219,230
179,219,230
180,219,231
181,219,231
182,219,231
183,219,231
184,219,232
185,219,232
186,219,232
187,218,232
188,218,232
189,218,232
190,218,232
191,218,232
192,218,232
193,218,232
194,217,232
195,217,231
196,217,231
197,217,231
198,217,231
199,217,231
200,217,231
201,216,230
202,216,230
203,216,230
204,216,230
205,216,229
206,216,229
207,215,229
208,215,229
209,215,228
210,215,228
211,215,228
212,214,228
213,214,227
214,214,227
215,214,227
216,214,227
217,213,227
218,213,226
219,213,226
220,213,226
221,212,226
222,212,225
223,212,225
224,212,225
225,211,225
226,211,224
227,211,224
228,211,224
229,211,224
230,210,224
231,210,223
232,210,223
233,209,223
234,209,223
235,209,222
236,208,222
237,208,222
238,208,222
239,207,222
240,207,221
241,207,221
242,206,221
243,206,221
244,206,220
245,205,220
246,205,220
247,204,220
248,204,219
249,204,219
250,203,219
251,203,219
252,202,219
253,202,219
254,201,219
255,201,219
256,200,219
257,200,219
258,199,219
259,199,219
260,198,219
261,198,219
262,197,219
263,197,219
264,196,219
265,219,219
265,195,220
266,219,219
266,196,220
267,206,221
268,215,223
268,221,223
0,74
193,273,273
194,267,278
195,265,281
196,266,283
197,266,284
198,266,286
199,266,287
200,266,289
201,266,290
202,266,292
203,266,293
204,266,294
205,266,296
206,267,297
207,267,299
208,267,300
209,267,301
210,267,303
211,267,304
212,267,306
213,267,307
214,267,308
215,267,309
216,268,310
217,268,310
218,268,310
219,268,311
220,268,311
221,268,310
222,268,310
223,268,310
224,269,309
225,269,309
226,269,308
227,269,307
228,269,307
229,268,306
230,268,305
231,268,304
232,268,303
233,267,302
234,267,300
235,267,300
236,267,299
237,266,298
238,266,297
239,265,296
240,265,296
241,265,295
242,264,294
243,264,294
244,264,293
245,263,292
246,263,292
247,263,291
248,262,291
249,262,290
250,262,290
251,261,289
252,261,288
253,261,288
254,260,287
255,260,287
256,259,286
257,259,286
258,259,285
259,258,285
260,258,284
261,258,284
262,257,284
263,264,283
264,271,283
265,278,282
266,282,282
0,0
1,103
192,272,275
193,271,276
194,271,277
195,271,278
196,271,279
197,270,280
198,270,281
199,270,281
200,270,282
201,270,282
202,269,282
203,269,283
204,269,283
205,269,283
206,269,283
207,269,283
208,269,283
209,268,283
210,268,282
211,268,282
212,268,282
213,268,282
214,267,282
215,267,282
216,267,281
217,267,281
218,267,281
219,267,281
220,266,280
221,266,280
222,266,280
223,266,280
224,266,280
225,265,280
226,265,279
227,265,279
228,265,279
229,265,279
230,264,279
231,264,279
232,264,278
233,264,278
234,263,278
235,263,278
236,263,278
237,263,278
238,262,278
239,262,277
240,262,277
241,262,277
242,262,277
243,261,277
244,261,277
245,261,277
246,261,276
247,260,276
248,260,276
249,260,276
250,260,276
251,259,276
252,259,276
253,259,276
254,259,275
255,258,275
256,258,275
257,258,275
258,258,275
259,257,275
260,257,275
261,257,275
262,257,275
263,256,274
264,256,274
265,256,274
266,256,274
267,256,274
268,256,274
269,256,274
270,255,274
271,256,274
272,256,274
273,256,273
274,256,273
275,256,273
276,256,273
277,257,273
278,257,273
279,257,273
280,258,273
281,258,273
282,258,273
283,259,272
284,259,272
285,260,272
286,261,272
287,261,272
288,262,272
289,263,272
290,264,271
291,265,271
292,266,271
293,267,269
293,267,268
0,0
0,77
284,196,198
285,195,200
286,194,201
287,193,202
288,193,203
289,193,203
290,193,204
291,193,205
292,193,205
293,193,206
294,193,207
295,193,207
296,193,208
297,193,208
298,194,209
299,194,210
300,194,210
301,194,211
302,194,211
303,195,212
304,195,212
305,195,213
306,195,213
307,195,214
308,195,214
309,196,215
310,196,216
311,196,216
312,196,217
313,196,217
314,196,217
315,197,218
316,197,218
317,197,219
318,197,219
319,198,220
320,198,220
321,198,221
322,198,221
323,198,221
324,199,222
325,199,222
326,199,222
327,199,223
328,199,223
329,200,223
330,200,224
331,200,224
332,200,224
333,201,224
334,201,224
335,201,225
336,201,225
337,201,225
338,202,225
339,202,225
340,202,225
341,202,225
342,203,225
343,203,225
344,203,225
345,203,225
346,204,225
347,204,224
348,204,224
349,204,224
350,205,224
351,205,223
352,205,223
353,206,222
354,206,222
355,207,221
356,208,220
357,208,219
358,209,218
359,211,217
360,214,214
0,0
0,84
269,262,267
270,259,271
271,257,273
272,257,275
273,256,276
274,256,278
275,256,279
276,256,281
277,257,282
278,257,283
279,258,285
280,258,286
281,258,287
282,258,288
283,258,289
284,259,290
285,259,291
286,259,291
287,259,292
288,259,292
289,259,293
290,259,293
291,259,293
292,259,293
293,258,292
294,258,292
295,258,291
296,258,290
297,258,290
298,258,289
299,258,288
300,258,287
301,257,286
302,257,286
303,257,285
304,257,284
305,257,284
306,256,283
307,256,282
308,256,282
309,256,281
310,256,280
311,255,280
312,255,279
313,255,279
314,255,278
315,254,278
316,254,277
317,254,277
318,253,276
319,253,275
320,253,275
321,253,274
322,253,274
323,252,273
324,252,272
325,252,272
326,251,271
327,251,271
328,251,270
329,251,269
330,250,269
331,250,268
332,250,267
333,250,267
334,249,266
335,249,266
336,249,265
337,248,265
338,248,264
339,247,263
340,247,263
341,247,262
342,247,261
343,247,260
344,246,260
345,246,259
346,246,258
347,246,257
348,246,256
349,246,255
350,246,254
351,246,252
352,247,250
0,0
1,259
134,372,378
135,371,380
136,370,381
137,369,382
138,369,383
139,368,384
140,368,385
141,368,386
142,368,387
143,368,388
144,369,388
145,369,389
146,369,390
147,369,390
148,369,391
149,369,392
150,369,392
151,369,393
152,369,394
153,369,394
154,369,395
155,369,396
156,369,396
157,369,397
158,369,383
158,369,397
159,370,381
159,369,383
159,369,398
160,370,381
160,369,383
160,369,398
161,370,381
161,369,383
161,369,399
162,370,381
162,369,383
162,369,399
163,370,381
163,369,383
163,369,400
164,370,381
164,369,383
164,369,400
165,370,381
165,369,383
165,369,400
166,370,381
166,369,383
166,369,400
167,370,381
167,369,383
167,369,401
168,370,381
168,369,383
168,369,401
169,370,381
169,369,383
169,369,400
170,370,381
170,369,383
170,369,400
171,370,381
171,369,383
171,368,400
172,370,381
172,369,383
172,368,400
173,370,381
173,369,383
173,368,400
174,370,381
174,369,383
174,368,400
175,370,381
175,369,383
175,368,399
176,370,381
176,369,383
176,368,399
177,370,381
177,369,383
177,367,399
178,370,381
178,369,383
178,367,398
179,370,381
179,369,383
179,367,398
180,370,381
180,369,383
180,367,397
181,370,381
181,369,383
181,367,397
182,370,381
182,366,396
183,370,381
183,366,396
184,370,381
184,366,395
185,370,381
185,366,395
186,370,381
186,365,394
187,370,381
187,365,394
188,370,381
188,365,393
189,370,381
189,365,393
190,370,381
190,364,392
191,370,381
191,364,392
192,370,381
192,364,391
193,370,381
193,364,391
194,370,381
194,364,390
195,370,381
195,363,390
196,370,381
196,363,389
197,370,381
197,363,389
198,370,381
198,363,388
199,370,381
199,362,388
200,370,381
200,362,388
201,370,381
201,362,387
202,370,381
202,362,387
203,370,381
203,361,386
204,370,381
204,361,386
205,370,381
205,361,385
206,370,381
206,361,385
207,370,381
207,360,384
208,370,381
208,360,384
209,370,381
209,360,383
210,370,381
210,360,383
211,370,381
211,359,383
212,370,381
212,359,382
213,370,381
213,359,382
214,358,381
215,358,381
216,358,380
217,358,380
218,357,380
219,357,379
220,357,379
221,357,378
222,356,378
223,356,377
224,356,377
225,356,377
226,355,376
227,355,376
228,355,375
229,354,375
230,354,374
231,354,374
232,354,374
233,353,373
234,353,373
235,353,372
236,353,372
237,352,372
238,352,371
239,352,371
240,352,370
241,351,370
242,351,369
243,351,369
244,351,369
245,350,368
246,350,368
247,350,367
248,350,367
249,349,367
250,349,366
251,349,366
252,348,365
253,348,365
254,348,365
255,348,364
256,347,364
257,347,363
258,347,363
259,347,362
260,346,362
261,346,362
262,346,361
263,346,361
264,345,360
265,345,360
266,345,360
267,344,359
268,344,359
269,344,358
270,344,358
271,344,358
272,343,357
273,343,357
274,343,356
275,342,356
276,342,356
277,342,355
278,342,355
279,341,354
280,341,354
281,341,354
282,340,353
283,340,353
284,340,352
285,340,352
286,339,352
287,339,351
288,339,351
289,339,350
290,338,350
291,338,350
292,338,349
293,338,349
294,337,348
295,337,348
296,337,348
297,337,347
298,336,347
299,336,346
300,336,346
301,336,346
302,336,345
303,336,345
304,335,344
305,335,344
306,335,343
307,336,343
308,336,342
309,336,342
310,336,341
311,336,340
312,336,339
313,337,337
0,0
0,134
62,408,408
63,405,413
64,403,416
65,402,418
66,402,420
67,402,421
68,402,423
69,402,424
70,402,426
71,402,427
72,402,428
73,403,429
74,403,430
75,403,431
76,404,432
77,404,433
78,404,434
79,404,435
80,404,436
81,404,437
82,404,438
83,404,439
84,404,440
85,403,440
86,403,441
87,403,442
88,403,442
89,402,443
90,402,443
91,402,443
92,402,443
93,401,443
94,401,443
95,400,443
96,400,443
97,399,443
98,399,442
99,399,441
100,398,441
101,398,440
102,397,439
103,397,437
104,396,436
105,396,435
106,395,434
107,394,433
108,394,432
109,393,431
110,393,430
111,392,429
112,392,429
113,391,428
114,390,427
115,390,426
116,389,425
117,389,424
118,388,423
119,387,423
120,387,422
121,386,421
122,385,420
123,385,419
124,384,419
125,384,418
126,383,417
127,382,416
128,381,416
129,381,415
130,380,414
131,380,413
132,379,412
133,378,411
134,377,411
135,377,410
136,376,409
137,375,408
138,375,407
139,374,406
140,373,405
141,372,404
142,372,404
143,371,403
144,370,402
145,370,401
146,369,400
147,368,399
148,367,398
149,367,397
150,366,396
151,365,395
152,364,394
153,363,393
154,363,392
155,362,391
156,361,390
157,360,389
158,360,388
159,359,387
160,358,386
161,357,385
162,356,384
163,355,383
164,355,382
165,354,380
166,353,379
167,352,378
168,351,377
169,351,376
170,350,375
171,349,374
172,348,372
173,347,371
174,346,370
175,346,369
176,345,367
177,344,366
178,343,365
179,342,363
180,341,362
181,340,361
182,340,359
183,339,358
184,338,356
185,337,355
186,336,353
187,335,352
188,334,351
189,333,349
190,332,348
191,332,346
192,331,344
193,331,342
194,332,340
195,333,336
0,0
0,107
183,399,404
184,397,407
185,396,409
186,396,411
187,396,412
188,396,414
189,396,415
190,396,416
191,396,417
192,396,418
193,397,419
194,397,420
195,397,421
196,397,422
197,397,423
198,397,424
199,397,425
200,396,425
201,396,426
202,396,427
203,396,428
204,395,428
205,395,429
206,395,430
207,394,430
208,394,430
209,393,431
210,393,431
211,392,431
212,392,431
213,391,431
214,391,431
215,390,430
216,389,430
217,389,429
218,388,429
219,388,428
220,387,426
221,386,425
222,386,424
223,385,422
224,384,421
225,384,420
226,383,419
227,382,418
228,382,417
229,381,416
230,380,415
231,379,414
232,379,413
233,378,412
234,377,411
235,376,410
236,376,409
237,375,408
238,374,407
239,373,406
240,372,405
241,372,404
242,371,403
243,370,402
244,369,401
245,368,400
246,367,399
247,367,398
248,366,397
249,365,396
250,364,395
251,363,394
252,362,392
253,361,391
254,361,390
255,360,389
256,359,388
257,358,387
258,357,385
259,356,384
260,355,383
261,354,382
262,353,380
263,352,379
264,351,378
265,350,377
266,349,375
267,349,374
268,348,373
269,347,371
270,346,370
271,345,368
272,344,367
273,343,365
274,342,364
275,341,362
276,340,361
277,339,359
278,338,358
279,337,356
280,336,354
281,334,352
282,333,351
283,332,349
284,331,347
285,331,346
286,330,344
287,330,342
288,330,339
289,333,335
0,0
0,202
274,410,411
275,406,418
276,404,421
277,404,424
278,403,427
279,403,429
280,403,431
281,403,433
282,404,434
283,404,436
284,404,437
285,404,438
286,404,440
287,404,441
288,404,442
289,404,443
290,404,444
291,403,444
292,403,445
293,403,446
294,403,447
295,403,447
296,403,448
297,402,448
298,402,448
299,402,449
300,402,449
301,401,449
302,401,449
303,401,449
304,401,448
305,400,448
306,400,447
307,400,446
308,400,445
309,399,444
310,399,443
311,399,442
312,398,441
313,398,441
314,398,440
315,397,439
316,397,439
317,397,438
318,396,437
319,396,436
320,396,436
321,395,435
322,395,434
323,394,434
324,394,433
325,394,432
326,393,432
327,393,431
328,392,430
329,392,429
330,391,429
331,391,428
332,390,427
333,390,427
334,389,426
335,389,425
336,388,425
337,388,424
338,387,423
339,387,423
340,386,422
341,386,422
342,385,421
343,385,420
344,384,419
345,384,419
346,383,418
347,383,417
348,382,417
349,381,416
350,381,415
351,380,414
352,380,414
353,379,413
354,378,412
355,378,412
356,377,411
357,377,410
358,376,409
359,375,409
360,375,408
361,374,407
362,373,407
363,373,406
364,372,405
365,371,404
366,371,404
367,370,403
368,369,402
369,369,401
370,368,401
371,367,400
372,367,399
373,366,398
374,365,397
375,364,397
376,364,396
377,363,395
378,362,394
379,362,393
380,361,393
381,360,392
382,359,391
383,358,390
384,358,389
385,357,389
386,356,388
387,355,387
388,354,386
389,354,385
390,353,384
391,352,383
392,351,383
393,350,382
394,350,381
395,349,380
396,348,379
397,347,378
398,346,377
399,345,377
400,344,376
401,343,375
402,343,374
403,342,373
404,341,372
405,340,371
406,339,370
407,338,369
408,337,368
409,336,367
410,335,366
411,334,365
412,333,365
413,332,364
414,331,363
415,330,362
416,329,361
417,328,360
418,327,359
419,326,358
420,325,356
421,324,355
422,323,355
423,322,353
424,321,352
425,320,351
426,319,350
427,318,349
428,317,348
429,316,347
430,314,346
431,313,344
432,312,343
433,311,342
434,310,341
435,309,340
436,308,338
437,307,337
438,306,336
439,304,335
440,303,333
441,302,332
442,301,331
443,300,329
444,299,328
445,298,326
446,297,325
447,295,323
448,294,322
449,293,320
450,292,319
451,291,317
452,290,316
453,289,314
454,287,313
455,286,311
456,285,309
457,284,308
458,283,306
459,282,304
460,281,303
461,279,301
462,278,299
463,277,297
464,276,295
465,275,293
466,274,292
467,272,290
468,271,287
469,270,285
470,269,283
471,268,281
472,267,279
473,266,276
474,268,273
475,270,270
0,0
