0,76
181,65,65
182,63,69
183,62,70
184,61,72
185,61,73
186,61,74
187,60,75
188,60,76
189,60,77
190,60,78
191,60,79
192,60,80
193,60,81
194,61,82
195,61,83
196,61,84
197,61,85
198,62,86
199,62,87
200,62,88
201,63,89
202,63,90
203,64,90
204,64,91
205,64,92
206,65,93
207,65,94
208,66,95
209,66,96
210,66,96
211,67,97
212,67,98
213,67,99
214,68,99
215,68,100
216,68,100
217,69,101
218,69,102
219,69,102
220,70,103
221,70,103
222,71,104
223,71,104
224,71,104
225,72,104
226,72,105
227,72,105
228,72,105
229,73,105
230,73,105
231,74,105
232,74,105
233,74,105
234,75,105
235,75,105
236,75,104
237,76,104
238,76,104
239,76,104
240,77,103
241,77,103
242,77,103
243,77,102
244,78,102
245,78,102
246,78,101
247,79,101
248,79,100
249,80,100
250,81,99
251,81,98
252,82,97
253,83,97
254,85,95
255,86,93
256,90,90
0,0
0,69
132,201,204
133,199,207
134,198,210
135,197,211
136,197,213
137,197,214
138,197,216
139,197,217
140,197,218
141,197,219
142,197,220
143,197,221
144,196,223
145,196,224
146,196,225
147,195,225
148,194,226
149,194,227
150,193,228
151,192,229
152,191,229
153,190,230
154,189,231
155,188,231
156,187,232
157,187,232
158,186,232
159,185,233
160,184,233
161,183,233
162,182,233
163,181,232
164,180,232
165,179,230
166,178,229
167,177,227
168,176,223
169,175,220
170,174,217
171,173,215
172,172,212
173,171,210
174,169,208
175,168,206
176,167,205
177,166,202
178,164,200
179,163,198
180,162,196
181,161,194
182,160,191
183,159,189
184,158,187
185,156,185
186,155,183
187,154,181
188,153,179
189,152,177
190,150,174
191,149,172
192,148,169
193,147,167
194,146,164
195,145,162
196,145,159
197,144,156
198,144,154
199,147,151
200,149,149
0,0
0,353
66,123,125
67,118,133
68,117,137
69,116,140
70,116,144
71,116,146
72,116,149
73,116,151
74,116,153
75,116,155
76,116,157
77,117,159
78,117,160
79,118,162
80,118,163
81,119,164
82,119,165
83,120,166
84,121,167
85,121,167
86,122,168
87,122,168
88,123,169
89,123,169
90,124,169
91,124,169
92,125,169
93,125,169
94,125,168
95,126,168
96,126,167
97,126,167
98,127,167
99,127,166
100,127,166
101,127,165
102,128,165
103,128,165
104,128,164
105,128,164
106,128,163
107,129,163
108,129,162
109,129,162
110,129,162
111,129,161
112,129,161
113,129,161
114,130,161
115,130,160
116,130,160
117,130,160
118,130,160
119,130,160
120,130,159
121,130,159
122,130,159
123,130,159
124,130,159
125,130,159
126,130,159
127,130,159
128,130,159
129,130,158
130,130,158
131,131,158
132,131,158
133,131,158
134,131,158
135,131,158
136,131,158
137,131,158
138,131,158
139,131,158
140,131,158
141,131,157
142,131,157
143,131,157
144,131,157
145,131,157
146,131,157
147,131,157
148,131,157
149,131,157
150,131,157
151,131,157
152,131,157
153,131,157
154,131,157
155,131,157
156,131,157
157,131,157
158,131,157
159,131,157
160,131,156
161,131,156
162,132,156
163,132,156
164,132,156
165,132,156
166,132,156
167,132,156
168,132,156
169,132,156
170,132,156
171,132,156
172,132,156
173,132,156
174,132,156
175,132,156
176,132,156
177,132,156
178,132,155
179,132,155
180,132,155
181,132,155
182,132,155
183,132,155
184,132,155
185,132,155
186,131,155
187,131,155
188,131,155
189,131,155
190,131,155
191,131,155
192,131,155
193,131,155
194,131,155
195,131,154
196,131,154
197,131,154
198,131,154
199,131,154
200,131,154
201,131,154
202,131,154
203,131,154
204,131,154
205,131,154
206,131,154
207,131,154
208,131,154
209,131,154
210,131,154
211,131,154
212,131,154
213,131,153
214,131,153
215,131,153
216,130,153
217,130,153
218,130,153
219,130,153
220,130,153
221,130,153
222,130,153
223,130,153
224,130,153
225,130,153
226,130,153
227,130,153
228,130,153
229,130,153
230,130,153
231,129,152
232,129,152
233,129,152
234,129,152
235,129,152
236,129,152
237,129,152
238,129,152
239,129,152
240,129,152
241,129,152
242,129,152
243,129,152
244,128,152
245,128,152
246,128,152
247,128,152
248,128,152
249,128,151
250,128,151
251,128,151
252,128,151
253,128,151
254,128,151
255,128,151
256,127,151
257,127,151
258,127,151
259,127,151
260,127,151
261,127,150
262,127,150
263,127,150
264,127,150
265,126,150
266,126,150
267,126,150
268,126,150
269,126,150
270,126,150
271,126,149
272,126,149
273,125,149
274,125,149
275,125,149
276,125,149
277,125,149
278,125,149
279,124,149
280,124,148
281,124,148
282,124,148
283,124,148
284,124,148
285,124,148
286,123,148
287,123,147
288,123,147
289,123,147
290,123,147
291,122,147
292,122,147
293,122,147
294,122,146
295,122,146
296,122,146
297,121,146
298,121,146
299,121,146
300,121,145
301,121,145
302,120,145
303,120,145
304,120,145
305,120,144
306,120,144
307,119,144
308,119,144
309,119,144
310,119,143
311,118,143
312,118,143
313,118,143
314,118,143
315,117,142
316,117,142
317,117,142
318,116,142
319,116,141
320,116,141
321,116,141
322,115,141
323,115,140
324,115,140
325,114,140
326,114,139
327,114,139
328,113,139
329,113,139
330,112,138
331,112,138
332,112,138
333,111,137
334,111,137
335,111,136
336,110,136
337,110,136
338,109,135
339,109,135
340,108,135
341,108,134
342,108,134
343,107,134
344,107,133
345,106,133
346,106,132
347,105,132
348,105,131
349,104,131
350,104,131
351,103,130
352,103,130
353,102,129
354,101,129
355,101,128
356,100,128
357,100,127
358,99,127
359,98,126
360,98,126
361,97,125
362,97,125
363,96,124
364,95,123
365,95,123
366,94,122
367,93,122
368,92,121
369,92,120
370,91,120
371,90,119
372,89,118
373,88,118
374,87,117
375,87,116
376,86,116
377,85,115
378,84,114
379,83,113
380,82,113
381,81,112
382,80,111
383,79,110
384,78,110
385,77,109
386,76,108
387,75,107
388,74,106
389,73,105
390,72,104
391,71,103
392,70,103
393,69,102
394,68,100
395,67,99
396,66,98
397,65,97
398,64,96
399,62,95
400,61,94
401,60,93
402,59,91
403,58,90
404,56,89
405,55,87
406,54,85
407,53,84
408,51,82
409,50,80
410,49,78
411,48,76
412,46,74
413,45,72
414,44,69
415,44,67
416,43,64
417,43,61
418,45,56
0,0
0,64
292,145,151
293,144,155
294,143,158
295,143,160
296,143,163
297,143,165
298,143,168
299,143,170
300,143,172
301,143,175
302,144,177
303,144,179
304,145,181
305,146,183
306,146,185
307,147,187
308,148,189
309,149,191
310,150,192
311,151,194
312,152,195
313,153,197
314,154,198
315,155,199
316,156,200
317,157,201
318,158,202
319,159,203
320,160,204
321,161,204
322,162,205
323,163,206
324,164,206
325,165,206
326,166,207
327,167,207
328,168,207
329,169,208
330,170,208
331,171,208
332,171,208
333,172,208
334,173,208
335,174,209
336,175,209
337,176,209
338,177,209
339,178,209
340,179,209
341,180,209
342,181,209
343,182,209
344,183,209
345,184,209
346,184,209
347,185,208
348,186,208
349,187,208
350,188,207
351,189,207
352,191,206
353,192,205
354,194,203
355,198,200
0,0
0,193
42,279,288
43,276,292
44,274,295
45,273,298
46,273,300
47,273,302
48,273,305
49,273,307
50,273,308
51,273,310
52,274,312
53,274,313
54,275,315
55,276,316
56,276,317
57,277,319
58,277,320
59,278,320
60,278,321
61,279,322
62,279,322
63,279,323
64,279,323
65,280,323
66,280,323
67,280,323
68,280,323
69,280,323
70,280,322
71,280,322
72,280,322
73,280,321
74,280,320
75,280,320
76,280,319
77,280,318
78,280,318
79,280,317
80,280,317
81,280,316
82,280,316
83,280,315
84,280,315
85,279,314
86,279,314
87,279,313
88,279,313
89,279,312
90,279,312
91,278,311
92,278,311
93,278,311
94,278,310
95,277,310
96,277,309
97,277,309
98,277,308
99,277,308
100,276,308
101,276,307
102,276,307
103,276,306
104,275,306
105,275,306
106,275,305
107,274,305
108,274,304
109,274,304
110,274,304
111,273,303
112,273,303
113,273,303
114,272,302
115,272,302
116,272,301
117,271,301
118,271,301
119,271,300
120,271,300
121,270,299
122,270,299
123,270,299
124,269,298
125,269,298
126,268,297
127,268,297
128,268,297
129,267,296
130,267,296
131,267,295
132,266,295
133,266,294
134,266,294
135,265,293
136,265,293
137,265,292
138,264,292
139,264,292
140,263,291
141,263,291
142,263,290
143,262,290
144,262,289
145,262,289
146,261,288
147,261,288
148,260,287
149,260,287
150,260,286
151,259,286
152,259,285
153,258,285
154,258,284
155,258,284
156,257,283
157,257,283
158,256,282
159,256,282
160,256,281
161,255,281
162,255,280
163,254,280
164,254,279
165,253,279
166,253,278
167,253,278
168,252,277
169,252,276
170,251,276
171,251,275
172,250,275
173,250,274
174,249,274
175,249,273
176,249,273
177,248,272
178,248,271
179,247,271
180,247,270
181,246,270
182,246,269
183,246,268
184,245,268
185,245,267
186,244,267
187,244,266
188,243,265
189,243,265
190,242,264
191,242,263
192,241,263
193,241,262
194,240,262
195,240,261
196,239,260
197,239,260
198,238,259
199,238,258
200,237,258
201,237,257
202,237,256
203,236,256
204,236,255
205,235,254
206,234,253
207,234,253
208,233,252
209,233,251
210,233,250
211,232,250
212,232,249
213,231,248
214,230,247
215,230,247
216,230,246
217,229,245
218,228,244
219,228,243
220,228,243
221,227,242
222,226,241
223,226,240
224,225,239
225,225,238
226,224,237
227,224,237
228,223,236
229,223,235
230,223,233
231,223,232
232,223,231
233,223,229
234,223,226
0,0
1,123
260,178,181
261,178,183
262,177,184
263,177,185
264,177,186
265,177,187
266,176,188
267,176,188
268,176,189
269,176,189
270,176,190
271,175,190
272,175,191
273,175,191
274,175,191
275,175,191
276,174,192
277,174,191
278,174,191
279,174,191
280,174,191
281,174,191
282,173,191
283,173,190
284,173,190
285,173,190
286,173,189
287,172,189
288,172,189
289,172,188
290,172,188
291,171,187
292,171,187
293,171,187
294,171,186
295,171,186
296,170,185
297,170,185
298,170,185
299,170,184
300,170,184
301,169,184
302,169,183
303,169,183
304,169,183
305,169,182
306,168,182
307,168,182
308,168,181
309,168,181
310,167,181
311,167,180
312,167,180
313,167,180
314,166,179
315,166,179
316,166,179
317,166,178
318,165,178
319,165,178
320,165,177
321,165,177
322,164,177
323,164,176
324,164,176
325,164,176
326,163,176
327,163,175
328,163,175
329,163,175
330,162,174
331,162,174
332,162,174
333,162,174
334,161,173
335,161,173
336,161,173
337,160,172
338,160,172
339,160,172
340,160,172
341,159,172
342,159,171
343,159,171
344,158,171
345,158,171
346,158,170
347,157,170
348,157,170
349,157,170
350,157,169
351,156,169
352,156,169
353,156,169
354,155,169
355,155,168
356,155,168
357,154,168
358,154,168
359,154,168
360,153,168
361,153,167
362,153,167
363,152,167
364,152,167
365,152,167
366,151,167
367,151,167
368,150,167
369,150,167
370,150,167
371,149,167
372,149,167
373,148,167
374,148,167
375,148,167
376,147,165
377,147,162
378,147,158
379,146,155
380,146,152
381,145,148
382,145,145
0,77
143,387,387
144,384,392
145,382,396
146,381,398
147,381,400
148,381,402
149,381,404
150,380,406
151,380,408
152,380,409
153,379,412
154,379,413
155,379,415
156,378,417
157,378,419
158,378,421
159,378,423
160,377,425
161,377,427
162,377,428
163,376,430
164,376,431
165,376,433
166,375,434
167,375,434
168,375,435
169,376,436
170,377,436
171,377,436
172,377,436
173,377,436
174,378,435
175,377,434
176,377,433
177,376,431
178,376,429
179,376,427
180,376,424
181,375,421
182,375,419
183,374,417
184,374,415
185,374,414
186,373,412
187,373,410
188,372,408
189,372,407
190,371,405
191,371,404
192,370,402
193,370,400
194,369,399
195,369,397
196,368,396
197,368,394
198,367,393
199,367,391
200,366,390
201,366,388
202,365,387
203,365,385
204,365,384
205,364,383
206,363,381
207,363,380
208,362,378
209,362,377
210,362,375
211,361,374
212,360,372
213,360,371
214,359,370
215,359,368
216,359,367
217,359,366
218,359,365
219,361,363
0,0
0,216
212,290,294
213,285,299
214,283,301
215,282,303
216,281,305
217,281,307
218,281,309
219,281,310
220,281,312
221,281,313
222,281,315
223,281,316
224,282,318
225,282,319
226,283,321
227,283,322
228,284,323
229,284,324
230,284,325
231,285,326
232,285,326
233,285,327
234,285,327
235,286,327
236,286,327
237,286,327
238,286,327
239,286,327
240,286,326
241,286,326
242,287,325
243,287,325
244,286,324
245,286,324
246,286,323
247,286,323
248,286,322
249,286,322
250,286,321
251,286,321
252,286,320
253,286,320
254,286,320
255,286,319
256,286,319
257,286,318
258,286,318
259,286,318
260,285,317
261,285,317
262,285,317
263,285,316
264,285,316
265,285,316
266,285,316
267,285,315
268,285,315
269,285,315
270,285,315
271,285,314
272,285,314
273,285,314
274,284,314
275,284,313
276,284,313
277,284,313
278,284,313
279,284,313
280,284,312
281,284,312
282,283,312
283,283,312
284,283,311
285,283,311
286,283,311
287,282,311
288,282,311
289,282,310
290,282,310
291,281,310
292,281,310
293,281,309
294,281,309
295,280,309
296,280,309
297,280,309
298,280,308
299,279,308
300,279,308
301,279,308
302,278,308
303,278,307
304,278,307
305,278,307
306,277,307
307,277,306
308,277,306
309,276,306
310,276,306
311,276,305
312,275,305
313,275,305
314,274,304
315,274,304
316,274,304
317,273,303
318,273,303
319,273,303
320,272,302
321,272,302
322,272,302
323,271,302
324,271,301
325,270,301
326,270,300
327,270,300
328,269,299
329,269,299
330,268,299
331,268,298
332,267,298
333,267,297
334,267,297
335,266,296
336,266,296
337,265,295
338,265,295
339,264,294
340,264,294
341,263,293
342,263,292
343,262,292
344,262,291
345,261,290
346,261,290
347,260,289
348,260,289
349,259,288
350,259,288
351,258,287
352,257,286
353,257,286
354,256,285
355,256,285
356,255,284
357,254,284
358,254,283
359,253,282
360,252,282
361,252,281
362,251,281
363,251,280
364,250,280
365,249,279
366,248,278
367,248,278
368,247,277
369,246,277
370,245,276
371,244,275
372,244,275
373,243,274
374,242,273
375,241,273
376,240,272
377,239,271
378,239,270
379,238,269
380,237,269
381,236,268
382,235,267
383,234,266
384,233,265
385,232,264
386,231,263
387,230,262
388,229,261
389,228,260
390,227,259
391,226,257
392,224,256
393,223,255
394,222,254
395,221,253
396,220,252
397,218,250
398,217,249
399,215,248
400,214,246
401,213,245
402,211,244
403,210,242
404,208,241
405,207,239
406,205,238
407,204,236
408,202,235
409,201,233
410,199,231
411,198,230
412,196,228
413,195,226
414,193,224
415,192,222
416,190,220
417,189,219
418,187,216
419,186,214
420,184,212
421,183,209
422,182,207
423,180,204
424,179,201
425,178,197
426,179,193
427,181,188
0,0
1,184
300,281,283
301,276,287
302,275,290
303,275,291
304,275,293
305,275,295
306,276,297
307,276,299
308,279,283
308,277,300
309,279,283
309,278,302
310,279,304
311,280,306
312,282,307
313,283,309
314,284,311
315,285,313
316,287,314
317,288,316
318,289,318
319,290,319
320,291,321
321,293,323
322,294,324
323,295,326
324,296,328
325,298,329
326,299,331
327,300,333
328,301,334
329,303,336
330,304,338
331,305,339
332,306,341
333,307,343
334,308,344
335,310,346
336,311,347
337,312,349
338,313,351
339,314,352
340,315,354
341,317,355
342,318,357
343,319,358
344,320,360
345,321,362
346,322,363
347,324,365
348,325,366
349,326,368
350,327,370
351,328,371
352,329,372
353,331,374
354,332,376
355,333,377
356,334,379
357,335,380
358,336,382
359,337,383
360,338,385
361,340,386
362,341,388
363,342,389
364,343,391
365,344,392
366,345,394
367,346,395
368,347,397
369,348,398
370,349,400
371,350,401
372,351,403
373,352,404
374,353,406
375,354,407
376,355,409
377,356,410
378,357,411
379,358,413
380,359,414
381,360,416
382,361,417
383,362,418
384,363,420
385,364,420
386,365,421
387,366,422
388,366,422
389,367,423
390,368,424
391,369,424
392,370,424
393,371,425
394,372,425
395,373,425
396,374,426
397,375,426
398,375,426
399,376,427
400,377,427
401,378,427
402,379,427
403,380,428
404,380,428
405,381,428
406,382,428
407,382,428
408,383,428
409,384,429
410,384,429
411,385,429
412,386,429
413,387,429
414,387,429
415,388,429
416,389,429
417,389,429
418,390,430
419,391,430
420,391,430
421,392,430
422,392,430
423,393,430
424,394,430
425,394,430
426,395,430
427,395,430
428,396,430
429,397,430
430,397,430
431,398,430
432,398,430
433,399,430
434,400,430
435,400,430
436,401,430
437,401,430
438,402,430
439,402,431
440,403,431
441,403,431
442,404,431
443,404,431
444,405,431
445,406,431
446,406,431
447,407,431
448,407,431
449,408,431
450,408,431
451,409,431
452,409,431
453,410,431
454,410,431
455,411,431
456,412,431
457,412,431
458,413,431
459,413,431
460,414,431
461,414,431
462,415,431
463,415,431
464,416,431
465,416,431
466,417,430
467,417,430
468,418,430
469,419,430
470,419,430
471,420,430
472,420,430
473,421,430
474,421,430
475,422,429
476,423,429
477,423,429
478,424,429
479,425,428
480,426,428
481,427,427
0,0
