0,77
169,65,65
170,64,67
171,62,69
172,61,70
173,61,71
174,61,72
175,60,73
176,60,74
177,60,75
178,60,76
179,60,77
180,60,77
181,60,78
182,60,79
183,61,80
184,61,81
185,61,81
186,61,82
187,62,83
188,62,84
189,62,85
190,62,85
191,63,86
192,63,87
193,63,87
194,64,88
195,64,89
196,64,90
197,65,90
198,65,91
199,65,92
200,65,92
201,66,93
202,66,94
203,66,94
204,66,95
205,67,95
206,67,96
207,67,96
208,68,97
209,68,98
210,68,98
211,69,98
212,69,99
213,69,99
214,69,99
215,70,100
216,70,100
217,70,100
218,70,100
219,71,100
220,71,100
221,71,101
222,71,101
223,72,100
224,72,100
225,72,100
226,73,100
227,73,100
228,73,99
229,73,99
230,74,99
231,74,98
232,74,98
233,74,98
234,75,97
235,75,97
236,75,96
237,75,96
238,76,95
239,76,94
240,77,94
241,78,93
242,79,92
243,80,91
244,81,90
245,83,87
0,0
0,69
127,193,196
128,190,199
129,190,202
130,189,204
131,189,206
132,189,207
133,189,209
134,189,210
135,189,211
136,189,213
137,189,214
138,189,215
139,189,216
140,189,217
141,188,218
142,188,219
143,187,220
144,187,221
145,186,221
146,185,222
147,184,223
148,184,223
149,183,224
150,182,224
151,181,224
152,181,224
153,180,224
154,179,223
155,178,222
156,178,221
157,177,219
158,176,216
159,175,214
160,174,212
161,174,209
162,173,208
163,172,206
164,171,204
165,170,203
166,169,201
167,168,200
168,167,198
169,166,196
170,165,195
171,164,193
172,163,191
173,162,190
174,161,188
175,160,186
176,159,185
177,158,183
178,157,181
179,156,180
180,155,178
181,154,176
182,153,175
183,152,173
184,152,171
185,150,169
186,149,167
187,149,165
188,148,163
189,147,161
190,146,159
191,145,157
192,145,155
193,144,153
194,144,151
195,145,149
0,0
0,358
53,113,123
54,111,128
55,110,132
56,109,136
57,109,139
58,109,142
59,109,145
60,109,147
61,109,149
62,109,151
63,110,153
64,110,154
65,111,156
66,111,157
67,112,158
68,112,159
69,113,160
70,114,161
71,114,162
72,115,162
73,115,163
74,116,164
75,116,164
76,117,164
77,117,164
78,118,164
79,118,164
80,119,164
81,119,163
82,119,163
83,120,163
84,120,162
85,120,162
86,121,161
87,121,161
88,121,161
89,121,160
90,122,160
91,122,159
92,122,159
93,122,158
94,123,158
95,123,158
96,123,157
97,123,157
98,123,157
99,123,156
100,123,156
101,124,156
102,124,156
103,124,155
104,124,155
105,124,155
106,124,155
107,124,155
108,124,155
109,125,155
110,125,155
111,125,154
112,125,154
113,125,154
114,125,154
115,125,154
116,125,154
117,125,154
118,125,154
119,125,154
120,125,154
121,125,153
122,125,153
123,125,153
124,125,153
125,125,153
126,125,153
127,125,153
128,126,153
129,126,153
130,126,153
131,126,153
132,126,153
133,126,153
134,126,153
135,126,153
136,126,153
137,126,153
138,126,153
139,126,153
140,126,153
141,126,152
142,126,152
143,126,152
144,126,152
145,126,152
146,126,152
147,126,152
148,126,152
149,126,152
150,126,152
151,126,152
152,126,152
153,126,152
154,126,152
155,126,152
156,126,152
157,126,152
158,126,152
159,126,152
160,126,152
161,126,152
162,126,152
163,126,151
164,126,151
165,126,151
166,126,151
167,126,151
168,126,151
169,126,151
170,126,151
171,126,151
172,126,151
173,126,151
174,126,151
175,126,151
176,126,151
177,126,151
178,126,151
179,126,151
180,126,151
181,126,151
182,126,151
183,126,151
184,126,150
185,126,150
186,126,150
187,126,150
188,126,150
189,126,150
190,126,150
191,126,150
192,126,150
193,126,150
194,126,150
195,126,150
196,126,150
197,126,150
198,126,150
199,126,150
200,126,150
201,126,150
202,126,150
203,126,150
204,126,149
205,126,149
206,126,149
207,126,149
208,126,149
209,126,149
210,125,149
211,125,149
212,125,149
213,125,149
214,125,149
215,125,149
216,125,149
217,125,149
218,125,149
219,125,149
220,125,149
221,125,149
222,125,149
223,125,149
224,125,149
225,125,148
226,125,148
227,124,148
228,124,148
229,124,148
230,124,148
231,124,148
232,124,148
233,124,148
234,124,148
235,124,148
236,124,148
237,124,148
238,124,148
239,124,148
240,123,148
241,123,148
242,123,147
243,123,147
244,123,147
245,123,147
246,123,147
247,123,147
248,123,147
249,123,147
250,123,147
251,123,147
252,122,147
253,122,147
254,122,147
255,122,147
256,122,146
257,122,146
258,122,146
259,122,146
260,121,146
261,121,146
262,121,146
263,121,146
264,121,146
265,121,146
266,121,145
267,121,145
268,120,145
269,120,145
270,120,145
271,120,145
272,120,145
273,120,145
274,120,144
275,119,144
276,119,144
277,119,144
278,119,144
279,119,144
280,119,144
281,118,143
282,118,143
283,118,143
284,118,143
285,118,143
286,117,143
287,117,142
288,117,142
289,117,142
290,117,142
291,117,142
292,116,142
293,116,141
294,116,141
295,116,141
296,116,141
297,115,141
298,115,141
299,115,140
300,115,140
301,114,140
302,114,140
303,114,139
304,114,139
305,114,139
306,113,139
307,113,139
308,113,138
309,112,138
310,112,138
311,112,138
312,112,137
313,111,137
314,111,137
315,111,137
316,110,136
317,110,136
318,110,136
319,109,135
320,109,135
321,109,135
322,108,135
323,108,134
324,108,134
325,107,134
326,107,133
327,106,133
328,106,133
329,106,132
330,105,132
331,105,132
332,104,131
333,104,131
334,104,130
335,103,130
336,103,130
337,102,129
338,102,129
339,101,128
340,101,128
341,100,128
342,100,127
343,99,127
344,99,126
345,98,126
346,98,125
347,97,125
348,97,124
349,96,124
350,96,123
351,95,123
352,94,122
353,94,122
354,93,121
355,92,121
356,92,120
357,91,120
358,90,119
359,90,118
360,89,118
361,88,117
362,88,117
363,87,116
364,86,115
365,85,115
366,84,114
367,84,113
368,83,113
369,82,112
370,81,111
371,80,111
372,80,110
373,79,109
374,78,108
375,77,108
376,76,107
377,75,106
378,74,105
379,73,104
380,72,104
381,71,103
382,70,102
383,69,101
384,68,100
385,67,99
386,66,98
387,65,97
388,64,96
389,63,95
390,62,94
391,61,93
392,60,92
393,59,90
394,58,89
395,57,88
396,55,87
397,54,85
398,53,84
399,52,82
400,51,80
401,50,79
402,49,77
403,47,75
404,46,72
405,45,70
406,44,68
407,44,65
408,43,63
409,43,60
410,44,55
0,0
0,55
299,139,139
300,135,142
301,134,146
302,133,149
303,133,152
304,133,155
305,133,158
306,133,161
307,134,163
308,134,165
309,135,168
310,135,170
311,136,172
312,137,174
313,137,176
314,138,178
315,139,180
316,140,181
317,141,183
318,142,184
319,143,185
320,145,186
321,146,187
322,147,188
323,148,188
324,149,189
325,150,190
326,151,190
327,152,191
328,153,191
329,154,191
330,156,191
331,157,192
332,158,192
333,159,192
334,160,192
335,161,192
336,162,193
337,163,193
338,164,193
339,165,193
340,166,193
341,167,193
342,168,193
343,169,193
344,170,193
345,171,193
346,172,192
347,173,192
348,174,192
349,175,191
350,176,190
351,177,190
352,179,188
353,184,185
0,0
1,207
220,187,189
221,186,190
222,186,191
223,185,192
224,185,192
225,185,193
226,185,194
227,184,194
228,184,195
229,184,195
230,184,196
231,184,196
232,183,197
233,183,197
234,183,197
235,183,198
236,183,198
237,183,199
238,183,199
239,183,199
240,183,200
241,183,200
242,183,200
243,182,200
244,182,201
245,182,201
246,182,201
247,182,201
248,182,202
249,182,202
250,182,202
251,182,202
252,181,202
253,181,202
254,181,202
255,181,202
256,181,202
257,181,202
258,181,202
259,181,202
260,181,203
261,180,202
262,180,202
263,180,202
264,180,202
265,180,202
266,180,202
267,180,202
268,179,202
269,179,201
270,179,201
271,179,201
272,179,201
273,179,201
274,179,200
275,178,200
276,178,200
277,178,200
278,178,200
279,178,199
280,178,199
281,177,199
282,177,199
283,177,199
284,177,198
285,177,198
286,177,198
287,176,198
288,176,198
289,176,197
290,176,197
291,176,197
292,176,197
293,175,197
294,175,196
295,175,196
296,175,196
297,175,196
298,174,196
299,174,195
300,174,195
301,174,195
302,174,195
303,173,195
304,173,195
305,173,194
306,173,194
307,173,194
308,172,194
309,172,194
310,172,193
311,172,193
312,171,193
313,171,193
314,171,193
315,171,192
316,171,192
317,170,192
318,170,192
319,170,192
320,170,191
321,169,191
322,169,191
323,169,191
324,169,191
325,168,190
326,168,190
327,168,190
328,168,190
329,167,190
330,167,190
331,167,189
332,167,189
333,166,189
334,166,189
335,166,189
336,166,188
337,165,188
338,165,188
339,165,188
340,164,188
341,164,187
342,164,187
343,164,187
344,163,187
345,163,186
346,163,186
347,162,186
348,162,186
349,162,186
350,162,186
351,161,185
352,161,185
353,161,185
354,161,185
355,160,185
356,160,184
357,160,184
358,159,184
359,159,184
360,159,183
361,158,183
362,158,183
363,158,183
364,157,183
365,157,183
366,157,182
367,157,182
368,156,182
369,156,182
370,156,182
371,155,181
372,155,181
373,155,181
374,154,181
375,154,181
376,154,180
377,153,180
378,153,180
379,153,180
380,152,179
381,152,179
382,152,179
383,151,179
384,151,179
385,151,179
386,151,178
387,151,178
388,150,178
389,150,178
390,150,177
391,150,177
392,150,177
393,150,177
394,150,177
395,150,176
396,150,176
397,150,176
398,150,176
399,150,175
400,149,175
401,150,175
402,150,175
403,150,174
404,150,174
405,150,174
406,151,174
407,151,173
408,151,173
409,152,173
410,152,173
411,152,173
412,152,172
413,153,172
414,153,172
415,153,171
416,154,171
417,154,171
418,154,170
419,155,170
420,155,170
421,156,169
422,157,169
423,157,168
424,158,168
425,159,167
426,161,165
0,0
0,184
98,248,254
99,246,258
100,244,261
101,244,264
102,243,266
103,243,268
104,243,270
105,243,272
106,243,273
107,243,275
108,243,276
109,244,278
110,244,279
111,244,280
112,245,282
113,245,283
114,246,284
115,246,285
116,247,286
117,247,286
118,248,287
119,248,287
120,249,288
121,249,288
122,250,289
123,250,289
124,250,289
125,251,289
126,251,290
127,252,290
128,252,290
129,252,290
130,253,290
131,253,290
132,253,289
133,254,289
134,254,289
135,254,289
136,255,289
137,255,289
138,255,289
139,256,289
140,256,289
141,256,289
142,257,289
143,257,288
144,257,288
145,257,288
146,257,288
147,258,288
148,258,288
149,258,288
150,258,288
151,259,288
152,259,288
153,259,288
154,259,288
155,260,288
156,260,288
157,260,288
158,260,288
159,260,288
160,260,288
161,261,288
162,261,288
163,261,288
164,261,288
165,261,288
166,261,288
167,261,288
168,261,288
169,262,288
170,262,288
171,262,288
172,262,288
173,262,288
174,262,288
175,262,288
176,262,288
177,262,288
178,262,288
179,263,288
180,263,288
181,263,288
182,263,288
183,263,288
184,263,288
185,263,288
186,263,288
187,263,288
188,263,288
189,264,288
190,264,288
191,264,288
192,264,288
193,264,288
194,264,288
195,264,288
196,264,288
197,264,288
198,264,288
199,264,288
200,265,288
201,265,288
202,265,288
203,265,288
204,265,288
205,265,288
206,265,288
207,265,288
208,265,288
209,265,288
210,265,289
211,265,289
212,265,289
213,265,289
214,266,289
215,266,289
216,266,289
217,266,289
218,266,289
219,266,289
220,266,289
221,266,289
222,266,289
223,266,289
224,266,289
225,266,289
226,266,289
227,267,289
228,267,289
229,267,289
230,267,289
231,267,289
232,267,289
233,267,289
234,267,289
235,267,289
236,267,289
237,267,289
238,267,289
239,267,290
240,267,290
241,267,290
242,268,290
243,268,290
244,268,290
245,268,290
246,268,290
247,268,290
248,268,290
249,268,290
250,268,290
251,268,290
252,268,290
253,268,290
254,268,290
255,268,290
256,268,290
257,268,290
258,269,290
259,269,290
260,269,290
261,269,290
262,269,290
263,269,291
264,269,291
265,269,291
266,269,291
267,269,291
268,269,291
269,269,291
270,269,291
271,269,291
272,269,291
273,269,291
274,269,291
275,270,291
276,270,291
277,270,291
278,270,291
279,270,291
280,270,284
281,270,271
0,0
0,236
39,353,353
40,345,357
41,344,360
42,343,363
43,342,365
44,341,367
45,341,369
46,341,371
47,341,373
48,341,374
49,341,376
50,341,377
51,341,379
52,342,380
53,342,382
54,343,383
55,343,384
56,344,386
57,344,387
58,345,388
59,345,389
60,345,390
61,346,391
62,346,392
63,346,392
64,347,393
65,347,393
66,347,393
67,348,393
68,348,393
69,348,393
70,348,393
71,349,392
72,349,392
73,349,392
74,349,391
75,349,391
76,350,391
77,350,390
78,350,390
79,350,390
80,350,389
81,350,389
82,351,389
83,351,389
84,351,388
85,351,388
86,351,388
87,351,387
88,351,387
89,351,387
90,351,386
91,351,386
92,352,386
93,352,386
94,352,386
95,352,385
96,352,385
97,352,385
98,352,385
99,352,385
100,352,384
101,352,384
102,352,384
103,352,384
104,352,383
105,352,383
106,352,383
107,352,383
108,352,383
109,352,383
110,352,382
111,352,382
112,352,382
113,352,382
114,352,382
115,352,382
116,352,381
117,352,381
118,352,381
119,352,381
120,352,381
121,352,381
122,352,381
123,352,380
124,352,380
125,352,380
126,352,380
127,352,380
128,352,380
129,352,379
130,352,379
131,352,379
132,352,379
133,351,379
134,351,379
135,351,379
136,351,378
137,351,378
138,351,378
139,351,378
140,351,378
141,351,378
142,351,378
143,351,377
144,351,377
145,351,377
146,351,377
147,351,377
148,351,377
149,351,377
150,351,376
151,350,376
152,350,376
153,350,376
154,350,376
155,350,376
156,350,376
157,350,375
158,350,375
159,350,375
160,350,375
161,350,375
162,349,375
163,349,375
164,349,374
165,349,374
166,349,374
167,349,374
168,349,374
169,349,374
170,349,374
171,349,373
172,349,373
173,349,373
174,348,373
175,348,373
176,348,373
177,348,373
178,348,372
179,348,372
180,348,372
181,348,372
182,348,372
183,348,372
184,348,371
185,347,371
186,347,371
187,347,371
188,347,371
189,347,371
190,347,371
191,347,370
192,347,370
193,347,370
194,347,370
195,346,370
196,346,370
197,346,370
198,346,370
199,346,369
200,346,369
201,346,369
202,346,369
203,346,369
204,345,369
205,345,368
206,345,368
207,345,368
208,345,368
209,345,368
210,345,368
211,345,367
212,344,367
213,344,367
214,344,367
215,344,367
216,344,367
217,344,367
218,344,367
219,344,366
220,344,366
221,344,366
222,343,366
223,343,366
224,343,366
225,343,366
226,343,365
227,343,365
228,343,365
229,343,365
230,342,365
231,342,365
232,342,365
233,342,364
234,342,364
235,342,364
236,342,364
237,342,364
238,342,364
239,341,364
240,341,363
241,341,363
242,341,363
243,341,363
244,341,363
245,341,363
246,340,363
247,340,362
248,340,362
249,340,362
250,340,362
251,340,362
252,340,362
253,340,361
254,339,361
255,339,361
256,339,361
257,339,361
258,339,361
259,339,361
260,339,360
261,339,360
262,338,360
263,338,360
264,338,360
265,338,360
266,338,360
267,338,359
268,338,359
269,338,359
270,337,359
271,337,353
272,337,348
273,337,343
274,337,338
0,0
1,271
197,286,286
198,284,288
199,284,290
200,284,291
201,284,292
202,283,293
203,283,293
204,283,294
205,283,295
206,283,296
207,283,296
208,282,297
209,282,297
210,282,298
211,282,298
212,282,299
213,282,299
214,282,300
215,282,300
216,281,300
217,281,301
218,281,301
219,281,301
220,281,301
221,281,301
222,281,302
223,281,302
224,280,302
225,280,302
226,280,302
227,280,302
228,280,302
229,280,301
230,280,301
231,279,301
232,279,301
233,279,301
234,279,301
235,279,300
236,279,300
237,279,300
238,279,300
239,278,299
240,278,299
241,278,299
242,278,299
243,278,298
244,278,298
245,278,298
246,278,298
247,277,297
248,277,297
249,277,297
250,277,297
251,277,297
252,277,296
253,277,296
254,276,296
255,276,296
256,276,295
257,276,295
258,276,295
259,276,295
260,276,294
261,276,294
262,275,294
263,275,294
264,275,294
265,275,293
266,275,293
267,275,293
268,275,293
269,274,293
270,274,292
271,274,292
272,274,292
273,274,292
274,274,292
275,274,292
276,274,291
277,273,291
278,273,291
279,273,291
280,273,291
281,273,290
282,273,290
283,273,290
284,272,290
285,272,290
286,272,290
287,272,289
288,272,289
289,272,289
290,272,289
291,271,289
292,271,289
293,271,288
294,271,288
295,271,288
296,271,288
297,271,288
298,270,288
299,270,287
300,270,287
301,270,287
302,270,287
303,270,287
304,270,287
305,270,287
306,269,286
307,269,286
308,269,286
309,269,286
310,269,286
311,269,286
312,269,286
313,268,286
314,268,285
315,268,285
316,268,285
317,268,285
318,268,285
319,268,285
320,267,285
321,267,285
322,267,284
323,267,284
324,267,284
325,267,284
326,267,284
327,266,284
328,266,284
329,266,284
330,266,283
331,266,283
332,266,283
333,266,283
334,265,283
335,265,283
336,265,283
337,265,283
338,265,283
339,265,283
340,264,283
341,264,282
342,264,282
343,264,282
344,264,282
345,264,282
346,264,282
347,263,282
348,263,282
349,263,282
350,263,282
351,263,282
352,263,282
353,263,282
354,262,281
355,262,281
356,262,281
357,262,281
358,262,281
359,262,281
360,261,281
361,261,281
362,261,281
363,261,281
364,261,281
365,261,281
366,260,281
367,260,281
368,260,281
369,260,281
370,260,281
371,260,281
372,259,281
373,259,281
374,259,281
375,259,281
376,259,281
377,259,281
378,258,281
379,258,281
380,258,281
381,258,281
382,258,281
383,258,281
384,257,281
385,257,281
386,257,281
387,257,281
388,257,281
389,256,281
390,256,281
391,256,281
392,256,281
393,256,281
394,256,281
395,255,281
396,255,281
397,255,281
398,255,281
399,255,281
400,254,281
401,254,281
402,254,281
403,254,281
404,254,281
405,253,281
406,253,281
407,253,281
408,253,281
409,253,281
410,252,281
411,252,281
412,252,281
413,252,281
414,252,281
415,251,281
416,251,281
417,251,281
418,251,281
419,251,281
420,250,281
421,250,281
422,250,281
423,250,281
424,250,281
425,250,281
426,250,281
427,250,281
428,249,281
429,250,281
430,250,281
431,250,281
432,250,281
433,250,281
434,251,281
435,251,281
436,251,281
437,251,281
438,252,281
439,252,281
440,252,281
441,253,281
442,253,281
443,254,281
444,254,281
445,255,281
446,255,281
447,256,281
448,256,281
449,257,281
450,257,281
451,258,281
452,259,281
453,259,281
454,260,281
455,261,281
456,261,280
457,262,280
458,263,280
459,263,280
460,264,280
461,265,279
462,266,279
463,267,279
464,268,278
465,269,278
466,270,277
467,272,276
0,0
0,113
314,265,274
315,263,279
316,262,283
317,261,286
318,260,289
319,260,292
320,259,294
321,259,296
322,259,297
323,259,298
324,259,299
325,258,300
326,258,301
327,258,301
328,258,301
329,257,301
330,257,301
331,257,301
332,256,301
333,256,301
334,255,301
335,255,300
336,255,300
337,254,299
338,254,298
339,253,298
340,253,296
341,252,295
342,252,294
343,251,294
344,251,293
345,250,292
346,250,291
347,249,290
348,248,289
349,248,288
350,247,287
351,247,286
352,246,285
353,245,284
354,245,283
355,244,283
356,243,282
357,243,281
358,242,280
359,241,279
360,241,278
361,240,277
362,239,276
363,238,276
364,238,275
365,237,274
366,236,273
367,235,272
368,235,271
369,234,270
370,233,269
371,232,268
372,232,267
373,231,266
374,230,265
375,229,264
376,228,263
377,227,262
378,226,261
379,226,260
380,225,259
381,224,258
382,223,257
383,222,256
384,221,255
385,220,254
386,219,253
387,218,252
388,217,250
389,216,249
390,215,248
391,214,247
392,213,246
393,212,245
394,211,244
395,210,242
396,209,241
397,208,240
398,207,239
399,206,237
400,205,236
401,204,235
402,203,234
403,202,232
404,201,231
405,200,230
406,198,228
407,197,227
408,196,226
409,195,224
410,194,223
411,193,221
412,192,220
413,191,218
414,190,216
415,189,215
416,188,213
417,187,211
418,186,209
419,184,207
420,183,205
421,182,202
422,181,200
423,180,197
424,179,194
425,179,189
426,182,182
0,0
1,98
346,312,322
347,311,324
348,311,326
349,310,327
350,310,328
351,310,329
352,311,330
353,312,331
354,312,332
355,313,333
356,313,334
357,314,335
358,314,336
359,315,337
360,315,339
361,316,340
362,316,341
363,317,342
364,317,343
365,318,344
366,319,345
367,319,346
368,320,348
369,320,349
370,321,350
371,321,351
372,322,352
373,322,353
374,323,354
375,323,356
376,324,357
377,325,358
378,325,359
379,326,360
380,326,361
381,327,363
382,327,364
383,328,365
384,329,366
385,329,367
386,330,369
387,330,370
388,331,371
389,332,372
390,332,373
391,333,375
392,333,376
393,334,377
394,335,378
395,335,380
396,336,381
397,336,382
398,337,383
399,337,385
400,338,386
401,339,387
402,339,388
403,340,389
404,340,391
405,341,392
406,342,393
407,342,395
408,343,396
409,344,397
410,344,398
411,345,400
412,346,401
413,346,402
414,347,404
415,348,405
416,348,406
417,349,408
418,350,409
419,351,410
420,351,411
421,352,412
422,353,413
423,354,413
424,355,414
425,355,415
426,356,415
427,357,416
428,358,416
429,359,416
430,360,416
431,361,417
432,362,416
433,363,416
434,365,416
435,367,415
436,368,415
437,370,414
438,372,414
439,375,413
440,378,412
441,381,411
442,385,409
443,390,407
0,0
