0,56
33,238,242
34,235,250
35,234,256
36,233,260
37,233,265
38,233,269
39,233,272
40,233,276
41,233,279
42,233,282
43,234,284
44,234,286
45,234,288
46,235,289
47,236,291
48,236,292
49,237,293
50,238,294
51,239,295
52,240,296
53,242,296
54,243,297
55,244,297
56,245,298
57,246,298
58,248,298
59,249,299
60,251,299
61,252,299
62,253,300
63,254,300
64,255,300
65,257,300
66,258,301
67,259,301
68,260,301
69,261,301
70,262,301
71,264,302
72,265,302
73,266,302
74,267,302
75,268,302
76,269,302
77,270,302
78,271,301
79,272,301
80,273,301
81,275,301
82,276,300
83,277,300
84,278,299
85,280,298
86,281,297
87,283,296
88,287,293
0,0
1,264
129,110,112
130,109,113
131,109,114
132,108,114
133,108,115
134,108,116
135,108,116
136,107,117
137,107,117
138,107,118
139,107,119
140,107,119
141,107,120
142,107,120
143,107,120
144,106,121
145,106,121
146,106,122
147,106,122
148,106,122
149,106,123
150,106,123
151,106,123
152,106,124
153,106,124
154,106,124
155,106,124
156,106,125
157,106,125
158,106,125
159,106,125
160,105,125
161,105,125
162,105,125
163,105,125
164,105,125
165,105,125
166,105,126
167,105,125
168,105,125
169,105,125
170,105,125
171,105,125
172,105,125
173,105,125
174,104,125
175,104,125
176,104,125
177,104,124
178,104,124
179,104,124
180,104,124
181,104,124
182,104,124
183,104,124
184,104,124
185,103,123
186,103,123
187,103,123
188,103,123
189,103,123
190,103,123
191,103,122
192,103,122
193,103,122
194,103,122
195,102,122
196,102,122
197,102,122
198,102,121
199,102,121
200,102,121
201,102,121
202,102,121
203,102,121
204,101,120
205,101,120
206,101,120
207,101,120
208,101,120
209,101,120
210,101,119
211,101,119
212,100,119
213,100,119
214,100,119
215,100,119
216,100,119
217,100,118
218,100,118
219,100,118
220,99,118
221,99,118
222,99,118
223,99,118
224,99,117
225,99,117
226,99,117
227,98,117
228,98,117
229,98,117
230,98,116
231,98,116
232,98,116
233,97,116
234,97,116
235,97,116
236,97,115
237,97,115
238,97,115
239,97,115
240,96,115
241,96,115
242,96,115
243,96,114
244,96,114
245,95,114
246,95,114
247,95,114
248,95,114
249,95,113
250,95,113
251,94,113
252,94,113
253,94,113
254,94,113
255,94,112
256,93,112
257,93,112
258,93,112
259,93,112
260,93,112
261,92,112
262,92,111
263,92,111
264,92,111
265,92,111
266,91,111
267,91,111
268,91,110
269,91,110
270,91,110
271,90,110
272,90,110
273,90,110
274,90,109
275,90,109
276,89,109
277,89,109
278,89,109
279,89,109
280,88,109
281,88,108
282,88,108
283,88,108
284,88,108
285,87,108
286,87,108
287,87,107
288,87,107
289,86,107
290,86,107
291,86,107
292,86,107
293,86,106
294,85,106
295,85,106
296,85,106
297,85,106
298,84,106
299,84,106
300,84,105
301,84,105
302,83,105
303,83,105
304,83,105
305,83,105
306,82,104
307,82,104
308,82,104
309,82,104
310,81,104
311,81,104
312,81,103
313,81,103
314,80,103
315,80,103
316,80,103
317,80,103
318,79,102
319,79,102
320,79,102
321,79,102
322,78,102
323,78,102
324,78,102
325,77,101
326,77,101
327,77,101
328,77,101
329,76,101
330,76,101
331,76,100
332,76,100
333,75,100
334,75,100
335,75,100
336,74,100
337,74,99
338,74,99
339,74,99
340,73,99
341,73,99
342,73,98
343,72,98
344,72,98
345,72,98
346,72,98
347,71,98
348,71,97
349,71,97
350,70,97
351,70,97
352,70,97
353,70,97
354,70,96
355,69,96
356,69,96
357,69,96
358,69,96
359,69,95
360,69,95
361,69,95
362,69,95
363,69,95
364,69,94
365,69,94
366,69,94
367,69,94
368,68,94
369,69,93
370,69,93
371,69,93
372,69,93
373,69,92
374,70,92
375,70,92
376,71,92
377,71,91
378,71,91
379,72,91
380,72,91
381,72,90
382,73,90
383,73,90
384,74,90
385,74,89
386,75,89
387,75,88
388,76,88
389,76,88
390,77,87
391,78,86
392,80,85
0,0
0,330
108,146,146
109,143,150
110,140,153
111,139,156
112,138,158
113,137,160
114,137,162
115,137,164
116,137,165
117,137,167
118,138,168
119,138,170
120,139,171
121,139,172
122,140,173
123,141,174
124,141,175
125,142,176
126,142,177
127,143,178
128,143,178
129,144,179
130,144,179
131,145,180
132,145,180
133,145,180
134,146,180
135,146,180
136,146,180
137,146,180
138,147,180
139,147,179
140,147,179
141,147,178
142,147,178
143,147,178
144,147,177
145,147,177
146,147,177
147,147,177
148,147,177
149,147,176
150,147,176
151,147,176
152,147,176
153,146,176
154,146,175
155,146,175
156,146,175
157,146,175
158,146,175
159,146,175
160,146,175
161,146,174
162,146,174
163,146,174
164,146,174
165,146,174
166,146,174
167,146,174
168,146,174
169,146,173
170,146,173
171,145,173
172,145,173
173,145,173
174,145,173
175,145,173
176,145,173
177,145,173
178,145,173
179,145,172
180,145,172
181,145,172
182,145,172
183,145,172
184,145,172
185,145,172
186,145,172
187,145,171
188,145,171
189,144,171
190,144,171
191,144,171
192,144,171
193,144,171
194,144,171
195,144,171
196,144,171
197,144,170
198,144,170
199,144,170
200,144,170
201,144,170
202,143,170
203,143,170
204,143,170
205,143,170
206,143,170
207,143,169
208,143,169
209,143,169
210,143,169
211,143,169
212,142,169
213,142,169
214,142,169
215,142,168
216,142,168
217,142,168
218,142,168
219,142,168
220,141,168
221,141,168
222,141,167
223,141,167
224,141,167
225,141,167
226,141,167
227,141,167
228,140,167
229,140,166
230,140,166
231,140,166
232,140,166
233,140,166
234,139,165
235,139,165
236,139,165
237,139,165
238,139,165
239,139,165
240,139,164
241,138,164
242,138,164
243,138,164
244,138,163
245,138,163
246,137,163
247,137,163
248,137,163
249,137,162
250,137,162
251,137,162
252,136,162
253,136,162
254,136,161
255,136,161
256,136,161
257,135,161
258,135,160
259,135,160
260,135,160
261,135,160
262,134,159
263,134,159
264,134,159
265,134,159
266,134,158
267,133,158
268,133,158
269,133,158
270,133,158
271,133,157
272,132,157
273,132,157
274,132,157
275,132,156
276,131,156
277,131,156
278,131,155
279,131,155
280,130,155
281,130,155
282,130,154
283,130,154
284,129,154
285,129,154
286,129,153
287,128,153
288,128,153
289,128,152
290,128,152
291,127,152
292,127,151
293,127,151
294,127,151
295,126,151
296,126,150
297,126,150
298,125,150
299,125,149
300,125,149
301,124,149
302,124,148
303,124,148
304,123,148
305,123,147
306,123,147
307,123,147
308,122,146
309,122,146
310,122,146
311,121,145
312,121,145
313,121,145
314,120,144
315,120,144
316,120,144
317,119,143
318,119,143
319,119,143
320,118,142
321,118,142
322,118,141
323,117,141
324,117,141
325,116,140
326,116,140
327,116,140
328,115,139
329,115,139
330,114,138
331,114,138
332,114,138
333,113,137
334,113,137
335,113,136
336,112,136
337,112,136
338,111,135
339,111,135
340,111,134
341,110,134
342,110,133
343,109,133
344,109,133
345,108,132
346,108,132
347,107,131
348,107,131
349,107,130
350,106,130
351,106,129
352,105,129
353,105,129
354,104,128
355,104,127
356,103,127
357,103,127
358,102,126
359,102,126
360,101,125
361,101,125
362,100,124
363,100,124
364,99,123
365,99,123
366,98,122
367,98,122
368,97,121
369,97,121
370,97,120
371,96,120
372,95,119
373,95,118
374,94,118
375,94,117
376,93,117
377,93,116
378,92,116
379,91,115
380,91,114
381,90,114
382,90,113
383,89,113
384,89,112
385,88,111
386,87,111
387,87,110
388,86,109
389,86,109
390,85,108
391,84,107
392,84,107
393,83,106
394,82,105
395,82,105
396,81,104
397,81,103
398,80,102
399,79,102
400,79,101
401,78,100
402,78,99
403,77,98
404,76,98
405,76,97
406,75,96
407,75,95
408,74,94
409,73,93
410,73,92
411,72,91
412,71,90
413,71,89
414,70,88
415,70,88
416,69,87
417,68,86
418,68,85
419,67,84
420,66,83
421,66,82
422,65,81
423,64,80
424,64,79
425,63,78
426,62,77
427,62,76
428,61,75
429,60,74
430,60,73
431,59,72
432,59,71
433,59,70
434,58,69
435,58,68
436,58,66
437,59,64
0,0
0,56
163,74,77
164,71,81
165,71,83
166,70,86
167,70,88
168,70,91
169,70,93
170,70,95
171,70,97
172,70,99
173,71,101
174,71,103
175,72,105
176,72,107
177,73,109
178,74,110
179,74,112
180,75,113
181,76,114
182,77,115
183,78,116
184,78,117
185,79,118
186,80,119
187,81,119
188,82,120
189,83,120
190,84,121
191,84,121
192,85,121
193,86,121
194,87,121
195,88,121
196,88,121
197,89,122
198,90,122
199,91,122
200,91,122
201,92,122
202,93,122
203,94,122
204,94,122
205,95,122
206,96,122
207,96,121
208,97,121
209,98,121
210,99,121
211,99,120
212,100,120
213,101,119
214,102,119
215,103,118
216,105,117
217,107,115
218,110,110
0,0
1,97
28,312,315
29,310,318
30,309,319
31,308,320
32,308,320
33,308,321
34,307,321
35,307,322
36,306,322
37,306,322
38,305,323
39,305,323
40,304,323
41,304,323
42,303,324
43,302,324
44,302,324
45,301,324
46,300,324
47,300,324
48,299,325
49,299,325
50,298,325
51,297,325
52,297,325
53,296,325
54,295,325
55,294,325
56,294,325
57,293,326
58,292,326
59,292,326
60,291,326
61,290,326
62,289,326
63,289,326
64,288,326
65,287,326
66,286,325
67,286,325
68,285,325
69,284,325
70,284,324
71,283,324
72,282,323
73,281,323
74,281,321
75,280,320
76,279,318
77,278,316
78,277,314
79,277,312
80,276,311
81,275,309
82,275,308
83,274,306
84,273,305
85,272,303
86,271,302
87,271,301
88,270,299
89,269,298
90,268,297
91,267,296
92,267,294
93,266,293
94,265,292
95,264,291
96,264,289
97,263,288
98,262,287
99,261,286
100,261,285
101,260,283
102,259,282
103,258,281
104,257,280
105,256,278
106,256,277
107,255,276
108,254,275
109,253,273
110,253,272
111,252,271
112,251,270
113,250,268
114,249,267
115,249,266
116,248,264
117,247,263
118,247,262
119,246,260
120,246,259
121,246,257
122,245,255
123,246,254
124,247,252
0,0
0,127
154,207,207
155,204,216
156,203,221
157,202,224
158,202,227
159,202,229
160,202,231
161,203,232
162,203,233
163,204,233
164,204,233
165,205,234
166,205,234
167,206,234
168,206,234
169,206,234
170,207,234
171,207,234
172,208,235
173,208,235
174,209,235
175,209,235
176,209,235
177,210,235
178,210,235
179,211,235
180,211,236
181,211,236
182,212,236
183,212,236
184,212,236
185,213,236
186,213,237
187,214,237
188,214,237
189,214,237
190,215,237
191,215,238
192,215,238
193,215,238
194,216,238
195,216,238
196,216,238
197,217,238
198,217,239
199,217,239
200,218,239
201,218,239
202,218,239
203,218,240
204,219,240
205,219,240
206,219,240
207,219,240
208,220,240
209,220,241
210,220,241
211,220,241
212,221,241
213,221,241
214,221,242
215,221,242
216,221,242
217,222,242
218,222,242
219,222,243
220,222,243
221,222,243
222,223,243
223,223,243
224,223,244
225,223,244
226,223,244
227,223,244
228,223,244
229,224,244
230,224,245
231,224,245
232,224,245
233,224,245
234,224,245
235,225,245
236,225,246
237,225,246
238,225,246
239,225,246
240,225,246
241,226,246
242,226,246
243,226,247
244,226,247
245,226,247
246,227,247
247,227,247
248,227,247
249,227,247
250,227,248
251,228,248
252,228,248
253,228,248
254,228,248
255,229,248
256,229,248
257,229,248
258,230,248
259,230,248
260,230,248
261,230,249
262,231,249
263,231,249
264,232,249
265,232,249
266,232,249
267,233,249
268,233,249
269,234,249
270,234,249
271,235,248
272,235,248
273,236,248
274,237,248
275,238,248
276,239,248
277,240,247
278,241,247
279,242,246
280,245,245
0,0
1,141
209,163,165
210,162,167
211,161,168
212,161,169
213,161,170
214,161,170
215,161,171
216,161,171
217,160,172
218,160,172
219,160,173
220,160,173
221,160,173
222,160,173
223,160,173
224,159,174
225,159,174
226,159,174
227,159,174
228,159,174
229,159,173
230,159,173
231,158,173
232,158,173
233,158,173
234,158,172
235,158,172
236,158,172
237,158,172
238,157,171
239,157,171
240,157,171
241,157,171
242,157,170
243,157,170
244,156,170
245,156,170
246,156,169
247,156,169
248,156,169
249,155,169
250,155,168
251,155,168
252,155,168
253,155,168
254,155,167
255,154,167
256,154,167
257,154,167
258,154,167
259,154,166
260,153,166
261,153,166
262,153,166
263,153,166
264,153,165
265,153,165
266,152,165
267,152,165
268,152,164
269,152,164
270,151,164
271,151,164
272,151,164
273,151,163
274,151,163
275,151,163
276,150,163
277,150,163
278,150,163
279,150,162
280,150,162
281,149,162
282,149,162
283,149,162
284,149,161
285,149,161
286,148,161
287,148,161
288,148,161
289,148,161
290,148,160
291,148,160
292,147,160
293,147,160
294,147,160
295,147,160
296,147,160
297,147,159
298,146,159
299,146,159
300,146,159
301,146,159
302,146,159
303,146,159
304,145,158
305,145,158
306,145,158
307,145,158
308,145,158
309,144,158
310,144,158
311,144,157
312,144,157
313,144,157
314,144,157
315,144,157
316,143,157
317,143,157
318,143,157
319,143,157
320,143,156
321,142,156
322,142,156
323,142,156
324,142,156
325,142,156
326,142,156
327,141,156
328,141,156
329,141,156
330,141,156
331,141,156
332,140,156
333,140,156
334,140,156
335,140,156
336,140,156
337,139,156
338,139,156
339,139,156
340,139,156
341,138,156
342,138,157
343,138,157
344,138,157
345,137,158
346,137,158
347,137,151
348,137,143
349,136,136
0,140
135,352,352
136,349,356
137,348,360
138,348,362
139,348,364
140,348,366
141,348,368
142,348,370
143,348,372
144,347,373
145,347,375
146,347,376
147,347,378
148,347,379
149,347,381
150,347,382
151,347,383
152,346,385
153,346,386
154,346,387
155,346,388
156,346,389
157,346,390
158,346,391
159,346,392
160,347,392
161,347,393
162,347,393
163,348,393
164,348,393
165,348,393
166,348,393
167,348,392
168,348,392
169,348,391
170,348,391
171,349,390
172,349,389
173,349,388
174,349,387
175,348,386
176,348,385
177,348,385
178,348,384
179,348,383
180,348,382
181,348,382
182,348,381
183,348,381
184,348,380
185,348,380
186,347,379
187,347,378
188,347,378
189,347,378
190,347,377
191,347,377
192,347,376
193,346,376
194,346,376
195,346,376
196,346,375
197,346,375
198,346,375
199,345,374
200,345,374
201,345,374
202,345,374
203,345,373
204,344,373
205,344,373
206,344,373
207,344,373
208,344,372
209,344,372
210,343,372
211,343,372
212,343,371
213,343,371
214,343,371
215,342,371
216,342,370
217,342,370
218,342,370
219,341,370
220,341,369
221,341,369
222,341,369
223,340,369
224,340,368
225,340,368
226,340,368
227,339,368
228,339,367
229,339,367
230,339,367
231,338,367
232,338,366
233,337,366
234,337,366
235,337,365
236,336,365
237,336,365
238,335,365
239,335,364
240,334,364
241,334,364
242,333,364
243,331,363
244,329,363
245,325,363
246,323,362
247,323,362
248,323,362
249,323,361
250,323,361
251,323,361
252,323,360
253,324,360
254,324,360
255,325,360
256,326,359
257,326,359
258,327,358
259,328,358
260,328,358
261,329,357
262,330,357
263,331,356
264,331,356
265,332,355
266,333,355
267,334,354
268,335,353
269,336,353
270,337,352
271,338,351
272,339,350
273,341,348
274,344,344
0,0
0,82
156,283,283
157,280,288
158,279,291
159,279,292
160,279,294
161,279,295
162,279,296
163,280,297
164,280,298
165,280,299
166,281,300
167,281,301
168,281,301
169,281,302
170,281,303
171,281,303
172,281,304
173,280,304
174,280,305
175,280,305
176,280,305
177,280,305
178,279,305
179,279,305
180,279,305
181,278,304
182,278,303
183,278,303
184,278,302
185,277,301
186,277,301
187,277,300
188,276,299
189,276,299
190,275,298
191,275,298
192,275,297
193,274,297
194,274,296
195,273,295
196,273,294
197,272,294
198,272,293
199,271,292
200,271,292
201,270,291
202,270,290
203,269,289
204,268,289
205,268,288
206,268,287
207,267,286
208,266,286
209,266,285
210,265,284
211,265,283
212,264,282
213,263,281
214,263,280
215,262,280
216,262,279
217,261,278
218,260,277
219,259,276
220,259,275
221,258,274
222,258,273
223,257,272
224,256,271
225,255,270
226,255,268
227,254,267
228,253,266
229,252,265
230,252,263
231,251,262
232,250,260
233,249,259
234,249,257
235,249,256
236,249,254
237,250,251
0,0
0,33
195,289,289
196,287,294
197,286,300
198,286,304
199,286,308
200,286,311
201,286,314
202,287,316
203,287,318
204,288,320
205,289,322
206,290,323
207,292,324
208,293,325
209,294,326
210,295,326
211,296,327
212,298,327
213,299,328
214,300,328
215,301,328
216,303,329
217,304,329
218,305,329
219,306,329
220,308,329
221,309,329
222,310,329
223,312,329
224,313,328
225,315,327
226,317,325
227,323,323
0,0
1,107
235,257,259
236,256,261
237,255,262
238,255,263
239,255,264
240,255,265
241,255,265
242,255,266
243,254,266
244,254,267
245,254,267
246,254,267
247,254,267
248,254,267
249,254,268
250,254,268
251,253,267
252,253,267
253,253,267
254,253,267
255,253,267
256,253,267
257,253,267
258,252,266
259,252,266
260,252,266
261,252,266
262,252,266
263,252,265
264,251,265
265,251,265
266,251,265
267,251,265
268,251,265
269,251,265
270,250,264
271,250,264
272,250,264
273,250,264
274,250,264
275,249,264
276,249,263
277,249,263
278,249,263
279,249,263
280,248,263
281,248,263
282,248,263
283,248,263
284,248,263
285,248,262
286,247,262
287,247,262
288,247,262
289,247,262
290,246,262
291,246,262
292,246,262
293,246,262
294,246,261
295,245,261
296,245,261
297,245,261
298,245,261
299,244,261
300,244,261
301,244,261
302,244,261
303,244,261
304,243,261
305,243,260
306,243,260
307,243,260
308,242,260
309,242,260
310,242,260
311,242,260
312,242,260
313,242,260
314,242,260
315,242,260
316,241,260
317,241,259
318,241,259
319,242,259
320,242,259
321,242,259
322,242,259
323,242,259
324,243,259
325,243,259
326,243,259
327,244,259
328,244,259
329,245,259
330,245,259
331,246,258
332,246,258
333,247,258
334,248,258
335,248,258
336,249,258
337,250,258
338,251,257
339,252,257
340,254,255
340,254,254
0,0
0,116
310,178,178
311,176,187
312,173,192
313,173,196
314,173,199
315,173,202
316,173,204
317,173,205
318,174,206
319,174,207
320,174,207
321,175,208
322,175,208
323,176,208
324,177,209
325,177,209
326,177,209
327,178,209
328,178,209
329,179,209
330,179,209
331,180,209
332,180,209
333,181,209
334,181,209
335,181,210
336,182,210
337,182,210
338,183,210
339,183,210
340,183,210
341,184,210
342,184,211
343,184,211
344,185,211
345,185,211
346,185,211
347,186,211
348,186,211
349,187,212
350,187,212
351,187,212
352,188,212
353,188,212
354,188,212
355,188,213
356,189,213
357,189,213
358,189,213
359,190,213
360,190,213
361,190,214
362,190,214
363,191,214
364,191,214
365,191,214
366,191,214
367,192,215
368,192,215
369,192,215
370,192,215
371,193,215
372,193,215
373,193,216
374,193,216
375,193,216
376,193,216
377,194,216
378,194,216
379,194,217
380,194,217
381,194,217
382,195,217
383,195,217
384,195,217
385,195,217
386,195,218
387,196,218
388,196,218
389,196,218
390,196,218
391,196,218
392,197,218
393,197,219
394,197,219
395,197,219
396,197,219
397,198,219
398,198,219
399,198,219
400,199,219
401,199,219
402,199,219
403,199,219
404,200,220
405,200,220
406,200,220
407,201,220
408,201,220
409,202,220
410,202,220
411,202,220
412,203,220
413,203,220
414,204,220
415,205,220
416,205,219
417,206,219
418,207,219
419,208,219
420,208,219
421,209,218
422,210,218
423,212,218
424,213,217
425,216,216
0,0
1,176
187,316,319
188,315,321
189,315,322
190,315,322
191,314,323
192,314,324
193,314,325
194,314,325
195,314,326
196,314,327
197,314,327
198,314,328
199,314,328
200,314,328
201,314,328
202,314,329
203,314,329
204,314,329
205,314,329
206,313,329
207,313,330
208,313,329
209,313,329
210,313,329
211,313,329
212,313,329
213,313,329
214,312,328
215,312,328
216,312,328
217,312,328
218,312,327
219,312,327
220,312,327
221,312,327
222,311,326
223,311,326
224,311,326
225,311,326
226,311,325
227,311,325
228,310,325
229,310,325
230,310,324
231,310,324
232,310,324
233,310,324
234,310,324
235,309,323
236,309,323
237,309,323
238,309,323
239,309,322
240,309,322
241,308,322
242,308,322
243,308,322
244,308,321
245,308,321
246,308,321
247,307,321
248,307,320
249,307,320
250,307,320
251,307,320
252,307,320
253,306,319
254,306,319
255,306,319
256,306,319
257,306,319
258,305,319
259,305,318
260,305,318
261,305,318
262,305,318
263,305,318
264,304,317
265,304,317
266,304,317
267,304,317
268,304,317
269,304,317
270,303,316
271,303,316
272,303,316
273,303,316
274,303,316
275,302,316
276,302,316
277,302,315
278,302,315
279,302,315
280,302,315
281,302,315
282,301,315
283,301,315
284,301,314
285,301,314
286,301,314
287,301,314
288,300,314
289,300,314
290,300,314
291,300,314
292,300,313
293,300,313
294,299,313
295,299,313
296,299,313
297,299,313
298,299,313
299,299,313
300,299,313
301,298,312
302,298,312
303,298,312
304,298,312
305,298,312
306,298,312
307,298,312
308,297,312
309,297,312
310,297,311
311,297,311
312,297,311
313,297,311
314,297,311
315,297,311
316,296,311
317,296,311
318,296,311
319,296,311
320,296,310
321,296,310
322,296,310
323,295,310
324,295,310
325,295,310
326,295,310
327,295,310
328,295,310
329,294,310
330,294,310
331,294,309
332,294,309
333,294,309
334,294,309
335,293,309
336,293,309
337,293,309
338,293,309
339,293,309
340,292,309
341,292,309
342,292,309
343,292,309
344,292,309
345,291,309
346,291,309
347,291,309
348,291,309
349,290,309
350,290,309
351,290,309
352,290,309
353,289,309
354,289,309
355,289,309
356,288,309
357,288,309
358,287,309
359,290,310
360,299,310
361,308,311
361,310,311
0,129
285,370,370
286,362,374
287,359,377
288,358,379
289,358,381
290,358,382
291,359,384
292,359,385
293,359,387
294,359,388
295,359,390
296,359,391
297,359,393
298,359,394
299,359,396
300,360,397
301,360,399
302,360,400
303,360,402
304,360,403
305,360,405
306,360,406
307,360,407
308,360,409
309,361,410
310,361,411
311,361,411
312,361,412
313,362,412
314,362,413
315,362,413
316,363,413
317,363,413
318,363,413
319,363,413
320,363,413
321,363,413
322,364,412
323,364,412
324,364,411
325,363,411
326,363,410
327,363,409
328,363,408
329,363,407
330,363,406
331,363,405
332,363,404
333,363,403
334,363,402
335,362,402
336,362,401
337,362,400
338,362,399
339,362,399
340,362,398
341,362,397
342,361,397
343,361,396
344,361,395
345,361,395
346,360,394
347,360,394
348,360,393
349,360,393
350,359,392
351,359,392
352,359,391
353,359,391
354,358,390
355,358,390
356,358,389
357,358,389
358,357,389
359,357,388
360,357,388
361,356,388
362,356,387
363,356,387
364,356,387
365,355,386
366,355,386
367,355,386
368,355,385
369,354,385
370,354,385
371,354,384
372,353,384
373,353,384
374,353,384
375,352,383
376,352,383
377,352,383
378,351,382
379,351,382
380,351,382
381,350,381
382,350,381
383,350,381
384,349,381
385,349,380
386,349,380
387,349,380
388,348,379
389,348,379
390,348,379
391,347,378
392,347,378
393,347,378
394,346,377
395,346,377
396,346,377
397,345,377
398,345,376
399,345,376
400,344,375
401,344,375
402,344,375
403,343,374
404,343,374
405,343,374
406,342,374
407,342,373
408,342,373
409,341,371
410,341,363
411,341,354
412,340,346
413,340,340
0,0
0,101
318,241,243
319,238,248
320,237,250
321,236,253
322,236,255
323,236,257
324,236,258
325,237,260
326,237,261
327,238,262
328,238,264
329,239,265
330,239,266
331,240,266
332,240,267
333,241,267
334,241,268
335,241,268
336,242,268
337,242,268
338,243,269
339,243,269
340,243,268
341,244,268
342,244,268
343,245,268
344,245,268
345,245,268
346,246,268
347,246,268
348,246,268
349,246,268
350,247,268
351,247,268
352,247,268
353,247,268
354,247,268
355,248,268
356,248,268
357,248,268
358,248,268
359,248,268
360,248,268
361,249,268
362,249,268
363,249,268
364,249,268
365,249,268
366,249,268
367,249,268
368,250,268
369,250,268
370,250,268
371,250,268
372,250,268
373,250,268
374,250,268
375,251,268
376,251,268
377,251,268
378,251,268
379,251,268
380,251,268
381,251,268
382,251,268
383,251,268
384,252,268
385,252,268
386,252,268
387,252,268
388,252,268
389,252,269
390,252,269
391,252,269
392,252,269
393,253,269
394,253,269
395,253,269
396,253,269
397,253,269
398,253,269
399,253,269
400,253,269
401,253,269
402,254,269
403,254,269
404,254,269
405,254,269
406,254,269
407,254,269
408,254,269
409,254,270
410,254,270
411,255,270
412,255,270
413,255,270
414,255,270
415,255,270
416,255,270
417,255,265
418,255,255
0,0
0,112
304,303,303
305,301,307
306,299,310
307,299,312
308,298,313
309,298,315
310,298,316
311,298,317
312,298,319
313,298,320
314,299,321
315,299,322
316,299,323
317,299,324
318,300,325
319,300,326
320,300,326
321,300,327
322,301,328
323,301,329
324,301,329
325,301,330
326,301,330
327,301,330
328,302,331
329,302,331
330,302,331
331,302,331
332,302,331
333,302,331
334,302,331
335,302,331
336,302,331
337,302,330
338,302,330
339,302,330
340,302,329
341,302,329
342,302,329
343,302,328
344,302,328
345,302,328
346,302,327
347,302,327
348,302,327
349,302,327
350,302,326
351,302,326
352,302,326
353,302,326
354,302,325
355,302,325
356,302,325
357,301,325
358,301,324
359,301,324
360,301,324
361,301,324
362,301,323
363,301,323
364,301,323
365,301,323
366,301,322
367,301,322
368,300,322
369,300,322
370,300,321
371,300,321
372,300,321
373,300,321
374,300,321
375,300,320
376,300,320
377,299,320
378,299,320
379,299,319
380,299,319
381,299,319
382,299,319
383,299,319
384,299,318
385,299,318
386,299,318
387,298,318
388,298,318
389,298,317
390,298,317
391,298,317
392,298,317
393,298,317
394,298,316
395,297,316
396,297,316
397,297,316
398,297,316
399,297,315
400,297,315
401,297,315
402,297,315
403,296,315
404,296,314
405,296,314
406,296,314
407,296,314
408,296,314
409,296,313
410,296,313
411,296,313
412,295,313
413,300,313
414,307,313
415,312,312
0,0
1,379
129,423,423
130,421,425
131,421,427
132,420,428
133,420,429
134,420,430
135,420,431
136,420,431
137,420,432
138,420,433
139,419,434
140,419,434
141,419,435
142,419,436
143,419,436
144,419,437
145,419,437
146,419,438
147,419,438
148,419,438
149,419,439
150,419,439
151,419,439
152,418,439
153,418,440
154,418,440
155,418,440
156,418,440
157,418,440
158,418,440
159,418,440
160,418,440
161,418,440
162,418,441
163,418,440
164,418,440
165,418,440
166,417,440
167,417,440
168,417,439
169,417,439
170,417,439
171,417,439
172,417,438
173,417,438
174,417,438
175,417,438
176,417,438
177,417,437
178,416,437
179,416,437
180,416,437
181,416,437
182,416,436
183,416,436
184,416,436
185,416,436
186,416,436
187,416,435
188,416,435
189,416,435
190,416,435
191,415,435
192,415,434
193,415,434
194,415,434
195,415,434
196,415,434
197,415,433
198,415,433
199,415,433
200,415,433
201,415,433
202,415,433
203,415,432
204,414,432
205,414,432
206,414,432
207,414,432
208,414,432
209,414,431
210,414,431
211,414,431
212,414,431
213,414,431
214,414,431
215,414,431
216,413,430
217,413,430
218,413,430
219,413,430
220,413,430
221,413,430
222,413,430
223,413,429
224,413,429
225,413,429
226,413,429
227,413,429
228,412,429
229,412,429
230,412,428
231,412,428
232,412,428
233,412,428
234,412,428
235,412,428
236,412,428
237,412,428
238,412,427
239,412,427
240,411,427
241,411,427
242,411,427
243,411,427
244,411,427
245,411,427
246,411,426
247,411,426
248,411,426
249,411,426
250,411,426
251,411,426
252,410,426
253,410,426
254,410,426
255,410,426
256,410,425
257,410,425
258,410,425
259,410,425
260,410,425
261,410,425
262,410,425
263,409,425
264,409,425
265,409,425
266,409,425
267,409,424
268,409,424
269,409,424
270,409,424
271,409,424
272,409,424
273,409,424
274,408,424
275,408,424
276,408,424
277,408,424
278,408,424
279,408,423
280,408,423
281,408,423
282,408,423
283,408,423
284,408,423
285,407,423
286,407,423
287,407,423
288,407,423
289,407,423
290,407,423
291,407,423
292,407,423
293,407,423
294,407,422
295,407,422
296,406,422
297,406,422
298,406,422
299,406,422
300,406,422
301,406,422
302,406,422
303,406,422
304,406,422
305,406,422
306,405,422
307,405,422
308,405,422
309,405,422
310,405,422
311,405,422
312,405,422
313,405,422
314,405,422
315,405,422
316,404,422
317,404,422
318,404,422
319,404,422
320,404,422
321,404,422
322,404,422
323,404,422
324,404,422
325,404,422
326,403,422
327,403,422
328,403,422
329,403,422
330,403,422
331,403,422
332,403,422
333,403,422
334,403,422
335,402,422
336,402,422
337,402,422
338,402,422
339,402,422
340,402,422
341,402,422
342,402,422
343,402,422
344,401,422
345,401,422
346,401,422
347,401,422
348,401,422
349,401,422
350,401,422
351,401,422
352,401,422
353,400,422
354,400,422
355,400,422
356,400,422
357,400,422
358,400,422
359,400,422
360,400,422
361,399,422
362,399,422
363,399,422
364,399,422
365,399,422
366,399,422
367,399,422
368,399,422
369,398,422
370,398,422
371,398,422
372,398,422
373,398,422
374,398,422
375,398,422
376,398,422
377,397,422
378,397,422
379,397,422
380,397,422
381,397,422
382,397,422
383,397,422
384,396,422
385,396,422
386,396,422
387,418,422
387,396,423
388,418,422
388,396,423
389,418,422
389,396,423
390,418,422
390,396,423
391,418,422
391,395,423
392,418,422
392,395,423
393,418,422
393,395,423
394,418,422
394,395,423
395,418,422
395,395,423
396,418,422
396,395,423
397,418,422
397,395,423
398,418,422
398,394,423
399,418,422
399,394,423
400,418,422
400,394,423
401,418,422
401,394,423
402,418,422
402,394,423
403,418,422
403,394,423
404,418,422
404,393,423
405,418,422
405,393,423
406,418,422
406,393,423
407,418,422
407,393,423
408,418,422
408,393,423
409,418,422
409,393,424
410,418,422
410,393,424
411,418,422
411,392,424
412,418,422
412,392,424
413,418,422
413,392,424
414,418,422
414,392,424
415,418,422
415,392,424
416,418,422
416,392,424
417,418,422
417,392,424
418,418,422
418,392,424
419,418,422
419,392,424
420,418,422
420,392,424
421,418,422
421,392,424
422,418,422
422,393,424
423,418,422
423,393,424
424,418,422
424,393,424
425,418,422
425,393,424
426,418,422
426,393,424
427,418,422
427,394,424
428,418,422
428,394,424
429,418,422
429,394,425
430,418,422
430,395,425
431,418,422
431,395,425
432,418,422
432,396,425
433,418,422
433,396,425
434,397,425
435,397,425
436,398,425
437,398,425
438,399,425
439,399,425
440,400,425
441,400,425
442,401,425
443,402,425
444,403,425
445,403,426
446,404,425
447,405,425
448,406,425
449,406,425
450,407,425
451,408,425
452,409,425
453,410,425
454,411,424
455,412,424
456,413,423
457,414,423
458,416,422
459,418,420
459,418,418
0,0
