1,196
143,64,66
144,63,68
145,63,68
146,62,69
147,62,70
148,62,71
149,62,71
150,62,72
151,61,72
152,61,73
153,61,74
154,61,74
155,61,75
156,61,75
157,61,76
158,61,76
159,61,76
160,61,77
161,61,77
162,61,78
163,61,78
164,61,78
165,61,79
166,61,79
167,60,79
168,60,80
169,60,80
170,60,80
171,60,80
172,60,80
173,60,80
174,60,80
175,60,80
176,60,81
177,60,81
178,60,81
179,60,81
180,60,81
181,60,81
182,60,82
183,60,81
184,60,81
185,59,81
186,59,81
187,59,81
188,59,81
189,59,81
190,59,81
191,59,80
192,59,80
193,59,80
194,59,80
195,59,80
196,59,80
197,58,80
198,58,80
199,58,80
200,58,80
201,58,79
202,58,79
203,58,79
204,58,79
205,58,79
206,58,79
207,57,79
208,57,78
209,57,78
210,57,78
211,57,78
212,57,78
213,57,78
214,57,78
215,56,78
216,56,77
217,56,77
218,56,77
219,56,77
220,56,77
221,56,77
222,55,77
223,55,76
224,55,76
225,55,76
226,55,76
227,55,76
228,55,76
229,54,76
230,54,75
231,54,75
232,54,75
233,54,75
234,53,75
235,53,75
236,53,75
237,53,75
238,53,74
239,53,74
240,52,74
241,52,74
242,52,74
243,52,74
244,52,74
245,51,74
246,51,73
247,51,73
248,51,73
249,51,73
250,50,73
251,50,73
252,50,73
253,50,72
254,50,72
255,49,72
256,49,72
257,49,72
258,49,72
259,49,72
260,48,71
261,48,71
262,48,71
263,48,71
264,47,71
265,47,71
266,47,71
267,47,71
268,47,70
269,46,70
270,46,70
271,46,70
272,46,70
273,45,70
274,45,70
275,45,69
276,45,69
277,44,69
278,44,69
279,44,69
280,44,69
281,43,69
282,43,68
283,43,68
284,43,68
285,42,68
286,42,68
287,42,68
288,42,68
289,41,67
290,41,67
291,41,67
292,41,67
293,40,67
294,40,67
295,40,67
296,40,66
297,39,66
298,39,66
299,39,66
300,39,66
301,39,66
302,39,65
303,39,65
304,39,65
305,38,65
306,39,65
307,39,65
308,39,65
309,39,64
310,39,64
311,39,64
312,39,64
313,39,64
314,39,64
315,40,63
316,40,63
317,40,63
318,40,63
319,41,63
320,41,63
321,41,62
322,41,62
323,42,62
324,42,62
325,42,62
326,43,61
327,43,61
328,44,61
329,44,61
330,45,60
331,45,60
332,46,60
333,46,59
334,47,59
335,48,59
336,49,58
337,50,56
338,54,54
0,0
1,318
88,158,160
89,157,162
90,156,163
91,156,164
92,156,165
93,156,166
94,156,167
95,155,167
96,155,168
97,155,169
98,155,170
99,155,170
100,155,171
101,155,171
102,155,172
103,154,172
104,154,173
105,154,173
106,154,174
107,154,174
108,154,174
109,154,175
110,154,175
111,154,175
112,153,175
113,153,175
114,153,176
115,153,176
116,153,176
117,153,176
118,153,176
119,153,176
120,153,176
121,152,176
122,152,176
123,152,175
124,152,175
125,152,175
126,152,175
127,152,175
128,152,175
129,152,174
130,151,174
131,151,174
132,151,174
133,151,173
134,151,173
135,151,173
136,151,173
137,151,172
138,150,172
139,150,172
140,150,172
141,150,172
142,150,171
143,150,171
144,150,171
145,150,171
146,150,170
147,149,170
148,149,170
149,149,170
150,149,170
151,149,169
152,149,169
153,149,169
154,149,169
155,149,168
156,148,168
157,148,168
158,148,168
159,148,168
160,148,167
161,148,167
162,148,167
163,148,167
164,147,167
165,147,166
166,147,166
167,147,166
168,147,166
169,147,166
170,147,165
171,147,165
172,147,165
173,146,165
174,146,165
175,146,165
176,146,164
177,146,164
178,146,164
179,146,164
180,146,164
181,145,163
182,145,163
183,145,163
184,145,163
185,145,163
186,145,163
187,145,162
188,145,162
189,144,162
190,144,162
191,144,162
192,144,162
193,144,162
194,144,161
195,144,161
196,144,161
197,143,161
198,143,161
199,143,161
200,143,160
201,143,160
202,143,160
203,143,160
204,143,160
205,143,160
206,142,160
207,142,159
208,142,159
209,142,159
210,142,159
211,142,159
212,142,159
213,142,159
214,141,159
215,141,158
216,141,158
217,141,158
218,141,158
219,141,158
220,141,158
221,141,158
222,140,158
223,140,157
224,140,157
225,140,157
226,140,157
227,140,157
228,140,157
229,140,157
230,139,157
231,139,157
232,139,156
233,139,156
234,139,156
235,139,156
236,139,156
237,139,156
238,138,156
239,138,156
240,138,156
241,138,156
242,138,155
243,138,155
244,138,155
245,137,155
246,137,155
247,137,155
248,137,155
249,137,155
250,137,155
251,137,155
252,137,155
253,136,154
254,136,154
255,136,154
256,136,154
257,136,154
258,136,154
259,136,154
260,136,154
261,135,154
262,135,154
263,135,154
264,135,154
265,135,154
266,135,153
267,135,153
268,134,153
269,134,153
270,134,153
271,134,153
272,134,153
273,134,153
274,134,153
275,133,153
276,133,153
277,133,153
278,133,153
279,133,153
280,133,153
281,133,153
282,132,153
283,132,153
284,132,153
285,132,153
286,132,153
287,132,153
288,132,152
289,131,152
290,131,152
291,131,152
292,131,152
293,131,152
294,131,152
295,131,152
296,130,152
297,130,152
298,130,152
299,130,152
300,130,152
301,130,152
302,129,152
303,129,152
304,129,152
305,129,152
306,129,152
307,129,152
308,129,152
309,128,152
310,128,152
311,128,152
312,128,152
313,128,152
314,128,152
315,127,152
316,127,152
317,127,152
318,127,152
319,127,152
320,127,152
321,126,152
322,126,152
323,126,152
324,126,152
325,126,152
326,126,152
327,125,152
328,125,152
329,125,152
330,125,152
331,125,152
332,124,152
333,124,152
334,124,152
335,124,152
336,124,152
337,124,152
338,123,152
339,123,152
340,123,152
341,123,152
342,123,152
343,122,152
344,122,152
345,122,152
346,122,152
347,122,152
348,121,152
349,121,152
350,121,152
351,121,152
352,121,152
353,121,152
354,120,152
355,120,152
356,120,153
357,120,153
358,120,153
359,120,153
360,120,153
361,119,153
362,120,153
363,120,153
364,120,153
365,120,153
366,120,153
367,120,153
368,120,153
369,121,153
370,121,153
371,121,153
372,122,153
373,122,153
374,122,153
375,122,153
376,123,153
377,123,153
378,124,153
379,124,153
380,125,153
381,125,153
382,126,153
383,126,153
384,127,153
385,127,153
386,128,153
387,128,153
388,129,153
389,130,153
390,130,153
391,131,154
392,132,153
393,132,153
394,133,153
395,134,153
396,135,152
397,136,152
398,137,152
399,137,152
400,138,152
401,139,151
402,140,151
403,142,150
404,143,149
405,146,147
0,0
0,213
68,234,234
69,231,237
70,229,241
71,228,243
72,228,245
73,227,247
74,227,249
75,227,251
76,227,252
77,227,254
78,228,255
79,228,257
80,228,258
81,229,259
82,229,260
83,230,261
84,230,262
85,231,262
86,231,262
87,232,263
88,232,263
89,233,263
90,233,263
91,233,263
92,233,263
93,234,263
94,234,263
95,234,263
96,234,263
97,234,263
98,235,263
99,235,263
100,235,262
101,235,262
102,235,262
103,235,262
104,235,262
105,235,262
106,235,262
107,235,262
108,235,262
109,235,262
110,235,262
111,235,262
112,235,262
113,235,262
114,235,261
115,235,261
116,235,261
117,236,261
118,236,261
119,236,261
120,236,261
121,236,261
122,236,261
123,236,261
124,236,261
125,236,261
126,236,261
127,236,261
128,236,261
129,236,261
130,236,261
131,236,261
132,236,261
133,236,261
134,236,261
135,236,261
136,236,261
137,236,261
138,236,261
139,236,261
140,236,261
141,236,261
142,236,261
143,236,261
144,236,261
145,236,261
146,236,261
147,236,261
148,236,261
149,236,261
150,236,261
151,236,261
152,236,261
153,236,261
154,236,261
155,236,261
156,236,261
157,236,261
158,236,261
159,236,261
160,236,261
161,236,261
162,236,261
163,236,261
164,236,261
165,236,261
166,236,261
167,236,261
168,236,261
169,236,261
170,236,262
171,236,262
172,236,262
173,236,262
174,236,262
175,236,262
176,236,262
177,236,262
178,236,262
179,237,262
180,237,262
181,237,262
182,237,262
183,237,262
184,237,262
185,237,262
186,237,262
187,237,262
188,237,262
189,237,262
190,237,262
191,237,262
192,237,262
193,237,262
194,237,263
195,237,263
196,237,263
197,237,263
198,237,263
199,237,263
200,237,263
201,237,263
202,237,263
203,237,263
204,237,263
205,237,263
206,237,263
207,237,263
208,237,263
209,237,263
210,237,263
211,237,263
212,237,263
213,237,263
214,237,264
215,236,264
216,236,264
217,236,264
218,236,264
219,236,264
220,235,264
221,235,264
222,235,264
223,235,263
224,234,263
225,234,263
226,233,263
227,232,263
227,218,218
227,232,263
228,218,221
228,230,263
229,218,226
229,226,263
229,218,263
230,218,263
231,219,263
232,219,263
233,220,262
234,220,262
235,220,262
236,221,262
237,221,262
238,222,261
239,222,261
240,222,261
241,223,261
242,223,260
243,223,260
244,224,260
245,224,259
246,225,259
247,225,258
248,225,258
249,226,258
250,226,257
251,227,257
252,227,256
253,227,256
254,228,255
255,228,255
256,228,255
257,229,254
258,229,254
259,230,253
260,230,253
261,230,252
262,231,251
263,231,251
264,232,250
265,232,250
266,232,249
267,233,248
268,233,248
269,233,247
270,234,246
271,234,245
272,235,244
273,235,243
274,237,241
275,239,239
1,54
235,272,273
234,269,272
233,267,271
232,264,270
231,261,268
230,259,267
229,256,266
228,254,265
227,251,264
226,248,263
225,246,262
224,243,261
223,241,259
222,238,259
221,235,257
220,233,256
219,230,255
218,228,254
217,227,253
216,227,252
215,226,251
214,226,250
213,225,249
212,225,248
211,224,247
210,224,246
209,223,245
208,223,244
207,222,243
206,222,242
205,222,241
204,221,240
203,221,239
202,220,238
201,220,237
200,219,236
199,219,235
198,218,234
197,218,233
196,218,232
195,217,231
194,217,230
193,216,229
192,216,228
191,215,227
190,215,226
189,215,225
188,214,224
187,214,224
186,213,223
185,213,221
184,213,220
183,214,219
182,214,217
0,0
0,128
288,117,117
289,109,121
290,108,126
291,107,131
292,106,134
293,106,137
294,106,139
295,107,141
296,107,142
297,107,143
298,107,144
299,108,145
300,108,145
301,109,145
302,109,146
303,110,146
304,111,146
305,111,146
306,111,146
307,112,146
308,112,146
309,113,147
310,113,147
311,114,147
312,114,147
313,115,147
314,115,147
315,115,147
316,116,147
317,116,148
318,117,148
319,117,148
320,118,148
321,118,148
322,118,148
323,119,148
324,119,149
325,120,149
326,120,149
327,120,149
328,121,149
329,121,149
330,121,150
331,122,150
332,122,150
333,122,150
334,123,150
335,123,150
336,123,151
337,124,151
338,124,151
339,124,151
340,125,151
341,125,152
342,125,152
343,125,152
344,126,152
345,126,152
346,126,152
347,127,153
348,127,153
349,127,153
350,127,153
351,128,153
352,128,153
353,128,154
354,128,154
355,129,154
356,129,154
357,129,154
358,129,155
359,130,155
360,130,155
361,130,155
362,130,155
363,130,155
364,130,156
365,131,156
366,131,156
367,131,156
368,131,156
369,131,157
370,132,157
371,132,157
372,132,157
373,132,157
374,132,157
375,133,157
376,133,158
377,133,158
378,133,158
379,134,158
380,134,158
381,134,158
382,134,158
383,135,158
384,135,159
385,135,159
386,135,159
387,136,159
388,136,159
389,136,159
390,137,159
391,137,159
392,137,159
393,138,159
394,138,159
395,138,159
396,139,159
397,139,160
398,139,160
399,140,160
400,140,160
401,141,160
402,141,160
403,142,159
404,143,159
405,143,159
406,144,159
407,145,159
408,145,159
409,146,159
410,147,159
411,148,158
412,149,158
413,150,157
414,152,157
415,154,154
0,0
1,230
114,297,299
115,297,301
116,296,302
117,296,303
118,295,304
119,295,305
120,295,305
121,295,306
122,295,307
123,295,307
124,295,308
125,294,308
126,294,309
127,294,309
128,294,310
129,294,310
130,294,311
131,294,311
132,294,311
133,294,311
134,294,312
135,293,312
136,293,312
137,293,312
138,293,312
139,293,312
140,293,312
141,293,312
142,293,313
143,293,312
144,293,312
145,292,312
146,292,312
147,292,312
148,292,312
149,292,311
150,292,311
151,292,311
152,292,310
153,292,310
154,292,310
155,292,310
156,291,310
157,291,309
158,291,309
159,291,309
160,291,309
161,291,308
162,291,308
163,291,308
164,291,308
165,291,308
166,290,307
167,290,307
168,290,307
169,290,307
170,290,307
171,290,307
172,290,306
173,290,306
174,290,306
175,289,306
176,289,306
177,289,305
178,289,305
179,289,305
180,289,305
181,289,305
182,289,304
183,289,304
184,288,304
185,288,304
186,288,304
187,288,303
188,288,303
189,288,303
190,288,303
191,288,303
192,287,302
193,287,302
194,287,302
195,287,302
196,287,302
197,287,301
198,287,301
199,287,301
200,287,301
201,286,301
202,286,301
203,286,300
204,286,300
205,286,300
206,286,300
207,286,300
208,286,300
209,286,299
210,285,299
211,285,299
212,285,299
213,285,299
214,285,298
215,285,298
216,285,298
217,285,298
218,284,298
219,284,298
220,284,297
221,284,297
222,284,297
223,284,297
224,284,297
225,283,297
226,283,296
227,283,296
228,283,296
229,283,296
230,283,296
231,283,296
232,283,295
233,282,295
234,282,295
235,282,295
236,282,295
237,282,295
238,282,294
239,282,294
240,282,294
241,281,294
242,281,294
243,281,294
244,281,293
245,281,293
246,281,293
247,281,293
248,280,293
249,280,293
250,280,292
251,280,292
252,280,292
253,280,292
254,280,292
255,279,292
256,279,292
257,279,291
258,279,291
259,279,291
260,279,291
261,279,291
262,278,291
263,278,291
264,278,290
265,278,290
266,278,290
267,278,290
268,277,290
269,277,290
270,277,290
271,277,289
272,277,289
273,277,289
274,277,289
275,276,289
276,276,289
277,276,289
278,276,288
279,276,288
280,276,288
281,276,288
282,275,288
283,275,288
284,275,288
285,275,288
286,275,288
287,275,287
288,274,287
289,274,287
290,274,287
291,274,287
292,274,287
293,274,287
294,273,287
295,273,286
296,273,286
297,273,286
298,273,286
299,273,286
300,272,286
301,272,286
302,272,286
303,272,286
304,272,286
305,272,286
306,271,286
307,271,285
308,271,285
309,271,285
310,271,285
311,271,285
312,270,285
313,270,285
314,270,285
315,270,285
316,270,285
317,270,285
318,269,285
319,269,285
320,269,285
321,269,285
322,269,285
323,268,285
324,268,285
325,268,285
326,268,285
327,268,285
328,268,285
329,267,285
330,267,285
331,267,285
332,267,285
333,267,285
334,266,285
335,266,286
336,266,286
337,266,286
338,266,287
339,266,287
340,265,287
341,265,288
342,265,272
342,265,265
0,131
264,346,346
265,342,350
266,342,353
267,342,356
268,342,358
269,342,361
270,342,363
271,342,365
272,341,367
273,341,368
274,341,370
275,341,372
276,341,374
277,341,375
278,341,377
279,341,378
280,341,380
281,341,381
282,341,382
283,341,383
284,341,384
285,341,385
286,341,386
287,341,386
288,341,387
289,341,387
290,342,388
291,342,388
292,342,388
293,342,388
294,342,388
295,342,388
296,342,387
297,342,387
298,342,386
299,342,385
300,342,384
301,342,383
302,342,383
303,341,382
304,341,381
305,341,381
306,341,380
307,341,380
308,341,379
309,341,378
310,340,378
311,340,377
312,340,377
313,340,376
314,340,375
315,340,375
316,339,374
317,339,374
318,339,373
319,339,373
320,339,372
321,338,372
322,338,371
323,338,371
324,338,370
325,338,370
326,337,369
327,337,369
328,337,369
329,337,368
330,336,368
331,336,367
332,336,367
333,336,366
334,335,366
335,335,366
336,335,365
337,335,365
338,334,364
339,334,364
340,334,363
341,334,363
342,333,363
343,333,362
344,333,362
345,333,361
346,332,361
347,332,361
348,332,360
349,332,360
350,331,359
351,331,359
352,331,359
353,330,358
354,330,358
355,330,358
356,330,357
357,329,357
358,329,356
359,329,356
360,329,356
361,328,356
362,328,355
363,328,355
364,327,354
365,327,354
366,327,354
367,327,353
368,326,353
369,326,353
370,326,352
371,325,352
372,325,352
373,325,351
374,324,351
375,324,351
376,324,350
377,324,350
378,323,350
379,323,349
380,323,349
381,323,349
382,322,348
383,322,348
384,322,348
385,321,347
386,321,347
387,321,347
388,321,346
389,320,346
390,320,346
391,320,345
392,319,345
393,319,345
394,319,333
0,0
0,112
296,187,193
297,185,197
298,184,200
299,183,203
300,183,205
301,183,207
302,183,208
303,183,210
304,184,212
305,184,213
306,185,214
307,186,215
308,186,216
309,187,216
310,187,217
311,188,217
312,189,218
313,189,218
314,190,218
315,190,218
316,191,218
317,191,219
318,192,219
319,192,218
320,193,218
321,193,218
322,193,218
323,194,218
324,194,218
325,195,219
326,195,219
327,195,219
328,196,219
329,196,219
330,196,219
331,197,219
332,197,219
333,198,219
334,198,219
335,198,219
336,198,219
337,199,219
338,199,219
339,199,220
340,199,220
341,199,220
342,200,220
343,200,220
344,200,220
345,200,220
346,201,220
347,201,220
348,201,220
349,201,221
350,201,221
351,202,221
352,202,221
353,202,221
354,202,221
355,202,221
356,203,221
357,203,221
358,203,221
359,203,222
360,203,222
361,204,222
362,204,222
363,204,222
364,204,222
365,204,222
366,205,222
367,205,222
368,205,223
369,205,223
370,205,223
371,206,223
372,206,223
373,206,223
374,206,223
375,206,223
376,206,224
377,207,224
378,207,224
379,207,224
380,207,224
381,207,224
382,208,224
383,208,224
384,208,225
385,208,225
386,208,225
387,208,225
388,209,225
389,209,225
390,209,225
391,209,225
392,209,226
393,210,226
394,210,226
395,210,226
396,210,226
397,210,226
398,210,226
399,211,227
400,211,227
401,211,227
402,211,227
403,211,227
404,211,227
405,212,222
406,212,216
407,212,212
0,0
0,121
280,266,268
281,263,273
282,262,276
283,261,278
284,261,280
285,260,281
286,260,283
287,261,284
288,261,285
289,261,287
290,261,288
291,262,289
292,262,290
293,263,291
294,263,293
295,263,294
296,263,295
297,263,296
298,264,296
299,264,297
300,264,298
301,264,298
302,264,299
303,264,299
304,265,299
305,265,299
306,265,298
307,265,298
308,265,297
309,265,297
310,265,296
311,265,296
312,265,296
313,265,295
314,265,295
315,265,294
316,265,294
317,265,293
318,265,293
319,265,293
320,264,292
321,264,292
322,264,292
323,264,291
324,264,291
325,264,291
326,264,290
327,264,290
328,264,290
329,264,290
330,264,289
331,263,289
332,263,289
333,263,288
334,263,288
335,263,288
336,263,287
337,263,287
338,263,287
339,262,287
340,262,286
341,262,286
342,262,286
343,262,286
344,262,285
345,262,285
346,261,285
347,261,284
348,261,284
349,261,284
350,261,283
351,261,283
352,261,283
353,260,283
354,260,282
355,260,282
356,260,282
357,260,281
358,260,281
359,259,281
360,259,281
361,259,280
362,259,280
363,259,280
364,259,279
365,258,279
366,258,279
367,258,279
368,258,278
369,258,278
370,258,278
371,257,277
372,257,277
373,257,277
374,257,276
375,257,276
376,257,276
377,256,276
378,256,275
379,256,275
380,256,275
381,256,275
382,255,274
383,255,274
384,255,274
385,255,273
386,255,273
387,255,273
388,254,273
389,254,272
390,254,272
391,254,272
392,254,271
393,254,271
394,253,271
395,253,270
396,253,270
397,253,270
398,253,270
399,252,269
400,252,257
0,0
1,478
43,408,413
44,407,415
45,406,416
46,405,418
47,405,419
48,405,420
49,405,421
50,405,422
51,404,422
52,404,423
53,404,424
54,404,425
55,404,425
56,404,426
57,404,427
58,404,427
59,404,428
60,404,429
61,404,429
62,404,430
63,404,430
64,404,431
65,404,431
66,404,432
67,404,432
68,404,433
69,404,433
70,404,433
71,404,434
72,404,434
73,404,434
74,404,435
75,404,435
76,404,435
77,404,435
78,404,435
79,404,436
80,404,435
81,404,435
82,404,435
83,404,435
84,404,434
85,404,434
86,404,434
87,404,434
88,404,434
89,404,434
90,404,433
91,404,433
92,404,433
93,404,432
94,404,432
95,404,432
96,404,432
97,404,432
98,404,431
99,404,431
100,404,431
101,404,431
102,404,430
103,404,430
104,404,430
105,404,430
106,404,430
107,404,429
108,404,429
109,404,429
110,404,429
111,404,429
112,404,428
113,404,428
114,404,428
115,404,428
116,404,428
117,404,428
118,404,427
119,404,427
120,404,427
121,404,427
122,403,427
123,403,426
124,403,426
125,403,426
126,403,426
127,403,426
128,403,425
129,403,425
130,403,425
131,403,425
132,403,425
133,403,425
134,402,424
135,402,424
136,402,424
137,402,424
138,402,424
139,402,424
140,402,423
141,402,423
142,402,423
143,402,423
144,401,423
145,401,423
146,401,422
147,401,422
148,401,422
149,401,422
150,401,422
151,401,422
152,401,421
153,401,421
154,400,421
155,400,421
156,400,421
157,400,421
158,400,421
159,400,420
160,400,420
161,400,420
162,400,420
163,400,420
164,399,420
165,399,420
166,399,419
167,399,419
168,399,419
169,399,419
170,399,419
171,399,419
172,399,419
173,399,419
174,399,418
175,398,418
176,398,418
177,398,418
178,398,418
179,398,418
180,398,418
181,398,418
182,398,417
183,398,417
184,398,417
185,398,417
186,398,417
187,397,417
188,397,417
189,397,417
190,397,417
191,397,416
192,397,416
193,397,416
194,397,416
195,397,416
196,397,416
197,397,416
198,396,416
199,396,416
200,396,416
201,396,415
202,396,415
203,396,415
204,396,415
205,396,415
206,396,415
207,396,415
208,396,415
209,396,415
210,396,415
211,395,415
212,395,414
213,395,414
214,395,414
215,395,414
216,395,414
217,395,414
218,395,414
219,395,414
220,395,414
221,395,414
222,395,414
223,395,414
224,394,413
225,394,413
226,394,413
227,394,413
228,394,413
229,394,413
230,394,413
231,394,413
232,394,413
233,394,413
234,394,413
235,394,413
236,394,413
237,394,413
238,394,412
239,393,412
240,393,412
241,393,412
242,393,412
243,393,412
244,393,412
245,393,412
246,393,412
247,393,412
248,393,412
249,393,412
250,392,412
251,392,412
252,392,412
253,392,412
254,392,412
255,392,411
256,392,411
257,392,411
258,392,411
259,392,411
260,392,411
261,392,411
262,391,411
263,391,411
264,391,411
265,391,411
266,391,411
267,391,411
268,391,411
269,391,411
270,391,411
271,391,411
272,391,411
273,391,411
274,390,411
275,390,411
276,390,411
277,390,410
278,390,410
279,390,410
280,390,410
281,390,410
282,390,410
283,390,410
284,390,410
285,389,410
286,389,410
287,389,410
288,389,410
289,389,410
290,389,410
291,389,410
292,389,410
293,389,410
294,389,409
295,389,409
296,389,409
297,388,409
298,388,409
299,388,409
300,388,409
301,388,409
302,388,409
303,388,409
304,388,409
305,388,409
306,388,409
307,388,409
308,388,409
309,387,409
310,387,409
311,387,409
312,387,409
313,387,409
314,387,408
315,387,408
316,387,408
317,387,408
318,387,408
319,387,408
320,386,408
321,386,408
322,386,408
323,386,408
324,386,408
325,386,408
326,386,408
327,386,408
328,386,408
329,386,408
330,385,408
331,385,408
332,385,408
333,385,408
334,385,408
335,385,408
336,385,408
337,385,408
338,385,408
339,385,408
340,384,408
341,384,408
342,384,408
343,384,408
344,384,408
345,384,408
346,384,408
347,384,408
348,384,408
349,384,408
350,383,408
351,383,408
352,383,408
353,383,408
354,383,408
355,383,408
356,383,408
357,383,408
358,382,408
359,382,408
360,382,408
361,382,408
362,382,408
363,382,408
364,382,408
365,382,408
366,381,408
367,381,408
368,381,408
369,381,408
370,381,408
371,381,408
372,381,408
373,380,408
374,380,408
375,380,408
376,380,408
377,380,408
378,404,408
378,380,409
379,404,408
379,380,409
380,404,408
380,379,409
381,404,408
381,379,409
382,404,408
382,379,409
383,404,408
383,379,409
384,404,408
384,379,409
385,404,408
385,379,409
386,404,408
386,378,409
387,404,408
387,378,409
388,404,408
388,378,409
389,404,408
389,378,409
390,404,408
390,378,409
391,404,408
391,378,409
392,404,408
392,378,409
393,404,408
393,377,409
394,404,408
394,377,409
395,404,408
395,377,409
396,404,408
396,377,409
397,404,408
397,377,409
398,404,408
398,377,409
399,404,408
399,376,409
400,404,408
400,376,409
401,404,408
401,376,410
402,404,408
402,376,410
403,404,408
403,376,410
404,404,408
404,375,410
405,404,408
405,375,410
406,404,408
406,375,410
407,404,408
407,375,410
408,404,408
408,375,410
409,404,408
409,374,410
410,404,408
410,374,410
411,404,408
411,374,410
412,404,408
412,374,410
413,404,408
413,374,410
414,404,408
414,374,410
415,404,408
415,374,410
416,404,408
416,374,410
417,404,408
417,375,411
418,404,408
418,375,411
419,404,408
419,375,411
420,404,408
420,375,411
421,404,408
421,375,411
422,404,408
422,376,411
423,404,408
423,376,411
424,404,408
424,376,411
425,404,408
425,376,411
426,404,408
426,377,411
427,404,408
427,377,411
428,404,408
428,377,411
429,404,408
429,378,412
430,404,408
430,378,412
431,404,408
431,379,412
432,404,408
432,379,412
433,404,408
433,380,412
434,404,408
434,380,412
435,381,412
436,381,412
437,382,412
438,383,413
439,383,413
440,384,413
441,385,413
442,385,413
443,386,413
444,387,413
445,387,413
446,388,413
447,389,414
448,389,414
449,390,414
450,391,414
451,392,414
452,393,414
453,394,414
454,395,414
455,396,413
456,397,413
457,398,413
458,399,412
459,400,412
460,402,411
461,403,410
462,406,408
462,408,408
0,0
