0,288
112,61,62
113,57,66
114,55,68
115,54,70
116,54,73
117,54,74
118,54,76
119,54,78
120,55,79
121,55,81
122,55,82
123,56,83
124,56,84
125,56,85
126,56,86
127,57,87
128,57,87
129,58,88
130,58,88
131,59,88
132,59,88
133,59,88
134,60,88
135,60,88
136,61,88
137,61,88
138,62,88
139,62,88
140,62,88
141,63,88
142,63,88
143,63,87
144,63,87
145,64,87
146,64,87
147,64,87
148,64,87
149,64,87
150,65,87
151,65,87
152,65,87
153,65,87
154,65,87
155,65,87
156,65,87
157,66,87
158,66,87
159,66,87
160,66,87
161,66,87
162,66,87
163,66,87
164,66,87
165,66,86
166,66,86
167,66,86
168,67,86
169,67,86
170,67,86
171,67,86
172,67,86
173,67,86
174,67,86
175,67,86
176,67,86
177,67,86
178,67,86
179,67,86
180,67,86
181,67,86
182,67,86
183,67,86
184,67,86
185,67,86
186,67,86
187,67,86
188,68,86
189,68,86
190,68,86
191,68,86
192,68,86
193,68,86
194,68,86
195,68,86
196,68,86
197,68,86
198,68,86
199,68,86
200,68,86
201,68,86
202,68,86
203,68,86
204,68,86
205,68,86
206,68,86
207,68,86
208,68,86
209,68,86
210,68,86
211,68,86
212,68,86
213,68,86
214,68,86
215,68,86
216,68,86
217,68,86
218,68,86
219,68,86
220,68,86
221,68,86
222,68,86
223,68,86
224,68,85
225,68,85
226,68,85
227,68,85
228,68,85
229,68,85
230,68,85
231,68,85
232,68,85
233,68,85
234,68,85
235,68,85
236,68,85
237,68,85
238,68,85
239,68,85
240,68,85
241,67,85
242,67,85
243,67,85
244,67,85
245,67,85
246,67,85
247,67,85
248,67,85
249,67,85
250,67,85
251,67,85
252,67,85
253,67,85
254,67,85
255,67,85
256,67,85
257,67,85
258,67,85
259,67,85
260,67,85
261,67,85
262,67,85
263,67,85
264,67,85
265,67,85
266,67,85
267,67,85
268,67,85
269,66,85
270,66,85
271,66,85
272,66,85
273,66,85
274,66,85
275,66,85
276,66,85
277,66,85
278,66,85
279,66,85
280,66,85
281,66,85
282,66,85
283,66,85
284,66,85
285,66,85
286,65,85
287,65,85
288,65,85
289,65,85
290,65,85
291,65,85
292,65,85
293,65,85
294,65,85
295,65,85
296,64,85
297,64,85
298,64,85
299,64,85
300,64,85
301,64,84
302,64,84
303,64,84
304,64,84
305,64,84
306,63,84
307,63,84
308,63,84
309,63,84
310,63,84
311,63,84
312,63,84
313,63,84
314,62,84
315,62,84
316,62,84
317,62,84
318,62,84
319,62,84
320,62,84
321,61,84
322,61,84
323,61,84
324,61,84
325,61,84
326,61,84
327,60,84
328,60,84
329,60,84
330,60,84
331,60,84
332,59,84
333,59,84
334,59,84
335,59,84
336,59,84
337,58,84
338,58,84
339,58,84
340,58,84
341,58,84
342,57,84
343,57,84
344,57,84
345,57,84
346,56,83
347,56,83
348,56,83
349,56,83
350,56,83
351,55,83
352,55,83
353,55,83
354,55,83
355,54,83
356,54,83
357,54,83
358,54,83
359,54,83
360,54,83
361,54,83
362,54,83
363,54,83
364,54,83
365,54,83
366,54,83
367,54,83
368,54,82
369,54,82
370,54,82
371,54,82
372,54,82
373,54,82
374,55,82
375,55,82
376,55,82
377,55,82
378,56,82
379,56,81
380,57,81
381,57,81
382,57,81
383,58,81
384,58,81
385,59,81
386,59,81
387,60,80
388,60,80
389,61,80
390,61,79
391,62,79
392,62,79
393,63,78
394,64,77
395,65,77
396,65,76
397,66,75
398,68,73
399,71,71
0,0
1,82
63,126,127
64,125,129
65,125,129
66,124,130
67,124,131
68,124,131
69,124,132
70,124,132
71,123,133
72,123,133
73,123,133
74,123,133
75,123,133
76,122,134
77,122,134
78,122,134
79,122,134
80,122,134
81,121,134
82,121,134
83,121,134
84,121,134
85,120,134
86,120,134
87,120,133
88,120,133
89,119,133
90,119,133
91,119,133
92,118,132
93,118,132
94,118,132
95,117,132
96,117,131
97,117,131
98,117,131
99,116,130
100,116,130
101,116,130
102,115,129
103,115,129
104,114,129
105,114,128
106,114,128
107,113,128
108,113,128
109,113,127
110,112,127
111,112,126
112,111,126
113,111,126
114,111,125
115,110,125
116,110,125
117,109,124
118,109,124
119,108,124
120,108,123
121,108,123
122,107,123
123,107,122
124,106,122
125,106,122
126,105,121
127,105,121
128,104,121
129,104,121
130,103,120
131,103,120
132,102,120
133,102,120
134,101,120
135,104,120
136,106,120
137,108,120
138,110,120
139,112,120
140,114,120
141,116,120
142,118,121
143,120,122
144,122,122
0,309
99,143,145
100,137,153
101,134,157
102,134,160
103,134,164
104,135,167
105,135,169
106,136,171
107,136,174
108,137,176
109,137,177
110,138,179
111,138,180
112,139,181
113,139,182
114,140,182
115,140,182
116,141,183
117,141,183
118,141,183
119,142,182
120,142,182
121,143,182
122,143,182
123,144,181
124,145,181
125,145,180
126,145,180
127,146,179
128,146,179
129,146,179
130,147,178
131,147,178
132,147,178
133,147,178
134,147,177
135,147,177
136,148,177
137,148,177
138,148,177
139,148,176
140,148,176
141,148,176
142,148,176
143,149,176
144,149,176
145,149,176
146,149,176
147,149,175
148,149,175
149,149,175
150,149,175
151,149,175
152,149,175
153,149,175
154,149,175
155,149,175
156,150,175
157,150,175
158,150,175
159,150,175
160,150,174
161,150,174
162,150,174
163,150,174
164,150,174
165,150,174
166,150,174
167,150,174
168,150,174
169,150,174
170,150,174
171,150,174
172,150,174
173,151,174
174,151,174
175,151,174
176,151,174
177,151,174
178,151,174
179,151,174
180,151,174
181,151,174
182,151,174
183,151,174
184,151,174
185,151,174
186,151,174
187,151,174
188,151,174
189,151,174
190,151,174
191,151,174
192,151,174
193,151,174
194,151,174
195,151,174
196,151,174
197,151,174
198,151,174
199,151,174
200,151,174
201,151,174
202,151,174
203,151,174
204,151,174
205,151,174
206,151,174
207,151,174
208,151,174
209,152,174
210,152,174
211,152,174
212,152,174
213,152,174
214,152,174
215,152,174
216,152,174
217,152,174
218,152,174
219,152,174
220,152,174
221,152,174
222,152,174
223,152,174
224,152,174
225,152,174
226,152,174
227,152,174
228,152,174
229,152,174
230,152,174
231,152,174
232,152,174
233,152,174
234,152,174
235,152,174
236,152,174
237,152,174
238,152,174
239,152,175
240,152,175
241,152,175
242,152,175
243,152,175
244,152,175
245,152,175
246,152,175
247,151,175
248,151,175
249,151,175
250,151,175
251,151,175
252,151,175
253,151,175
254,151,175
255,151,175
256,151,175
257,151,175
258,151,175
259,151,175
260,151,175
261,151,175
262,151,175
263,151,175
264,151,175
265,151,175
266,151,175
267,151,175
268,151,175
269,151,175
270,151,175
271,151,175
272,151,176
273,151,176
274,151,176
275,151,176
276,151,176
277,151,176
278,151,176
279,151,176
280,151,176
281,151,176
282,151,176
283,151,176
284,151,176
285,151,176
286,151,176
287,151,176
288,151,176
289,150,176
290,150,176
291,150,176
292,150,176
293,150,176
294,150,176
295,150,176
296,150,176
297,150,177
298,150,177
299,150,177
300,150,177
301,150,177
302,150,177
303,150,177
304,150,177
305,150,177
306,150,177
307,150,177
308,150,177
309,150,177
310,150,177
311,149,177
312,149,177
313,149,177
314,149,177
315,149,178
316,149,178
317,149,178
318,149,178
319,149,178
320,149,178
321,149,178
322,149,178
323,149,178
324,149,178
325,149,178
326,149,178
327,148,178
328,148,178
329,148,179
330,148,179
331,148,179
332,148,179
333,148,179
334,148,179
335,148,179
336,148,179
337,148,179
338,148,179
339,148,179
340,148,179
341,148,179
342,147,179
343,147,179
344,147,179
345,147,179
346,147,179
347,147,179
348,147,179
349,147,179
350,147,179
351,147,179
352,147,179
353,146,179
354,146,179
355,146,179
356,146,179
357,146,179
358,146,179
359,146,179
360,145,179
361,145,179
362,144,178
363,143,178
364,142,178
365,136,178
366,134,178
367,133,178
368,133,178
369,133,177
370,133,177
371,134,177
372,134,177
373,134,177
374,135,177
375,135,176
376,136,176
377,136,176
378,137,176
379,137,175
380,138,175
381,138,175
382,139,175
383,139,174
384,140,174
385,140,173
386,141,173
387,141,173
388,142,172
389,143,172
390,143,171
391,144,171
392,144,171
393,145,170
394,146,170
395,146,169
396,147,169
397,148,168
398,148,167
399,149,167
400,150,166
401,151,166
402,152,165
403,152,164
404,153,163
405,154,162
406,156,160
407,158,158
0,0
1,87
74,209,211
75,208,212
76,208,213
77,207,214
78,207,214
79,207,215
80,206,215
81,206,216
82,206,216
83,205,216
84,205,216
85,205,216
86,204,216
87,204,216
88,203,216
89,203,216
90,203,215
91,202,215
92,202,215
93,202,215
94,201,215
95,201,215
96,201,215
97,200,215
98,200,214
99,199,214
100,199,214
101,199,214
102,198,214
103,198,214
104,198,213
105,197,213
106,197,213
107,196,213
108,196,213
109,196,212
110,195,212
111,195,212
112,195,212
113,194,212
114,194,211
115,194,211
116,193,211
117,193,211
118,193,211
119,192,210
120,192,210
121,192,210
122,192,210
123,191,210
124,191,209
125,191,209
126,191,209
127,191,209
128,190,209
129,190,209
130,190,208
131,190,208
132,190,208
133,190,208
134,190,208
135,190,207
136,189,207
137,190,207
138,190,207
139,190,207
140,190,207
141,190,206
142,190,206
143,190,206
144,190,206
145,190,206
146,190,206
147,190,205
148,191,205
149,191,205
150,191,205
151,192,205
152,192,205
153,192,204
154,193,204
155,193,204
156,194,203
157,195,203
158,196,203
159,197,202
160,198,201
0,0
1,87
72,275,277
73,275,279
74,274,279
75,274,280
76,274,281
77,273,282
78,273,282
79,273,282
80,272,282
81,272,282
82,272,282
83,271,282
84,271,282
85,271,283
86,270,283
87,270,282
88,270,282
89,269,282
90,269,282
91,269,282
92,268,282
93,268,282
94,268,282
95,267,281
96,267,281
97,267,281
98,266,281
99,266,281
100,265,281
101,265,281
102,265,280
103,264,280
104,264,280
105,264,280
106,263,280
107,263,280
108,263,279
109,262,279
110,262,279
111,262,279
112,261,279
113,261,278
114,261,278
115,261,278
116,260,278
117,260,278
118,260,278
119,260,278
120,259,277
121,259,277
122,259,277
123,259,277
124,259,277
125,258,276
126,258,276
127,258,276
128,258,276
129,258,276
130,258,276
131,258,276
132,258,275
133,258,275
134,257,275
135,257,275
136,257,275
137,258,275
138,258,275
139,258,274
140,258,274
141,258,274
142,258,274
143,258,274
144,258,274
145,258,274
146,259,273
147,259,273
148,259,273
149,260,273
150,260,273
151,260,273
152,261,272
153,262,272
154,262,272
155,263,271
156,264,271
157,265,270
158,267,269
0,0
1,84
67,371,374
68,371,375
69,370,377
70,370,378
71,369,379
72,369,380
73,369,380
74,369,381
75,369,381
76,369,382
77,368,382
78,368,382
79,368,383
80,368,383
81,368,383
82,368,383
83,367,383
84,367,383
85,367,383
86,367,383
87,367,382
88,366,382
89,366,382
90,366,382
91,366,382
92,366,382
93,365,381
94,365,381
95,365,381
96,365,381
97,365,381
98,364,381
99,364,381
100,364,380
101,364,380
102,363,380
103,363,380
104,363,380
105,363,380
106,362,380
107,362,379
108,362,379
109,362,379
110,361,379
111,361,379
112,361,379
113,361,379
114,360,379
115,360,379
116,360,379
117,360,379
118,359,378
119,359,378
120,359,378
121,359,378
122,359,378
123,359,378
124,359,378
125,359,378
126,358,378
127,359,378
128,359,378
129,359,378
130,359,377
131,359,377
132,360,377
133,360,377
134,360,377
135,360,377
136,361,377
137,361,377
138,362,377
139,362,377
140,363,377
141,363,377
142,364,377
143,364,377
144,365,377
145,366,377
146,367,376
147,367,376
148,368,376
149,369,375
150,371,374
0,0
1,157
377,69,74
376,68,75
375,66,76
374,65,76
373,64,77
372,63,77
371,62,77
370,62,77
369,61,78
368,60,78
367,60,78
366,59,78
365,58,78
364,58,79
363,57,79
362,56,79
361,56,79
360,55,79
359,55,79
358,54,80
357,54,80
356,53,80
355,53,80
354,52,80
353,52,81
352,51,81
351,51,81
350,50,81
349,50,82
348,49,82
347,49,82
346,49,82
345,48,83
344,48,83
343,47,83
342,47,84
341,47,84
340,46,84
339,46,85
338,46,85
337,46,85
336,46,86
335,45,86
334,45,86
333,45,87
332,45,87
331,46,87
330,46,88
329,46,88
328,47,89
327,48,89
326,51,89
325,56,90
324,58,90
323,59,91
322,61,91
321,62,92
320,62,92
319,63,92
318,64,93
317,65,93
316,66,94
315,66,94
314,68,75
314,67,94
313,68,95
312,69,95
311,69,96
310,70,96
309,71,96
308,71,97
307,72,97
306,73,97
305,73,98
304,74,98
303,74,99
302,75,99
301,76,99
300,76,100
299,77,100
298,78,100
297,78,101
296,79,101
295,79,101
294,80,102
293,81,102
292,81,102
291,82,103
290,82,103
289,83,103
288,83,104
287,84,104
286,85,104
285,85,105
284,86,105
283,86,105
282,87,105
281,87,106
280,88,106
279,88,106
278,89,107
277,90,107
276,90,107
275,91,108
274,91,108
273,92,108
272,92,108
271,93,109
270,93,109
269,94,109
268,94,109
267,94,110
266,95,110
265,95,110
264,96,110
263,96,111
262,97,111
261,97,111
260,98,111
259,98,112
258,99,112
257,99,112
256,100,112
255,100,113
254,101,113
253,101,113
252,102,113
251,102,114
250,102,114
249,103,114
248,103,114
247,104,115
246,104,115
245,105,115
244,105,115
243,106,115
242,106,116
241,106,116
240,107,116
239,107,116
238,108,116
237,108,116
236,109,117
235,109,117
234,109,117
233,110,117
232,110,117
231,111,117
230,111,118
229,112,118
228,112,118
227,112,118
226,113,118
225,113,118
224,114,119
223,114,118
222,116,118
0,0
1,270
177,161,163
178,160,164
179,159,165
180,159,166
181,159,167
182,159,167
183,159,168
184,158,169
185,158,170
186,158,171
187,158,171
188,158,172
189,158,173
190,158,174
191,157,174
192,157,175
193,157,176
194,157,176
195,157,177
196,157,177
197,157,178
198,157,178
199,157,179
200,157,179
201,156,179
202,156,179
203,156,180
204,156,180
205,156,179
206,156,179
207,156,179
208,156,179
209,156,179
210,156,179
211,155,179
212,155,179
213,155,179
214,155,178
215,155,178
216,155,178
217,155,178
218,155,178
219,155,177
220,155,177
221,154,177
222,154,177
223,154,177
224,154,176
225,154,176
226,154,176
227,154,176
228,154,176
229,154,175
230,154,175
231,153,175
232,153,175
233,153,175
234,153,174
235,153,174
236,153,174
237,153,174
238,153,174
239,153,174
240,153,173
241,153,173
242,152,173
243,152,173
244,152,173
245,152,172
246,152,172
247,152,172
248,152,172
249,152,172
250,152,172
251,152,171
252,152,171
253,151,171
254,151,171
255,151,171
256,151,170
257,151,170
258,151,170
259,151,170
260,151,170
261,151,170
262,151,169
263,150,169
264,150,169
265,150,169
266,150,169
267,150,169
268,150,168
269,150,168
270,150,168
271,149,168
272,149,168
273,149,168
274,149,167
275,149,167
276,149,167
277,149,167
278,149,167
279,148,167
280,148,166
281,148,166
282,148,166
283,148,166
284,148,166
285,148,166
286,147,165
287,147,165
288,147,165
289,147,165
290,147,165
291,147,165
292,146,165
293,146,164
294,146,164
295,146,164
296,146,164
297,146,164
298,146,164
299,145,163
300,145,163
301,145,163
302,145,163
303,145,163
304,144,163
305,144,162
306,144,162
307,144,162
308,144,162
309,144,162
310,143,162
311,143,162
312,143,161
313,143,161
314,143,161
315,143,161
316,142,161
317,142,161
318,142,161
319,142,160
320,142,160
321,141,160
322,141,160
323,141,160
324,141,160
325,141,160
326,140,159
327,140,159
328,140,159
329,140,159
330,140,159
331,139,159
332,139,159
333,139,158
334,139,158
335,139,158
336,138,158
337,138,158
338,138,158
339,138,158
340,138,158
341,137,157
342,137,157
343,137,157
344,137,157
345,136,157
346,136,157
347,136,157
348,136,156
349,136,156
350,135,156
351,135,156
352,135,156
353,135,156
354,135,156
355,134,156
356,134,155
357,134,155
358,134,155
359,133,155
360,133,155
361,133,155
362,133,155
363,133,154
364,132,154
365,132,154
366,132,154
367,132,154
368,132,154
369,131,154
370,131,153
371,131,153
372,131,153
373,130,153
374,130,153
375,130,153
376,130,153
377,130,153
378,129,152
379,129,152
380,129,152
381,129,152
382,128,152
383,128,152
384,128,152
385,128,152
386,127,151
387,127,151
388,127,151
389,127,151
390,127,151
391,126,151
392,126,151
393,126,151
394,126,150
395,125,150
396,125,150
397,125,150
398,125,150
399,124,150
400,124,150
401,124,150
402,124,149
403,123,149
404,123,149
405,123,149
406,123,149
407,123,149
408,122,149
409,122,149
410,122,149
411,122,148
412,122,148
413,122,148
414,122,148
415,122,148
416,122,148
417,122,148
418,122,148
419,122,148
420,122,147
421,123,147
422,123,147
423,123,147
424,123,147
425,124,147
426,124,147
427,124,147
428,125,147
429,125,146
430,126,146
431,126,146
432,127,146
433,127,146
434,128,146
435,128,146
436,128,146
437,129,146
438,129,146
439,130,146
440,130,146
441,131,145
442,132,145
443,132,144
444,133,143
445,134,142
446,135,140
0,0
0,317
94,284,290
95,282,294
96,280,296
97,279,299
98,279,301
99,279,302
100,279,304
101,279,305
102,279,307
103,280,308
104,280,309
105,281,310
106,281,312
107,282,313
108,282,314
109,283,315
110,283,315
111,283,316
112,284,317
113,284,318
114,285,318
115,285,318
116,286,319
117,286,319
118,287,319
119,287,319
120,287,319
121,288,319
122,288,319
123,289,319
124,289,319
125,289,319
126,290,318
127,290,318
128,291,318
129,291,318
130,291,318
131,291,318
132,292,318
133,292,318
134,292,318
135,292,318
136,292,318
137,293,318
138,293,318
139,293,318
140,293,318
141,293,318
142,293,318
143,293,318
144,294,318
145,294,318
146,294,318
147,294,318
148,294,318
149,294,318
150,294,318
151,294,318
152,294,318
153,294,317
154,294,317
155,294,317
156,294,317
157,294,317
158,294,317
159,294,317
160,295,317
161,295,317
162,295,317
163,295,317
164,295,317
165,295,317
166,295,317
167,295,317
168,295,317
169,294,317
170,294,317
171,294,317
172,294,317
173,294,317
174,294,317
175,294,317
176,294,317
177,294,317
178,294,317
179,294,317
180,294,317
181,294,317
182,294,317
183,294,317
184,294,317
185,294,317
186,294,317
187,294,317
188,294,317
189,294,317
190,294,317
191,294,317
192,294,317
193,294,317
194,294,317
195,294,317
196,294,317
197,294,317
198,294,317
199,294,317
200,294,317
201,294,316
202,294,316
203,294,316
204,294,316
205,294,316
206,294,316
207,294,316
208,294,316
209,294,316
210,294,316
211,294,316
212,294,316
213,294,316
214,294,316
215,294,316
216,294,316
217,294,316
218,294,316
219,294,316
220,294,316
221,294,316
222,294,316
223,294,316
224,294,316
225,294,316
226,294,316
227,294,316
228,294,316
229,294,316
230,294,316
231,294,316
232,294,316
233,294,316
234,294,316
235,294,316
236,294,316
237,294,316
238,294,316
239,294,316
240,294,316
241,294,316
242,294,316
243,294,316
244,294,316
245,293,316
246,293,316
247,293,316
248,293,315
249,293,315
250,293,315
251,293,315
252,293,315
253,293,315
254,293,315
255,293,315
256,293,315
257,293,315
258,293,315
259,293,315
260,293,315
261,293,315
262,293,315
263,293,315
264,293,315
265,293,315
266,293,315
267,293,315
268,293,315
269,293,315
270,293,315
271,293,315
272,293,315
273,293,315
274,293,315
275,293,315
276,293,315
277,293,315
278,293,315
279,293,315
280,293,315
281,293,315
282,293,315
283,293,315
284,293,315
285,293,315
286,293,315
287,293,315
288,293,315
289,293,315
290,293,315
291,293,315
292,293,315
293,293,315
294,292,315
295,292,315
296,292,315
297,292,315
298,292,315
299,292,315
300,292,315
301,292,315
302,292,315
303,292,315
304,292,315
305,292,314
306,292,314
307,292,314
308,292,314
309,292,314
310,292,314
311,292,314
312,292,314
313,292,314
314,292,314
315,292,314
316,292,314
317,292,314
318,292,314
319,292,314
320,292,314
321,292,314
322,292,314
323,292,314
324,292,314
325,292,314
326,292,314
327,292,314
328,292,314
329,292,314
330,292,314
331,292,314
332,292,314
333,292,314
334,292,314
335,292,314
336,292,314
337,292,314
338,292,314
339,292,314
340,292,314
341,292,314
342,292,314
343,292,314
344,291,314
345,291,314
346,291,314
347,291,314
348,291,314
349,291,314
350,291,314
351,291,314
352,291,314
353,291,314
354,291,314
355,291,314
356,291,314
357,291,314
358,291,314
359,291,314
360,291,314
361,291,314
362,291,314
363,291,313
364,291,313
365,291,313
366,291,313
367,291,313
368,291,313
369,291,313
370,291,313
371,291,313
372,291,313
373,291,313
374,291,313
375,291,313
376,291,313
377,291,313
378,291,313
379,291,313
380,291,313
381,291,313
382,291,313
383,291,313
384,291,313
385,291,313
386,291,313
387,291,313
388,291,313
389,290,313
390,290,313
391,290,313
392,290,313
393,290,313
394,290,313
395,290,313
396,290,313
397,290,313
398,290,313
399,290,313
400,290,313
401,290,313
402,290,313
403,290,313
404,290,313
405,290,313
406,290,313
407,290,313
408,290,313
409,290,313
410,313,313
0,0
0,106
206,217,224
207,213,229
208,211,232
209,210,236
210,209,239
211,209,242
212,209,244
213,209,245
214,209,246
215,209,247
216,210,247
217,211,247
218,211,248
219,212,248
220,213,248
221,214,248
222,215,248
223,215,248
224,216,248
225,217,248
226,217,248
227,218,249
228,219,249
229,219,249
230,220,249
231,221,249
232,221,249
233,222,249
234,223,249
235,223,249
236,224,250
237,224,250
238,225,250
239,225,250
240,226,250
241,226,250
242,227,250
243,227,250
244,227,250
245,228,251
246,228,251
247,229,251
248,229,251
249,229,251
250,230,251
251,230,251
252,230,251
253,231,252
254,231,252
255,231,252
256,232,252
257,232,252
258,232,252
259,232,252
260,233,252
261,233,253
262,233,253
263,233,253
264,234,253
265,234,253
266,234,253
267,234,253
268,234,253
269,235,254
270,235,254
271,235,254
272,235,254
273,236,254
274,236,254
275,236,254
276,236,254
277,236,255
278,237,255
279,237,255
280,237,255
281,237,255
282,237,255
283,238,255
284,238,256
285,238,256
286,238,256
287,238,256
288,238,256
289,239,256
290,239,256
291,239,256
292,239,257
293,239,257
294,239,257
295,240,257
296,240,257
297,240,257
298,241,257
299,241,257
300,242,257
301,242,257
302,243,257
303,243,257
304,244,257
305,245,257
306,245,257
307,246,256
308,247,256
309,248,256
310,250,255
311,252,254
0,0
1,140
181,253,259
182,252,260
183,251,262
184,251,263
185,250,263
186,250,264
187,249,265
188,250,266
189,250,267
190,250,267
191,250,268
192,250,264
192,250,269
193,250,264
193,250,269
194,250,264
194,250,270
195,250,264
195,250,271
196,250,264
196,250,271
197,250,264
197,250,272
198,250,264
198,250,273
199,250,264
199,250,273
200,250,264
200,250,274
201,250,264
201,249,274
202,250,264
202,249,275
203,250,264
203,249,275
204,250,264
204,249,276
205,250,264
205,249,276
206,250,264
206,249,276
207,250,264
207,249,276
208,250,264
208,249,277
209,250,264
209,248,277
210,250,264
210,248,277
211,250,264
211,248,277
212,250,264
212,248,276
213,250,264
213,248,276
214,250,264
214,248,276
215,250,264
215,247,275
216,250,264
216,247,274
217,250,264
217,247,274
218,250,264
218,247,273
219,250,264
219,247,272
220,250,264
220,247,272
221,250,264
221,246,271
222,250,264
222,246,270
223,250,264
223,246,270
224,250,264
224,246,269
225,250,264
225,246,269
226,250,264
226,245,268
227,245,267
228,245,267
229,245,266
230,245,266
231,244,265
232,244,265
233,244,264
234,244,264
235,244,263
236,243,263
237,243,262
238,243,262
239,243,261
240,243,261
241,242,261
242,242,260
243,242,260
244,242,259
245,242,259
246,241,258
247,241,258
248,241,257
249,241,257
250,241,257
251,240,256
252,240,256
253,240,255
254,240,255
255,239,254
256,239,254
257,239,253
258,239,253
259,239,253
260,238,252
261,238,252
262,238,251
263,238,251
264,237,250
265,237,250
266,237,249
267,237,249
268,237,248
269,236,248
270,236,247
271,236,247
272,236,246
273,235,246
274,235,245
275,235,245
276,235,244
277,235,244
278,234,243
279,234,242
280,234,242
281,234,241
282,234,240
283,234,240
284,235,239
285,236,237
0,0
1,132
328,233,233
329,231,235
330,231,236
331,231,237
332,231,238
333,231,239
334,230,240
335,230,241
336,230,241
337,230,242
338,230,242
339,230,243
340,230,243
341,229,244
342,229,244
343,229,245
344,229,245
345,229,245
346,229,245
347,229,245
348,229,245
349,228,246
350,228,246
351,228,246
352,228,246
353,228,246
354,228,246
355,228,246
356,228,245
357,227,245
358,227,245
359,227,245
360,227,245
361,227,245
362,227,244
363,227,244
364,227,244
365,226,244
366,226,244
367,226,244
368,226,243
369,226,243
370,226,243
371,226,243
372,225,243
373,225,243
374,225,243
375,225,242
376,225,242
377,225,242
378,225,242
379,225,242
380,224,242
381,224,242
382,224,242
383,224,242
384,224,242
385,224,241
386,224,241
387,223,241
388,223,241
389,223,241
390,223,241
391,223,241
392,223,241
393,223,241
394,222,241
395,222,241
396,222,241
397,222,241
398,222,241
399,222,241
400,221,241
401,221,241
402,221,241
403,221,241
404,221,241
405,221,241
406,220,241
407,220,241
408,220,241
409,220,241
410,220,241
411,220,241
412,219,241
413,219,241
414,219,241
415,219,241
416,219,241
417,218,241
418,218,241
419,218,241
420,218,241
421,218,241
422,218,241
423,217,241
424,217,241
425,217,241
426,217,241
427,217,241
428,217,241
429,218,241
430,218,241
431,218,241
432,218,241
433,218,241
434,219,242
435,219,242
436,219,242
437,220,242
438,220,242
439,221,242
440,221,242
441,222,242
442,222,242
443,223,242
444,223,242
445,224,242
446,224,242
447,225,242
448,226,243
449,226,242
450,227,242
451,228,242
452,229,242
453,230,242
454,231,242
455,232,242
456,232,241
457,234,241
458,235,240
458,240,240
0,0
0,124
169,373,378
170,370,382
171,369,385
172,367,387
173,367,389
174,366,391
175,366,393
176,366,394
177,367,396
178,367,397
179,368,399
180,368,400
181,369,401
182,369,402
183,369,403
184,369,404
185,370,405
186,370,406
187,370,406
188,370,406
189,370,406
190,370,406
191,370,406
192,370,406
193,370,405
194,371,405
195,371,404
196,371,403
197,371,402
198,371,402
199,371,401
200,370,401
201,370,400
202,370,400
203,370,399
204,370,399
205,370,398
206,370,398
207,370,397
208,370,397
209,370,397
210,370,396
211,369,396
212,369,395
213,369,395
214,369,394
215,369,394
216,369,394
217,369,393
218,368,393
219,368,392
220,368,392
221,368,392
222,368,391
223,367,391
224,367,390
225,367,390
226,367,390
227,367,389
228,366,389
229,366,389
230,366,388
231,366,388
232,365,388
233,365,387
234,365,387
235,365,387
236,365,386
237,364,386
238,364,386
239,364,385
240,364,385
241,363,384
242,363,384
243,363,384
244,362,383
245,362,383
246,362,383
247,362,382
248,362,382
249,361,381
250,361,381
251,361,381
252,360,380
253,360,380
254,360,379
255,360,379
256,359,379
257,359,378
258,359,378
259,358,377
260,358,377
261,358,377
262,358,376
263,357,376
264,357,375
265,357,375
266,356,374
267,356,374
268,356,374
269,356,373
270,355,373
271,355,372
272,355,372
273,355,371
274,354,371
275,354,370
276,354,370
277,354,369
278,353,369
279,353,368
280,353,368
281,353,367
282,353,366
283,353,366
284,353,365
285,353,364
286,353,363
287,353,363
288,353,362
289,353,361
290,353,359
291,354,358
292,355,355
0,0
1,188
209,335,338
210,335,339
211,334,340
212,334,341
213,334,341
214,334,342
215,334,343
216,333,344
217,333,344
218,333,345
219,333,346
220,333,347
221,333,347
222,333,348
223,332,349
224,332,349
225,332,350
226,332,351
227,332,351
228,332,351
229,332,352
230,332,352
231,332,352
232,331,352
233,331,353
234,331,352
235,331,352
236,331,352
237,331,352
238,331,352
239,331,352
240,331,352
241,330,352
242,330,351
243,330,351
244,330,351
245,330,351
246,330,351
247,330,350
248,330,350
249,330,350
250,330,350
251,329,350
252,329,349
253,329,349
254,329,349
255,329,349
256,329,349
257,329,348
258,329,348
259,329,348
260,329,348
261,328,348
262,328,347
263,328,347
264,328,347
265,328,347
266,328,347
267,328,347
268,328,346
269,328,346
270,327,346
271,327,346
272,327,346
273,327,345
274,327,345
275,327,345
276,326,345
277,326,345
278,326,345
279,326,344
280,326,344
281,326,344
282,326,344
283,326,344
284,325,344
285,325,343
286,325,343
287,325,343
288,325,343
289,325,343
290,324,343
291,324,342
292,324,342
293,324,342
294,324,342
295,323,342
296,323,342
297,323,341
298,323,341
299,323,341
300,323,341
301,322,341
302,322,341
303,322,341
304,322,340
305,322,340
306,321,340
307,321,340
308,321,340
309,321,340
310,321,339
311,320,339
312,320,339
313,320,339
314,320,339
315,319,339
316,319,339
317,319,338
318,319,338
319,319,338
320,318,338
321,318,338
322,318,338
323,318,338
324,317,337
325,317,337
326,317,337
327,317,337
328,317,337
329,316,337
330,316,337
331,316,337
332,316,336
333,315,336
334,315,336
335,315,336
336,315,336
337,315,336
338,314,336
339,314,335
340,314,335
341,314,335
342,313,335
343,313,335
344,313,335
345,313,335
346,312,335
347,312,334
348,312,334
349,312,334
350,311,334
351,311,334
352,311,334
353,311,334
354,311,333
355,310,333
356,310,333
357,310,333
358,309,333
359,309,333
360,309,333
361,309,333
362,309,332
363,309,332
364,309,332
365,309,332
366,308,332
367,308,332
368,308,332
369,308,332
370,309,331
371,309,331
372,309,331
373,309,331
374,309,331
375,309,331
376,310,331
377,310,331
378,310,331
379,311,330
380,311,330
381,312,330
382,312,330
383,312,330
384,313,330
385,313,330
386,314,330
387,314,330
388,315,330
389,315,330
390,316,330
391,316,329
392,317,329
393,317,328
394,318,327
395,319,326
396,321,323
0,0
1,287
186,410,413
187,409,414
188,409,415
189,409,417
190,409,418
191,409,419
192,408,419
193,408,420
194,408,421
195,408,422
196,408,422
197,408,423
198,408,424
199,408,424
200,408,425
201,408,425
202,407,425
203,407,426
204,407,426
205,407,426
206,407,427
207,407,427
208,407,427
209,407,427
210,407,427
211,407,428
212,406,428
213,406,428
214,406,428
215,406,428
216,406,428
217,406,428
218,406,428
219,406,428
220,406,428
221,406,427
222,406,427
223,406,427
224,405,427
225,405,427
226,405,426
227,405,426
228,405,426
229,405,426
230,405,425
231,405,425
232,405,425
233,405,425
234,404,425
235,404,424
236,404,424
237,404,424
238,404,424
239,404,424
240,404,423
241,404,423
242,404,423
243,404,423
244,404,423
245,403,423
246,403,422
247,403,422
248,403,422
249,403,422
250,403,422
251,403,421
252,403,421
253,403,421
254,403,421
255,402,421
256,402,421
257,402,421
258,402,420
259,402,420
260,402,420
261,402,420
262,402,420
263,402,420
264,402,420
265,401,419
266,401,419
267,401,419
268,401,419
269,401,419
270,401,419
271,401,419
272,401,418
273,401,418
274,401,418
275,400,418
276,400,418
277,400,418
278,400,418
279,400,418
280,400,418
281,400,417
282,400,417
283,400,417
284,400,417
285,399,417
286,399,417
287,399,417
288,399,417
289,399,417
290,399,417
291,399,416
292,399,416
293,399,416
294,398,416
295,398,416
296,398,416
297,398,416
298,398,416
299,398,416
300,398,416
301,398,416
302,398,415
303,398,415
304,397,415
305,397,415
306,397,415
307,397,415
308,397,415
309,397,415
310,397,415
311,397,415
312,397,415
313,396,415
314,396,415
315,396,415
316,396,414
317,396,414
318,396,414
319,396,414
320,396,414
321,396,414
322,395,414
323,395,414
324,395,414
325,395,414
326,395,414
327,395,414
328,395,414
329,395,414
330,395,414
331,394,414
332,394,414
333,394,414
334,394,414
335,394,414
336,394,414
337,394,414
338,394,414
339,393,414
340,393,414
341,393,414
342,393,414
343,393,414
344,393,414
345,393,414
346,393,414
347,392,414
348,392,414
349,392,414
350,392,414
351,392,414
352,392,414
353,392,414
354,392,414
355,391,414
356,391,414
357,391,414
358,391,414
359,391,414
360,391,414
361,391,414
362,390,414
363,390,414
364,390,414
365,390,414
366,390,414
367,390,414
368,390,414
369,389,414
370,389,414
371,389,414
372,389,414
373,389,414
374,389,414
375,389,414
376,388,414
377,388,414
378,388,414
379,388,414
380,388,414
381,388,414
382,387,414
383,387,414
384,407,414
384,387,415
385,407,414
385,387,415
386,407,414
386,387,415
387,407,414
387,387,415
388,407,414
388,386,415
389,407,414
389,386,415
390,407,414
390,386,415
391,407,414
391,386,415
392,407,414
392,386,415
393,407,414
393,386,415
394,407,414
394,385,415
395,407,414
395,385,415
396,407,414
396,385,415
397,407,414
397,385,415
398,407,414
398,385,415
399,407,414
399,385,415
400,407,414
400,385,415
401,407,414
401,385,415
402,407,414
402,385,415
403,407,414
403,385,415
404,407,414
404,385,415
405,407,414
405,385,416
406,407,414
406,385,416
407,407,414
407,386,416
408,407,414
408,386,416
409,407,414
409,386,416
410,407,414
410,386,416
411,407,414
411,387,416
412,407,414
412,387,416
413,407,414
413,387,416
414,388,416
415,388,416
416,389,416
417,389,416
418,389,416
419,390,416
420,390,416
421,391,416
422,392,416
423,392,416
424,393,416
425,393,416
426,394,417
427,395,417
428,396,417
429,396,417
430,397,416
431,398,416
432,399,416
433,400,416
434,400,416
435,401,416
436,402,416
437,403,416
438,404,415
439,405,414
440,407,414
441,408,412
441,408,408
0,0
