1,152
69,121,123
70,120,124
71,120,125
72,119,125
73,119,126
74,118,126
75,118,127
76,118,127
77,117,128
78,117,128
79,117,129
80,117,129
81,116,130
82,116,130
83,116,130
84,116,131
85,116,131
86,116,131
87,116,131
88,115,132
89,115,132
90,115,132
91,115,132
92,115,132
93,115,133
94,114,133
95,114,133
96,114,133
97,114,133
98,114,133
99,113,133
100,113,133
101,113,134
102,113,134
103,113,134
104,112,134
105,112,134
106,112,133
107,112,133
108,112,133
109,111,133
110,111,133
111,111,133
112,111,133
113,110,133
114,110,133
115,110,132
116,110,132
117,110,132
118,109,132
119,109,132
120,109,131
121,109,131
122,108,131
123,108,130
124,108,130
125,107,130
126,107,130
127,107,129
128,107,129
129,106,129
130,106,129
131,106,128
132,105,128
133,105,128
134,105,127
135,105,127
136,104,127
137,104,127
138,104,126
139,103,126
140,103,126
141,103,126
142,102,125
143,102,125
144,102,125
145,101,125
146,101,124
147,101,124
148,100,124
149,100,124
150,100,123
151,99,123
152,99,123
153,99,123
154,98,122
155,98,122
156,98,122
157,97,122
158,97,121
159,97,121
160,96,121
161,96,120
162,95,120
163,95,120
164,95,120
165,94,119
166,94,119
167,93,119
168,93,119
169,93,118
170,92,118
171,92,118
172,91,118
173,91,117
174,91,117
175,90,117
176,90,116
177,90,116
178,89,116
179,89,116
180,89,115
181,88,115
182,88,115
183,88,115
184,88,114
185,88,114
186,88,114
187,87,114
188,87,113
189,87,113
190,87,113
191,87,112
192,87,112
193,87,112
194,87,112
195,87,111
196,87,111
197,88,111
198,88,111
199,88,110
200,88,110
201,88,110
202,88,109
203,88,109
204,89,109
205,89,108
206,89,108
207,89,108
208,90,108
209,90,107
210,90,107
211,91,106
212,91,106
213,91,106
214,92,105
215,92,105
216,93,105
217,94,104
218,95,103
219,96,102
220,98,100
0,0
0,191
123,129,129
124,123,136
125,121,140
126,121,143
127,121,146
128,121,148
129,121,150
130,121,152
131,121,153
132,121,154
133,122,155
134,122,156
135,122,158
136,122,158
137,122,159
138,122,160
139,122,161
140,122,161
141,122,161
142,122,162
143,122,162
144,122,162
145,122,162
146,121,161
147,121,161
148,121,160
149,121,159
150,121,158
151,121,158
152,121,157
153,120,156
154,120,156
155,120,155
156,120,155
157,120,154
158,120,154
159,119,153
160,119,152
161,119,152
162,119,151
163,118,151
164,118,150
165,118,150
166,118,149
167,117,149
168,117,148
169,117,148
170,116,147
171,116,147
172,116,146
173,115,146
174,115,145
175,115,145
176,114,144
177,114,144
178,114,143
179,113,143
180,113,142
181,113,142
182,112,141
183,112,140
184,111,140
185,111,139
186,111,139
187,110,138
188,110,138
189,109,137
190,109,137
191,108,136
192,108,136
193,108,135
194,107,135
195,107,134
196,106,134
197,106,133
198,105,132
199,105,132
200,104,131
201,104,131
202,103,130
203,103,129
204,102,129
205,102,128
206,101,128
207,101,127
208,100,127
209,100,126
210,99,125
211,99,125
212,98,124
213,98,123
214,97,123
215,97,122
216,96,122
217,95,121
218,95,120
219,94,120
220,94,119
221,93,118
222,93,118
223,92,117
224,91,117
225,91,116
226,90,115
227,89,115
228,89,114
229,88,113
230,88,113
231,87,112
232,86,111
233,86,110
234,85,110
235,84,109
236,84,109
237,83,108
238,82,107
239,82,106
240,81,106
241,80,105
242,80,104
243,79,103
244,78,103
245,77,102
246,77,101
247,76,100
248,75,100
249,74,99
250,74,98
251,73,97
252,72,97
253,71,96
254,70,95
255,70,94
256,69,93
257,68,93
258,67,92
259,66,91
260,65,90
261,65,89
262,64,88
263,63,87
264,62,86
265,61,86
266,60,85
267,59,84
268,59,83
269,58,82
270,57,81
271,56,80
272,55,79
273,54,78
274,53,77
275,53,76
276,52,75
277,51,74
278,50,73
279,49,72
280,48,70
281,47,69
282,46,68
283,45,67
284,44,66
285,44,65
286,43,63
287,42,62
288,41,61
289,40,60
290,39,59
291,38,57
292,37,56
293,36,55
294,35,54
295,35,52
296,34,51
297,33,50
298,32,48
299,31,47
300,30,45
301,29,44
302,28,42
303,27,41
304,26,39
305,25,38
306,24,36
307,24,35
308,23,33
309,22,31
310,21,29
311,20,27
312,21,25
313,23,23
0,0
0,110
235,90,90
236,87,94
237,85,99
238,85,103
239,85,106
240,85,108
241,85,110
242,85,112
243,86,113
244,86,114
245,86,115
246,87,115
247,87,116
248,88,116
249,88,116
250,88,116
251,89,116
252,89,116
253,89,116
254,90,116
255,90,116
256,90,116
257,91,116
258,91,116
259,91,116
260,92,116
261,92,116
262,92,116
263,93,116
264,93,116
265,93,116
266,94,117
267,94,117
268,94,117
269,94,117
270,95,117
271,95,117
272,95,117
273,95,117
274,95,117
275,96,117
276,96,117
277,96,117
278,96,117
279,97,118
280,97,118
281,97,118
282,97,118
283,97,118
284,97,118
285,98,118
286,98,118
287,98,118
288,98,118
289,98,118
290,98,119
291,99,119
292,99,119
293,99,119
294,99,119
295,99,119
296,99,119
297,99,119
298,99,119
299,99,119
300,100,120
301,100,120
302,100,120
303,100,120
304,100,120
305,100,120
306,100,120
307,100,120
308,100,120
309,100,120
310,101,120
311,101,120
312,101,120
313,101,121
314,101,121
315,101,121
316,101,121
317,102,121
318,102,121
319,102,121
320,102,121
321,102,121
322,103,121
323,103,121
324,103,121
325,103,121
326,103,121
327,104,121
328,104,121
329,104,121
330,105,121
331,105,121
332,105,120
333,106,120
334,106,120
335,107,120
336,107,120
337,108,120
338,108,120
339,109,119
340,110,119
341,111,119
342,111,118
343,112,118
344,114,117
0,0
1,76
91,238,239
92,238,241
93,237,242
94,237,242
95,237,243
96,237,244
97,237,244
98,236,245
99,236,245
100,236,246
101,236,246
102,236,246
103,235,246
104,235,246
105,235,247
106,235,247
107,235,247
108,234,247
109,234,247
110,234,247
111,234,247
112,233,246
113,233,246
114,233,246
115,233,246
116,232,246
117,232,246
118,232,245
119,232,245
120,231,245
121,231,245
122,231,244
123,231,244
124,230,244
125,230,243
126,230,243
127,229,243
128,229,243
129,229,242
130,229,242
131,228,242
132,228,241
133,228,241
134,227,241
135,227,241
136,227,240
137,226,240
138,226,240
139,225,240
140,225,239
141,225,239
142,224,239
143,224,238
144,223,238
145,223,238
146,222,238
147,222,237
148,221,237
149,221,237
150,220,237
151,220,237
152,219,236
153,219,236
154,218,236
155,218,235
156,217,235
157,216,235
158,216,235
159,215,235
160,214,235
161,214,235
162,213,235
163,219,236
164,225,236
165,231,237
166,237,238
0,97
211,167,173
212,164,177
213,162,179
214,162,181
215,162,183
216,162,184
217,162,186
218,162,188
219,163,190
220,163,192
221,163,193
222,163,195
223,163,197
224,163,199
225,164,200
226,164,202
227,164,203
228,164,204
229,164,205
230,164,206
231,165,206
232,165,206
233,165,206
234,165,206
235,165,206
236,165,205
237,166,205
238,166,204
239,167,204
240,167,203
241,167,203
242,167,202
243,168,201
244,168,200
245,168,199
246,168,199
247,168,198
248,168,197
249,167,197
250,167,196
251,167,196
252,167,195
253,167,195
254,167,194
255,167,194
256,167,193
257,166,193
258,166,192
259,166,192
260,166,192
261,166,191
262,166,191
263,165,190
264,165,190
265,165,190
266,165,190
267,165,189
268,164,189
269,164,189
270,164,188
271,164,188
272,163,188
273,163,187
274,163,187
275,163,187
276,163,187
277,162,186
278,162,186
279,162,186
280,162,185
281,162,185
282,162,185
283,161,185
284,161,184
285,161,184
286,161,184
287,160,184
288,160,184
289,160,183
290,160,183
291,160,183
292,159,183
293,159,182
294,159,182
295,159,182
296,159,182
297,158,182
298,158,182
299,158,181
300,158,181
301,158,181
302,157,181
303,157,181
304,157,180
305,157,180
306,157,180
307,156,180
0,0
1,92
104,312,315
105,311,316
106,310,317
107,310,318
108,310,319
109,309,320
110,309,321
111,309,321
112,309,322
113,308,322
114,308,323
115,308,323
116,308,323
117,308,323
118,307,324
119,307,323
120,307,323
121,307,323
122,306,323
123,306,323
124,306,323
125,306,323
126,305,323
127,305,322
128,305,322
129,304,322
130,304,322
131,304,321
132,304,321
133,303,321
134,303,321
135,303,320
136,302,320
137,302,320
138,302,320
139,301,320
140,301,319
141,301,319
142,300,319
143,300,319
144,300,318
145,300,318
146,299,318
147,299,318
148,299,318
149,298,318
150,298,317
151,298,317
152,297,317
153,297,317
154,297,317
155,296,317
156,296,316
157,296,316
158,295,316
159,295,316
160,295,316
161,295,316
162,294,315
163,294,315
164,294,315
165,294,315
166,294,315
167,294,315
168,294,314
169,294,314
170,293,314
171,294,314
172,294,314
173,294,314
174,295,314
175,295,313
176,295,313
177,295,313
178,295,313
179,296,313
180,296,313
181,297,313
182,297,312
183,297,312
184,298,312
185,298,312
186,299,312
187,300,312
188,300,312
189,301,312
190,302,311
191,302,311
192,303,310
193,304,310
194,306,309
194,306,306
0,0
0,55
40,290,295
41,288,300
42,288,303
43,287,306
44,287,309
45,287,312
46,287,314
47,288,317
48,288,319
49,288,321
50,288,324
51,289,326
52,290,328
53,290,330
54,291,331
55,292,333
56,293,334
57,294,335
58,295,337
59,295,338
60,296,338
61,297,339
62,298,340
63,300,341
64,301,341
65,302,341
66,303,342
67,303,342
68,304,342
69,305,343
70,306,343
71,307,343
72,308,343
73,309,343
74,310,343
75,311,343
76,312,344
77,313,344
78,313,344
79,314,344
80,315,344
81,316,344
82,317,344
83,318,344
84,319,344
85,320,343
86,320,343
87,321,343
88,322,342
89,323,342
90,325,341
91,326,340
92,328,339
93,330,336
94,334,334
0,0
1,169
238,112,114
239,111,115
240,110,116
241,110,116
242,110,117
243,109,118
244,109,118
245,109,119
246,109,119
247,108,120
248,108,120
249,108,121
250,108,121
251,108,121
252,108,122
253,108,122
254,108,122
255,107,123
256,107,123
257,107,123
258,107,124
259,107,124
260,107,124
261,107,124
262,107,125
263,107,125
264,107,125
265,106,125
266,106,125
267,106,125
268,106,125
269,106,126
270,106,126
271,106,126
272,105,126
273,105,126
274,105,126
275,105,126
276,105,126
277,105,125
278,105,125
279,104,125
280,104,125
281,104,125
282,104,125
283,104,125
284,104,125
285,103,124
286,103,124
287,103,124
288,103,124
289,103,123
290,102,123
291,102,123
292,102,123
293,102,123
294,102,122
295,102,122
296,101,122
297,101,122
298,101,122
299,101,121
300,101,121
301,100,121
302,100,121
303,100,121
304,100,120
305,99,120
306,99,120
307,99,120
308,99,119
309,99,119
310,98,119
311,98,119
312,98,119
313,98,118
314,97,118
315,97,118
316,97,118
317,97,118
318,96,117
319,96,117
320,96,117
321,96,117
322,95,117
323,95,116
324,95,116
325,94,116
326,94,116
327,94,116
328,94,115
329,93,115
330,93,115
331,93,115
332,93,114
333,92,114
334,92,114
335,92,114
336,92,114
337,91,113
338,91,113
339,91,113
340,90,113
341,90,113
342,90,112
343,89,112
344,89,112
345,89,112
346,88,111
347,88,111
348,88,111
349,87,111
350,87,111
351,87,110
352,87,110
353,86,110
354,86,110
355,86,110
356,85,109
357,85,109
358,85,109
359,84,109
360,84,109
361,83,108
362,83,108
363,83,108
364,82,108
365,82,107
366,82,107
367,82,107
368,81,107
369,81,107
370,81,106
371,81,106
372,81,106
373,80,106
374,80,105
375,80,105
376,80,105
377,80,105
378,80,105
379,80,104
380,80,104
381,79,104
382,80,104
383,80,103
384,80,103
385,80,103
386,81,103
387,81,102
388,81,102
389,81,102
390,82,102
391,82,101
392,82,101
393,82,101
394,83,101
395,83,100
396,83,100
397,84,100
398,84,99
399,84,99
400,85,99
401,85,99
402,86,98
403,86,98
404,87,97
405,88,96
406,90,95
0,0
0,99
144,266,266
145,262,269
146,260,272
147,259,274
148,259,276
149,259,278
150,259,280
151,259,282
152,259,283
153,259,284
154,259,286
155,260,287
156,260,288
157,260,289
158,260,290
159,260,291
160,260,291
161,260,292
162,260,292
163,260,292
164,260,292
165,260,291
166,260,291
167,260,290
168,259,289
169,259,289
170,259,288
171,259,287
172,258,286
173,258,286
174,258,285
175,258,284
176,257,284
177,257,283
178,257,282
179,256,282
180,256,281
181,256,280
182,255,280
183,255,279
184,255,279
185,254,278
186,254,277
187,253,277
188,253,276
189,252,275
190,252,275
191,251,274
192,251,274
193,250,273
194,250,272
195,249,272
196,249,271
197,248,271
198,248,270
199,247,269
200,246,269
201,246,268
202,245,267
203,245,267
204,244,266
205,243,265
206,243,265
207,242,264
208,242,263
209,241,262
210,240,261
211,240,261
212,239,260
213,238,259
214,237,258
215,236,257
216,236,256
217,235,255
218,234,254
219,233,253
220,232,252
221,232,251
222,231,250
223,230,249
224,229,248
225,228,247
226,227,246
227,226,244
228,225,243
229,224,242
230,223,240
231,223,239
232,222,237
233,221,236
234,220,235
235,219,233
236,218,232
237,218,230
238,217,228
239,217,227
240,216,225
241,216,222
242,217,218
0,0
0,36
197,263,263
198,260,266
199,259,271
200,259,275
201,259,278
202,259,281
203,259,284
204,259,286
205,260,288
206,260,290
207,261,292
208,262,294
209,263,295
210,264,296
211,265,297
212,266,298
213,267,299
214,268,299
215,269,300
216,270,300
217,271,301
218,272,301
219,274,301
220,275,302
221,276,302
222,277,302
223,278,302
224,279,302
225,280,302
226,281,302
227,283,302
228,284,301
229,285,301
230,287,300
231,289,300
232,293,298
0,0
0,106
120,370,375
121,367,379
122,366,381
123,366,383
124,365,385
125,365,387
126,365,388
127,365,390
128,366,391
129,366,393
130,366,394
131,366,395
132,366,397
133,366,398
134,366,399
135,366,400
136,366,401
137,366,401
138,366,402
139,366,402
140,366,402
141,366,402
142,366,402
143,366,402
144,366,402
145,366,401
146,365,400
147,365,399
148,365,399
149,365,398
150,364,397
151,364,396
152,364,396
153,364,395
154,363,394
155,363,393
156,363,393
157,362,392
158,362,391
159,361,391
160,361,390
161,361,389
162,360,389
163,360,388
164,359,387
165,359,387
166,358,386
167,358,385
168,357,384
169,357,384
170,356,383
171,356,382
172,355,382
173,355,381
174,354,381
175,354,380
176,353,379
177,353,379
178,352,378
179,351,377
180,351,377
181,350,376
182,349,375
183,349,374
184,348,374
185,348,373
186,347,372
187,346,371
188,346,371
189,345,370
190,344,369
191,343,368
192,343,367
193,342,366
194,341,366
195,340,365
196,340,364
197,339,363
198,338,362
199,337,361
200,336,360
201,335,359
202,334,357
203,334,356
204,333,355
205,332,354
206,331,353
207,330,352
208,329,350
209,328,349
210,327,348
211,326,346
212,325,345
213,324,343
214,323,342
215,322,340
216,322,339
217,321,337
218,320,335
219,319,334
220,319,332
221,318,330
222,318,328
223,318,326
224,318,322
225,319,319
0,0
0,47
188,366,367
189,363,374
190,362,378
191,362,381
192,362,385
193,362,388
194,363,391
195,363,394
196,363,397
197,364,399
198,365,402
199,366,404
200,367,406
201,368,408
202,369,410
203,371,411
204,372,412
205,373,413
206,375,414
207,376,415
208,377,416
209,379,417
210,380,417
211,381,418
212,383,418
213,384,419
214,385,419
215,386,419
216,388,420
217,389,420
218,390,420
219,392,421
220,393,421
221,394,421
222,395,421
223,397,421
224,398,421
225,399,421
226,400,421
227,402,421
228,403,421
229,404,421
230,405,420
231,407,420
232,408,419
233,410,416
234,415,415
0,0
1,277
205,286,287
206,284,289
207,284,290
208,284,291
209,284,292
210,283,293
211,283,294
212,283,295
213,283,295
214,283,296
215,283,297
216,283,297
217,282,298
218,282,298
219,282,299
220,282,299
221,282,300
222,282,300
223,282,300
224,282,301
225,282,301
226,281,301
227,281,301
228,281,301
229,281,302
230,281,302
231,281,302
232,281,302
233,281,303
234,281,302
235,280,302
236,280,302
237,280,302
238,280,302
239,280,302
240,280,302
241,280,302
242,280,301
243,280,301
244,279,301
245,279,301
246,279,300
247,279,300
248,279,300
249,279,300
250,279,299
251,279,299
252,278,299
253,278,299
254,278,298
255,278,298
256,278,298
257,278,298
258,278,297
259,278,297
260,278,297
261,277,297
262,277,297
263,277,296
264,277,296
265,277,296
266,277,296
267,277,296
268,277,295
269,276,295
270,276,295
271,276,295
272,276,295
273,276,294
274,276,294
275,276,294
276,276,294
277,276,294
278,275,293
279,275,293
280,275,293
281,275,293
282,275,293
283,275,293
284,275,292
285,275,292
286,274,292
287,274,292
288,274,292
289,274,292
290,274,291
291,274,291
292,274,291
293,274,291
294,273,291
295,273,291
296,273,290
297,273,290
298,273,290
299,273,290
300,273,290
301,273,290
302,272,290
303,272,289
304,272,289
305,272,289
306,272,289
307,272,289
308,272,289
309,272,289
310,271,289
311,271,288
312,271,288
313,271,288
314,271,288
315,271,288
316,271,288
317,271,288
318,271,288
319,270,287
320,270,287
321,270,287
322,270,287
323,270,287
324,270,287
325,270,287
326,269,287
327,269,287
328,269,286
329,269,286
330,269,286
331,269,286
332,269,286
333,269,286
334,269,286
335,268,286
336,268,286
337,268,286
338,268,285
339,268,285
340,268,285
341,268,285
342,267,285
343,267,285
344,267,285
345,267,285
346,267,285
347,267,285
348,267,285
349,266,285
350,266,284
351,266,284
352,266,284
353,266,284
354,266,284
355,266,284
356,265,284
357,265,284
358,265,284
359,265,284
360,265,284
361,265,284
362,265,284
363,264,284
364,264,284
365,264,284
366,264,284
367,264,284
368,264,283
369,264,283
370,263,283
371,263,283
372,263,283
373,263,283
374,263,283
375,263,283
376,263,283
377,262,283
378,262,283
379,262,283
380,262,283
381,262,283
382,262,283
383,262,283
384,261,283
385,261,283
386,261,283
387,261,283
388,261,283
389,261,283
390,260,283
391,260,283
392,260,283
393,260,283
394,260,283
395,260,283
396,259,283
397,259,283
398,259,283
399,259,283
400,259,283
401,258,283
402,258,283
403,258,283
404,258,283
405,258,283
406,258,283
407,258,283
408,257,283
409,257,283
410,257,283
411,257,283
412,257,283
413,256,283
414,256,283
415,256,283
416,256,283
417,256,283
418,255,283
419,255,283
420,255,283
421,255,283
422,255,283
423,254,283
424,254,283
425,254,283
426,254,283
427,254,283
428,254,283
429,253,283
430,253,283
431,253,283
432,253,283
433,281,283
433,253,284
434,281,283
434,253,284
435,281,283
435,253,284
436,281,283
436,253,284
437,281,283
437,253,284
438,281,283
438,253,284
439,254,284
440,254,284
441,254,284
442,254,284
443,254,284
444,255,284
445,255,284
446,255,284
447,256,284
448,256,284
449,256,284
450,257,284
451,257,284
452,258,284
453,258,284
454,259,284
455,259,284
456,260,284
457,260,284
458,261,284
459,262,284
460,262,284
461,263,284
462,264,285
463,264,284
464,265,284
465,266,284
466,267,284
467,267,283
468,268,283
469,269,283
470,270,283
471,271,283
472,272,282
473,273,281
474,275,280
475,277,278
0,0
0,247
234,313,314
235,308,317
236,306,320
237,304,322
238,303,324
239,302,326
240,301,328
241,301,330
242,301,331
243,301,333
244,301,334
245,302,336
246,302,337
247,303,338
248,303,339
249,304,340
250,304,341
251,305,341
252,305,342
253,306,342
254,307,343
255,307,343
256,308,343
257,308,343
258,308,343
259,308,343
260,309,343
261,309,343
262,309,343
263,309,343
264,309,342
265,310,342
266,310,342
267,310,342
268,310,341
269,310,341
270,310,341
271,310,341
272,310,341
273,310,340
274,310,340
275,310,340
276,311,340
277,311,340
278,311,340
279,311,340
280,311,340
281,311,340
282,311,340
283,311,340
284,311,340
285,311,340
286,311,339
287,311,339
288,311,339
289,311,339
290,311,339
291,311,339
292,311,339
293,311,339
294,311,339
295,311,339
296,311,339
297,311,339
298,311,339
299,311,339
300,311,339
301,311,339
302,311,339
303,311,339
304,311,339
305,311,339
306,311,338
307,311,338
308,311,338
309,311,338
310,311,338
311,311,338
312,311,338
313,311,338
314,311,338
315,311,338
316,311,338
317,311,338
318,311,338
319,311,338
320,311,338
321,311,338
322,311,338
323,311,338
324,311,338
325,311,338
326,311,338
327,311,338
328,311,338
329,311,338
330,311,338
331,311,338
332,311,338
333,311,337
334,311,337
335,311,337
336,311,337
337,311,337
338,311,337
339,311,337
340,311,337
341,311,337
342,311,337
343,311,337
344,311,337
345,311,337
346,311,337
347,311,337
348,311,337
349,311,337
350,311,337
351,311,337
352,311,337
353,311,337
354,311,337
355,311,337
356,311,337
357,311,337
358,311,337
359,311,337
360,311,337
361,311,337
362,311,337
363,311,337
364,311,337
365,311,337
366,311,337
367,311,337
368,311,337
369,311,337
370,311,337
371,311,337
372,311,337
373,311,337
374,311,337
375,311,337
376,311,337
377,311,337
378,311,337
379,311,337
380,311,337
381,311,337
382,311,337
383,311,337
384,311,337
385,311,337
386,311,337
387,311,337
388,311,337
389,311,337
390,311,337
391,311,337
392,311,337
393,311,337
394,311,337
395,311,337
396,311,337
397,311,337
398,311,337
399,311,337
400,311,337
401,311,337
402,311,337
403,311,337
404,311,337
405,311,337
406,311,337
407,311,337
408,311,337
409,311,337
410,311,337
411,311,337
412,311,337
413,311,337
414,311,337
415,311,337
416,311,337
417,311,336
418,311,336
419,311,336
420,311,336
421,311,336
422,311,336
423,311,336
424,311,336
425,311,336
426,311,336
427,311,336
428,311,336
429,311,336
430,311,336
431,311,336
432,311,336
433,311,335
434,311,335
435,311,335
436,311,335
437,311,335
438,311,335
439,311,335
440,311,335
441,311,335
442,311,335
443,311,335
444,311,334
445,311,334
446,311,334
447,311,334
448,311,334
449,311,334
450,311,334
451,311,334
452,312,334
453,312,333
454,312,333
455,312,333
456,312,333
457,312,333
458,312,333
459,312,333
460,312,333
461,312,332
462,312,332
463,313,332
464,313,332
465,313,332
466,313,331
467,313,331
468,314,331
469,314,331
470,314,330
471,315,330
472,315,329
473,315,329
474,316,329
475,316,328
476,317,327
477,318,326
478,318,326
479,320,324
480,322,322
0,0
