1,189
329,59,64
328,57,65
327,56,66
326,54,66
325,53,66
324,52,67
323,51,67
322,50,67
321,49,67
320,48,67
319,47,68
318,46,68
317,45,68
316,44,68
315,43,68
314,42,68
313,42,68
312,41,68
311,40,68
310,39,68
309,39,68
308,38,68
307,37,68
306,36,68
305,36,68
304,35,68
303,34,68
302,34,68
301,33,68
300,32,68
299,32,68
298,31,68
297,31,68
296,30,68
295,30,68
294,30,68
293,29,68
292,29,68
291,29,68
290,29,68
289,28,68
288,29,68
287,29,69
286,29,69
285,30,69
284,30,69
283,32,69
282,35,69
281,37,69
280,39,70
279,40,70
278,41,70
277,42,70
276,42,70
275,43,71
274,43,71
273,44,71
272,44,71
271,45,72
270,45,72
269,46,72
268,46,72
267,47,73
266,47,73
265,48,73
264,48,73
263,49,74
262,49,74
261,50,74
260,50,74
259,50,75
258,51,75
257,51,75
256,52,75
255,52,75
254,52,76
253,53,76
252,53,76
251,53,76
250,54,76
249,54,77
248,55,77
247,55,77
246,55,77
245,56,77
244,56,77
243,56,78
242,57,78
241,57,78
240,57,78
239,59,64
239,58,78
238,59,64
238,58,78
237,59,64
237,58,79
236,59,79
235,59,79
234,59,79
233,60,79
232,60,79
231,60,80
230,61,80
229,61,80
228,61,80
227,62,80
226,62,80
225,62,80
224,63,81
223,63,81
222,63,81
221,64,81
220,64,81
219,64,81
218,64,81
217,65,81
216,65,82
215,65,82
214,66,82
213,66,82
212,66,82
211,66,82
210,67,82
209,67,82
208,67,83
207,68,83
206,68,83
205,68,83
204,68,83
203,69,83
202,69,83
201,69,83
200,69,83
199,70,83
198,70,84
197,70,84
196,70,84
195,71,84
194,71,84
193,71,84
192,71,84
191,72,84
190,72,84
189,72,84
188,72,84
187,73,85
186,73,85
185,73,85
184,73,85
183,73,85
182,74,85
181,74,85
180,74,85
179,74,85
178,75,85
177,75,85
176,75,85
175,75,85
174,75,85
173,76,85
172,76,86
171,76,86
170,76,86
169,77,86
168,77,86
167,77,86
166,77,86
165,77,86
164,78,86
163,78,86
162,78,86
161,78,86
160,78,86
159,79,86
158,79,86
157,79,86
156,79,86
155,79,86
154,80,86
153,80,86
152,80,86
151,80,86
150,80,86
149,81,86
148,81,86
147,81,86
146,81,86
145,82,85
144,83,85
0,0
1,294
102,142,145
103,142,147
104,141,148
105,141,149
106,141,150
107,141,151
108,141,152
109,141,152
110,140,153
111,140,154
112,140,154
113,140,155
114,140,156
115,140,156
116,140,157
117,140,157
118,139,157
119,139,158
120,139,158
121,139,158
122,139,159
123,139,159
124,139,159
125,139,159
126,139,159
127,139,160
128,138,160
129,138,160
130,138,160
131,138,160
132,138,160
133,138,160
134,138,160
135,138,159
136,138,159
137,137,159
138,137,159
139,137,159
140,137,158
141,137,158
142,137,158
143,137,158
144,137,157
145,137,157
146,136,157
147,136,157
148,136,156
149,136,156
150,136,156
151,136,156
152,136,155
153,136,155
154,136,155
155,135,155
156,135,155
157,135,154
158,135,154
159,135,154
160,135,154
161,135,154
162,135,153
163,135,153
164,134,153
165,134,153
166,134,152
167,134,152
168,134,152
169,134,152
170,134,152
171,134,152
172,134,151
173,133,151
174,133,151
175,133,151
176,133,151
177,133,150
178,133,150
179,133,150
180,133,150
181,133,150
182,132,150
183,132,149
184,132,149
185,132,149
186,132,149
187,132,149
188,132,148
189,132,148
190,131,148
191,131,148
192,131,148
193,131,148
194,131,148
195,131,147
196,131,147
197,131,147
198,131,147
199,130,147
200,130,147
201,130,146
202,130,146
203,130,146
204,130,146
205,130,146
206,130,146
207,129,146
208,129,145
209,129,145
210,129,145
211,129,145
212,129,145
213,129,145
214,129,145
215,129,144
216,128,144
217,128,144
218,128,144
219,128,144
220,128,144
221,128,144
222,128,144
223,128,144
224,127,143
225,127,143
226,127,143
227,127,143
228,127,143
229,127,143
230,127,143
231,127,143
232,126,143
233,126,142
234,126,142
235,126,142
236,126,142
237,126,142
238,126,142
239,126,142
240,125,142
241,125,142
242,125,141
243,125,141
244,125,141
245,125,141
246,125,141
247,125,141
248,124,141
249,124,141
250,124,141
251,124,141
252,124,141
253,124,141
254,124,140
255,124,140
256,123,140
257,123,140
258,123,140
259,123,140
260,123,140
261,123,140
262,123,140
263,123,140
264,122,140
265,122,140
266,122,140
267,122,140
268,122,140
269,122,140
270,122,139
271,121,139
272,121,139
273,121,139
274,121,139
275,121,139
276,121,139
277,121,139
278,120,139
279,120,139
280,120,139
281,120,139
282,120,139
283,120,139
284,120,139
285,119,139
286,119,139
287,119,139
288,119,139
289,119,139
290,119,139
291,119,139
292,118,139
293,118,139
294,118,139
295,118,139
296,118,139
297,118,139
298,118,139
299,117,139
300,117,139
301,117,139
302,117,139
303,117,139
304,117,139
305,116,139
306,116,139
307,116,139
308,116,139
309,116,139
310,116,139
311,115,139
312,115,139
313,115,139
314,115,139
315,115,139
316,115,139
317,115,139
318,114,139
319,114,139
320,114,139
321,114,139
322,114,139
323,113,139
324,113,139
325,113,139
326,113,139
327,113,139
328,113,139
329,112,139
330,112,139
331,112,139
332,112,139
333,112,139
334,112,139
335,111,139
336,111,139
337,111,139
338,111,139
339,111,139
340,111,139
341,110,139
342,110,139
343,110,139
344,110,139
345,110,139
346,109,139
347,109,139
348,109,139
349,109,139
350,109,139
351,108,139
352,109,139
353,109,139
354,109,139
355,109,139
356,109,139
357,109,139
358,109,139
359,109,139
360,109,139
361,109,139
362,109,139
363,110,139
364,110,139
365,110,139
366,111,139
367,111,139
368,111,139
369,112,139
370,112,139
371,113,139
372,113,139
373,114,139
374,114,139
375,115,139
376,115,139
377,116,139
378,117,140
379,117,140
380,118,140
381,119,140
382,119,140
383,120,140
384,121,139
385,121,139
386,122,139
387,123,139
388,124,139
389,125,139
390,126,139
391,127,138
392,128,137
393,129,137
394,130,136
395,133,134
0,0
0,187
69,228,234
70,225,238
71,223,241
72,222,243
73,222,245
74,221,247
75,221,249
76,221,251
77,222,252
78,222,254
79,222,255
80,223,257
81,224,258
82,224,259
83,224,260
84,225,261
85,225,262
86,226,263
87,226,264
88,226,265
89,227,266
90,227,266
91,227,267
92,228,267
93,228,267
94,228,267
95,228,267
96,229,266
97,229,266
98,229,265
99,229,265
100,229,264
101,230,264
102,230,263
103,230,263
104,230,262
105,230,262
106,231,262
107,231,261
108,231,261
109,231,261
110,231,260
111,231,260
112,231,260
113,231,259
114,231,259
115,232,259
116,232,259
117,232,258
118,232,258
119,232,258
120,232,258
121,232,257
122,232,257
123,232,257
124,232,257
125,233,257
126,233,257
127,233,256
128,233,256
129,233,256
130,233,256
131,233,256
132,233,256
133,233,255
134,233,255
135,233,255
136,233,255
137,233,255
138,233,255
139,233,255
140,233,255
141,233,254
142,233,254
143,233,254
144,233,254
145,233,254
146,233,254
147,233,254
148,233,254
149,234,254
150,234,254
151,234,253
152,234,253
153,234,253
154,234,253
155,234,253
156,234,253
157,234,253
158,234,253
159,234,253
160,234,253
161,234,253
162,234,253
163,234,253
164,234,253
165,234,253
166,234,252
167,234,252
168,234,252
169,234,252
170,233,252
171,233,252
172,233,252
173,233,252
174,233,252
175,233,252
176,233,252
177,233,252
178,233,252
179,233,252
180,233,252
181,233,252
182,233,252
183,233,252
184,233,252
185,233,252
186,233,252
187,233,252
188,233,252
189,233,252
190,233,252
191,233,252
192,233,252
193,233,252
194,233,252
195,233,252
196,233,252
197,232,252
198,232,252
199,232,252
200,232,252
201,232,252
202,232,252
203,232,252
204,232,252
205,232,252
206,232,252
207,231,252
208,231,252
209,231,252
210,231,252
211,231,252
212,231,252
213,231,252
214,231,252
215,230,252
216,230,252
217,230,252
218,230,252
219,230,252
220,230,252
221,229,252
222,229,252
223,229,252
224,229,252
225,228,252
226,228,252
227,228,252
228,228,252
229,228,252
230,228,252
231,228,252
232,228,252
233,228,252
234,228,252
235,229,252
236,229,252
237,229,252
238,229,252
239,230,252
240,230,252
241,231,252
242,231,252
243,232,252
244,232,252
245,233,252
246,233,252
247,234,251
248,234,251
249,235,250
250,235,250
251,236,249
252,236,248
253,237,247
254,238,246
255,239,244
0,0
0,131
133,225,230
134,222,235
135,221,238
136,220,240
137,220,242
138,219,243
139,219,245
140,219,246
141,218,247
142,218,248
143,218,248
144,217,249
145,217,249
146,216,248
147,215,248
148,215,247
149,214,245
150,213,244
151,213,243
152,212,242
153,212,241
154,211,240
155,210,239
156,209,238
157,208,237
158,208,236
159,207,235
160,206,234
161,205,233
162,204,233
163,204,232
164,203,231
165,202,230
166,201,229
167,200,228
168,199,228
169,198,227
170,197,226
171,196,225
172,196,224
173,195,224
174,194,223
175,193,222
176,192,221
177,191,220
178,190,219
179,189,218
180,188,217
181,187,216
182,186,216
183,185,215
184,184,214
185,182,213
186,181,212
187,180,211
188,179,210
189,178,209
190,177,208
191,176,206
192,175,205
193,174,204
194,172,203
195,171,202
196,170,201
197,169,200
198,168,199
199,166,198
200,165,197
201,164,196
202,162,194
203,161,193
204,160,192
205,159,191
206,157,190
207,156,188
208,155,187
209,153,186
210,152,185
211,150,184
212,149,182
213,148,181
214,146,180
215,145,178
216,143,177
217,142,176
218,140,175
219,138,173
220,137,172
221,135,171
222,134,169
223,132,168
224,130,167
225,129,165
226,127,164
227,125,162
228,124,161
229,122,159
230,120,158
231,118,156
232,116,155
233,115,153
234,113,152
235,111,150
236,109,148
237,107,147
238,105,145
239,104,144
240,102,142
241,100,140
242,98,138
243,96,136
244,94,134
245,92,132
246,90,130
247,88,129
248,86,126
249,84,124
250,82,122
251,80,119
252,78,117
253,76,114
254,74,111
255,72,108
256,70,105
257,68,102
258,66,98
259,65,94
260,64,90
261,63,86
262,63,81
263,65,76
0,0
1,183
242,154,158
243,153,160
244,153,162
245,153,163
246,153,164
247,153,165
248,154,165
249,154,166
250,154,166
251,154,167
252,155,167
253,155,168
254,155,168
255,156,169
256,156,169
257,156,170
258,156,170
259,157,171
260,157,171
261,157,172
262,157,172
263,158,173
264,158,173
265,158,174
266,158,174
267,159,175
268,159,175
269,159,176
270,160,176
271,160,177
272,160,177
273,161,178
274,161,178
275,161,179
276,161,179
277,162,180
278,162,180
279,162,181
280,163,181
281,163,182
282,163,182
283,164,183
284,164,183
285,164,184
286,164,184
287,165,185
288,165,185
289,165,186
290,166,186
291,166,187
292,166,187
293,167,188
294,167,188
295,167,189
296,168,189
297,168,190
298,168,190
299,169,191
300,169,191
301,169,192
302,170,192
303,170,193
304,170,194
305,171,194
306,171,195
307,171,195
308,171,196
309,172,196
310,172,197
311,172,197
312,173,198
313,173,198
314,173,199
315,174,199
316,174,200
317,174,200
318,175,201
319,175,201
320,175,202
321,176,203
322,176,203
323,176,204
324,177,204
325,177,205
326,177,205
327,178,206
328,178,206
329,179,207
330,179,208
331,179,208
332,180,209
333,180,209
334,180,210
335,181,210
336,181,211
337,181,211
338,182,212
339,182,213
340,182,213
341,183,214
342,183,214
343,183,215
344,184,215
345,184,216
346,184,216
347,185,217
348,185,217
349,186,218
350,186,219
351,186,219
352,187,220
353,187,220
354,188,221
355,188,221
356,188,222
357,189,223
358,189,223
359,190,224
360,190,224
361,190,225
362,191,225
363,191,226
364,192,227
365,192,227
366,192,228
367,193,228
368,193,229
369,194,229
370,194,230
371,195,231
372,195,231
373,195,232
374,196,232
375,196,233
376,197,234
377,197,234
378,198,235
379,198,235
380,199,236
381,199,236
382,200,237
383,200,238
384,201,238
385,201,239
386,202,239
387,202,240
388,203,241
389,203,241
390,204,242
391,204,242
392,205,243
393,205,243
394,206,244
395,207,245
396,207,245
397,208,246
398,208,247
399,209,247
400,210,248
401,210,248
402,211,249
403,211,250
404,212,250
405,213,251
406,214,251
407,214,252
408,215,252
409,216,253
410,217,253
411,218,253
412,219,254
413,221,254
414,222,254
415,223,254
416,225,254
417,226,253
418,228,253
419,229,253
420,231,252
421,233,251
422,235,250
423,237,249
424,241,246
0,0
0,190
269,192,192
270,187,195
271,185,197
272,185,199
273,184,200
274,184,201
275,184,202
276,184,203
277,184,204
278,184,205
279,184,206
280,185,207
281,185,208
282,185,209
283,185,210
284,185,210
285,185,211
286,185,212
287,185,212
288,185,213
289,185,214
290,185,214
291,185,215
292,184,215
293,184,216
294,184,216
295,184,217
296,183,217
297,183,217
298,182,218
299,182,218
300,182,218
301,181,218
302,181,218
303,180,218
304,180,218
305,179,218
306,179,218
307,179,217
308,178,217
309,178,216
310,177,215
311,177,214
312,176,213
313,176,212
314,176,212
315,175,211
316,175,210
317,174,210
318,174,209
319,174,208
320,173,208
321,173,207
322,172,207
323,172,206
324,171,205
325,171,205
326,171,204
327,170,204
328,170,203
329,169,203
330,169,202
331,168,202
332,168,201
333,167,200
334,167,200
335,166,199
336,166,199
337,165,198
338,165,198
339,165,197
340,164,197
341,164,196
342,163,196
343,162,195
344,162,195
345,161,194
346,161,194
347,160,193
348,160,192
349,159,192
350,159,191
351,158,191
352,158,190
353,157,189
354,157,189
355,156,188
356,156,188
357,155,187
358,154,186
359,154,186
360,153,185
361,153,185
362,152,184
363,152,183
364,151,183
365,150,182
366,150,181
367,149,181
368,148,180
369,148,179
370,147,179
371,146,178
372,146,177
373,145,177
374,145,176
375,144,175
376,143,174
377,143,174
378,142,173
379,141,172
380,140,172
381,140,171
382,139,170
383,138,169
384,138,169
385,137,168
386,136,167
387,135,166
388,135,166
389,134,165
390,133,164
391,132,163
392,132,162
393,131,162
394,130,161
395,129,160
396,128,159
397,128,158
398,127,157
399,126,157
400,125,156
401,124,155
402,123,154
403,123,153
404,122,152
405,121,151
406,120,150
407,119,150
408,118,149
409,117,148
410,116,147
411,115,146
412,114,145
413,113,144
414,113,143
415,111,142
416,110,141
417,109,140
418,108,139
419,107,138
420,106,137
421,105,136
422,104,135
423,103,134
424,102,132
425,101,131
426,100,130
427,99,129
428,97,128
429,96,127
430,95,126
431,94,124
432,93,123
433,91,122
434,90,121
435,89,119
436,88,118
437,86,117
438,85,115
439,84,114
440,83,112
441,82,111
442,80,109
443,79,108
444,78,106
445,76,104
446,75,102
447,74,100
448,73,98
449,71,96
450,70,94
451,69,92
452,68,89
453,67,87
454,66,85
455,66,83
456,65,80
457,66,78
458,68,75
0,0
1,171
123,273,275
124,271,276
125,271,277
126,271,278
127,270,279
128,270,280
129,270,281
130,270,281
131,270,282
132,270,283
133,270,284
134,269,284
135,269,285
136,269,285
137,269,286
138,269,287
139,269,287
140,269,288
141,269,288
142,268,288
143,268,289
144,268,289
145,268,289
146,268,289
147,268,290
148,268,290
149,267,290
150,267,290
151,267,290
152,267,290
153,267,290
154,267,290
155,267,290
156,266,289
157,266,289
158,266,289
159,266,289
160,266,288
161,266,288
162,266,288
163,265,287
164,265,287
165,265,287
166,265,286
167,265,286
168,265,286
169,265,285
170,264,285
171,264,285
172,264,285
173,264,284
174,264,284
175,264,284
176,263,283
177,263,283
178,263,283
179,263,282
180,263,282
181,263,282
182,262,282
183,262,281
184,262,281
185,262,281
186,262,280
187,262,280
188,262,280
189,261,280
190,261,279
191,261,279
192,261,279
193,261,279
194,260,278
195,260,278
196,260,278
197,260,277
198,260,277
199,260,277
200,259,277
201,259,276
202,259,276
203,259,276
204,259,276
205,258,275
206,258,275
207,258,275
208,258,275
209,258,274
210,258,274
211,257,274
212,257,274
213,257,273
214,257,273
215,257,273
216,256,272
217,256,272
218,256,272
219,256,272
220,256,272
221,255,271
222,255,271
223,255,271
224,255,271
225,255,270
226,254,270
227,254,270
228,254,270
229,254,269
230,254,269
231,253,269
232,253,269
233,253,268
234,253,268
235,253,268
236,252,268
237,252,268
238,252,267
239,252,267
240,251,267
241,251,267
242,251,266
243,251,266
244,251,266
245,250,266
246,250,266
247,250,265
248,250,265
249,249,265
250,249,265
251,249,265
252,249,264
253,248,264
254,248,264
255,248,264
256,247,264
257,247,263
258,247,263
259,247,263
260,246,263
261,246,263
262,246,262
263,245,262
264,245,262
265,245,262
266,245,262
267,244,262
268,244,261
269,244,261
270,243,261
271,243,261
272,243,261
273,242,261
274,242,260
275,242,260
276,241,260
277,241,260
278,241,259
279,240,258
280,240,256
281,240,254
282,239,253
283,239,251
284,238,249
285,238,248
286,238,246
287,237,244
288,237,243
289,236,241
290,236,240
291,235,238
292,235,236
293,234,235
0,91
233,297,303
234,293,307
235,292,310
236,292,312
237,291,315
238,291,317
239,290,318
240,289,320
241,289,322
242,288,324
243,288,325
244,287,327
245,286,328
246,286,330
247,285,331
248,285,332
249,284,333
250,283,334
251,283,335
252,282,336
253,281,336
254,281,337
255,280,337
256,280,337
257,279,337
258,278,336
259,278,336
260,277,335
261,285,334
262,286,332
263,286,331
264,286,329
265,286,327
266,286,325
267,286,323
268,286,322
269,285,321
270,285,319
271,284,318
272,284,317
273,283,316
274,283,315
275,282,313
276,282,312
277,281,311
278,281,311
279,280,309
280,279,309
281,279,308
282,278,307
283,278,306
284,277,305
285,277,304
286,276,303
287,276,302
288,275,302
289,274,301
290,274,300
291,273,299
292,273,298
293,272,298
294,271,297
295,271,296
296,270,295
297,270,295
298,269,294
299,268,293
300,268,292
301,267,292
302,266,291
303,266,290
304,265,290
305,264,289
306,263,288
307,263,288
308,262,287
309,261,286
310,260,286
311,260,285
312,259,284
313,258,281
314,257,278
315,256,274
316,255,271
317,254,268
318,253,264
319,252,261
320,251,258
321,250,254
322,249,251
323,248,248
1,92
243,331,334
244,327,339
245,326,341
246,324,343
247,324,345
248,323,346
249,323,347
250,323,348
251,322,348
252,322,349
253,322,349
254,321,349
255,321,349
256,321,350
257,321,350
258,320,349
259,320,349
260,320,349
261,319,349
262,319,348
263,319,347
264,318,347
265,318,346
266,318,346
267,318,345
268,317,345
269,317,344
270,317,344
271,316,343
272,316,343
273,316,342
274,315,342
275,315,341
276,315,341
277,315,340
278,314,340
279,314,339
280,314,339
281,313,338
282,313,338
283,321,338
283,313,314
284,321,337
284,312,313
285,322,337
286,322,336
287,322,336
288,322,336
289,322,335
290,322,335
291,322,335
292,322,334
293,322,334
294,322,334
295,322,333
296,321,333
297,321,333
298,321,333
299,321,332
300,321,332
301,321,332
302,320,332
303,320,332
304,320,331
305,320,331
306,320,331
307,319,331
308,319,331
309,319,331
310,319,331
311,319,331
312,318,331
313,318,331
314,318,331
315,318,331
316,317,331
317,317,331
318,317,331
319,317,331
320,316,331
321,316,331
322,316,331
323,316,331
324,315,331
325,322,331
325,315,332
326,322,331
326,315,332
327,317,332
328,323,333
329,329,334
330,334,335
0,158
314,329,338
315,326,342
316,326,345
317,326,347
318,327,349
319,327,351
320,327,353
321,327,355
322,327,357
323,328,358
324,328,360
325,328,362
326,328,363
327,328,364
328,328,366
329,329,367
330,329,369
331,329,370
332,329,371
333,329,372
334,329,373
335,330,374
336,330,374
337,330,375
338,331,375
339,331,375
340,331,375
341,331,375
342,331,375
343,331,374
344,331,374
345,331,373
346,331,372
347,331,372
348,331,371
349,331,370
350,331,369
351,331,368
352,331,367
353,330,366
354,330,366
355,330,365
356,330,365
357,330,364
358,330,363
359,329,363
360,329,362
361,329,362
362,329,361
363,329,361
364,328,360
365,328,360
366,328,359
367,328,359
368,328,358
369,327,358
370,327,358
371,327,357
372,327,357
373,326,356
374,326,356
375,326,356
376,326,355
377,325,355
378,325,354
379,325,354
380,324,354
381,324,353
382,324,353
383,323,352
384,323,352
385,323,352
386,322,351
387,322,351
388,322,351
389,321,350
390,321,350
391,320,350
392,320,349
393,320,349
394,319,349
395,319,348
396,318,348
397,318,348
398,317,347
399,317,347
400,317,347
401,316,346
402,316,346
403,315,346
404,314,345
405,314,345
406,313,345
407,313,344
408,312,344
409,311,344
410,311,343
411,310,343
412,310,343
413,309,342
414,308,342
415,307,341
416,307,341
417,306,341
418,305,340
419,304,340
420,304,340
421,303,339
422,301,339
423,300,338
424,299,338
425,297,338
426,295,337
427,294,337
428,293,336
429,293,336
430,292,335
431,292,335
432,291,335
433,291,334
434,290,334
435,290,333
436,289,333
437,289,332
438,288,332
439,288,331
440,287,331
441,287,330
442,286,329
443,286,329
444,285,328
445,285,327
446,284,327
447,284,326
448,283,326
449,283,325
450,282,324
451,282,323
452,281,322
453,281,321
454,280,320
455,280,319
456,279,318
457,279,317
458,278,316
459,278,315
460,277,314
461,277,312
462,276,311
463,276,309
464,275,308
465,276,306
466,276,305
467,277,303
468,278,301
469,279,298
470,281,296
471,284,292
0,50
464,275,275
463,274,276
462,273,276
461,273,277
460,272,277
459,271,278
458,271,278
457,270,279
456,269,279
455,269,280
454,268,280
453,267,281
452,266,281
451,266,282
450,265,282
449,264,283
448,263,283
447,263,284
446,262,284
445,261,285
444,260,285
443,259,286
442,259,286
441,258,287
440,257,287
439,256,288
438,255,288
437,255,289
436,254,289
435,253,290
434,252,290
433,251,291
432,250,291
431,250,292
430,249,292
429,248,293
428,247,294
427,284,294
427,246,294
427,246,284
426,245,276
426,294,294
426,245,276
425,245,271
424,244,266
423,243,262
422,243,257
421,242,252
420,242,249
419,243,248
0,0
