0,56
77,90,90
78,87,95
79,87,98
80,86,100
81,86,103
82,86,105
83,86,107
84,86,109
85,86,112
86,86,113
87,86,115
88,87,117
89,87,119
90,88,121
91,88,123
92,89,124
93,90,126
94,90,127
95,91,128
96,92,129
97,93,130
98,94,131
99,94,132
100,95,133
101,96,133
102,97,134
103,98,134
104,99,135
105,99,135
106,100,135
107,101,135
108,101,135
109,102,135
110,103,135
111,104,136
112,104,136
113,105,136
114,106,136
115,106,136
116,107,136
117,108,136
118,109,136
119,109,135
120,110,135
121,111,135
122,111,135
123,112,135
124,113,135
125,113,134
126,114,134
127,115,133
128,116,132
129,118,131
130,119,130
131,122,128
132,124,124
0,0
0,95
36,196,196
37,192,203
38,190,207
39,189,210
40,188,213
41,188,216
42,187,218
43,188,220
44,188,222
45,188,224
46,188,226
47,189,227
48,189,228
49,190,230
50,190,231
51,190,232
52,190,232
53,190,233
54,190,234
55,190,234
56,190,234
57,190,234
58,189,234
59,189,233
60,189,232
61,189,232
62,188,231
63,188,230
64,187,228
65,187,227
66,187,226
67,186,224
68,186,223
69,185,222
70,185,221
71,185,220
72,184,219
73,184,218
74,184,217
75,183,216
76,183,215
77,182,214
78,182,213
79,182,213
80,181,212
81,181,211
82,180,210
83,180,209
84,179,208
85,179,207
86,178,206
87,178,205
88,177,204
89,177,204
90,176,203
91,176,202
92,175,201
93,175,200
94,174,199
95,174,198
96,173,197
97,173,196
98,172,195
99,171,194
100,171,194
101,170,193
102,170,192
103,169,191
104,169,190
105,168,189
106,168,188
107,167,187
108,167,186
109,166,185
110,165,184
111,165,183
112,164,182
113,164,181
114,163,180
115,163,179
116,162,178
117,162,177
118,161,176
119,161,174
120,160,173
121,160,172
122,159,171
123,159,170
124,158,169
125,158,168
126,157,167
127,157,166
128,157,165
129,157,164
130,158,161
0,0
1,156
68,169,171
69,168,172
70,168,173
71,167,173
72,167,174
73,167,175
74,167,175
75,166,176
76,166,176
77,166,177
78,166,177
79,166,177
80,166,178
81,165,178
82,165,179
83,165,179
84,165,179
85,165,180
86,165,180
87,165,180
88,165,180
89,165,181
90,164,181
91,164,181
92,164,181
93,164,181
94,164,181
95,164,182
96,164,182
97,163,182
98,163,182
99,163,182
100,163,182
101,163,182
102,163,182
103,163,182
104,162,182
105,162,182
106,162,181
107,162,181
108,162,181
109,162,181
110,161,181
111,161,181
112,161,181
113,161,180
114,161,180
115,161,180
116,160,180
117,160,180
118,160,179
119,160,179
120,160,179
121,159,179
122,159,178
123,159,178
124,159,178
125,158,178
126,158,178
127,158,177
128,158,177
129,158,177
130,157,177
131,157,176
132,157,176
133,157,176
134,156,176
135,156,176
136,156,175
137,156,175
138,155,175
139,155,175
140,155,175
141,155,174
142,154,174
143,154,174
144,154,174
145,153,173
146,153,173
147,153,173
148,153,173
149,152,173
150,152,172
151,152,172
152,151,172
153,151,172
154,151,172
155,151,171
156,150,171
157,150,171
158,150,171
159,149,170
160,149,170
161,149,170
162,148,170
163,148,169
164,148,169
165,148,169
166,147,169
167,147,169
168,147,168
169,146,168
170,146,168
171,146,168
172,145,168
173,145,167
174,145,167
175,144,167
176,144,167
177,144,166
178,143,166
179,143,166
180,143,166
181,142,166
182,142,165
183,141,165
184,141,165
185,141,165
186,141,164
187,140,164
188,140,164
189,140,164
190,140,164
191,140,163
192,140,163
193,139,163
194,139,163
195,139,162
196,139,162
197,139,162
198,139,162
199,139,161
200,139,161
201,139,161
202,139,161
203,140,160
204,140,160
205,140,160
206,140,160
207,140,159
208,141,159
209,141,159
210,141,159
211,141,158
212,142,158
213,142,158
214,142,158
215,143,157
216,143,157
217,144,157
218,144,156
219,145,156
220,145,155
221,146,155
222,147,154
223,149,152
0,0
1,130
78,233,236
79,233,237
80,232,237
81,232,238
82,231,239
83,231,239
84,231,240
85,231,240
86,230,241
87,230,241
88,230,242
89,230,242
90,230,242
91,230,243
92,230,243
93,230,243
94,229,244
95,229,244
96,229,244
97,229,245
98,229,245
99,229,245
100,229,245
101,229,245
102,228,246
103,228,246
104,228,246
105,228,246
106,228,246
107,228,246
108,228,247
109,227,246
110,227,246
111,227,246
112,227,246
113,227,246
114,227,246
115,226,246
116,226,246
117,226,246
118,226,246
119,226,245
120,225,245
121,225,245
122,225,245
123,225,245
124,225,244
125,224,244
126,224,244
127,224,244
128,224,244
129,223,243
130,223,243
131,223,243
132,223,243
133,222,242
134,222,242
135,222,242
136,222,242
137,221,241
138,221,241
139,221,241
140,221,241
141,220,241
142,220,240
143,220,240
144,219,240
145,219,240
146,219,240
147,219,239
148,218,239
149,218,239
150,218,239
151,217,238
152,217,238
153,217,238
154,216,238
155,216,238
156,216,237
157,216,237
158,215,237
159,215,237
160,214,236
161,214,236
162,214,236
163,214,236
164,213,236
165,213,235
166,212,235
167,212,235
168,212,235
169,211,235
170,211,234
171,211,234
172,211,234
173,211,234
174,210,233
175,210,233
176,210,233
177,210,233
178,210,233
179,210,232
180,210,232
181,210,232
182,210,232
183,209,232
184,209,231
185,209,231
186,210,231
187,210,231
188,210,230
189,210,230
190,210,230
191,211,230
192,211,229
193,211,229
194,211,229
195,212,229
196,212,228
197,212,228
198,212,228
199,213,228
200,213,227
201,214,227
202,214,227
203,215,226
204,215,226
205,216,225
206,217,224
207,219,223
0,0
1,161
41,304,309
42,303,310
43,302,311
44,301,312
45,301,313
46,300,314
47,300,314
48,300,315
49,300,315
50,300,316
51,300,317
52,299,317
53,299,317
54,299,318
55,299,318
56,299,319
57,298,319
58,298,319
59,298,320
60,298,320
61,298,320
62,298,320
63,297,321
64,297,321
65,297,321
66,297,321
67,297,321
68,297,321
69,296,322
70,296,322
71,296,322
72,296,322
73,296,322
74,295,322
75,295,321
76,295,321
77,295,321
78,295,321
79,294,321
80,294,321
81,294,320
82,294,320
83,294,320
84,293,320
85,293,319
86,293,319
87,293,319
88,292,318
89,292,318
90,292,317
91,292,317
92,291,316
93,291,316
94,291,316
95,290,315
96,290,315
97,290,314
98,290,314
99,289,313
100,289,313
101,289,313
102,289,312
103,288,312
104,288,312
105,288,311
106,287,311
107,287,310
108,287,310
109,287,310
110,286,309
111,286,309
112,286,308
113,286,308
114,285,308
115,285,307
116,285,307
117,284,307
118,284,306
119,284,306
120,284,306
121,283,305
122,283,305
123,283,304
124,282,304
125,282,304
126,282,303
127,282,303
128,281,303
129,281,302
130,281,302
131,280,302
132,280,301
133,280,301
134,280,301
135,279,301
136,279,300
137,279,300
138,278,300
139,278,299
140,278,299
141,278,299
142,277,298
143,277,298
144,277,298
145,276,297
146,276,297
147,276,297
148,275,297
149,275,296
150,275,296
151,275,296
152,274,295
153,274,295
154,274,295
155,273,295
156,273,294
157,273,294
158,273,294
159,272,294
160,272,293
161,272,293
162,271,293
163,271,293
164,271,292
165,271,292
166,270,292
167,270,292
168,270,291
169,269,291
170,269,291
171,269,291
172,269,290
173,269,290
174,269,290
175,269,290
176,268,289
177,268,289
178,268,289
179,268,289
180,268,288
181,269,288
182,269,288
183,269,288
184,269,288
185,269,287
186,269,287
187,270,287
188,270,287
189,270,286
190,271,286
191,271,286
192,271,286
193,272,286
194,272,285
195,273,285
196,273,285
197,274,284
198,275,284
199,275,283
200,276,282
201,278,281
0,0
0,269
167,130,130
168,126,136
169,124,140
170,123,143
171,123,145
172,123,148
173,123,150
174,124,152
175,124,154
176,124,155
177,125,157
178,126,159
179,126,160
180,127,162
181,127,163
182,128,164
183,128,165
184,129,166
185,129,166
186,130,167
187,130,167
188,130,167
189,131,167
190,131,167
191,131,167
192,132,167
193,132,167
194,132,166
195,133,166
196,133,166
197,133,166
198,133,165
199,133,165
200,134,165
201,134,165
202,134,164
203,134,164
204,134,164
205,134,164
206,134,164
207,135,163
208,135,163
209,135,163
210,135,163
211,135,163
212,135,163
213,135,163
214,135,163
215,135,163
216,135,163
217,135,162
218,135,162
219,135,162
220,135,162
221,135,162
222,135,162
223,135,162
224,135,162
225,135,162
226,135,162
227,135,162
228,135,162
229,135,162
230,135,162
231,135,162
232,135,161
233,135,161
234,135,161
235,135,161
236,135,161
237,135,161
238,135,161
239,135,161
240,135,161
241,135,161
242,135,161
243,134,160
244,134,160
245,134,160
246,134,160
247,134,160
248,134,160
249,134,160
250,134,160
251,134,160
252,134,160
253,134,160
254,134,159
255,134,159
256,134,159
257,133,159
258,133,159
259,133,159
260,133,159
261,133,159
262,133,159
263,133,158
264,133,158
265,133,158
266,133,158
267,133,158
268,133,158
269,132,158
270,132,158
271,132,158
272,132,157
273,132,157
274,132,157
275,132,157
276,132,157
277,132,157
278,132,157
279,131,156
280,131,156
281,131,156
282,131,156
283,131,156
284,131,156
285,131,155
286,131,155
287,130,155
288,130,155
289,130,155
290,130,155
291,130,155
292,130,154
293,129,154
294,129,154
295,129,154
296,129,154
297,129,153
298,129,153
299,128,153
300,128,153
301,128,153
302,128,153
303,128,152
304,127,152
305,127,152
306,127,152
307,127,151
308,127,151
309,126,151
310,126,151
311,126,151
312,126,150
313,125,150
314,125,150
315,125,150
316,125,149
317,124,149
318,124,149
319,124,149
320,123,148
321,123,148
322,123,148
323,123,148
324,122,147
325,122,147
326,122,147
327,121,147
328,121,146
329,121,146
330,120,146
331,120,146
332,120,145
333,119,145
334,119,145
335,119,144
336,118,144
337,118,144
338,118,143
339,117,143
340,117,143
341,117,142
342,116,142
343,116,142
344,115,141
345,115,141
346,115,140
347,114,140
348,114,140
349,113,139
350,113,139
351,112,139
352,112,138
353,111,138
354,111,137
355,111,137
356,110,136
357,110,136
358,109,135
359,109,135
360,108,135
361,108,134
362,107,134
363,106,133
364,106,132
365,106,132
366,105,131
367,104,131
368,104,130
369,103,130
370,103,129
371,102,129
372,102,128
373,101,127
374,100,127
375,100,126
376,99,126
377,99,125
378,98,124
379,98,124
380,97,123
381,96,122
382,96,122
383,95,121
384,94,120
385,93,119
386,93,119
387,92,118
388,91,117
389,90,116
390,90,116
391,89,115
392,88,114
393,87,113
394,86,112
395,85,111
396,85,110
397,84,110
398,83,109
399,82,108
400,81,107
401,80,106
402,78,105
403,77,104
404,76,102
405,75,101
406,74,100
407,73,99
408,72,98
409,71,97
410,70,96
411,69,95
412,68,93
413,67,92
414,66,91
415,65,90
416,64,88
417,63,87
418,62,86
419,61,84
420,60,83
421,59,82
422,57,80
423,56,79
424,55,78
425,54,76
426,53,74
427,52,73
428,51,72
429,50,70
430,49,68
431,49,67
432,48,65
433,48,63
434,49,60
435,52,56
0,0
0,123
74,241,245
75,238,252
76,238,256
77,237,259
78,237,262
79,237,264
80,238,265
81,238,266
82,238,267
83,239,268
84,239,268
85,240,268
86,240,269
87,241,269
88,241,269
89,241,269
90,242,269
91,242,269
92,243,269
93,243,269
94,243,269
95,244,269
96,244,270
97,245,270
98,245,270
99,245,270
100,246,270
101,246,270
102,246,270
103,247,270
104,247,271
105,247,271
106,248,271
107,248,271
108,248,271
109,249,271
110,249,271
111,249,271
112,249,272
113,250,272
114,250,272
115,250,272
116,251,272
117,251,272
118,251,272
119,251,273
120,252,273
121,252,273
122,252,273
123,252,273
124,253,273
125,253,274
126,253,274
127,253,274
128,253,274
129,254,274
130,254,274
131,254,274
132,254,275
133,254,275
134,255,275
135,255,275
136,255,275
137,255,275
138,255,276
139,255,276
140,256,276
141,256,276
142,256,276
143,256,276
144,256,277
145,256,277
146,256,277
147,257,277
148,257,277
149,257,277
150,257,277
151,257,278
152,257,278
153,257,278
154,257,278
155,258,278
156,258,278
157,258,278
158,258,279
159,258,279
160,258,279
161,259,279
162,259,279
163,259,279
164,259,279
165,259,279
166,259,280
167,260,280
168,260,280
169,260,280
170,260,280
171,261,280
172,261,280
173,261,280
174,261,280
175,262,280
176,262,280
177,262,280
178,263,280
179,263,280
180,263,280
181,264,280
182,264,280
183,264,280
184,265,280
185,265,280
186,266,280
187,266,280
188,267,280
189,268,280
190,268,279
191,269,279
192,270,279
193,271,279
194,272,278
195,273,278
196,276,276
0,0
1,129
250,79,81
251,78,83
252,77,84
253,77,85
254,77,86
255,77,86
256,77,87
257,77,87
258,77,88
259,76,88
260,76,89
261,76,89
262,76,89
263,76,90
264,76,90
265,76,90
266,76,90
267,75,90
268,75,90
269,75,90
270,75,90
271,75,90
272,75,89
273,74,89
274,74,89
275,74,89
276,74,88
277,74,88
278,74,88
279,73,88
280,73,87
281,73,87
282,73,87
283,73,87
284,73,87
285,72,86
286,72,86
287,72,86
288,72,86
289,72,85
290,72,85
291,71,85
292,71,85
293,71,84
294,71,84
295,71,84
296,71,84
297,70,84
298,70,83
299,70,83
300,70,83
301,70,83
302,69,83
303,69,83
304,69,82
305,69,82
306,69,82
307,68,82
308,68,82
309,68,81
310,68,81
311,68,81
312,67,81
313,67,81
314,67,81
315,67,80
316,67,80
317,67,80
318,66,80
319,66,80
320,66,80
321,66,80
322,66,79
323,66,79
324,65,79
325,65,79
326,65,79
327,65,79
328,65,79
329,64,78
330,64,78
331,64,78
332,64,78
333,64,78
334,64,78
335,63,78
336,63,78
337,63,77
338,63,77
339,63,77
340,63,77
341,63,77
342,62,77
343,62,77
344,62,77
345,62,77
346,62,77
347,62,76
348,61,76
349,61,76
350,61,76
351,61,76
352,61,76
353,60,76
354,60,76
355,60,76
356,60,76
357,60,76
358,60,76
359,59,76
360,59,76
361,59,76
362,59,76
363,58,76
364,58,76
365,76,76
365,58,77
366,76,76
366,58,77
367,76,76
367,58,77
368,76,76
368,57,78
369,76,76
369,57,79
370,57,75
371,57,67
372,56,60
372,56,56
0,136
55,376,376
56,372,381
57,372,384
58,372,386
59,372,389
60,372,391
61,371,392
62,371,394
63,371,396
64,371,397
65,371,399
66,371,401
67,371,402
68,370,404
69,370,405
70,370,406
71,370,408
72,370,409
73,370,410
74,370,411
75,369,412
76,369,413
77,369,414
78,369,415
79,369,415
80,370,416
81,370,416
82,371,417
83,371,417
84,371,417
85,371,416
86,372,416
87,372,416
88,372,415
89,372,415
90,372,414
91,372,413
92,372,413
93,372,412
94,372,411
95,372,410
96,372,409
97,372,408
98,372,407
99,372,407
100,372,406
101,372,405
102,371,405
103,371,404
104,371,404
105,371,403
106,371,403
107,371,402
108,371,402
109,371,401
110,371,401
111,370,401
112,370,400
113,370,400
114,370,400
115,370,399
116,370,399
117,370,399
118,369,398
119,369,398
120,369,398
121,369,398
122,369,398
123,368,397
124,368,397
125,368,397
126,368,397
127,368,396
128,368,396
129,367,396
130,367,396
131,367,395
132,367,395
133,366,395
134,366,395
135,366,394
136,366,394
137,366,394
138,365,394
139,365,394
140,365,393
141,365,393
142,365,393
143,364,392
144,364,392
145,364,392
146,364,392
147,363,391
148,363,391
149,363,391
150,362,391
151,362,390
152,361,390
153,361,390
154,361,390
155,360,389
156,360,389
157,359,389
158,358,389
159,356,388
160,355,388
161,351,388
162,349,387
163,348,387
164,348,387
165,348,386
166,348,386
167,348,386
168,349,386
169,349,385
170,350,385
171,350,385
172,351,384
173,351,384
174,352,384
175,353,383
176,353,383
177,354,382
178,355,382
179,356,382
180,357,381
181,357,381
182,358,380
183,359,380
184,360,379
185,361,378
186,362,377
187,364,376
188,365,375
189,367,373
190,370,370
0,0
1,110
264,127,129
265,127,131
266,126,132
267,126,132
268,126,133
269,125,134
270,125,134
271,125,134
272,125,135
273,125,135
274,124,135
275,124,135
276,124,135
277,124,135
278,123,135
279,123,136
280,123,135
281,123,135
282,122,135
283,122,135
284,122,135
285,122,135
286,122,135
287,121,135
288,121,135
289,121,135
290,121,134
291,120,134
292,120,134
293,120,134
294,120,134
295,120,134
296,119,134
297,119,134
298,119,134
299,119,133
300,118,133
301,118,133
302,118,133
303,118,133
304,118,133
305,117,133
306,117,133
307,117,132
308,117,132
309,116,132
310,116,132
311,116,132
312,116,132
313,115,132
314,115,132
315,115,131
316,115,131
317,114,131
318,114,131
319,114,131
320,114,131
321,113,131
322,113,131
323,113,130
324,113,130
325,113,130
326,112,130
327,112,130
328,112,130
329,112,130
330,111,130
331,111,129
332,111,129
333,111,129
334,111,129
335,111,129
336,110,129
337,110,129
338,110,129
339,110,128
340,110,128
341,110,128
342,110,128
343,110,128
344,110,128
345,109,128
346,109,128
347,109,128
348,109,128
349,109,127
350,109,127
351,109,127
352,110,127
353,110,127
354,110,127
355,110,127
356,110,127
357,110,127
358,111,126
359,111,126
360,111,126
361,111,126
362,112,126
363,112,126
364,113,126
365,113,126
366,114,125
367,114,125
368,115,125
369,116,125
370,117,124
371,118,124
372,120,123
372,120,122
0,0
1,103
264,175,177
265,174,178
266,174,179
267,173,180
268,173,180
269,173,181
270,173,181
271,173,181
272,172,181
273,172,181
274,172,182
275,172,182
276,172,182
277,171,182
278,171,182
279,171,182
280,171,182
281,171,182
282,171,182
283,170,182
284,170,182
285,170,181
286,170,181
287,169,181
288,169,181
289,169,181
290,169,181
291,169,181
292,168,181
293,168,181
294,168,181
295,168,180
296,168,180
297,167,180
298,167,180
299,167,180
300,167,180
301,167,180
302,166,180
303,166,180
304,166,179
305,166,179
306,165,179
307,165,179
308,165,179
309,165,179
310,165,179
311,164,179
312,164,178
313,164,178
314,164,178
315,163,178
316,163,178
317,163,178
318,163,178
319,163,178
320,162,177
321,162,177
322,162,177
323,162,177
324,161,177
325,161,177
326,161,177
327,161,177
328,161,176
329,160,176
330,160,176
331,160,176
332,160,176
333,160,176
334,160,176
335,160,176
336,159,176
337,159,175
338,159,175
339,159,175
340,159,175
341,159,175
342,159,175
343,159,175
344,159,175
345,159,175
346,159,174
347,158,174
348,159,174
349,159,174
350,159,174
351,159,174
352,160,174
353,160,174
354,160,174
355,160,174
356,161,174
357,161,173
358,161,173
359,162,173
360,162,173
361,163,173
362,164,173
363,164,172
364,165,172
365,166,171
366,168,171
0,0
0,82
185,266,270
186,264,274
187,264,276
188,263,278
189,263,279
190,263,281
191,263,282
192,263,283
193,263,284
194,263,285
195,263,286
196,263,287
197,263,288
198,263,289
199,263,290
200,262,291
201,262,292
202,262,292
203,262,293
204,261,293
205,261,293
206,261,294
207,261,294
208,260,293
209,260,293
210,259,292
211,259,291
212,258,290
213,258,289
214,257,288
215,257,287
216,256,286
217,255,285
218,255,284
219,254,283
220,254,282
221,253,281
222,252,280
223,252,279
224,251,278
225,250,277
226,250,276
227,249,275
228,248,274
229,247,273
230,247,273
231,246,272
232,245,271
233,244,270
234,244,269
235,243,268
236,242,267
237,241,266
238,240,265
239,239,264
240,238,263
241,237,262
242,236,261
243,235,260
244,234,259
245,233,258
246,232,256
247,231,255
248,230,254
249,228,253
250,227,251
251,226,250
252,225,248
253,223,247
254,222,245
255,221,243
256,220,242
257,219,240
258,218,238
259,216,236
260,215,233
261,214,231
262,214,229
263,213,226
264,212,224
265,212,220
266,215,216
0,0
1,147
251,236,237
252,234,239
253,234,239
254,234,240
255,233,240
256,233,241
257,233,241
258,233,242
259,233,242
260,233,242
261,233,243
262,233,243
263,233,243
264,232,244
265,232,244
266,232,244
267,232,244
268,232,244
269,232,245
270,232,245
271,232,245
272,232,245
273,232,245
274,231,245
275,231,245
276,231,245
277,231,245
278,231,245
279,231,245
280,231,245
281,230,245
282,230,244
283,230,244
284,230,244
285,230,244
286,230,244
287,230,244
288,229,244
289,229,244
290,229,243
291,229,243
292,229,243
293,229,243
294,228,243
295,228,243
296,228,242
297,228,242
298,228,242
299,228,242
300,227,242
301,227,242
302,227,242
303,227,241
304,227,241
305,227,241
306,226,241
307,226,241
308,226,241
309,226,241
310,226,241
311,225,240
312,225,240
313,225,240
314,225,240
315,225,240
316,224,240
317,224,240
318,224,239
319,224,239
320,224,239
321,223,239
322,223,239
323,223,239
324,223,239
325,223,239
326,222,238
327,222,238
328,222,238
329,222,238
330,221,238
331,221,238
332,221,237
333,221,237
334,221,237
335,220,237
336,220,237
337,220,237
338,220,237
339,219,236
340,219,236
341,219,236
342,219,236
343,219,236
344,218,236
345,218,236
346,218,235
347,218,235
348,217,235
349,217,235
350,217,235
351,217,235
352,216,234
353,216,234
354,216,234
355,216,234
356,215,234
357,215,234
358,215,234
359,215,233
360,214,233
361,214,233
362,214,233
363,214,233
364,213,233
365,213,232
366,213,232
367,213,232
368,212,232
369,212,232
370,212,232
371,212,232
372,211,232
373,211,231
374,211,231
375,210,231
376,210,231
377,210,231
378,210,231
379,209,231
380,209,231
381,209,231
382,208,231
383,208,231
384,208,231
385,208,231
386,207,231
387,206,231
388,207,231
389,210,231
390,213,231
391,216,231
392,219,231
393,222,231
394,225,232
395,228,232
396,231,234
397,234,234
0,265
204,398,398
205,391,406
206,388,410
207,388,413
208,388,416
209,388,419
210,389,421
211,389,424
212,389,426
213,390,428
214,390,430
215,390,431
216,391,433
217,391,435
218,391,436
219,392,438
220,392,439
221,392,440
222,393,442
223,393,443
224,393,444
225,394,445
226,394,446
227,394,447
228,395,448
229,395,449
230,395,450
231,396,451
232,396,451
233,396,451
234,396,451
235,397,451
236,397,450
237,397,450
238,398,449
239,398,449
240,398,448
241,398,447
242,398,446
243,398,445
244,398,444
245,398,444
246,399,443
247,399,442
248,399,442
249,399,441
250,399,441
251,399,441
252,399,440
253,399,440
254,399,439
255,399,439
256,399,439
257,399,438
258,399,438
259,400,438
260,400,438
261,400,437
262,400,437
263,400,437
264,400,437
265,400,436
266,400,436
267,400,436
268,400,436
269,400,436
270,400,436
271,400,435
272,400,435
273,400,435
274,400,435
275,400,435
276,400,435
277,400,435
278,400,435
279,400,434
280,400,434
281,400,434
282,401,434
283,401,434
284,401,434
285,401,434
286,401,434
287,401,434
288,401,434
289,401,434
290,401,433
291,401,433
292,401,433
293,401,433
294,401,433
295,401,433
296,401,433
297,401,433
298,401,433
299,401,433
300,401,433
301,401,433
302,401,433
303,401,433
304,401,432
305,401,432
306,401,432
307,401,432
308,401,432
309,401,432
310,401,432
311,401,432
312,400,432
313,400,432
314,400,432
315,400,432
316,400,431
317,400,431
318,400,431
319,400,431
320,400,431
321,400,431
322,400,431
323,400,431
324,400,431
325,400,431
326,400,430
327,400,430
328,399,430
329,399,430
330,399,430
331,399,430
332,399,430
333,399,430
334,399,430
335,399,429
336,399,429
337,399,429
338,398,429
339,398,429
340,398,429
341,398,429
342,398,429
343,398,428
344,398,428
345,398,428
346,397,428
347,397,428
348,397,428
349,397,428
350,397,427
351,397,427
352,397,427
353,396,427
354,396,427
355,396,427
356,396,427
357,396,426
358,396,426
359,395,426
360,395,426
361,395,426
362,395,426
363,395,426
364,394,425
365,394,425
366,394,425
367,394,425
368,394,425
369,393,425
370,393,425
371,393,424
372,393,424
373,392,424
374,392,424
375,392,424
376,392,424
377,391,423
378,391,423
379,391,423
380,390,423
381,390,423
382,390,423
383,389,422
384,389,422
385,389,422
386,388,422
387,388,422
388,388,421
389,388,421
390,387,421
391,387,421
392,387,421
393,386,420
394,386,420
395,385,420
396,385,420
397,385,419
398,384,419
399,384,419
400,384,419
401,383,419
402,383,418
403,382,418
404,382,418
405,381,417
406,381,417
407,381,417
408,380,416
409,380,416
410,379,416
411,378,416
412,378,415
413,377,415
414,376,414
415,376,414
416,375,414
417,374,413
418,373,413
419,372,413
420,370,412
421,368,412
422,366,411
423,366,411
424,366,410
425,366,410
426,366,409
427,366,409
428,366,409
429,366,408
430,366,408
431,366,407
432,366,406
433,366,406
434,366,405
435,366,405
436,366,404
437,366,404
438,366,403
439,366,402
440,366,402
441,366,401
442,366,401
443,366,400
444,366,399
445,366,399
446,366,398
447,366,397
448,366,397
449,366,396
450,366,395
451,366,394
452,366,393
453,367,393
454,367,392
455,367,391
456,367,390
457,367,389
458,367,388
459,367,387
460,367,386
461,367,385
462,367,383
463,367,382
464,367,380
465,367,379
466,367,377
467,367,374
468,367,370
1,46
367,444,468
366,422,468
365,422,467
364,422,467
363,422,467
362,422,466
361,422,465
360,422,465
359,421,464
358,421,462
357,421,461
356,421,459
355,421,458
354,420,456
353,420,454
352,420,452
351,419,450
350,419,449
349,419,447
348,419,446
347,418,444
346,418,443
345,418,441
344,417,440
343,417,439
342,417,438
341,416,436
340,416,435
339,416,434
338,415,432
337,415,431
336,415,430
335,414,429
334,414,428
333,414,426
332,413,425
331,413,424
330,413,423
329,412,422
328,412,421
327,412,420
326,411,418
325,410,417
324,411,416
323,411,415
322,411,414
0,0
0,103
236,311,311
237,306,315
238,305,318
239,304,320
240,304,322
241,304,323
242,304,325
243,304,327
244,304,328
245,304,329
246,304,331
247,304,332
248,305,333
249,305,334
250,305,335
251,305,336
252,305,336
253,305,337
254,305,337
255,305,337
256,305,336
257,304,336
258,304,335
259,304,335
260,304,334
261,304,333
262,304,332
263,303,332
264,303,331
265,303,330
266,303,330
267,302,329
268,302,328
269,302,328
270,301,327
271,301,326
272,301,326
273,300,325
274,300,324
275,300,324
276,299,323
277,299,322
278,298,322
279,298,321
280,297,321
281,297,320
282,296,319
283,296,319
284,295,318
285,295,318
286,294,317
287,294,316
288,293,316
289,293,315
290,292,315
291,292,314
292,291,313
293,291,313
294,290,312
295,289,311
296,289,311
297,288,310
298,287,309
299,287,309
300,286,308
301,285,307
302,285,306
303,284,305
304,283,305
305,283,304
306,282,303
307,281,302
308,280,301
309,279,301
310,279,300
311,278,299
312,277,298
313,276,297
314,275,296
315,275,295
316,274,294
317,273,292
318,272,291
319,271,290
320,270,289
321,269,288
322,268,287
323,267,285
324,266,284
325,265,283
326,264,281
327,263,280
328,263,278
329,262,277
330,261,275
331,260,274
332,259,272
333,259,271
334,258,269
335,257,267
336,257,265
337,257,262
338,259,259
0,0
1,65
310,283,288
311,282,289
312,281,290
313,282,291
314,282,292
315,282,293
316,283,294
317,283,295
318,283,295
319,284,296
320,284,297
321,284,298
322,285,299
323,285,300
324,285,300
325,286,301
326,286,302
327,286,303
328,287,304
329,287,305
330,287,306
331,288,306
332,288,307
333,288,308
334,289,309
335,289,310
336,289,311
337,290,312
338,290,313
339,291,314
340,291,315
341,291,315
342,292,316
343,292,317
344,292,318
345,293,319
346,293,320
347,294,321
348,294,322
349,295,323
350,295,324
351,295,325
352,296,326
353,296,327
354,297,328
355,297,329
356,298,330
357,298,331
358,299,332
359,300,333
360,300,333
361,301,334
362,301,335
363,302,335
364,303,335
365,304,336
366,306,336
367,307,336
368,309,335
369,310,335
370,312,335
371,315,334
372,317,333
373,320,332
374,325,329
0,0
0,85
280,218,218
281,213,222
282,211,225
283,211,228
284,210,230
285,210,231
286,210,233
287,210,234
288,210,236
289,211,237
290,211,238
291,211,239
292,211,240
293,212,241
294,212,241
295,212,242
296,212,242
297,212,243
298,213,243
299,213,243
300,213,243
301,213,243
302,213,243
303,213,243
304,213,242
305,213,242
306,213,242
307,213,241
308,213,240
309,213,240
310,213,239
311,213,239
312,213,239
313,213,238
314,213,238
315,213,237
316,213,237
317,213,237
318,213,237
319,213,236
320,213,236
321,213,236
322,213,236
323,213,236
324,213,235
325,213,235
326,213,235
327,213,235
328,213,235
329,214,235
330,214,235
331,214,235
332,214,235
333,214,235
334,214,235
335,214,235
336,214,235
337,214,235
338,214,235
339,214,236
340,214,236
341,214,236
342,214,236
343,214,236
344,214,236
345,214,236
346,214,237
347,214,237
348,214,237
349,214,238
350,214,238
351,215,238
352,215,239
353,215,239
354,216,240
355,216,241
356,216,242
357,217,240
358,218,237
359,218,234
360,219,232
361,220,229
362,221,227
363,222,224
364,222,222
1,173
223,364,364
224,363,365
225,363,366
226,363,367
227,362,368
228,362,369
229,361,370
230,361,370
231,361,371
232,360,372
233,360,372
234,359,373
235,359,374
236,359,374
237,358,375
238,358,375
239,358,376
240,357,376
241,357,377
242,356,377
243,357,378
244,357,378
245,358,378
246,358,379
247,359,379
248,359,379
249,360,380
250,360,380
251,361,380
252,361,381
253,361,381
254,362,381
255,362,382
256,362,382
257,363,382
258,363,382
259,363,382
260,364,383
261,364,383
262,364,383
263,364,383
264,365,383
265,365,383
266,365,384
267,365,384
268,365,384
269,365,384
270,365,384
271,366,384
272,366,384
273,366,384
274,366,384
275,366,384
276,366,384
277,366,384
278,366,385
279,366,385
280,366,377
280,366,385
281,366,377
281,366,385
282,366,377
282,366,385
283,366,377
283,366,385
284,366,377
284,366,385
285,366,377
285,366,385
286,366,377
286,366,385
287,366,377
287,366,385
288,366,377
288,366,385
289,366,377
289,366,385
290,366,377
290,366,385
291,366,377
291,366,385
292,366,377
292,366,385
293,366,377
293,366,385
294,366,377
294,366,385
295,366,377
295,366,385
296,366,377
296,366,385
297,366,377
297,366,385
298,366,377
298,366,385
299,365,384
300,365,384
301,365,384
302,365,384
303,365,384
304,365,384
305,364,384
306,364,384
307,364,384
308,364,384
309,364,384
310,364,384
311,363,384
312,363,384
313,363,383
314,362,383
315,362,383
316,362,383
317,362,383
318,361,383
319,361,383
320,361,383
321,360,382
322,360,382
323,359,382
324,359,382
325,358,382
326,358,382
327,358,382
328,357,381
329,357,381
330,356,381
331,355,381
332,355,381
333,354,381
334,354,380
335,353,380
336,353,380
337,352,380
338,351,380
339,350,380
340,350,379
341,350,379
342,349,379
343,349,379
344,349,379
345,349,378
346,349,378
347,349,378
348,349,378
349,348,377
350,348,377
351,348,377
352,349,377
353,349,377
354,349,376
355,350,376
356,350,376
357,351,376
358,351,376
359,352,375
360,352,375
361,352,375
362,353,374
363,353,374
364,354,374
365,354,374
366,355,373
367,356,373
368,356,372
369,357,372
370,357,371
371,358,371
372,359,370
373,360,369
374,361,368
375,363,367
375,363,366
0,0
