0,54
69,102,102
70,99,106
71,98,109
72,98,112
73,98,114
74,97,117
75,97,119
76,97,121
77,97,123
78,98,125
79,98,127
80,98,129
81,99,131
82,99,133
83,100,134
84,100,136
85,101,137
86,102,138
87,103,140
88,103,141
89,104,141
90,105,142
91,106,143
92,107,143
93,107,144
94,108,144
95,109,145
96,110,145
97,111,145
98,111,145
99,112,145
100,113,145
101,114,145
102,114,145
103,115,145
104,116,145
105,116,145
106,117,145
107,118,145
108,118,145
109,119,145
110,120,145
111,120,145
112,121,145
113,122,145
114,122,144
115,123,144
116,124,144
117,125,143
118,126,142
119,127,141
120,129,140
121,131,139
122,134,134
0,0
0,96
36,216,224
37,214,227
38,213,230
39,212,232
40,212,234
41,211,235
42,211,236
43,212,238
44,212,239
45,212,240
46,212,241
47,212,242
48,212,243
49,212,244
50,212,245
51,212,246
52,212,247
53,211,248
54,211,249
55,211,250
56,211,250
57,210,251
58,210,251
59,209,252
60,209,252
61,208,253
62,208,253
63,207,253
64,206,253
65,206,252
66,205,252
67,204,251
68,204,249
69,203,247
70,203,245
71,202,243
72,201,242
73,200,241
74,200,239
75,199,238
76,198,236
77,198,235
78,197,234
79,196,232
80,196,231
81,195,229
82,194,228
83,193,227
84,193,225
85,192,224
86,191,223
87,191,222
88,190,220
89,189,219
90,188,218
91,188,216
92,187,215
93,186,214
94,185,213
95,185,211
96,184,210
97,183,209
98,182,207
99,181,206
100,181,205
101,180,204
102,179,203
103,178,201
104,178,200
105,177,199
106,176,198
107,175,196
108,175,195
109,174,194
110,173,193
111,172,191
112,171,190
113,171,189
114,170,188
115,169,187
116,168,185
117,167,184
118,167,183
119,166,182
120,165,181
121,164,180
122,163,178
123,163,177
124,162,176
125,161,175
126,161,174
127,160,172
128,160,171
129,161,170
130,162,169
131,165,166
0,0
1,139
81,174,174
82,173,176
83,172,176
84,172,177
85,171,178
86,171,178
87,171,179
88,170,179
89,170,180
90,170,180
91,170,180
92,169,181
93,169,181
94,169,182
95,169,182
96,169,182
97,169,182
98,169,183
99,168,183
100,168,183
101,168,184
102,168,184
103,168,184
104,168,184
105,167,184
106,167,184
107,167,185
108,167,185
109,167,185
110,167,185
111,166,185
112,166,185
113,166,185
114,166,185
115,166,185
116,165,185
117,165,185
118,165,185
119,165,184
120,165,184
121,164,184
122,164,184
123,164,184
124,164,184
125,164,183
126,163,183
127,163,183
128,163,183
129,163,182
130,162,182
131,162,182
132,162,182
133,162,181
134,161,181
135,161,181
136,161,181
137,161,180
138,160,180
139,160,180
140,160,180
141,159,179
142,159,179
143,159,179
144,158,179
145,158,178
146,158,178
147,158,178
148,157,178
149,157,177
150,157,177
151,156,177
152,156,177
153,156,176
154,155,176
155,155,176
156,155,176
157,154,175
158,154,175
159,154,175
160,153,175
161,153,174
162,153,174
163,152,174
164,152,174
165,152,173
166,151,173
167,151,173
168,151,173
169,150,172
170,150,172
171,150,172
172,149,172
173,149,171
174,148,171
175,148,171
176,148,171
177,147,170
178,147,170
179,146,170
180,146,170
181,146,169
182,145,169
183,145,169
184,145,169
185,145,168
186,145,168
187,144,168
188,144,168
189,144,167
190,144,167
191,144,167
192,144,167
193,144,166
194,144,166
195,143,166
196,144,166
197,144,165
198,144,165
199,144,165
200,144,165
201,144,164
202,145,164
203,145,164
204,145,163
205,145,163
206,145,163
207,146,163
208,146,162
209,146,162
210,147,162
211,147,161
212,147,161
213,148,161
214,148,160
215,149,160
216,149,159
217,150,159
218,151,158
219,152,157
0,0
1,119
89,238,238
90,237,240
91,237,241
92,236,242
93,236,243
94,235,243
95,235,244
96,235,244
97,234,245
98,234,245
99,234,245
100,233,245
101,233,245
102,233,245
103,232,246
104,232,245
105,232,245
106,231,245
107,231,245
108,231,245
109,230,245
110,230,245
111,230,244
112,229,244
113,229,244
114,229,244
115,228,244
116,228,244
117,228,244
118,227,243
119,227,243
120,227,243
121,226,243
122,226,242
123,226,242
124,225,242
125,225,242
126,225,242
127,224,241
128,224,241
129,223,241
130,223,241
131,223,241
132,222,240
133,222,240
134,222,240
135,221,240
136,221,239
137,221,239
138,220,239
139,220,239
140,220,238
141,219,238
142,219,238
143,219,238
144,218,237
145,218,237
146,218,237
147,217,237
148,217,237
149,216,236
150,216,236
151,216,236
152,216,236
153,215,235
154,215,235
155,214,235
156,214,235
157,214,234
158,213,234
159,213,234
160,213,234
161,213,234
162,212,233
163,212,233
164,212,233
165,211,233
166,211,232
167,211,232
168,211,232
169,210,232
170,210,232
171,210,231
172,210,231
173,210,231
174,210,231
175,210,231
176,209,230
177,209,230
178,209,230
179,209,230
180,209,229
181,209,229
182,209,229
183,209,229
184,208,229
185,209,228
186,209,228
187,209,228
188,209,228
189,209,228
190,209,227
191,209,227
192,210,227
193,210,227
194,210,227
195,210,226
196,211,226
197,211,226
198,211,226
199,212,226
200,212,225
201,213,225
202,213,225
203,214,224
204,215,224
205,216,223
206,217,223
207,218,222
0,0
1,188
31,305,308
32,303,310
33,302,311
34,302,312
35,301,313
36,301,313
37,300,314
38,300,315
39,300,315
40,300,316
41,300,316
42,300,317
43,299,318
44,299,318
45,299,318
46,299,319
47,299,319
48,299,320
49,298,320
50,298,320
51,298,321
52,298,321
53,298,321
54,298,321
55,298,321
56,297,322
57,297,322
58,297,322
59,297,322
60,297,322
61,297,322
62,296,323
63,296,322
64,296,322
65,296,322
66,296,322
67,296,322
68,295,322
69,295,322
70,295,321
71,295,321
72,295,321
73,295,321
74,294,321
75,294,320
76,294,320
77,294,319
78,294,319
79,293,319
80,293,318
81,293,318
82,293,318
83,292,317
84,292,317
85,292,316
86,292,316
87,292,316
88,291,315
89,291,315
90,291,314
91,291,314
92,290,314
93,290,313
94,290,313
95,290,313
96,289,312
97,289,312
98,289,312
99,289,311
100,288,311
101,288,310
102,288,310
103,288,310
104,287,309
105,287,309
106,287,309
107,286,308
108,286,308
109,286,308
110,286,307
111,285,307
112,285,307
113,285,306
114,285,306
115,284,306
116,284,305
117,284,305
118,284,305
119,283,304
120,283,304
121,283,304
122,283,303
123,282,303
124,282,303
125,282,302
126,282,302
127,281,302
128,281,301
129,281,301
130,280,301
131,280,300
132,280,300
133,280,300
134,279,300
135,279,299
136,279,299
137,278,299
138,278,298
139,278,298
140,278,298
141,277,298
142,277,297
143,277,297
144,277,297
145,276,296
146,276,296
147,276,296
148,275,296
149,275,295
150,275,295
151,275,295
152,274,295
153,274,294
154,274,294
155,274,294
156,273,293
157,273,293
158,273,293
159,272,293
160,272,292
161,272,292
162,272,292
163,271,292
164,271,291
165,271,291
166,270,291
167,270,291
168,270,291
169,270,290
170,269,290
171,269,290
172,269,290
173,269,289
174,268,289
175,268,289
176,268,289
177,267,288
178,267,288
179,267,288
180,267,288
181,266,288
182,266,287
183,266,287
184,266,287
185,265,287
186,265,286
187,265,286
188,265,286
189,264,286
190,264,286
191,264,285
192,264,285
193,264,285
194,264,285
195,264,285
196,264,284
197,264,284
198,264,284
199,264,284
200,264,284
201,265,283
202,265,283
203,265,283
204,265,283
205,266,283
206,266,282
207,266,282
208,267,282
209,267,282
210,268,282
211,268,281
212,269,281
213,269,281
214,270,281
215,270,280
216,271,280
217,272,279
218,273,278
0,0
0,270
170,140,140
171,135,145
172,133,149
173,133,151
174,133,153
175,133,156
176,133,157
177,133,159
178,134,161
179,134,163
180,134,164
181,135,166
182,136,167
183,136,169
184,137,170
185,137,171
186,138,172
187,138,173
188,138,174
189,139,175
190,139,175
191,139,176
192,139,176
193,140,176
194,140,176
195,140,176
196,141,176
197,141,176
198,141,175
199,141,175
200,141,175
201,142,174
202,142,174
203,142,174
204,142,173
205,142,173
206,142,173
207,142,172
208,142,172
209,142,172
210,142,172
211,142,171
212,143,171
213,143,171
214,143,171
215,143,171
216,143,170
217,143,170
218,143,170
219,143,170
220,143,170
221,143,170
222,143,170
223,143,170
224,142,169
225,142,169
226,142,169
227,142,169
228,142,169
229,142,169
230,142,169
231,142,169
232,142,169
233,142,168
234,142,168
235,142,168
236,142,168
237,141,168
238,141,168
239,141,168
240,141,168
241,141,167
242,141,167
243,141,167
244,141,167
245,141,167
246,141,167
247,140,167
248,140,166
249,140,166
250,140,166
251,140,166
252,140,166
253,140,166
254,140,166
255,140,165
256,139,165
257,139,165
258,139,165
259,139,165
260,139,165
261,139,165
262,139,164
263,138,164
264,138,164
265,138,164
266,138,164
267,138,164
268,138,164
269,138,163
270,138,163
271,137,163
272,137,163
273,137,163
274,137,162
275,137,162
276,137,162
277,137,162
278,136,162
279,136,162
280,136,161
281,136,161
282,136,161
283,136,161
284,135,161
285,135,160
286,135,160
287,135,160
288,135,160
289,135,160
290,134,159
291,134,159
292,134,159
293,134,159
294,134,159
295,133,158
296,133,158
297,133,158
298,133,158
299,133,157
300,132,157
301,132,157
302,132,157
303,132,157
304,131,156
305,131,156
306,131,156
307,131,156
308,130,155
309,130,155
310,130,155
311,130,155
312,129,154
313,129,154
314,129,154
315,128,154
316,128,153
317,128,153
318,128,153
319,127,152
320,127,152
321,127,152
322,126,152
323,126,151
324,126,151
325,125,151
326,125,150
327,125,150
328,124,150
329,124,149
330,124,149
331,123,149
332,123,149
333,122,148
334,122,148
335,122,148
336,121,147
337,121,147
338,121,146
339,120,146
340,120,146
341,119,145
342,119,145
343,119,145
344,118,144
345,118,144
346,117,144
347,117,143
348,116,143
349,116,142
350,115,142
351,115,141
352,114,141
353,114,141
354,113,140
355,113,140
356,112,139
357,112,139
358,111,138
359,111,138
360,110,137
361,110,137
362,109,136
363,109,136
364,108,135
365,108,135
366,107,134
367,106,134
368,106,133
369,105,133
370,105,132
371,104,131
372,103,131
373,103,130
374,102,130
375,102,129
376,101,128
377,100,128
378,100,127
379,99,126
380,98,126
381,98,125
382,97,124
383,96,124
384,96,123
385,95,122
386,94,121
387,93,121
388,93,120
389,92,119
390,91,118
391,90,118
392,89,117
393,89,116
394,88,115
395,87,114
396,86,113
397,85,112
398,84,111
399,83,110
400,82,110
401,81,109
402,80,108
403,79,106
404,78,105
405,77,104
406,76,103
407,75,102
408,74,101
409,72,100
410,71,99
411,70,97
412,69,96
413,68,95
414,67,94
415,65,93
416,64,91
417,63,90
418,62,89
419,61,87
420,60,86
421,58,85
422,57,83
423,56,82
424,55,80
425,54,79
426,52,77
427,51,76
428,50,74
429,49,72
430,48,71
431,46,69
432,46,68
433,45,66
434,44,64
435,43,62
436,43,60
437,43,58
438,43,55
439,48,49
0,0
1,52
227,151,153
228,151,154
229,150,155
230,150,156
231,150,156
232,150,157
233,149,158
234,149,158
235,149,158
236,149,159
237,148,159
238,148,160
239,148,160
240,148,160
241,147,160
242,147,161
243,147,161
244,147,161
245,147,161
246,146,161
247,146,161
248,146,161
249,145,161
250,145,161
251,145,161
252,145,161
253,144,160
254,144,160
255,144,160
256,143,160
257,143,160
258,142,159
259,142,159
260,142,159
261,141,158
262,141,158
263,140,157
264,140,157
265,139,156
266,139,156
267,138,155
268,137,155
269,137,155
270,136,154
271,135,154
272,135,153
273,134,153
274,133,152
275,133,148
276,132,143
277,131,138
278,131,132
0,306
129,284,284
130,280,289
131,278,292
132,278,295
133,277,298
134,277,300
135,277,302
136,277,304
137,277,306
138,276,308
139,276,310
140,276,311
141,276,313
142,276,314
143,275,315
144,275,317
145,275,318
146,275,319
147,275,319
148,275,320
149,274,321
150,274,321
151,274,321
151,274,281
151,281,321
152,274,275
152,284,321
153,274,274
153,285,321
153,285,321
154,285,321
155,285,321
156,285,321
157,286,321
158,286,320
159,286,320
160,286,319
161,286,319
162,286,318
163,286,318
164,286,317
165,286,317
166,286,316
167,286,316
168,287,316
169,287,316
170,287,315
171,287,315
172,287,315
173,287,315
174,287,314
175,287,314
176,287,314
177,287,314
178,287,314
179,287,314
180,287,314
181,287,314
182,287,313
183,287,313
184,287,313
185,287,313
186,287,313
187,287,313
188,287,313
189,287,313
190,287,313
191,288,313
192,288,313
193,288,313
194,288,313
195,288,313
196,288,313
197,288,313
198,288,313
199,288,313
200,288,313
201,288,313
202,288,313
203,288,313
204,288,313
205,288,313
206,288,313
207,288,313
208,288,313
209,288,313
210,288,313
211,288,313
212,288,313
213,288,313
214,288,313
215,288,313
216,288,313
217,288,313
218,288,313
219,288,313
220,288,313
221,288,313
222,288,313
223,288,313
224,288,313
225,288,313
226,288,313
227,288,313
228,288,313
229,288,312
230,288,312
231,288,312
232,288,312
233,288,312
234,288,312
235,288,312
236,288,312
237,288,312
238,288,312
239,288,312
240,288,312
241,288,312
242,288,312
243,288,312
244,288,312
245,288,312
246,288,312
247,288,312
248,288,312
249,288,312
250,288,312
251,288,312
252,288,312
253,288,312
254,288,312
255,288,312
256,288,312
257,288,312
258,288,312
259,288,312
260,288,312
261,288,312
262,288,312
263,288,312
264,288,312
265,288,312
266,288,312
267,288,312
268,288,312
269,288,312
270,288,312
271,288,312
272,288,312
273,288,312
274,288,312
275,288,312
276,288,312
277,288,312
278,288,312
279,287,312
280,287,312
281,287,312
282,287,312
283,287,312
284,287,312
285,287,312
286,287,312
287,287,312
288,287,312
289,287,312
290,287,312
291,287,312
292,287,312
293,287,312
294,287,312
295,287,312
296,287,312
297,287,312
298,287,312
299,287,312
300,286,312
301,286,312
302,286,312
303,286,312
304,286,312
305,286,312
306,286,312
307,286,312
308,286,312
309,286,312
310,286,312
311,286,312
312,286,312
313,286,312
314,286,312
315,286,312
316,286,312
317,285,312
318,285,312
319,285,312
320,285,312
321,285,312
322,285,312
323,285,312
324,285,312
325,285,312
326,285,312
327,285,312
328,285,312
329,285,312
330,284,312
331,284,312
332,284,312
333,284,312
334,284,312
335,284,312
336,284,312
337,284,312
338,284,312
339,284,312
340,284,312
341,284,312
342,284,312
343,283,312
344,283,312
345,283,312
346,283,312
347,283,312
348,283,312
349,283,312
350,283,312
351,283,312
352,283,312
353,282,312
354,282,312
355,282,312
356,282,312
357,282,312
358,282,312
359,282,312
360,282,312
361,282,312
362,282,312
363,281,312
364,281,312
365,281,312
366,281,312
367,281,313
368,281,313
369,280,313
370,280,313
371,280,313
372,280,313
373,279,313
374,279,313
375,278,313
376,278,313
377,277,313
378,276,313
378,265,266
378,276,313
379,265,271
379,271,313
379,265,313
380,265,313
381,266,313
382,266,312
383,266,312
384,266,312
385,266,312
386,267,312
387,267,312
388,267,311
389,267,311
390,267,311
391,268,311
392,268,310
393,268,310
394,268,310
395,268,309
396,269,309
397,269,309
398,269,308
399,269,308
400,270,307
401,270,307
402,270,306
403,270,306
404,270,305
405,271,305
406,271,304
407,271,303
408,271,303
409,271,302
410,272,302
411,272,301
412,272,300
413,272,300
414,273,299
415,274,298
416,274,298
417,275,297
418,276,296
419,277,296
420,278,295
421,279,294
422,280,293
423,282,292
424,284,290
425,287,287
1,35
272,410,413
271,405,412
270,400,410
269,395,409
268,390,408
267,385,407
266,380,406
265,378,405
264,378,403
263,378,402
262,378,401
261,378,400
260,378,399
259,378,398
258,378,397
257,377,396
256,377,395
255,377,394
254,377,393
253,377,392
252,377,391
251,377,390
250,377,388
249,377,387
248,376,387
247,376,385
246,376,385
245,375,383
244,375,383
243,374,382
242,375,381
241,375,380
240,375,379
239,376,378
239,376,377
0,0
0,37
198,228,234
199,226,240
200,226,246
201,225,250
202,225,253
203,226,256
204,226,259
205,226,261
206,227,263
207,227,264
208,228,265
209,229,266
210,230,267
211,231,267
212,232,268
213,234,268
214,235,269
215,236,269
216,238,269
217,239,270
218,240,270
219,241,270
220,242,270
221,244,270
222,245,271
223,246,271
224,247,271
225,248,271
226,249,271
227,250,271
228,251,270
229,252,270
230,253,270
231,255,269
232,256,268
233,258,267
234,261,264
0,0
0,80
334,226,226
333,221,229
332,218,231
331,215,231
330,213,232
329,211,233
328,209,233
327,207,234
326,205,234
325,204,234
324,203,235
323,201,235
322,200,236
321,200,237
320,199,237
319,198,238
318,198,239
317,197,240
316,197,241
315,197,241
314,197,242
313,197,243
312,197,243
311,197,244
310,198,245
309,198,246
308,200,246
307,204,247
306,210,248
305,215,249
304,218,250
303,220,250
302,221,251
301,223,252
300,224,253
299,226,253
298,227,254
297,229,255
296,230,256
295,232,257
294,233,257
293,234,258
292,235,259
291,237,260
290,238,261
289,239,261
288,240,262
287,242,263
286,243,264
285,244,265
284,245,265
283,246,266
282,248,267
281,249,268
280,250,269
279,252,270
278,253,271
277,254,271
276,255,272
275,257,273
274,258,274
273,259,275
272,260,275
271,262,276
270,263,277
269,264,278
268,265,279
267,267,280
266,268,280
265,269,281
264,270,282
263,272,283
262,273,284
261,274,285
260,275,285
259,277,286
258,278,286
257,279,286
256,281,286
255,283,284
0,0
1,70
332,130,130
333,128,131
334,128,132
335,128,133
336,127,134
337,127,135
338,127,136
339,127,136
340,127,137
341,127,138
342,127,138
343,127,138
344,126,139
345,126,139
346,126,140
347,126,140
348,126,140
349,126,140
350,126,141
351,125,141
352,125,141
353,125,141
354,125,141
355,125,141
356,125,141
357,124,141
358,124,141
359,124,141
360,124,141
361,124,141
362,124,140
363,123,140
364,123,140
365,123,140
366,123,140
367,123,139
368,122,139
369,122,139
370,122,139
371,122,138
372,121,138
373,121,138
374,121,137
375,121,137
376,120,137
377,120,137
378,120,136
379,119,136
380,119,136
381,118,135
382,118,135
383,117,135
384,117,135
385,117,134
386,116,134
387,116,134
388,115,133
389,115,133
390,114,133
391,114,133
392,113,132
393,113,132
394,112,132
395,111,131
396,111,129
397,110,125
398,110,121
399,109,118
400,109,114
401,108,110
0,340
107,404,411
108,401,416
109,401,419
110,401,421
111,400,424
112,400,426
113,400,428
114,399,430
115,399,432
116,399,434
117,399,435
118,398,437
119,398,439
120,398,440
121,398,441
122,397,443
123,397,444
124,397,445
125,397,446
126,396,447
127,396,448
128,396,448
129,396,449
130,395,449
131,395,449
131,395,402
131,402,449
132,395,395
132,405,450
132,405,450
133,407,450
134,407,450
135,408,450
136,408,449
137,408,449
138,409,449
139,409,449
140,409,448
141,409,448
142,409,447
143,409,447
144,409,446
145,409,445
146,410,445
147,410,444
148,410,444
149,410,444
150,410,443
151,410,443
152,410,443
153,410,443
154,410,442
155,410,442
156,410,442
157,410,442
158,410,442
159,411,441
160,411,441
161,411,441
162,411,441
163,411,441
164,411,441
165,411,441
166,411,440
167,411,440
168,411,440
169,411,440
170,411,440
171,411,440
172,411,440
173,411,440
174,411,440
175,411,440
176,411,440
177,411,440
178,411,440
179,411,440
180,411,440
181,412,440
182,412,440
183,412,440
184,412,440
185,412,440
186,412,440
187,412,440
188,412,440
189,412,440
190,412,440
191,412,440
192,412,440
193,412,440
194,412,440
195,412,440
196,412,440
197,412,440
198,412,440
199,412,440
200,412,440
201,412,440
202,412,440
203,412,440
204,412,440
205,412,440
206,412,440
207,412,440
208,412,440
209,413,440
210,413,440
211,413,440
212,413,440
213,413,440
214,413,440
215,413,440
216,413,439
217,413,439
218,413,439
219,413,439
220,413,439
221,413,439
222,413,439
223,413,439
224,413,439
225,413,439
226,413,439
227,413,439
228,413,439
229,413,439
230,413,439
231,413,439
232,413,439
233,413,439
234,413,439
235,413,439
236,413,439
237,413,439
238,413,439
239,413,439
240,413,439
241,413,439
242,413,439
243,413,439
244,413,439
245,413,439
246,413,439
247,413,439
248,413,439
249,413,439
250,413,439
251,413,439
252,413,439
253,413,439
254,413,439
255,413,439
256,413,439
257,413,439
258,413,439
259,413,439
260,413,439
261,413,439
262,413,439
263,413,439
264,413,439
265,413,439
266,413,439
267,413,439
268,413,439
269,413,439
270,413,439
271,413,439
272,413,439
273,413,439
274,413,439
275,413,439
276,413,439
277,413,439
278,413,439
279,413,439
280,413,439
281,413,439
282,413,440
283,413,440
284,413,440
285,412,440
286,412,440
287,412,440
288,412,440
289,412,440
290,412,440
291,412,440
292,412,440
293,412,440
294,412,440
295,412,440
296,412,440
297,412,440
298,412,440
299,412,440
300,412,440
301,412,440
302,412,440
303,412,440
304,412,440
305,412,440
306,412,440
307,412,440
308,412,440
309,411,440
310,411,440
311,411,440
312,411,440
313,411,440
314,411,440
315,411,440
316,411,440
317,411,440
318,411,440
319,411,440
320,411,440
321,411,440
322,411,440
323,411,440
324,411,440
325,411,440
326,411,440
327,411,440
328,410,440
329,410,440
330,410,440
331,410,440
332,410,440
333,410,440
334,410,440
335,410,440
336,410,440
337,410,440
338,410,440
339,410,440
340,410,440
341,409,441
342,409,441
343,409,441
344,409,441
345,409,441
346,409,441
347,409,441
348,409,441
349,409,441
350,409,441
351,409,441
352,409,441
353,409,441
354,409,441
355,408,441
356,408,441
357,408,441
358,408,441
359,408,441
360,408,441
361,408,441
362,408,441
363,408,441
364,408,441
365,408,441
366,408,441
367,407,441
368,407,441
369,407,441
370,407,441
371,407,441
372,407,441
373,407,442
374,407,442
375,406,442
376,406,442
377,406,442
378,406,442
379,405,442
380,405,442
381,405,442
382,404,442
383,404,442
384,402,442
385,401,442
385,392,393
385,401,442
386,392,397
386,397,442
386,392,442
387,392,442
388,392,442
389,392,442
390,392,442
391,392,441
392,392,441
393,392,441
394,393,441
395,393,441
396,393,440
397,393,440
398,393,440
399,393,440
400,393,440
401,393,439
402,394,439
403,394,439
404,394,438
405,394,438
406,394,437
407,394,437
408,394,437
409,394,436
410,394,436
411,395,435
412,395,435
413,395,434
414,395,434
415,395,433
416,395,432
417,395,432
418,395,431
419,396,431
420,396,430
421,396,429
422,396,429
423,396,428
424,396,427
425,397,427
426,397,426
427,398,425
428,399,425
429,399,424
430,400,423
431,401,422
432,402,422
433,403,421
434,404,420
435,405,419
436,407,418
437,409,416
438,412,412
1,41
396,418,424
395,410,423
394,401,422
393,393,420
392,385,419
391,385,418
390,385,416
389,384,415
388,384,414
387,384,413
386,383,412
385,383,410
384,383,409
383,383,408
382,382,407
381,382,406
380,382,404
379,381,403
378,381,402
377,381,401
376,380,400
375,380,399
374,380,398
373,379,396
372,379,395
371,379,394
370,378,393
369,378,392
368,378,391
367,378,390
366,377,389
365,377,388
364,376,387
363,375,385
362,375,384
361,375,383
360,375,382
359,375,381
358,375,380
357,375,379
356,376,378
0,0
0,39
189,345,345
190,341,350
191,339,357
192,339,362
193,339,367
194,339,371
195,339,374
196,339,377
197,340,379
198,340,381
199,341,382
200,342,383
201,343,384
202,344,385
203,345,385
204,347,386
205,348,387
206,350,387
207,351,387
208,353,388
209,354,388
210,355,388
211,357,389
212,358,389
213,360,389
214,361,389
215,362,390
216,364,390
217,365,390
218,366,390
219,367,390
220,369,390
221,370,389
222,371,389
223,373,388
224,374,388
225,376,387
226,378,385
227,381,381
0,0
0,75
315,358,358
314,353,359
313,350,361
312,347,362
311,345,363
310,343,364
309,341,364
308,339,365
307,337,365
306,336,365
305,334,366
304,333,366
303,332,367
302,331,368
301,330,368
300,330,369
299,329,370
298,329,371
297,328,371
296,328,372
295,328,373
294,328,374
293,328,374
292,328,375
291,328,376
290,329,377
289,330,378
288,332,378
287,338,379
286,345,380
285,348,381
284,350,381
283,352,382
282,353,383
281,355,384
280,357,385
279,358,385
278,360,386
277,361,387
276,362,388
275,364,389
274,365,389
273,366,390
272,368,391
271,369,392
270,370,393
269,372,393
268,373,394
267,374,395
266,376,396
265,377,397
264,378,398
263,380,398
262,381,399
261,382,400
260,384,401
259,385,402
258,386,403
257,388,403
256,389,404
255,390,405
254,392,406
253,393,407
252,394,408
251,396,408
250,397,409
249,398,410
248,400,411
247,401,412
246,402,413
245,404,413
244,405,413
243,407,413
242,408,412
241,411,411
0,0
