0,141
93,121,121
94,116,125
95,113,129
96,113,131
97,112,134
98,113,136
99,113,138
100,113,139
101,114,141
102,115,143
103,116,144
104,116,145
105,117,147
106,118,148
107,118,149
108,119,150
109,119,151
110,120,152
111,121,152
112,121,153
113,122,153
114,122,153
115,123,154
116,123,154
117,124,154
118,124,154
119,124,154
120,125,154
121,125,154
122,126,154
123,126,154
124,127,154
125,127,155
126,127,155
127,128,155
128,128,155
129,128,155
130,129,155
131,129,155
132,129,155
133,130,155
134,130,156
135,130,156
136,130,156
137,131,156
138,131,156
139,131,156
140,132,156
141,132,156
142,132,157
143,132,157
144,132,157
145,133,157
146,133,157
147,133,157
148,133,157
149,134,158
150,134,158
151,134,158
152,134,158
153,135,158
154,135,158
155,135,159
156,135,159
157,135,159
158,136,159
159,136,159
160,136,159
161,136,160
162,136,160
163,137,160
164,137,160
165,137,160
166,137,160
167,137,160
168,137,161
169,137,161
170,138,161
171,138,161
172,138,161
173,138,161
174,138,162
175,138,162
176,139,162
177,139,162
178,139,162
179,139,162
180,139,163
181,139,163
182,139,163
183,139,163
184,140,163
185,140,163
186,140,163
187,140,164
188,140,164
189,140,164
190,140,164
191,140,165
192,141,165
193,141,165
194,141,166
195,141,166
196,141,166
197,141,166
198,141,167
199,141,167
200,142,167
201,142,167
202,142,168
203,142,168
204,143,168
205,143,168
206,143,168
207,143,169
208,144,169
209,144,169
210,144,169
211,145,169
212,145,169
213,146,170
214,146,170
215,147,170
216,147,170
217,148,170
218,148,170
219,149,170
220,150,170
221,150,170
222,151,170
223,152,170
224,152,170
225,153,170
226,154,170
227,155,170
228,156,169
229,157,169
230,158,169
231,159,169
232,161,168
233,163,167
0,0
1,216
132,104,108
133,103,109
134,103,111
135,102,112
136,102,113
137,102,113
138,102,114
139,102,115
140,102,115
141,102,116
142,102,116
143,102,117
144,101,117
145,101,117
146,101,118
147,101,118
148,101,118
149,101,118
150,101,119
151,101,119
152,101,119
153,101,119
154,101,119
155,101,119
156,100,119
157,100,118
158,100,118
159,100,118
160,100,118
161,100,118
162,100,117
163,100,117
164,100,117
165,100,117
166,100,117
167,99,116
168,99,116
169,99,116
170,99,116
171,99,115
172,99,115
173,99,115
174,99,115
175,99,115
176,98,114
177,98,114
178,98,114
179,98,114
180,98,114
181,98,113
182,98,113
183,98,113
184,97,113
185,97,112
186,97,112
187,97,112
188,97,112
189,97,112
190,97,112
191,97,111
192,96,111
193,96,111
194,96,111
195,96,111
196,96,110
197,96,110
198,96,110
199,96,110
200,95,110
201,95,109
202,95,109
203,95,109
204,95,109
205,95,109
206,95,109
207,95,108
208,94,108
209,94,108
210,94,108
211,94,108
212,94,108
213,94,107
214,94,107
215,93,107
216,93,107
217,93,107
218,93,107
219,93,106
220,93,106
221,93,106
222,92,106
223,92,106
224,92,106
225,92,105
226,92,105
227,92,105
228,92,105
229,91,105
230,91,105
231,91,105
232,91,104
233,91,104
234,91,104
235,91,104
236,90,104
237,90,104
238,90,104
239,90,103
240,90,103
241,90,103
242,90,103
243,89,103
244,89,103
245,89,103
246,89,102
247,89,102
248,89,102
249,89,102
250,89,102
251,88,102
252,88,102
253,88,102
254,88,101
255,88,101
256,88,101
257,88,101
258,88,101
259,87,101
260,87,101
261,87,101
262,87,101
263,87,100
264,87,100
265,87,100
266,87,100
267,86,100
268,86,100
269,86,100
270,86,100
271,86,100
272,86,99
273,86,99
274,86,99
275,85,99
276,85,99
277,85,99
278,85,99
279,85,99
280,85,98
281,85,98
282,85,98
283,85,98
284,84,98
285,84,98
286,84,97
287,84,97
288,84,97
289,84,97
290,84,97
291,84,97
292,84,97
293,83,97
294,83,97
295,83,97
296,83,97
297,83,97
298,83,97
299,83,97
300,83,97
301,82,97
302,82,97
303,82,97
304,82,97
305,82,97
306,82,97
307,82,97
308,82,97
309,81,97
310,81,97
311,81,97
312,81,97
313,81,97
314,81,97
315,81,97
316,80,97
317,80,97
318,80,97
319,80,97
320,80,97
321,80,97
322,80,97
323,79,97
324,79,97
325,79,97
326,79,97
327,79,97
328,79,97
329,78,97
330,78,97
331,78,97
332,78,97
333,78,98
334,78,98
335,77,98
336,77,98
337,77,98
338,77,99
339,77,99
340,76,99
341,76,100
342,76,101
343,76,101
344,76,95
345,75,85
346,75,76
346,75,75
0,151
74,350,350
75,346,353
76,345,357
77,345,359
78,345,361
79,345,363
80,345,365
81,345,366
82,345,368
83,345,369
84,345,371
85,345,373
86,344,374
87,344,375
88,344,377
89,344,378
90,344,379
91,344,380
92,344,382
93,344,383
94,344,384
95,344,385
96,343,386
97,343,387
98,343,388
99,343,389
100,343,390
101,343,391
102,343,392
103,344,392
104,344,393
105,344,393
106,344,394
107,345,394
108,345,394
109,345,394
110,345,394
111,345,394
112,345,394
113,345,393
114,345,393
115,345,392
116,345,392
117,344,391
118,344,390
119,344,389
120,344,388
121,344,387
122,344,386
123,344,385
124,343,384
125,343,383
126,343,382
127,343,381
128,343,381
129,342,380
130,342,379
131,342,378
132,342,378
133,342,377
134,341,377
135,341,376
136,341,376
137,340,375
138,340,375
139,340,374
140,340,374
141,339,373
142,339,373
143,339,372
144,339,372
145,338,372
146,338,371
147,338,371
148,337,371
149,337,370
150,337,370
151,337,370
152,336,369
153,336,369
154,336,368
155,335,368
156,335,368
157,335,367
158,334,367
159,334,367
160,334,366
161,333,366
162,333,366
163,333,365
164,333,365
165,332,364
166,332,364
167,332,364
168,331,363
169,331,363
170,330,363
171,330,362
172,330,362
173,329,362
174,329,361
175,329,361
176,328,361
177,328,360
178,327,360
179,327,359
180,326,359
181,326,359
182,325,358
183,325,358
184,324,357
185,323,357
186,322,357
187,321,356
188,319,356
189,316,355
190,311,355
191,310,355
192,309,354
193,309,354
194,309,354
195,309,353
196,309,353
197,310,352
198,310,352
199,310,351
200,311,351
201,311,351
202,312,350
203,312,350
204,313,349
205,313,349
206,314,348
207,314,348
208,315,347
209,315,347
210,316,346
211,317,346
212,317,345
213,318,345
214,319,344
215,320,344
216,320,343
217,321,342
218,322,341
219,323,340
220,324,339
221,325,338
222,326,337
223,328,335
224,332,332
0,0
1,199
151,154,157
152,154,158
153,154,159
154,153,160
155,153,161
156,153,162
157,153,162
158,153,163
159,153,163
160,153,163
161,152,163
162,152,164
163,152,164
164,152,164
165,152,164
166,152,164
167,152,164
168,152,164
169,152,164
170,151,164
171,151,164
172,151,164
173,151,165
174,151,165
175,151,165
176,151,165
177,151,165
178,150,165
179,150,165
180,150,164
181,150,164
182,150,164
183,150,164
184,150,164
185,150,164
186,149,164
187,149,164
188,149,164
189,149,164
190,149,164
191,149,164
192,149,164
193,149,164
194,148,164
195,148,164
196,148,164
197,148,164
198,148,164
199,148,163
200,148,163
201,148,163
202,147,163
203,147,163
204,147,163
205,147,163
206,147,163
207,147,163
208,147,163
209,147,162
210,146,162
211,146,162
212,146,162
213,146,162
214,146,162
215,146,162
216,146,162
217,145,162
218,145,162
219,145,161
220,145,161
221,145,161
222,145,161
223,145,161
224,145,161
225,144,161
226,144,161
227,144,160
228,144,160
229,144,160
230,144,160
231,144,160
232,143,160
233,143,160
234,143,160
235,143,159
236,143,159
237,143,159
238,143,159
239,143,159
240,142,159
241,142,159
242,142,159
243,142,158
244,142,158
245,142,158
246,142,158
247,141,158
248,141,158
249,141,158
250,141,158
251,141,158
252,141,157
253,141,157
254,140,157
255,140,157
256,140,157
257,140,157
258,140,157
259,140,157
260,140,157
261,139,157
262,139,156
263,139,156
264,139,156
265,139,156
266,139,156
267,139,156
268,138,156
269,138,156
270,138,156
271,138,155
272,138,155
273,138,155
274,137,155
275,137,155
276,137,155
277,137,155
278,137,155
279,137,155
280,137,154
281,136,154
282,136,154
283,136,154
284,136,154
285,136,154
286,136,154
287,136,154
288,135,154
289,135,154
290,135,153
291,135,153
292,135,153
293,135,153
294,135,153
295,134,153
296,134,153
297,134,153
298,134,153
299,134,153
300,134,153
301,134,152
302,133,152
303,133,152
304,133,152
305,133,152
306,133,152
307,133,152
308,133,152
309,133,152
310,133,152
311,132,152
312,132,151
313,132,151
314,132,151
315,132,151
316,132,151
317,132,151
318,132,151
319,132,151
320,132,151
321,132,151
322,132,150
323,131,150
324,131,150
325,131,150
326,131,150
327,131,150
328,132,150
329,132,150
330,132,150
331,132,150
332,132,150
333,133,149
334,133,149
335,133,149
336,134,149
337,134,149
338,134,149
339,135,149
340,135,149
341,136,149
342,136,149
343,137,148
344,138,148
345,139,148
346,140,148
347,141,147
348,142,147
349,145,145
0,0
0,186
20,224,231
21,221,236
22,220,239
23,219,242
24,219,244
25,218,247
26,218,248
27,218,250
28,218,252
29,218,254
30,219,256
31,219,257
32,219,259
33,220,260
34,221,261
35,221,263
36,222,264
37,222,264
38,223,265
39,223,266
40,224,266
41,224,266
42,225,266
43,225,266
44,226,266
45,226,266
46,226,265
47,227,265
48,227,265
49,227,265
50,227,264
51,228,264
52,228,264
53,228,264
54,228,264
55,229,263
56,229,263
57,229,263
58,229,263
59,229,262
60,230,262
61,230,262
62,230,262
63,230,262
64,230,262
65,231,262
66,231,261
67,231,261
68,231,261
69,231,261
70,231,261
71,231,261
72,232,261
73,232,261
74,232,261
75,232,260
76,232,260
77,232,260
78,232,260
79,232,260
80,232,260
81,232,260
82,232,260
83,233,260
84,233,260
85,233,260
86,233,260
87,233,259
88,233,259
89,233,259
90,233,259
91,233,259
92,233,259
93,233,259
94,233,259
95,233,259
96,233,259
97,233,259
98,233,259
99,233,259
100,233,259
101,234,259
102,234,259
103,234,258
104,234,258
105,234,258
106,234,258
107,234,258
108,234,258
109,234,258
110,234,258
111,234,258
112,234,258
113,234,258
114,234,258
115,234,258
116,234,258
117,234,258
118,234,257
119,234,257
120,234,257
121,234,257
122,234,257
123,234,257
124,234,257
125,234,257
126,234,257
127,234,257
128,234,257
129,234,257
130,234,257
131,234,257
132,234,257
133,234,256
134,234,256
135,234,256
136,234,256
137,234,256
138,234,256
139,234,256
140,234,256
141,234,256
142,234,256
143,234,256
144,234,256
145,234,256
146,234,256
147,234,256
148,234,255
149,234,255
150,234,255
151,234,255
152,234,255
153,234,255
154,234,255
155,234,255
156,234,255
157,234,255
158,234,255
159,234,255
160,234,255
161,234,255
162,234,255
163,234,255
164,234,254
165,234,254
166,234,254
167,234,254
168,234,254
169,234,254
170,234,254
171,234,254
172,234,254
173,234,254
174,234,254
175,234,254
176,234,254
177,233,254
178,233,254
179,233,253
180,233,253
181,233,253
182,233,253
183,233,253
184,233,253
185,233,253
186,233,253
187,233,253
188,233,253
189,233,253
190,233,253
191,233,253
192,233,253
193,233,253
194,233,253
195,233,252
196,233,252
197,233,252
198,233,252
199,233,252
200,233,250
201,233,247
202,233,243
203,233,240
204,233,236
205,233,233
0,0
1,167
157,209,212
158,208,213
159,208,214
160,208,215
161,208,216
162,208,216
163,207,217
164,207,217
165,207,217
166,207,217
167,207,218
168,207,218
169,207,218
170,206,218
171,206,218
172,206,218
173,206,218
174,206,218
175,206,218
176,206,218
177,205,218
178,205,219
179,205,218
180,205,218
181,205,218
182,205,218
183,204,218
184,204,218
185,204,218
186,204,218
187,204,218
188,204,218
189,204,218
190,203,218
191,203,218
192,203,218
193,203,218
194,203,218
195,203,218
196,202,217
197,202,217
198,202,217
199,202,217
200,202,217
201,202,217
202,201,217
203,201,217
204,201,217
205,201,216
206,201,216
207,201,216
208,201,216
209,200,216
210,200,216
211,200,216
212,200,216
213,200,215
214,200,215
215,200,215
216,199,215
217,199,215
218,199,215
219,199,215
220,199,215
221,198,214
222,198,214
223,198,214
224,198,214
225,198,214
226,198,214
227,197,214
228,197,213
229,197,213
230,197,213
231,197,213
232,197,213
233,196,213
234,196,213
235,196,213
236,196,212
237,196,212
238,196,212
239,195,212
240,195,212
241,195,212
242,195,212
243,195,212
244,195,211
245,194,211
246,194,211
247,194,211
248,194,211
249,194,211
250,194,211
251,193,211
252,193,210
253,193,210
254,193,210
255,193,210
256,193,210
257,192,210
258,192,210
259,192,210
260,192,209
261,192,209
262,192,209
263,191,209
264,191,209
265,191,209
266,191,209
267,191,209
268,190,209
269,190,208
270,190,208
271,190,208
272,190,208
273,190,208
274,189,208
275,189,208
276,189,208
277,189,208
278,189,207
279,189,207
280,188,207
281,188,207
282,188,207
283,188,207
284,188,207
285,188,207
286,187,207
287,187,206
288,187,206
289,187,206
290,187,206
291,187,206
292,187,206
293,187,206
294,187,206
295,187,206
296,187,206
297,187,205
298,187,205
299,187,205
300,187,205
301,186,205
302,187,205
303,187,205
304,187,205
305,187,205
306,187,205
307,188,204
308,188,204
309,188,204
310,188,204
311,189,204
312,189,204
313,189,204
314,190,204
315,190,204
316,191,204
317,191,203
318,192,203
319,193,203
320,194,203
321,195,202
322,196,202
323,198,201
0,0
0,213
249,157,161
250,154,166
251,153,168
252,151,171
253,151,173
254,151,176
255,151,177
256,151,179
257,151,180
258,152,182
259,152,183
260,153,184
261,154,185
262,155,186
263,155,187
264,156,188
265,157,188
266,157,189
267,158,189
268,158,189
269,158,189
270,159,189
271,159,189
272,159,189
273,159,189
274,159,188
275,159,188
276,159,188
277,159,188
278,159,188
279,159,187
280,160,187
281,160,187
282,160,187
283,160,187
284,160,187
285,160,187
286,160,187
287,160,187
288,160,187
289,160,187
290,160,187
291,160,187
292,160,186
293,160,186
294,160,186
295,160,186
296,160,186
297,161,186
298,161,186
299,161,186
300,161,186
301,161,186
302,161,186
303,161,186
304,161,186
305,161,186
306,161,186
307,161,186
308,161,186
309,161,186
310,161,186
311,161,186
312,161,186
313,161,186
314,161,186
315,161,186
316,161,186
317,161,186
318,161,186
319,161,185
320,161,185
321,161,185
322,161,185
323,161,185
324,161,185
325,161,185
326,161,185
327,161,185
328,161,185
329,161,185
330,161,185
331,161,184
332,161,184
333,161,184
334,161,184
335,161,184
336,160,184
337,160,184
338,160,184
339,160,183
340,160,183
341,160,183
342,160,183
343,160,183
344,160,183
345,160,183
346,160,182
347,160,182
348,160,182
349,159,182
350,159,182
351,159,182
352,159,181
353,159,181
354,159,181
355,159,181
356,159,181
357,159,180
358,158,180
359,158,180
360,158,180
361,158,180
362,158,180
363,158,179
364,158,179
365,157,179
366,157,179
367,157,178
368,157,178
369,157,178
370,156,178
371,156,177
372,156,177
373,156,177
374,156,177
375,155,177
376,155,176
377,155,176
378,155,176
379,155,175
380,154,175
381,154,175
382,154,175
383,154,174
384,154,174
385,153,174
386,153,173
387,153,173
388,152,173
389,152,172
390,152,172
391,152,172
392,151,172
393,151,171
394,151,171
395,151,171
396,150,170
397,150,170
398,150,170
399,149,169
400,149,169
401,149,169
402,148,168
403,148,168
404,148,167
405,148,167
406,147,167
407,147,166
408,146,166
409,146,165
410,146,165
411,145,165
412,145,164
413,145,164
414,144,163
415,144,163
416,143,162
417,143,162
418,143,161
419,142,161
420,142,160
421,141,160
422,141,160
423,141,159
424,140,158
425,140,158
426,139,157
427,139,157
428,138,156
429,138,156
430,137,155
431,137,154
432,136,154
433,136,153
434,135,153
435,135,152
436,134,151
437,134,150
438,134,149
439,133,149
440,133,148
441,132,147
442,132,146
443,131,146
444,131,145
445,130,144
446,130,143
447,129,142
448,129,142
449,128,141
450,128,140
451,127,139
452,127,138
453,126,137
454,126,137
455,125,136
456,125,135
457,125,134
458,125,133
459,124,131
460,125,130
461,126,126
0,0
1,140
160,260,262
161,260,263
162,260,265
163,260,266
164,259,267
165,259,267
166,259,268
167,259,269
168,259,269
169,259,270
170,259,270
171,259,270
172,259,271
173,259,271
174,259,271
175,259,271
176,259,272
177,259,272
178,259,272
179,259,272
180,259,272
181,259,272
182,259,272
183,259,272
184,259,272
185,258,272
186,258,272
187,258,272
188,258,272
189,258,271
190,258,271
191,258,271
192,258,271
193,258,271
194,257,271
195,257,270
196,257,270
197,257,270
198,257,270
199,257,270
200,257,269
201,256,269
202,256,269
203,256,269
204,256,269
205,256,268
206,256,268
207,255,268
208,255,268
209,255,268
210,255,268
211,255,267
212,255,267
213,254,267
214,254,267
215,254,267
216,254,267
217,254,266
218,254,266
219,253,266
220,253,266
221,253,266
222,253,266
223,253,265
224,252,265
225,252,265
226,252,265
227,252,265
228,252,265
229,252,264
230,251,264
231,251,264
232,251,264
233,251,264
234,251,264
235,250,264
236,250,263
237,250,263
238,250,263
239,250,263
240,249,263
241,249,263
242,249,263
243,249,262
244,249,262
245,248,262
246,248,262
247,248,262
248,248,262
249,248,262
250,247,261
251,247,261
252,247,261
253,247,261
254,247,261
255,246,261
256,246,261
257,246,261
258,246,261
259,246,260
260,245,260
261,245,260
262,245,260
263,245,260
264,244,260
265,244,260
266,244,260
267,244,260
268,244,260
269,243,259
270,243,259
271,243,259
272,243,259
273,242,259
274,242,259
275,242,259
276,242,259
277,241,259
278,241,259
279,241,259
280,241,259
281,240,259
282,240,259
283,240,259
284,240,259
285,239,259
286,239,259
287,239,259
288,239,259
289,238,259
290,238,259
291,238,259
292,259,259
292,237,260
293,239,260
294,244,260
295,249,260
296,254,261
297,260,261
297,261,261
0,239
234,302,302
235,296,307
236,294,311
237,292,314
238,292,316
239,292,319
240,293,321
241,293,323
242,293,325
243,293,326
244,293,328
245,294,330
246,294,331
247,294,333
248,294,334
249,294,335
250,295,336
251,295,337
252,295,338
253,295,339
254,295,340
255,296,341
256,296,341
257,296,341
258,296,342
259,296,342
260,296,342
261,297,342
262,298,341
263,299,341
264,299,340
265,300,340
266,301,339
267,301,339
268,302,338
269,302,338
270,302,337
271,303,337
272,303,336
273,304,336
274,304,336
275,304,335
276,305,335
277,305,335
278,305,335
279,305,334
280,305,334
281,305,334
282,305,334
283,305,334
284,305,333
285,305,333
286,305,333
287,305,333
288,305,333
289,305,333
290,305,333
291,305,333
292,306,333
293,306,333
294,306,332
295,306,332
296,306,332
297,306,332
298,306,332
299,306,332
300,306,332
301,306,332
302,306,332
303,306,332
304,306,332
305,306,332
306,306,332
307,306,332
308,306,332
309,306,332
310,307,332
311,307,332
312,307,332
313,307,333
314,307,333
315,307,333
316,307,333
317,307,333
318,307,333
319,307,333
320,307,333
321,307,333
322,307,333
323,307,333
324,307,333
325,307,333
326,307,333
327,307,333
328,307,333
329,307,333
330,307,334
331,307,334
332,307,334
333,307,334
334,307,334
335,308,334
336,308,334
337,308,334
338,308,334
339,308,334
340,308,334
341,308,334
342,308,334
343,308,334
344,308,334
345,308,335
346,308,335
347,308,335
348,308,335
349,308,335
350,308,335
351,308,335
352,308,335
353,308,335
354,308,335
355,308,335
356,308,335
357,308,335
358,308,335
359,308,335
360,308,335
361,308,336
362,308,336
363,308,336
364,308,336
365,308,336
366,308,336
367,308,336
368,308,336
369,308,336
370,308,336
371,308,336
372,308,336
373,308,336
374,308,336
375,308,336
376,308,336
377,307,336
378,307,337
379,307,337
380,307,337
381,307,337
382,307,337
383,307,337
384,307,337
385,307,337
386,307,337
387,307,337
388,307,337
389,307,337
390,307,337
391,307,337
392,307,337
393,306,337
394,306,337
395,306,337
396,306,337
397,306,338
398,306,338
399,306,338
400,306,338
401,306,338
402,305,338
403,305,338
404,305,338
405,305,338
406,305,338
407,305,338
408,305,337
409,304,337
410,304,337
411,304,337
412,304,337
413,304,337
414,303,337
415,303,337
416,303,337
417,303,337
418,303,337
419,302,337
420,302,337
421,302,336
422,301,336
423,301,336
424,300,336
425,300,336
426,299,336
427,299,336
428,298,335
429,296,335
430,297,335
431,297,335
432,297,335
433,298,334
434,298,334
435,298,334
436,299,333
437,299,333
438,299,333
439,300,333
440,300,332
441,300,332
442,301,332
443,301,331
444,301,331
445,302,330
446,302,330
447,302,329
448,302,329
449,303,329
450,303,328
451,303,327
452,304,327
453,304,326
454,304,326
455,305,325
456,305,325
457,305,324
458,306,324
459,306,323
460,306,323
461,307,322
462,307,321
463,307,320
464,308,320
465,308,319
466,308,318
467,308,317
468,309,316
469,309,315
470,309,314
471,310,313
472,310,310
1,60
310,470,472
309,467,472
308,464,472
307,461,471
306,457,471
305,454,471
304,451,471
303,448,470
302,445,470
301,442,469
300,438,469
299,435,468
298,432,468
297,429,467
296,429,466
295,429,465
294,429,464
293,429,463
292,429,463
291,429,462
290,429,460
289,429,459
288,429,458
287,429,457
286,429,456
285,429,455
284,428,454
283,428,453
282,428,452
281,428,451
280,428,450
279,427,449
278,427,449
277,427,448
276,427,447
275,427,446
274,426,445
273,426,444
272,426,443
271,426,442
270,425,441
269,425,440
268,425,440
267,425,439
266,424,438
265,424,437
264,424,436
263,423,435
262,423,435
261,423,434
260,423,433
259,422,432
258,422,431
257,422,431
256,422,430
255,421,429
254,421,428
253,421,427
252,422,426
251,423,425
0,0
0,39
289,197,218
290,188,234
291,184,240
292,184,245
293,183,248
294,183,250
295,183,252
296,183,254
297,184,256
298,184,257
299,185,258
300,186,259
301,187,260
302,189,261
303,191,261
304,193,262
305,196,263
306,198,263
307,201,264
308,204,265
309,208,265
310,211,266
311,213,266
312,216,267
313,219,267
314,222,267
315,225,268
316,227,268
317,230,268
318,233,268
319,236,268
320,238,268
321,241,268
322,243,268
323,246,267
324,248,267
325,251,266
326,254,264
327,258,261
0,0
1,145
172,368,372
173,367,374
174,365,375
175,365,376
176,364,377
177,364,378
178,364,379
179,364,380
180,364,380
181,364,381
182,364,382
183,364,383
184,364,383
185,364,384
186,364,385
187,364,385
188,363,386
189,363,386
190,363,387
191,363,387
192,363,388
193,363,389
194,363,389
195,363,390
196,362,390
197,362,390
198,362,391
199,362,391
200,362,391
201,361,391
202,361,392
203,361,391
204,361,391
205,361,391
206,360,391
207,360,391
208,360,390
209,360,390
210,360,389
211,359,388
212,359,388
213,359,387
214,359,386
215,358,386
216,358,385
217,358,384
218,358,384
219,357,383
220,357,382
221,357,382
222,357,381
223,356,381
224,356,380
225,356,380
226,356,379
227,355,379
228,355,378
229,355,377
230,355,377
231,354,376
232,354,376
233,354,375
234,354,375
235,353,374
236,353,374
237,353,373
238,352,373
239,352,373
240,352,372
241,352,372
242,351,371
243,351,371
244,351,370
245,351,370
246,350,370
247,350,369
248,350,369
249,349,368
250,349,368
251,349,367
252,349,367
253,348,367
254,348,366
255,348,366
256,348,365
257,347,365
258,347,364
259,347,364
260,346,364
261,346,363
262,346,363
263,346,362
264,345,362
265,345,362
266,345,361
267,344,361
268,344,360
269,344,360
270,343,359
271,343,359
272,343,359
273,343,358
274,342,358
275,342,357
276,342,357
277,341,356
278,341,356
279,341,356
280,341,355
281,340,355
282,340,354
283,340,354
284,339,353
285,339,353
286,339,353
287,339,352
288,338,352
289,338,351
290,338,351
291,337,350
292,337,350
293,337,349
294,336,349
295,336,349
296,336,348
297,336,348
298,335,347
299,335,347
300,335,346
301,334,346
302,334,345
303,334,345
304,333,344
305,333,343
306,333,343
307,332,342
308,332,342
309,332,341
310,332,340
311,332,340
312,331,339
313,332,338
314,332,338
315,332,337
316,333,336
0,0
