0,331
76,73,81
77,71,85
78,70,88
79,69,91
80,68,93
81,68,95
82,68,97
83,68,99
84,68,100
85,69,102
86,69,103
87,70,104
88,71,105
89,72,106
90,73,107
91,73,107
92,74,108
93,75,108
94,76,109
95,76,109
96,77,109
97,78,109
98,78,108
99,78,108
100,79,108
101,79,108
102,80,108
103,80,107
104,80,107
105,80,107
106,80,107
107,81,107
108,81,107
109,81,107
110,81,107
111,81,107
112,81,107
113,81,107
114,81,107
115,81,107
116,82,107
117,82,106
118,82,106
119,82,106
120,82,106
121,82,106
122,82,106
123,82,106
124,82,106
125,82,106
126,82,106
127,82,106
128,82,107
129,82,107
130,82,107
131,82,107
132,83,107
133,83,107
134,83,107
135,83,107
136,83,107
137,83,107
138,83,107
139,83,107
140,83,107
141,83,107
142,83,107
143,83,107
144,83,107
145,83,107
146,83,107
147,83,107
148,83,107
149,84,107
150,84,107
151,84,107
152,84,107
153,84,107
154,84,107
155,84,107
156,84,107
157,84,107
158,84,107
159,84,107
160,84,107
161,84,107
162,84,107
163,84,107
164,84,107
165,84,107
166,84,107
167,84,107
168,84,107
169,85,107
170,85,107
171,85,107
172,85,107
173,85,107
174,85,107
175,85,107
176,85,107
177,85,107
178,85,107
179,85,107
180,85,107
181,85,107
182,85,107
183,85,107
184,85,107
185,85,107
186,85,107
187,85,107
188,85,107
189,85,107
190,85,107
191,85,107
192,84,107
193,84,107
194,84,107
195,84,107
196,84,107
197,84,107
198,84,107
199,84,107
200,84,106
201,84,106
202,84,106
203,84,106
204,84,106
205,84,106
206,84,106
207,84,106
208,84,106
209,84,106
210,84,106
211,84,106
212,84,106
213,84,105
214,84,105
215,84,105
216,83,105
217,83,105
218,83,105
219,83,105
220,83,105
221,83,105
222,83,105
223,83,105
224,83,104
225,83,104
226,83,104
227,83,104
228,82,104
229,82,104
230,82,104
231,82,104
232,82,103
233,82,103
234,82,103
235,82,103
236,82,103
237,82,103
238,81,103
239,81,103
240,81,103
241,81,102
242,81,102
243,81,102
244,81,102
245,81,102
246,81,102
247,80,101
248,80,101
249,80,101
250,80,101
251,80,101
252,80,101
253,80,100
254,79,100
255,79,100
256,79,100
257,79,100
258,79,100
259,79,100
260,78,99
261,78,99
262,78,99
263,78,99
264,78,99
265,77,98
266,77,98
267,77,98
268,77,98
269,77,98
270,77,97
271,77,97
272,76,97
273,76,97
274,76,97
275,76,96
276,75,96
277,75,96
278,75,96
279,75,96
280,75,95
281,74,95
282,74,95
283,74,95
284,74,94
285,73,94
286,73,94
287,73,94
288,73,93
289,73,93
290,72,93
291,72,93
292,72,92
293,72,92
294,71,92
295,71,92
296,71,91
297,71,91
298,70,91
299,70,91
300,70,90
301,69,90
302,69,90
303,69,89
304,69,89
305,68,89
306,68,89
307,68,88
308,68,88
309,67,88
310,67,87
311,67,87
312,66,87
313,66,86
314,66,86
315,65,86
316,65,86
317,65,85
318,65,85
319,64,85
320,64,84
321,64,84
322,63,84
323,63,83
324,63,83
325,62,82
326,62,82
327,61,82
328,61,81
329,61,81
330,61,81
331,60,80
332,60,80
333,59,80
334,59,79
335,59,79
336,58,78
337,58,78
338,58,78
339,57,77
340,57,77
341,56,76
342,56,76
343,56,76
344,55,75
345,55,75
346,54,74
347,54,74
348,53,73
349,53,73
350,53,73
351,52,72
352,52,72
353,51,71
354,51,71
355,50,70
356,50,70
357,49,69
358,49,69
359,48,68
360,48,67
361,48,67
362,47,66
363,47,66
364,46,65
365,46,65
366,45,64
367,45,63
368,44,63
369,44,62
370,43,62
371,43,61
372,42,60
373,42,59
374,42,59
375,41,58
376,41,57
377,40,57
378,40,56
379,39,55
380,39,55
381,38,54
382,38,53
383,37,52
384,37,52
385,36,51
386,36,50
387,35,49
388,35,49
389,34,48
390,34,47
391,33,47
392,33,46
393,32,45
394,32,44
395,32,44
396,31,43
397,31,42
398,30,41
399,29,41
400,29,40
401,29,39
402,29,38
403,29,37
404,28,36
405,29,34
406,29,32
0,0
1,59
87,85,87
88,85,88
89,84,89
90,84,90
91,84,90
92,84,91
93,83,91
94,83,92
95,83,92
96,83,93
97,83,93
98,82,94
99,82,94
100,82,94
101,82,94
102,82,94
103,82,95
104,81,95
105,81,95
106,81,95
107,81,95
108,81,95
109,80,94
110,80,94
111,80,94
112,80,94
113,79,94
114,79,93
115,79,93
116,79,93
117,78,93
118,78,93
119,78,92
120,77,92
121,77,92
122,77,91
123,76,91
124,76,91
125,76,90
126,75,90
127,75,89
128,74,89
129,74,89
130,73,89
131,73,88
132,72,88
133,72,87
134,71,87
135,71,87
136,70,86
137,70,86
138,69,86
139,68,85
140,68,85
141,67,85
142,66,80
143,66,75
144,65,70
145,65,65
0,354
63,150,150
64,146,155
65,145,159
66,144,162
67,144,165
68,144,167
69,144,169
70,144,171
71,143,173
72,143,175
73,143,177
74,143,178
75,143,179
76,142,181
77,142,182
78,142,183
79,142,184
80,142,185
81,141,185
82,141,186
83,141,186
84,141,186
84,141,145
84,145,186
85,141,141
85,150,186
85,150,186
86,151,186
87,151,186
88,152,186
89,152,186
90,152,186
91,152,185
92,152,185
93,153,184
94,153,184
95,153,183
96,153,183
97,153,182
98,153,182
99,153,182
100,153,181
101,154,181
102,154,181
103,154,181
104,154,180
105,154,180
106,154,180
107,154,180
108,154,180
109,154,180
110,154,180
111,154,180
112,154,179
113,154,179
114,155,179
115,155,179
116,155,179
117,155,179
118,155,179
119,155,179
120,155,179
121,155,179
122,155,179
123,155,179
124,155,179
125,155,179
126,155,179
127,155,179
128,155,179
129,155,179
130,155,179
131,155,179
132,156,179
133,156,179
134,156,179
135,156,179
136,156,179
137,156,179
138,156,179
139,156,179
140,156,179
141,156,179
142,156,179
143,156,179
144,156,179
145,156,179
146,156,179
147,156,179
148,156,179
149,156,179
150,156,179
151,156,179
152,156,179
153,156,179
154,156,179
155,157,179
156,157,179
157,157,179
158,157,179
159,157,179
160,157,179
161,157,179
162,157,179
163,157,179
164,157,179
165,157,179
166,157,179
167,157,179
168,157,179
169,157,179
170,157,179
171,157,179
172,157,179
173,157,179
174,157,179
175,157,179
176,157,179
177,157,179
178,157,179
179,157,179
180,157,179
181,157,179
182,158,179
183,158,179
184,158,179
185,158,179
186,158,179
187,158,179
188,158,179
189,158,179
190,158,179
191,158,179
192,158,179
193,158,179
194,158,179
195,158,179
196,158,179
197,158,179
198,158,179
199,158,179
200,158,179
201,158,179
202,158,179
203,158,179
204,158,179
205,158,179
206,158,179
207,158,179
208,158,179
209,158,179
210,158,179
211,158,179
212,158,179
213,158,179
214,158,179
215,158,179
216,158,179
217,158,179
218,158,179
219,158,179
220,158,179
221,158,179
222,158,179
223,158,179
224,158,179
225,158,179
226,158,179
227,158,179
228,158,179
229,158,179
230,158,179
231,158,179
232,158,179
233,158,179
234,158,179
235,158,179
236,158,179
237,158,179
238,158,179
239,158,179
240,158,179
241,158,179
242,158,179
243,158,179
244,158,179
245,158,179
246,158,179
247,158,179
248,158,179
249,158,179
250,158,179
251,158,179
252,158,179
253,158,179
254,158,179
255,158,179
256,158,179
257,158,179
258,158,179
259,157,179
260,157,179
261,157,179
262,157,179
263,157,179
264,157,179
265,157,179
266,157,179
267,157,179
268,157,179
269,157,179
270,157,179
271,157,179
272,157,179
273,157,179
274,157,179
275,157,179
276,157,179
277,157,179
278,157,179
279,157,179
280,157,179
281,157,179
282,157,179
283,157,179
284,157,179
285,157,179
286,156,179
287,156,179
288,156,179
289,156,180
290,156,180
291,156,180
292,156,180
293,156,180
294,156,180
295,156,180
296,156,180
297,156,180
298,156,180
299,156,180
300,156,180
301,156,180
302,156,180
303,156,180
304,156,180
305,156,180
306,155,180
307,155,180
308,155,180
309,155,180
310,155,180
311,155,180
312,155,180
313,155,180
314,155,180
315,155,180
316,155,180
317,155,180
318,155,180
319,155,180
320,155,180
321,155,180
322,154,180
323,154,180
324,154,180
325,154,180
326,154,180
327,154,180
328,154,180
329,154,180
330,154,180
331,154,180
332,154,180
333,154,180
334,154,181
335,154,181
336,153,181
337,153,181
338,153,181
339,153,181
340,153,181
341,153,181
342,153,181
343,153,181
344,153,181
345,153,181
346,153,181
347,153,181
348,153,181
349,152,181
350,152,181
351,152,181
352,152,181
353,152,181
354,152,181
355,152,181
356,152,181
357,152,181
358,152,181
359,152,182
360,151,182
361,151,182
362,151,182
363,151,182
364,150,182
365,150,182
366,149,182
367,148,182
368,139,182
369,139,182
370,139,182
371,139,182
372,139,182
373,140,181
374,140,181
375,140,181
376,140,181
377,140,181
378,140,181
379,140,180
380,140,180
381,141,180
382,141,179
383,141,179
384,141,179
385,141,178
386,141,178
387,141,178
388,142,177
389,142,177
390,142,176
391,142,176
392,142,175
393,142,175
394,142,174
395,143,173
396,143,173
397,143,172
398,143,172
399,143,171
400,143,171
401,143,170
402,144,169
403,144,169
404,145,168
405,146,167
406,147,167
407,148,166
408,149,165
409,150,164
410,151,163
411,152,162
412,154,160
1,35
144,401,401
143,394,401
142,387,400
141,379,398
140,372,397
139,368,396
138,368,395
137,368,394
136,368,392
135,367,391
134,367,390
133,367,389
132,366,387
131,366,386
130,366,385
129,366,384
128,365,383
127,365,382
126,365,381
125,365,380
124,364,378
123,364,378
122,364,376
121,364,375
120,363,374
119,363,373
118,363,372
117,362,371
116,362,370
115,361,369
114,361,368
113,361,367
112,361,366
111,362,365
110,362,364
0,0
0,38
152,103,111
153,100,124
154,99,131
155,99,137
156,99,141
157,99,144
158,99,147
159,100,149
160,100,150
161,101,152
162,102,153
163,103,154
164,105,155
165,106,155
166,108,156
167,109,156
168,111,157
169,114,157
170,116,158
171,117,158
172,119,159
173,121,159
174,123,160
175,125,160
176,127,160
177,129,160
178,130,161
179,132,161
180,134,161
181,136,161
182,138,161
183,139,161
184,141,160
185,143,160
186,144,159
187,146,158
188,149,156
189,153,153
0,0
1,78
88,251,254
89,250,256
90,249,257
91,248,258
92,248,259
93,248,259
94,247,260
95,247,260
96,247,261
97,247,261
98,247,262
99,246,262
100,246,263
101,246,263
102,246,263
103,245,264
104,245,264
105,245,265
106,244,265
107,244,265
108,244,265
109,243,266
110,243,266
111,242,266
112,242,266
113,242,267
114,241,267
115,241,267
116,241,267
117,240,267
118,240,267
119,239,266
120,239,266
121,238,266
122,238,265
123,238,264
124,237,262
125,237,261
126,236,260
127,236,259
128,236,258
129,235,257
130,235,256
131,234,255
132,234,254
133,233,253
134,233,252
135,233,252
136,232,251
137,232,250
138,231,249
139,231,248
140,230,248
141,230,247
142,230,246
143,229,245
144,229,244
145,228,243
146,228,243
147,227,242
148,227,241
149,226,240
150,226,239
151,225,239
152,225,238
153,225,237
154,224,236
155,224,235
156,223,234
157,223,233
158,222,232
159,222,232
160,222,231
161,222,230
162,221,228
163,221,227
164,221,226
165,222,225
0,0
0,45
49,254,254
50,250,258
51,249,262
52,249,266
53,249,269
54,249,273
55,249,275
56,249,278
57,249,280
58,249,283
59,250,285
60,250,287
61,251,288
62,252,290
63,253,291
64,254,292
65,255,293
66,256,293
67,257,294
68,258,294
69,259,295
70,260,295
71,261,295
72,262,295
73,263,296
74,264,296
75,265,296
76,266,296
77,267,296
78,268,296
79,269,296
80,270,296
81,271,296
82,271,296
83,272,296
84,273,296
85,274,296
86,275,296
87,276,296
88,277,295
89,278,295
90,279,294
91,281,293
92,282,292
93,286,290
0,0
0,75
20,360,360
21,356,365
22,354,368
23,354,370
24,353,373
25,353,375
26,353,377
27,353,379
28,353,380
29,354,382
30,354,383
31,354,384
32,354,386
33,354,387
34,354,388
35,354,389
36,354,390
37,353,391
38,353,391
39,353,392
40,352,392
41,352,392
42,351,392
43,351,392
44,350,392
45,349,391
46,349,390
47,348,389
48,348,387
49,347,386
50,347,384
51,346,382
52,346,381
53,345,379
54,345,378
55,344,376
56,343,375
57,343,374
58,342,373
59,341,372
60,341,371
61,340,370
62,339,368
63,339,367
64,338,365
65,337,364
66,337,363
67,336,362
68,335,360
69,335,359
70,334,358
71,333,356
72,332,355
73,332,354
74,331,353
75,330,351
76,329,350
77,329,349
78,328,347
79,327,346
80,327,345
81,326,343
82,325,342
83,324,340
84,324,339
85,323,337
86,322,336
87,322,334
88,321,333
89,321,331
90,320,330
91,320,328
92,320,327
93,320,325
94,322,322
0,0
1,170
233,123,125
234,122,126
235,122,127
236,121,127
237,121,128
238,121,129
239,121,129
240,121,130
241,120,130
242,120,131
243,120,131
244,120,132
245,120,132
246,120,133
247,120,133
248,120,133
249,120,134
250,120,134
251,120,134
252,119,134
253,119,135
254,119,135
255,119,135
256,119,135
257,119,135
258,119,135
259,119,136
260,119,136
261,119,136
262,119,136
263,118,136
264,118,136
265,118,136
266,118,137
267,118,136
268,118,136
269,118,136
270,118,136
271,118,136
272,118,135
273,117,135
274,117,135
275,117,135
276,117,135
277,117,135
278,117,135
279,117,135
280,117,134
281,116,134
282,116,134
283,116,134
284,116,134
285,116,133
286,116,133
287,116,133
288,115,133
289,115,133
290,115,133
291,115,132
292,115,132
293,115,132
294,114,132
295,114,132
296,114,132
297,114,131
298,114,131
299,114,131
300,113,131
301,113,131
302,113,130
303,113,130
304,113,130
305,112,130
306,112,130
307,112,130
308,112,129
309,112,129
310,111,129
311,111,129
312,111,129
313,111,129
314,111,128
315,110,128
316,110,128
317,110,128
318,110,128
319,109,128
320,109,127
321,109,127
322,109,127
323,109,127
324,108,127
325,108,126
326,108,126
327,108,126
328,107,126
329,107,126
330,107,126
331,107,125
332,106,125
333,106,125
334,106,125
335,106,125
336,105,125
337,105,124
338,105,124
339,105,124
340,104,124
341,104,124
342,104,123
343,103,123
344,103,123
345,103,123
346,103,123
347,102,123
348,102,122
349,102,122
350,102,122
351,101,122
352,101,122
353,101,122
354,100,121
355,100,121
356,100,121
357,100,121
358,99,121
359,99,121
360,99,120
361,98,120
362,98,120
363,98,120
364,97,120
365,97,119
366,97,119
367,96,119
368,96,119
369,96,119
370,96,118
371,96,118
372,96,118
373,96,118
374,96,118
375,96,117
376,95,117
377,95,117
378,95,117
379,95,117
380,95,116
381,95,116
382,95,116
383,95,116
384,96,116
385,96,115
386,96,115
387,97,115
388,97,115
389,97,114
390,98,114
391,98,114
392,98,114
393,99,113
394,99,113
395,99,113
396,100,113
397,100,112
398,101,112
399,102,111
400,102,111
401,103,110
402,105,108
0,0
1,135
246,183,183
247,182,185
248,182,185
249,181,186
250,181,187
251,181,187
252,180,188
253,180,188
254,180,189
255,180,189
256,180,190
257,180,190
258,179,191
259,179,191
260,179,191
261,179,192
262,179,192
263,179,192
264,179,193
265,179,193
266,179,193
267,179,193
268,179,194
269,179,194
270,178,194
271,178,194
272,178,194
273,178,194
274,178,194
275,178,194
276,178,194
277,178,194
278,177,195
279,177,194
280,177,194
281,177,194
282,177,194
283,177,194
284,177,194
285,176,193
286,176,193
287,176,193
288,176,193
289,176,193
290,176,193
291,176,192
292,175,192
293,175,192
294,175,192
295,175,192
296,175,192
297,175,191
298,174,191
299,174,191
300,174,191
301,174,191
302,174,190
303,173,190
304,173,190
305,173,190
306,173,190
307,172,190
308,172,189
309,172,189
310,172,189
311,172,189
312,171,189
313,171,188
314,171,188
315,171,188
316,170,188
317,170,188
318,170,188
319,170,187
320,169,187
321,169,187
322,169,187
323,169,187
324,168,187
325,168,186
326,168,186
327,168,186
328,167,186
329,167,186
330,167,185
331,166,185
332,166,185
333,166,185
334,166,185
335,165,184
336,165,184
337,165,184
338,164,184
339,164,184
340,164,183
341,164,183
342,163,183
343,163,183
344,163,183
345,162,183
346,162,182
347,162,182
348,161,182
349,161,182
350,161,182
351,161,181
352,161,181
353,161,181
354,161,181
355,161,181
356,160,180
357,160,180
358,160,180
359,160,180
360,160,180
361,160,179
362,160,179
363,161,179
364,161,179
365,161,179
366,161,178
367,162,178
368,162,178
369,162,178
370,163,177
371,163,177
372,163,177
373,164,177
374,164,176
375,165,176
376,165,176
377,166,175
378,166,175
379,167,174
380,168,173
0,0
0,111
126,295,300
127,293,303
128,292,306
129,292,308
130,291,310
131,291,311
132,292,313
133,292,314
134,292,315
135,293,316
136,293,317
137,294,319
138,294,320
139,295,320
140,295,321
141,296,322
142,296,322
143,296,323
144,297,323
145,297,324
146,297,324
147,297,324
148,297,324
149,297,324
150,297,324
151,298,324
152,298,323
153,298,323
154,298,323
155,298,323
156,298,323
157,298,323
158,298,323
159,298,323
160,298,323
161,298,322
162,298,322
163,298,322
164,298,322
165,298,322
166,298,322
167,298,322
168,298,322
169,298,322
170,298,322
171,298,322
172,298,322
173,298,322
174,298,322
175,298,322
176,298,322
177,299,321
178,299,321
179,299,321
180,299,321
181,299,321
182,299,321
183,299,321
184,299,321
185,299,321
186,299,321
187,299,321
188,299,321
189,299,321
190,299,321
191,299,321
192,299,321
193,299,321
194,299,321
195,299,320
196,299,320
197,299,320
198,299,320
199,299,320
200,299,320
201,299,320
202,299,320
203,299,320
204,299,320
205,299,320
206,299,320
207,299,320
208,299,320
209,299,320
210,299,320
211,299,320
212,299,320
213,299,319
214,299,319
215,299,319
216,299,319
217,299,319
218,299,319
219,299,319
220,299,319
221,299,319
222,300,319
223,300,319
224,300,319
225,300,319
226,300,319
227,300,319
228,300,319
229,300,319
230,300,319
231,300,319
232,300,319
233,300,318
234,300,318
235,300,318
236,318,318
0,0
1,184
223,239,240
224,238,242
225,238,243
226,238,243
227,237,244
228,237,245
229,237,246
230,237,247
231,237,247
232,237,248
233,237,249
234,237,250
235,236,250
236,236,251
237,236,252
238,236,252
239,236,253
240,236,253
241,236,253
242,236,254
243,236,254
244,236,254
245,235,255
246,235,254
247,235,254
248,235,254
249,235,254
250,235,254
251,235,254
252,235,253
253,235,253
254,235,253
255,235,253
256,234,253
257,234,253
258,234,252
259,234,252
260,234,252
261,234,252
262,234,252
263,234,251
264,234,251
265,234,251
266,234,251
267,234,251
268,233,251
269,233,250
270,233,250
271,233,250
272,233,250
273,233,250
274,233,250
275,233,249
276,233,249
277,233,249
278,233,249
279,232,249
280,232,249
281,232,248
282,232,248
283,232,248
284,232,248
285,232,248
286,232,248
287,232,247
288,231,247
289,231,247
290,231,247
291,231,247
292,231,247
293,231,246
294,231,246
295,231,246
296,230,246
297,230,246
298,230,246
299,230,246
300,230,245
301,230,245
302,230,245
303,229,245
304,229,245
305,229,245
306,229,245
307,229,244
308,229,244
309,228,244
310,228,244
311,228,244
312,228,244
313,228,244
314,228,243
315,227,243
316,227,243
317,227,243
318,227,243
319,227,243
320,226,243
321,226,243
322,226,242
323,226,242
324,226,242
325,226,242
326,225,242
327,225,242
328,225,242
329,225,241
330,224,241
331,224,241
332,224,241
333,224,241
334,224,241
335,224,241
336,223,241
337,223,240
338,223,240
339,223,240
340,222,240
341,222,240
342,222,240
343,222,240
344,222,240
345,221,239
346,221,239
347,221,239
348,221,239
349,221,239
350,220,239
351,220,239
352,220,239
353,220,239
354,220,238
355,219,238
356,219,238
357,219,238
358,219,238
359,218,238
360,218,238
361,218,238
362,218,238
363,218,237
364,217,237
365,217,237
366,217,237
367,217,237
368,216,237
369,216,237
370,216,237
371,216,237
372,216,236
373,215,236
374,215,236
375,215,236
376,215,236
377,215,236
378,215,236
379,215,236
380,215,236
381,215,235
382,214,235
383,215,235
384,215,235
385,215,235
386,216,235
387,216,235
388,216,235
389,216,235
390,217,235
391,217,234
392,217,234
393,218,234
394,218,234
395,219,234
396,219,234
397,220,234
398,220,234
399,221,234
400,221,234
401,222,234
402,222,233
403,223,233
404,224,232
405,225,231
406,226,228
0,0
0,74
242,248,249
243,246,251
244,245,252
245,245,253
246,245,254
247,245,255
248,245,256
249,245,257
250,245,257
251,245,258
252,245,259
253,245,260
254,245,260
255,246,261
256,246,262
257,246,263
258,247,263
259,247,264
260,247,265
261,247,265
262,248,266
263,248,267
264,249,267
265,249,268
266,249,269
267,249,269
268,250,270
269,250,270
270,250,271
271,251,272
272,251,272
273,251,273
274,252,273
275,252,274
276,252,275
277,253,275
278,253,276
279,253,276
280,253,277
281,254,277
282,254,278
283,254,278
284,255,278
285,255,279
286,255,279
287,255,279
288,256,280
289,256,280
290,256,280
291,257,280
292,257,280
293,257,280
294,258,280
295,258,280
296,258,280
297,258,280
298,259,280
299,259,280
300,259,280
301,260,280
302,260,279
303,260,279
304,260,279
305,261,278
306,261,278
307,261,277
308,261,277
309,262,276
310,262,276
311,263,275
312,263,274
313,264,274
314,265,272
315,268,270
0,0
0,74
230,354,354
231,350,359
232,349,361
233,348,364
234,348,366
235,348,367
236,349,369
237,349,371
238,349,372
239,350,373
240,350,375
241,351,376
242,351,377
243,351,378
244,351,379
245,351,379
246,351,380
247,351,380
248,351,380
249,351,380
250,351,380
251,350,380
252,350,380
253,350,379
254,350,379
255,350,378
256,349,377
257,349,376
258,349,375
259,348,374
260,348,374
261,348,373
262,347,372
263,347,372
264,347,371
265,346,370
266,346,370
267,346,369
268,345,368
269,345,368
270,344,367
271,344,366
272,344,365
273,343,365
274,343,364
275,342,363
276,342,362
277,342,361
278,341,361
279,341,360
280,340,359
281,340,358
282,339,357
283,339,356
284,339,355
285,338,354
286,337,353
287,337,352
288,337,351
289,336,350
290,336,349
291,335,348
292,335,347
293,334,346
294,334,345
295,333,344
296,332,343
297,331,342
298,331,341
299,330,339
300,330,338
301,330,337
302,330,335
303,330,332
0,0
1,303
178,315,317
179,314,319
180,314,320
181,313,321
182,313,322
183,313,323
184,313,323
185,313,324
186,313,325
187,312,326
188,312,326
189,312,327
190,312,327
191,312,328
192,312,328
193,312,329
194,312,329
195,312,330
196,311,330
197,311,330
198,311,330
199,311,330
200,311,330
201,311,331
202,311,331
203,311,331
204,311,331
205,311,332
206,310,331
207,310,331
208,310,331
209,310,331
210,310,331
211,310,331
212,310,330
213,310,330
214,310,330
215,309,330
216,309,329
217,309,329
218,309,329
219,309,329
220,309,328
221,309,328
222,309,328
223,308,328
224,308,328
225,308,327
226,308,327
227,308,327
228,308,327
229,308,326
230,308,326
231,308,326
232,307,326
233,307,325
234,307,325
235,307,325
236,307,325
237,307,325
238,307,324
239,307,324
240,307,324
241,306,324
242,306,323
243,306,323
244,306,323
245,306,323
246,306,323
247,306,322
248,306,322
249,306,322
250,305,322
251,305,322
252,305,321
253,305,321
254,305,321
255,305,321
256,305,321
257,305,321
258,305,320
259,304,320
260,304,320
261,304,320
262,304,320
263,304,319
264,304,319
265,304,319
266,304,319
267,303,319
268,303,319
269,303,318
270,303,318
271,303,318
272,303,318
273,303,318
274,303,318
275,302,317
276,302,317
277,302,317
278,302,317
279,302,317
280,302,317
281,302,316
282,302,316
283,302,316
284,301,316
285,301,316
286,301,316
287,301,316
288,301,315
289,301,315
290,301,315
291,301,315
292,300,315
293,300,315
294,300,315
295,300,315
296,300,314
297,300,314
298,300,314
299,300,314
300,299,314
301,299,314
302,299,314
303,299,314
304,299,313
305,299,313
306,299,313
307,299,313
308,299,313
309,298,313
310,298,313
311,298,313
312,298,312
313,298,312
314,298,312
315,298,312
316,297,312
317,297,312
318,297,312
319,297,312
320,297,312
321,297,311
322,297,311
323,297,311
324,297,311
325,296,311
326,296,311
327,296,311
328,296,311
329,296,311
330,296,311
331,296,311
332,296,310
333,295,310
334,295,310
335,295,310
336,295,310
337,295,310
338,295,310
339,295,310
340,294,310
341,294,310
342,294,310
343,294,310
344,294,310
345,294,309
346,294,309
347,294,309
348,293,309
349,293,309
350,293,309
351,293,309
352,293,309
353,293,309
354,293,309
355,292,309
356,292,309
357,292,309
358,292,309
359,292,309
360,292,309
361,292,309
362,291,308
363,291,308
364,291,308
365,291,308
366,291,308
367,291,308
368,291,308
369,290,308
370,290,308
371,290,308
372,290,308
373,290,308
374,290,308
375,290,308
376,289,308
377,289,308
378,289,308
379,289,308
380,289,308
381,289,308
382,288,308
383,288,308
384,288,308
385,288,308
386,288,308
387,288,308
388,288,308
389,287,308
390,287,308
391,287,308
392,287,308
393,287,308
394,287,308
395,286,308
396,286,308
397,286,308
398,286,308
399,286,308
400,286,308
401,285,308
402,285,308
403,285,308
404,285,308
405,285,308
406,285,308
407,284,308
408,284,308
409,284,308
410,284,308
411,284,308
412,284,308
413,283,308
414,283,308
415,283,308
416,283,308
417,283,308
418,283,308
419,282,308
420,282,308
421,282,308
422,282,308
423,282,308
424,281,308
425,281,308
426,281,308
427,281,308
428,281,308
429,281,308
430,280,308
431,280,308
432,280,308
433,280,308
434,280,308
435,279,308
436,279,308
437,279,308
438,279,308
439,279,308
440,279,308
441,278,308
442,279,308
443,279,308
444,279,308
445,279,308
446,279,308
447,279,308
448,279,308
449,280,308
450,280,308
451,280,308
452,281,308
453,281,308
454,281,308
455,282,308
456,282,308
457,282,308
458,283,308
459,283,308
460,284,308
461,284,308
462,285,308
463,286,308
464,286,309
465,287,309
466,287,309
467,288,309
468,289,309
469,290,309
470,290,308
471,291,308
472,292,308
473,292,308
474,293,308
475,294,308
476,295,308
477,296,307
478,297,307
479,298,306
480,300,305
0,0
0,108
347,233,233
348,226,237
349,225,243
350,224,247
351,224,250
352,224,253
353,224,255
354,224,256
355,224,257
356,225,258
357,225,258
358,226,259
359,226,259
360,227,259
361,227,260
362,228,260
363,228,260
364,229,260
365,229,260
366,230,260
367,230,260
368,231,260
369,231,260
370,232,260
371,232,261
372,232,261
373,233,261
374,233,261
375,234,261
376,234,261
377,235,261
378,235,262
379,235,262
380,236,262
381,236,262
382,236,262
383,237,262
384,237,262
385,238,263
386,238,263
387,238,263
388,239,263
389,239,263
390,239,263
391,240,264
392,240,264
393,240,264
394,241,264
395,241,264
396,241,264
397,241,265
398,242,265
399,242,265
400,242,265
401,242,265
402,243,266
403,243,266
404,243,266
405,243,266
406,244,266
407,244,266
408,244,267
409,244,267
410,245,267
411,245,267
412,245,267
413,245,267
414,245,268
415,246,268
416,246,268
417,246,268
418,246,268
419,246,268
420,247,268
421,247,269
422,247,269
423,247,269
424,248,269
425,248,269
426,248,269
427,248,269
428,249,270
429,249,270
430,249,270
431,249,270
432,250,270
433,250,270
434,250,270
435,251,270
436,251,270
437,252,270
438,252,270
439,252,270
440,253,270
441,253,270
442,254,270
443,254,270
444,255,270
445,256,270
446,256,270
447,257,270
448,258,270
449,259,270
450,260,269
451,261,269
452,262,269
453,263,268
454,266,266
0,0
1,132
231,358,360
232,357,361
233,356,362
234,356,363
235,356,364
236,356,364
237,356,365
238,356,365
239,356,366
240,355,366
241,355,367
242,355,367
243,355,367
244,355,368
245,355,368
246,355,368
247,355,368
248,355,368
249,355,368
250,355,369
251,355,369
252,355,369
253,355,369
254,355,368
255,355,368
256,354,368
257,354,368
258,354,368
259,354,368
260,354,368
261,354,368
262,354,367
263,354,367
264,354,367
265,354,367
266,354,366
267,354,366
268,353,366
269,353,366
270,353,366
271,353,366
272,353,366
273,353,365
274,353,365
275,353,365
276,353,365
277,352,365
278,352,365
279,352,365
280,352,364
281,352,364
282,352,364
283,352,364
284,352,364
285,352,364
286,351,364
287,351,363
288,351,363
289,351,363
290,351,363
291,351,363
292,351,363
293,350,363
294,350,362
295,350,362
296,350,362
297,350,362
298,350,362
299,349,362
300,349,362
301,349,361
302,349,361
303,349,361
304,349,361
305,348,361
306,348,361
307,348,360
308,348,360
309,348,360
310,347,360
311,347,360
312,347,360
313,347,360
314,347,359
315,347,359
316,346,359
317,346,359
318,346,359
319,346,359
320,345,358
321,345,358
322,345,358
323,345,358
324,344,358
325,344,358
326,344,358
327,344,357
328,344,357
329,343,357
330,343,357
331,343,357
332,342,357
333,342,357
334,342,356
335,342,356
336,341,356
337,341,356
338,341,356
339,341,356
340,340,356
341,340,355
342,340,355
343,339,355
344,339,355
345,339,355
346,339,355
347,338,355
348,338,355
349,338,355
350,337,355
351,337,355
352,337,355
353,336,355
354,336,355
355,336,355
356,335,355
357,355,355
357,335,356
358,339,356
359,345,357
360,352,358
360,356,358
0,81
334,360,366
335,357,372
336,357,375
337,357,377
338,357,379
339,358,381
340,358,383
341,358,385
342,358,387
343,358,388
344,358,390
345,358,392
346,359,393
347,359,395
348,359,396
349,359,398
350,359,399
351,359,400
352,359,401
353,360,402
354,360,403
355,360,404
356,360,405
357,360,406
358,360,407
359,361,407
360,362,408
361,362,408
362,362,408
363,362,408
364,362,408
365,362,408
366,362,407
367,362,407
368,362,406
369,362,406
370,362,405
371,362,404
372,361,402
373,361,401
374,361,400
375,361,399
376,361,397
377,361,396
378,360,395
379,360,394
380,360,394
381,360,393
382,360,392
383,359,391
384,359,390
385,359,390
386,358,389
387,358,389
388,358,388
389,358,387
390,357,387
391,357,386
392,357,386
393,357,385
394,356,385
395,356,384
396,356,383
397,356,383
398,355,382
399,355,382
400,355,382
401,354,381
402,354,381
403,354,380
404,353,380
405,353,379
406,353,379
407,352,378
408,352,378
409,352,377
410,351,377
411,351,376
412,350,376
413,350,376
414,350,350
0,0
1,139
253,420,423
254,419,424
255,418,426
256,418,427
257,418,428
258,418,429
259,418,430
260,418,431
261,418,431
262,417,432
263,417,432
264,417,432
265,417,432
266,417,433
267,417,433
268,417,433
269,417,433
270,417,433
271,417,433
272,417,434
273,417,433
274,416,433
275,416,433
276,416,433
277,416,432
278,416,432
279,416,432
280,416,432
281,416,432
282,416,432
283,415,431
284,415,431
285,415,431
286,415,431
287,415,431
288,415,431
289,415,431
290,415,431
291,415,430
292,414,430
293,414,430
294,414,430
295,414,430
296,414,430
297,414,430
298,414,430
299,414,429
300,413,429
301,413,429
302,413,429
303,413,429
304,413,429
305,413,429
306,413,429
307,412,429
308,412,428
309,412,428
310,412,428
311,412,428
312,412,428
313,412,428
314,411,428
315,411,428
316,411,428
317,411,428
318,411,428
319,411,428
320,410,427
321,410,427
322,410,427
323,410,427
324,410,427
325,410,427
326,409,427
327,409,427
328,409,427
329,409,427
330,409,427
331,409,427
332,408,427
333,408,427
334,408,427
335,408,426
336,408,426
337,408,426
338,407,426
339,407,426
340,407,426
341,407,426
342,407,426
343,406,426
344,406,426
345,406,426
346,406,426
347,406,426
348,405,426
349,405,426
350,405,426
351,405,425
352,405,425
353,405,425
354,404,425
355,404,425
356,404,425
357,404,425
358,404,425
359,404,425
360,404,425
361,403,425
362,404,425
363,404,425
364,404,425
365,404,425
366,404,425
367,404,425
368,404,425
369,404,425
370,404,425
371,405,425
372,405,425
373,405,425
374,406,424
375,406,424
376,407,424
377,407,424
378,408,424
379,408,424
380,409,424
381,410,424
382,410,424
383,411,424
384,412,424
385,413,424
386,414,424
387,415,423
388,416,423
389,417,423
390,418,421
390,418,418
0,0
