1,166
56,113,113
57,112,115
58,111,116
59,111,117
60,111,117
61,110,118
62,110,118
63,110,119
64,110,119
65,110,120
66,109,120
67,109,121
68,109,121
69,109,122
70,109,122
71,109,123
72,109,123
73,109,123
74,109,124
75,108,124
76,108,124
77,108,124
78,108,125
79,108,125
80,108,125
81,108,125
82,108,125
83,108,125
84,108,126
85,107,126
86,107,126
87,107,126
88,107,126
89,107,126
90,107,126
91,107,126
92,107,126
93,107,126
94,106,126
95,106,126
96,106,126
97,106,126
98,106,125
99,106,125
100,106,125
101,105,125
102,105,125
103,105,125
104,105,124
105,105,124
106,105,124
107,105,124
108,104,124
109,104,123
110,104,123
111,104,123
112,104,123
113,103,123
114,103,122
115,103,122
116,103,122
117,103,122
118,102,122
119,102,122
120,102,121
121,102,121
122,102,121
123,102,121
124,101,121
125,101,120
126,101,120
127,101,120
128,100,120
129,100,120
130,100,119
131,100,119
132,100,119
133,99,119
134,99,119
135,99,118
136,99,118
137,98,118
138,98,118
139,98,118
140,98,117
141,97,117
142,97,117
143,97,117
144,97,117
145,96,117
146,96,116
147,96,116
148,96,116
149,95,116
150,95,116
151,95,115
152,95,115
153,94,115
154,94,115
155,94,115
156,93,114
157,93,114
158,93,114
159,93,114
160,92,114
161,92,113
162,92,113
163,91,113
164,91,113
165,91,113
166,91,112
167,90,112
168,90,112
169,90,112
170,89,112
171,89,111
172,89,111
173,88,111
174,88,111
175,88,111
176,87,111
177,87,110
178,87,110
179,86,110
180,86,110
181,86,110
182,85,109
183,85,109
184,85,109
185,85,109
186,85,109
187,85,108
188,84,108
189,84,108
190,84,108
191,84,108
192,84,107
193,84,107
194,84,107
195,84,107
196,84,106
197,83,106
198,84,106
199,84,106
200,84,106
201,84,105
202,85,105
203,85,105
204,85,105
205,85,104
206,86,104
207,86,104
208,86,104
209,86,103
210,87,103
211,87,103
212,87,103
213,88,102
214,88,102
215,89,102
216,89,101
217,90,101
218,91,100
219,91,100
220,93,99
221,95,97
0,0
0,97
106,145,151
107,144,155
108,143,158
109,142,160
110,142,162
111,142,163
112,142,165
113,142,166
114,142,168
115,143,169
116,143,171
117,144,172
118,144,173
119,145,174
120,145,175
121,145,176
122,146,177
123,146,177
124,146,178
125,146,178
126,146,178
127,146,178
128,147,178
129,147,177
130,147,177
131,147,176
132,147,176
133,147,176
134,147,175
135,147,175
136,147,174
137,147,174
138,147,174
139,147,174
140,147,173
141,147,173
142,147,173
143,147,172
144,147,172
145,147,172
146,147,172
147,147,171
148,147,171
149,147,171
150,147,171
151,147,170
152,147,170
153,147,170
154,147,170
155,147,170
156,147,169
157,147,169
158,147,169
159,147,169
160,147,168
161,147,168
162,147,168
163,147,168
164,147,167
165,147,167
166,147,167
167,147,167
168,146,166
169,146,166
170,146,166
171,146,166
172,146,166
173,146,165
174,146,165
175,146,165
176,146,165
177,146,164
178,146,164
179,146,164
180,145,164
181,145,163
182,145,163
183,145,163
184,145,163
185,145,162
186,145,162
187,145,162
188,145,162
189,145,162
190,145,161
191,145,161
192,144,161
193,144,161
194,144,160
195,144,160
196,144,160
197,144,160
198,144,159
199,144,159
200,144,156
201,144,150
202,144,144
0,0
1,102
78,212,214
79,211,215
80,211,216
81,210,217
82,210,217
83,210,218
84,209,218
85,209,219
86,209,219
87,209,220
88,209,220
89,209,220
90,209,220
91,208,221
92,208,221
93,208,221
94,208,221
95,208,221
96,208,222
97,207,221
98,207,221
99,207,221
100,207,221
101,207,221
102,206,221
103,206,221
104,206,220
105,206,220
106,206,220
107,205,220
108,205,219
109,205,219
110,205,219
111,205,219
112,204,218
113,204,218
114,204,218
115,204,217
116,204,217
117,203,217
118,203,217
119,203,217
120,203,216
121,202,216
122,202,216
123,202,216
124,202,215
125,201,215
126,201,215
127,201,215
128,201,215
129,200,214
130,200,214
131,200,214
132,200,214
133,199,213
134,199,213
135,199,213
136,198,213
137,198,213
138,198,212
139,198,212
140,197,212
141,197,212
142,197,211
143,196,211
144,196,211
145,196,211
146,195,211
147,195,210
148,195,210
149,194,210
150,194,210
151,194,209
152,193,209
153,193,209
154,192,209
155,192,209
156,192,208
157,191,208
158,191,208
159,191,208
160,190,207
161,190,207
162,189,207
163,189,207
164,189,207
165,188,206
166,188,206
167,187,206
168,187,206
169,186,206
170,186,206
171,186,206
172,185,206
173,185,206
174,190,206
175,194,206
176,198,206
177,202,207
178,206,207
178,207,207
0,84
183,180,180
184,175,186
185,172,190
186,173,193
187,173,195
188,173,198
189,173,200
190,174,202
191,174,204
192,174,206
193,174,208
194,175,209
195,175,211
196,175,213
197,175,214
198,175,216
199,176,217
200,176,218
201,176,219
202,176,220
203,177,221
204,177,222
205,177,223
206,177,223
207,178,224
208,178,224
209,179,224
210,179,224
211,179,223
212,180,223
213,180,223
214,180,222
215,180,222
216,180,221
217,180,220
218,180,219
219,180,218
220,180,216
221,180,215
222,179,214
223,179,213
224,179,212
225,179,212
226,179,211
227,179,210
228,179,209
229,178,209
230,178,208
231,178,207
232,178,207
233,178,206
234,177,206
235,177,205
236,177,205
237,177,204
238,176,204
239,176,203
240,176,203
241,176,202
242,176,202
243,175,201
244,175,201
245,175,201
246,175,200
247,174,200
248,174,199
249,174,199
250,174,199
251,173,198
252,173,198
253,173,197
254,172,197
255,172,197
256,172,196
257,171,196
258,171,196
259,171,195
260,171,195
261,170,194
262,170,194
263,170,194
264,169,193
265,169,184
266,169,170
0,0
1,129
77,277,281
78,276,282
79,276,283
80,276,284
81,276,285
82,275,286
83,275,287
84,275,287
85,275,288
86,275,288
87,275,288
88,274,289
89,274,289
90,274,289
91,274,289
92,274,290
93,274,289
94,274,289
95,273,289
96,273,289
97,273,288
98,273,288
99,273,288
100,273,288
101,272,288
102,272,287
103,272,287
104,272,287
105,272,287
106,271,286
107,271,286
108,271,286
109,271,286
110,271,286
111,271,285
112,270,285
113,270,285
114,270,285
115,270,285
116,270,284
117,269,284
118,269,284
119,269,284
120,269,284
121,269,284
122,268,283
123,268,283
124,268,283
125,268,283
126,268,283
127,267,282
128,267,282
129,267,282
130,267,282
131,266,282
132,266,282
133,266,281
134,266,281
135,266,281
136,265,281
137,265,281
138,265,281
139,265,281
140,264,280
141,264,280
142,264,280
143,264,280
144,263,280
145,263,280
146,263,280
147,263,279
148,262,279
149,262,279
150,262,279
151,262,279
152,261,279
153,261,279
154,261,278
155,261,278
156,260,278
157,260,278
158,260,278
159,260,278
160,259,278
161,259,278
162,259,277
163,259,277
164,258,277
165,258,277
166,258,277
167,258,277
168,257,277
169,257,277
170,257,276
171,257,276
172,256,276
173,256,276
174,256,276
175,256,276
176,256,276
177,256,276
178,255,275
179,255,275
180,255,275
181,255,275
182,255,275
183,255,275
184,256,275
185,256,275
186,256,275
187,256,274
188,256,274
189,257,274
190,257,274
191,257,274
192,258,274
193,258,274
194,259,274
195,259,274
196,260,274
197,261,273
198,261,273
199,262,273
200,263,273
201,263,273
202,264,272
203,265,272
204,266,272
205,267,270
0,0
0,100
273,145,147
274,142,151
275,141,153
276,140,155
277,140,157
278,140,158
279,141,160
280,141,161
281,141,162
282,142,163
283,142,164
284,143,165
285,143,166
286,143,167
287,144,168
288,144,168
289,144,169
290,144,170
291,144,170
292,144,171
293,144,171
294,144,171
295,145,171
296,145,171
297,145,171
298,145,171
299,144,171
300,144,171
301,144,170
302,144,170
303,144,170
304,144,170
305,144,169
306,144,169
307,144,169
308,144,169
309,144,169
310,144,169
311,144,169
312,144,168
313,144,168
314,144,168
315,144,168
316,144,168
317,144,168
318,144,168
319,144,167
320,144,167
321,144,167
322,144,167
323,144,167
324,143,167
325,143,167
326,143,166
327,143,166
328,143,166
329,143,166
330,143,166
331,143,166
332,143,166
333,143,165
334,143,165
335,143,165
336,143,165
337,143,165
338,143,165
339,143,164
340,143,164
341,143,164
342,143,164
343,143,164
344,143,164
345,143,164
346,143,163
347,143,163
348,143,163
349,142,163
350,142,163
351,142,163
352,142,163
353,142,163
354,142,162
355,142,162
356,142,162
357,142,162
358,142,162
359,142,162
360,142,162
361,142,161
362,142,161
363,142,161
364,142,161
365,142,161
366,142,161
367,142,161
368,142,160
369,142,160
370,147,160
371,156,160
372,160,160
0,0
0,283
110,64,67
111,61,71
112,60,73
113,60,75
114,60,77
115,59,79
116,59,80
117,59,82
118,59,83
119,60,84
120,60,85
121,60,87
122,60,88
123,61,89
124,61,90
125,62,90
126,62,91
127,63,91
128,64,92
129,64,92
130,65,92
131,65,93
132,66,93
133,66,93
134,66,93
135,66,93
136,67,93
137,67,94
138,67,94
139,67,94
140,67,94
141,67,94
142,68,94
143,68,94
144,68,94
145,68,94
146,68,94
147,68,94
148,68,94
149,68,94
150,68,94
151,68,94
152,69,94
153,69,94
154,69,94
155,69,94
156,69,94
157,69,94
158,69,94
159,69,94
160,69,94
161,69,94
162,69,94
163,69,94
164,69,94
165,69,93
166,69,93
167,69,93
168,69,93
169,69,93
170,70,93
171,70,93
172,70,93
173,70,93
174,70,93
175,70,93
176,70,93
177,70,93
178,70,93
179,70,93
180,70,92
181,70,92
182,70,92
183,70,92
184,70,92
185,70,92
186,70,92
187,70,92
188,70,92
189,70,92
190,70,92
191,70,92
192,70,92
193,70,92
194,70,92
195,70,92
196,70,92
197,70,92
198,70,92
199,70,92
200,70,91
201,70,91
202,70,91
203,70,91
204,70,91
205,70,91
206,70,91
207,70,91
208,70,92
209,70,92
210,70,92
211,70,92
212,70,92
213,70,92
214,70,92
215,70,92
216,70,92
217,70,92
218,70,92
219,70,92
220,70,92
221,70,92
222,70,92
223,70,92
224,70,92
225,70,92
226,70,92
227,70,92
228,70,92
229,70,91
230,70,91
231,70,91
232,70,91
233,70,91
234,70,91
235,70,91
236,70,91
237,70,91
238,70,91
239,70,91
240,70,91
241,70,91
242,70,91
243,70,91
244,70,91
245,70,91
246,70,91
247,70,91
248,70,91
249,70,91
250,70,91
251,70,91
252,70,90
253,70,90
254,69,90
255,69,90
256,69,90
257,69,90
258,69,90
259,69,90
260,69,90
261,69,90
262,69,90
263,69,90
264,69,90
265,69,90
266,69,90
267,69,90
268,69,90
269,69,90
270,69,90
271,69,89
272,69,89
273,69,89
274,69,89
275,69,89
276,69,89
277,69,89
278,69,89
279,69,89
280,69,89
281,69,89
282,69,89
283,69,89
284,69,89
285,69,89
286,69,89
287,69,89
288,69,88
289,69,88
290,69,88
291,69,88
292,68,88
293,68,88
294,68,88
295,68,88
296,68,88
297,68,88
298,68,88
299,68,88
300,68,88
301,68,88
302,68,88
303,68,88
304,68,88
305,68,88
306,68,87
307,68,87
308,68,87
309,68,87
310,68,87
311,68,87
312,68,87
313,68,87
314,68,87
315,68,87
316,67,87
317,67,87
318,67,87
319,67,87
320,67,87
321,67,87
322,67,87
323,67,87
324,67,87
325,67,87
326,67,86
327,67,86
328,67,86
329,67,86
330,67,86
331,67,86
332,66,86
333,66,86
334,66,86
335,66,86
336,66,86
337,66,86
338,66,86
339,66,86
340,66,86
341,66,86
342,66,86
343,66,86
344,66,86
345,65,86
346,65,86
347,65,86
348,65,86
349,65,86
350,65,86
351,65,86
352,65,86
353,65,86
354,64,86
355,64,86
356,64,86
357,64,86
358,64,86
359,64,86
360,64,86
361,63,86
362,63,87
363,63,87
364,63,87
365,62,87
366,62,88
367,62,88
368,62,88
369,61,89
370,61,89
371,61,90
372,60,90
373,60,90
374,60,91
375,59,91
376,59,91
377,59,92
378,59,92
379,59,93
380,59,93
381,59,93
382,59,94
383,60,94
384,60,94
385,61,95
386,62,94
387,62,90
388,64,87
389,65,84
390,66,82
391,68,80
392,71,77
1,115
88,366,368
89,366,371
90,366,373
91,366,376
92,366,379
93,366,381
94,366,384
95,366,386
96,366,385
97,366,385
98,366,385
99,366,385
100,365,385
101,365,385
102,365,384
103,365,384
104,365,384
105,365,384
106,365,384
107,364,384
108,364,383
109,364,383
110,364,383
111,364,383
112,364,383
113,363,383
114,363,383
115,363,383
116,363,382
117,363,382
118,363,382
119,363,382
120,362,382
121,362,382
122,362,382
123,362,382
124,362,381
125,362,381
126,362,381
127,362,381
128,361,381
129,361,381
130,361,381
131,361,381
132,361,380
133,361,380
134,361,380
135,361,380
136,361,380
137,361,380
138,361,380
139,360,380
140,360,380
141,360,379
142,360,379
143,360,379
144,360,379
145,360,379
146,360,379
147,360,379
148,360,379
149,360,379
150,360,379
151,360,379
152,360,378
153,360,378
154,360,378
155,359,378
156,359,378
157,359,378
158,359,378
159,359,378
160,359,378
161,359,378
162,359,378
163,359,378
164,359,377
165,358,377
166,358,377
167,358,377
168,358,377
169,358,377
170,357,377
171,357,377
172,357,377
173,357,377
174,356,377
175,356,377
176,356,377
177,355,377
178,355,377
179,355,377
180,355,377
181,355,377
182,355,377
183,355,377
184,356,377
185,356,377
186,356,377
187,356,376
188,357,376
189,357,376
190,357,376
191,358,376
192,358,376
193,359,376
194,359,376
195,360,375
196,360,375
197,361,375
198,362,374
199,363,374
200,364,373
201,365,373
202,366,372
0,0
0,146
29,277,284
30,274,288
31,273,291
32,273,293
33,272,295
34,272,297
35,272,299
36,272,301
37,273,302
38,273,304
39,274,306
40,274,307
41,275,308
42,275,310
43,276,311
44,276,312
45,276,313
46,277,313
47,277,314
48,277,315
49,277,315
50,277,316
51,277,316
52,277,316
53,277,316
54,277,316
55,277,316
56,277,315
57,277,315
58,277,315
59,277,314
60,276,313
61,276,312
62,276,311
63,276,311
64,276,310
65,275,309
66,275,309
67,275,308
68,275,308
69,274,307
70,274,307
71,274,306
72,274,305
73,273,305
74,273,304
75,273,304
76,272,303
77,272,303
78,272,302
79,271,302
80,271,301
81,271,301
82,270,300
83,270,300
84,270,299
85,269,299
86,269,298
87,268,298
88,268,297
89,268,297
90,267,296
91,267,296
92,266,295
93,266,295
94,266,294
95,265,294
96,265,293
97,265,292
98,264,292
99,264,291
100,263,291
101,263,290
102,263,290
103,262,289
104,262,289
105,261,288
106,261,287
107,260,287
108,260,286
109,259,286
110,259,285
111,259,285
112,258,284
113,258,283
114,257,283
115,257,282
116,256,281
117,256,281
118,255,280
119,255,280
120,254,279
121,254,278
122,253,278
123,253,277
124,252,276
125,252,276
126,251,275
127,251,274
128,250,274
129,250,273
130,249,272
131,249,272
132,248,271
133,248,270
134,247,269
135,247,269
136,246,268
137,246,267
138,245,266
139,245,266
140,244,265
141,244,264
142,243,263
143,242,263
144,242,262
145,241,261
146,241,260
147,240,260
148,240,259
149,239,258
150,239,257
151,238,256
152,238,255
153,237,254
154,236,254
155,236,253
156,235,252
157,235,251
158,234,250
159,234,249
160,233,248
161,232,247
162,232,246
163,231,245
164,230,244
165,230,243
166,229,242
167,229,241
168,228,240
169,228,239
170,227,238
171,227,236
172,227,235
173,227,233
174,230,230
0,0
1,146
266,120,120
267,119,122
268,118,123
269,117,123
270,117,124
271,117,124
272,116,125
273,116,126
274,116,126
275,115,126
276,115,127
277,115,127
278,115,128
279,115,128
280,115,129
281,115,129
282,115,129
283,114,130
284,114,130
285,114,130
286,114,131
287,114,131
288,114,131
289,114,131
290,114,132
291,113,132
292,113,132
293,113,132
294,113,132
295,113,132
296,113,132
297,113,133
298,112,133
299,112,133
300,112,133
301,112,133
302,112,133
303,112,133
304,112,133
305,111,133
306,111,133
307,111,133
308,111,133
309,111,133
310,110,132
311,110,132
312,110,132
313,110,132
314,110,132
315,109,132
316,109,131
317,109,131
318,109,131
319,109,131
320,108,131
321,108,130
322,108,130
323,108,130
324,107,130
325,107,129
326,107,129
327,107,129
328,106,129
329,106,129
330,106,128
331,106,128
332,105,128
333,105,128
334,105,127
335,104,127
336,104,127
337,104,127
338,104,127
339,103,126
340,103,126
341,103,126
342,103,126
343,102,125
344,102,125
345,102,125
346,101,125
347,101,125
348,101,124
349,100,124
350,100,124
351,100,124
352,99,124
353,99,123
354,99,123
355,99,123
356,98,123
357,98,122
358,98,122
359,97,122
360,97,122
361,97,122
362,96,121
363,96,121
364,95,121
365,95,121
366,95,121
367,94,120
368,94,120
369,94,120
370,94,120
371,93,119
372,93,119
373,93,119
374,93,119
375,93,118
376,93,118
377,92,118
378,92,118
379,92,118
380,92,117
381,92,117
382,92,117
383,92,117
384,91,117
385,92,116
386,92,116
387,92,116
388,92,116
389,93,115
390,93,115
391,93,115
392,93,115
393,93,114
394,94,114
395,94,114
396,94,114
397,94,113
398,95,113
399,95,113
400,95,113
401,96,112
402,96,112
403,96,112
404,97,111
405,97,111
406,98,111
407,99,110
408,99,110
409,100,109
410,102,108
411,104,106
0,0
0,98
183,257,257
184,255,262
185,253,268
186,252,272
187,252,275
188,252,277
189,252,279
190,253,280
191,253,280
192,253,281
193,254,281
194,255,282
195,255,282
196,255,282
197,256,282
198,256,282
199,257,282
200,257,282
201,258,282
202,258,282
203,258,283
204,259,283
205,259,283
206,260,283
207,260,283
208,260,283
209,261,283
210,261,284
211,262,284
212,262,284
213,262,284
214,263,284
215,263,284
216,263,284
217,264,285
218,264,285
219,264,285
220,265,285
221,265,285
222,265,285
223,266,285
224,266,286
225,266,286
226,266,286
227,267,286
228,267,286
229,267,286
230,267,287
231,268,287
232,268,287
233,268,287
234,268,287
235,268,287
236,269,288
237,269,288
238,269,288
239,269,288
240,269,288
241,270,288
242,270,289
243,270,289
244,270,289
245,270,289
246,271,289
247,271,289
248,271,289
249,271,290
250,271,290
251,271,290
252,272,290
253,272,290
254,272,290
255,272,290
256,272,290
257,273,290
258,273,291
259,273,291
260,274,291
261,274,291
262,274,291
263,275,291
264,275,291
265,275,291
266,276,291
267,276,291
268,276,291
269,277,291
270,277,291
271,278,291
272,279,291
273,279,291
274,280,291
275,281,291
276,282,290
277,283,290
278,284,290
279,285,289
280,288,288
0,0
1,102
260,189,192
261,188,194
262,188,194
263,188,195
264,187,196
265,187,196
266,187,197
267,187,197
268,187,198
269,187,198
270,187,199
271,186,199
272,186,199
273,186,199
274,186,200
275,186,200
276,186,200
277,186,200
278,186,200
279,185,200
280,185,200
281,185,201
282,185,200
283,185,200
284,185,200
285,185,200
286,184,200
287,184,199
288,184,199
289,184,199
290,184,199
291,184,199
292,183,198
293,183,198
294,183,198
295,183,198
296,183,197
297,183,197
298,182,197
299,182,197
300,182,197
301,182,196
302,182,196
303,181,196
304,181,196
305,181,196
306,181,195
307,181,195
308,180,195
309,180,195
310,180,195
311,180,195
312,179,194
313,179,194
314,179,194
315,179,194
316,179,194
317,178,194
318,178,193
319,178,193
320,177,193
321,177,193
322,177,193
323,177,192
324,176,192
325,176,192
326,176,192
327,176,192
328,175,192
329,175,191
330,175,191
331,174,191
332,174,191
333,174,191
334,173,190
335,173,190
336,173,190
337,172,190
338,172,190
339,172,190
340,171,189
341,171,189
342,171,189
343,170,189
344,170,189
345,170,189
346,169,189
347,169,188
348,168,188
349,168,188
350,168,188
351,167,188
352,167,188
353,167,188
354,166,188
355,166,188
356,169,188
357,174,189
358,178,189
359,183,189
360,188,190
360,188,190
0,87
164,363,363
165,357,368
166,355,372
167,355,375
168,355,377
169,356,379
170,356,382
171,356,383
172,356,385
173,356,387
174,357,389
175,357,391
176,357,392
177,357,394
178,357,396
179,358,397
180,358,398
181,358,400
182,358,401
183,358,402
184,359,403
185,359,404
186,359,405
187,359,406
188,359,407
189,360,407
190,360,407
191,361,408
192,361,408
193,361,408
194,361,408
195,362,408
196,362,407
197,362,407
198,362,406
199,362,406
200,361,405
201,361,404
202,361,403
203,361,401
204,361,400
205,361,399
206,361,398
207,361,397
208,360,396
209,360,395
210,360,394
211,360,393
212,359,392
213,359,392
214,359,391
215,359,390
216,358,389
217,358,389
218,358,388
219,358,388
220,358,387
221,357,386
222,357,386
223,357,385
224,356,385
225,356,384
226,356,384
227,356,383
228,355,383
229,355,382
230,355,382
231,354,381
232,354,381
233,354,380
234,353,380
235,353,380
236,353,379
237,352,379
238,352,378
239,352,378
240,352,377
241,351,377
242,351,377
243,350,376
244,350,376
245,350,375
246,349,375
247,349,375
248,349,374
249,348,374
250,348,348
0,0
1,107
282,256,259
283,255,260
284,255,261
285,254,263
286,254,263
287,254,264
288,254,265
289,254,266
290,254,266
291,253,267
292,253,267
293,253,267
294,253,267
295,253,267
296,253,268
297,252,268
298,252,268
299,252,268
300,252,267
301,252,267
302,252,267
303,252,267
304,251,267
305,251,267
306,251,266
307,251,266
308,251,266
309,250,266
310,250,266
311,250,265
312,250,265
313,250,265
314,250,265
315,249,265
316,249,264
317,249,264
318,249,264
319,249,264
320,248,264
321,248,264
322,248,264
323,248,263
324,247,263
325,247,263
326,247,263
327,247,263
328,247,263
329,246,263
330,246,262
331,246,262
332,246,262
333,245,262
334,245,262
335,245,262
336,245,262
337,244,262
338,244,262
339,244,261
340,244,261
341,243,261
342,243,261
343,243,261
344,243,261
345,243,261
346,242,261
347,242,260
348,242,260
349,241,260
350,241,260
351,241,260
352,241,260
353,241,260
354,240,260
355,240,260
356,240,260
357,240,259
358,240,259
359,240,259
360,240,259
361,240,259
362,239,259
363,240,259
364,240,259
365,240,259
366,240,259
367,240,259
368,240,259
369,241,258
370,241,258
371,241,258
372,241,258
373,242,258
374,242,258
375,243,258
376,243,258
377,244,258
378,244,258
379,245,258
380,246,258
381,247,258
382,247,257
383,248,257
384,249,257
385,250,256
386,251,255
387,253,254
387,253,253
0,0
0,104
316,199,203
317,196,208
318,196,212
319,195,215
320,195,218
321,196,220
322,196,221
323,196,222
324,197,223
325,197,224
326,197,224
327,198,224
328,198,224
329,198,225
330,199,225
331,199,225
332,200,225
333,200,225
334,200,225
335,201,225
336,201,225
337,201,225
338,202,225
339,202,225
340,202,225
341,203,225
342,203,225
343,203,225
344,203,225
345,204,225
346,204,225
347,204,225
348,204,226
349,205,226
350,205,226
351,205,226
352,206,226
353,206,226
354,206,226
355,206,226
356,206,226
357,207,226
358,207,226
359,207,227
360,207,227
361,207,227
362,207,227
363,208,227
364,208,227
365,208,227
366,208,227
367,208,227
368,209,227
369,209,228
370,209,228
371,209,228
372,209,228
373,209,228
374,209,228
375,209,228
376,210,228
377,210,228
378,210,228
379,210,229
380,210,229
381,210,229
382,210,229
383,210,229
384,210,229
385,210,229
386,211,229
387,211,229
388,211,229
389,211,229
390,211,229
391,211,229
392,211,229
393,212,230
394,212,230
395,212,230
396,212,230
397,212,230
398,212,230
399,213,230
400,213,230
401,213,230
402,213,230
403,214,230
404,214,230
405,214,230
406,215,230
407,215,229
408,216,229
409,216,229
410,217,229
411,217,229
412,218,229
413,218,229
414,219,228
415,220,228
416,221,228
417,222,227
418,223,226
419,225,225
0,0
1,74
207,325,328
208,325,329
209,325,330
210,325,330
211,325,331
212,324,332
213,324,332
214,324,333
215,324,333
216,324,334
217,324,334
218,323,334
219,323,335
220,323,335
221,323,335
222,323,335
223,323,335
224,322,335
225,322,335
226,322,335
227,322,335
228,322,335
229,321,335
230,321,334
231,321,334
232,321,334
233,321,334
234,320,334
235,320,333
236,320,333
237,320,333
238,319,333
239,319,333
240,319,332
241,319,332
242,318,332
243,318,332
244,318,331
245,318,331
246,317,331
247,317,331
248,317,330
249,317,330
250,316,330
251,316,330
252,315,330
253,315,329
254,315,329
255,314,329
256,314,329
257,314,329
258,313,328
259,313,328
260,312,328
261,312,328
262,312,327
263,311,327
264,311,327
265,310,327
266,310,327
267,309,327
268,309,326
269,308,326
270,308,326
271,307,326
272,306,326
273,306,326
274,305,326
275,323,326
275,304,327
276,306,327
277,314,327
278,321,329
279,329,329
0,88
302,281,285
303,277,289
304,276,292
305,275,294
306,275,295
307,276,297
308,276,299
309,276,300
310,276,302
311,276,303
312,276,305
313,276,307
314,277,308
315,277,310
316,277,312
317,277,313
318,277,315
319,277,316
320,277,317
321,277,318
322,278,319
323,278,319
324,278,319
325,278,319
326,278,319
327,278,319
328,278,318
329,278,318
330,279,317
331,280,317
332,280,316
333,280,315
334,280,315
335,280,314
336,280,313
337,280,312
338,280,311
339,280,311
340,280,310
341,280,309
342,279,309
343,279,308
344,279,308
345,279,307
346,279,307
347,279,306
348,278,306
349,278,305
350,278,305
351,278,304
352,278,304
353,277,304
354,277,303
355,277,303
356,277,302
357,276,302
358,276,302
359,276,301
360,276,301
361,276,301
362,275,300
363,275,300
364,275,300
365,275,299
366,275,299
367,274,299
368,274,298
369,274,298
370,274,298
371,273,298
372,273,297
373,273,297
374,273,297
375,273,296
376,272,296
377,272,296
378,272,296
379,272,295
380,271,295
381,271,295
382,271,295
383,271,295
384,271,294
385,270,294
386,270,294
387,270,294
388,270,293
389,290,293
0,0
1,90
220,391,394
221,390,396
222,390,397
223,389,398
224,389,399
225,389,400
226,389,401
227,389,401
228,389,402
229,389,402
230,388,402
231,388,403
232,388,403
233,388,403
234,388,404
235,388,403
236,388,403
237,388,403
238,387,403
239,387,403
240,387,403
241,387,403
242,387,402
243,387,402
244,386,402
245,386,402
246,386,402
247,386,402
248,386,401
249,385,401
250,385,401
251,385,401
252,385,401
253,385,401
254,385,401
255,384,401
256,384,401
257,384,400
258,384,400
259,384,400
260,383,400
261,383,400
262,383,400
263,383,400
264,382,400
265,382,400
266,382,400
267,382,400
268,382,400
269,381,399
270,381,399
271,381,399
272,381,399
273,380,399
274,380,399
275,380,399
276,380,399
277,380,399
278,380,399
279,380,399
280,379,399
281,379,399
282,379,399
283,379,399
284,379,399
285,379,399
286,379,398
287,380,398
288,380,398
289,380,398
290,380,398
291,381,398
292,381,398
293,381,398
294,381,398
295,382,398
296,382,398
297,383,398
298,384,398
299,384,398
300,385,398
301,385,398
302,386,398
303,387,398
304,388,398
305,389,397
306,390,397
307,391,397
308,392,395
308,395,395
0,0
0,116
302,329,333
303,326,338
304,325,342
305,325,345
306,325,348
307,325,350
308,325,352
309,326,353
310,326,354
311,326,355
312,327,355
313,327,356
314,328,356
315,328,356
316,328,356
317,329,356
318,329,356
319,330,356
320,330,356
321,330,356
322,331,356
323,331,357
324,331,357
325,331,357
326,332,357
327,332,357
328,333,357
329,333,357
330,333,357
331,333,357
332,334,357
333,334,357
334,334,357
335,335,357
336,335,358
337,335,358
338,335,358
339,336,358
340,336,358
341,336,358
342,336,358
343,337,358
344,337,358
345,337,358
346,337,358
347,337,359
348,338,359
349,338,359
350,338,359
351,338,359
352,338,359
353,339,359
354,339,359
355,339,359
356,339,360
357,339,360
358,339,360
359,340,360
360,340,360
361,340,360
362,340,360
363,340,360
364,340,360
365,340,361
366,341,361
367,341,361
368,341,361
369,341,361
370,341,361
371,341,361
372,341,361
373,341,361
374,341,361
375,341,362
376,342,362
377,342,362
378,342,362
379,342,362
380,342,362
381,342,362
382,342,362
383,342,362
384,342,362
385,343,362
386,343,362
387,343,362
388,343,362
389,343,363
390,343,363
391,344,363
392,344,363
393,344,363
394,344,363
395,345,363
396,345,363
397,345,363
398,345,363
399,346,363
400,346,363
401,346,363
402,346,363
403,347,363
404,347,363
405,348,362
406,348,362
407,349,362
408,349,362
409,350,362
410,350,362
411,351,362
412,352,361
413,353,361
414,353,361
415,354,360
416,356,359
417,358,358
0,0
1,81
335,310,314
336,310,315
337,310,316
338,310,317
339,309,317
340,309,318
341,309,318
342,309,319
343,309,319
344,308,320
345,308,320
346,308,320
347,308,320
348,308,321
349,308,321
350,308,321
351,307,321
352,307,321
353,307,321
354,307,321
355,307,322
356,307,321
357,306,321
358,306,321
359,306,321
360,306,320
361,306,320
362,306,320
363,305,320
364,305,320
365,305,319
366,305,319
367,305,319
368,304,319
369,304,318
370,304,318
371,304,318
372,303,318
373,303,318
374,303,317
375,303,317
376,303,317
377,302,317
378,302,317
379,302,317
380,302,317
381,301,316
382,301,316
383,301,316
384,300,316
385,300,316
386,300,316
387,300,315
388,299,315
389,299,315
390,299,315
391,298,315
392,298,315
393,298,315
394,297,314
395,297,314
396,296,314
397,296,314
398,296,314
399,295,314
400,295,313
401,295,313
402,294,313
403,294,313
404,294,313
405,293,313
406,293,313
407,292,313
408,292,313
409,291,313
410,294,313
411,299,313
412,304,313
413,308,313
414,313,314
414,313,314
0,93
290,413,421
291,410,426
292,409,430
293,409,433
294,410,435
295,410,437
296,410,439
297,410,442
298,410,444
299,411,446
300,411,447
301,411,449
302,411,451
303,411,452
304,412,454
305,412,455
306,412,457
307,412,458
308,412,459
309,413,460
310,413,461
311,413,462
312,413,463
313,414,463
314,414,464
315,415,464
316,415,464
317,416,464
318,416,464
319,416,463
320,416,463
321,416,463
322,417,462
323,417,461
324,417,461
325,417,460
326,417,459
327,417,458
328,417,456
329,417,456
330,417,455
331,417,454
332,417,453
333,417,452
334,416,452
335,416,451
336,416,450
337,416,450
338,416,449
339,416,448
340,416,448
341,416,447
342,416,447
343,416,446
344,415,446
345,415,445
346,415,445
347,415,444
348,415,444
349,415,444
350,414,443
351,414,443
352,414,443
353,414,442
354,414,442
355,414,441
356,413,441
357,413,441
358,413,440
359,413,440
360,413,440
361,413,439
362,412,439
363,412,439
364,412,438
365,412,438
366,412,438
367,411,438
368,411,437
369,411,437
370,411,437
371,410,436
372,410,436
373,410,436
374,410,436
375,409,435
376,409,435
377,409,435
378,409,434
379,408,429
380,408,422
381,408,415
382,408,408
0,0
1,95
352,385,387
353,384,389
354,384,390
355,383,391
356,383,392
357,383,393
358,383,394
359,383,394
360,382,395
361,382,395
362,382,396
363,382,396
364,382,396
365,382,396
366,382,396
367,381,397
368,381,397
369,381,396
370,381,396
371,381,396
372,380,396
373,380,396
374,380,396
375,380,396
376,380,395
377,380,395
378,379,395
379,379,395
380,379,395
381,379,394
382,379,394
383,378,394
384,378,394
385,378,394
386,378,394
387,377,393
388,377,393
389,377,393
390,377,393
391,377,393
392,376,393
393,376,393
394,376,393
395,376,392
396,375,392
397,375,392
398,375,392
399,375,392
400,374,392
401,374,392
402,374,392
403,374,392
404,373,391
405,373,391
406,373,391
407,373,391
408,372,391
409,372,391
410,372,391
411,372,391
412,372,391
413,371,390
414,371,390
415,371,390
416,371,390
417,371,390
418,371,390
419,371,390
420,370,390
421,370,390
422,371,390
423,371,390
424,371,389
425,371,389
426,371,389
427,371,389
428,372,389
429,372,389
430,372,389
431,372,389
432,373,389
433,373,389
434,374,389
435,374,389
436,375,389
437,376,389
438,376,388
439,377,388
440,378,388
441,378,388
442,379,388
443,380,387
444,381,387
445,383,386
445,383,383
0,0
