1,127
61,128,130
62,127,131
63,126,131
64,126,132
65,125,132
66,125,133
67,124,133
68,124,134
69,124,134
70,124,134
71,123,135
72,123,135
73,123,136
74,123,136
75,123,136
76,122,136
77,122,137
78,122,137
79,122,137
80,122,137
81,122,138
82,121,138
83,121,138
84,121,138
85,121,138
86,120,138
87,120,138
88,120,138
89,120,138
90,120,138
91,119,138
92,119,139
93,119,139
94,119,139
95,118,138
96,118,138
97,118,138
98,118,138
99,117,138
100,117,138
101,117,138
102,117,138
103,116,137
104,116,137
105,116,137
106,115,137
107,115,137
108,115,136
109,115,136
110,114,136
111,114,135
112,114,135
113,113,135
114,113,135
115,113,134
116,112,134
117,112,134
118,112,133
119,111,133
120,111,133
121,111,132
122,110,132
123,110,132
124,109,132
125,109,131
126,109,131
127,108,131
128,108,130
129,108,130
130,107,130
131,107,130
132,106,129
133,106,129
134,106,129
135,105,128
136,105,128
137,104,128
138,104,128
139,104,127
140,103,127
141,103,127
142,102,126
143,102,126
144,101,126
145,101,126
146,101,125
147,100,125
148,100,125
149,100,124
150,99,124
151,99,124
152,99,124
153,99,123
154,99,123
155,98,123
156,98,122
157,98,122
158,98,122
159,98,122
160,98,121
161,97,121
162,98,121
163,98,120
164,98,120
165,98,120
166,98,119
167,98,119
168,98,119
169,99,118
170,99,118
171,99,118
172,99,118
173,99,117
174,99,117
175,100,117
176,100,116
177,100,116
178,100,116
179,101,115
180,101,115
181,101,114
182,102,114
183,103,114
184,103,113
185,104,112
186,105,111
187,108,109
0,0
1,178
16,215,219
17,214,221
18,213,222
19,212,223
20,212,224
21,212,224
22,211,225
23,211,226
24,211,226
25,211,227
26,211,227
27,211,228
28,211,228
29,211,229
30,210,229
31,210,230
32,210,230
33,210,230
34,210,231
35,210,231
36,210,231
37,209,232
38,209,232
39,209,232
40,209,232
41,209,232
42,209,232
43,209,233
44,208,233
45,208,233
46,208,233
47,208,233
48,208,233
49,208,233
50,207,233
51,207,232
52,207,232
53,207,232
54,207,232
55,207,232
56,207,231
57,206,231
58,206,231
59,206,230
60,206,230
61,206,230
62,206,229
63,205,229
64,205,229
65,205,228
66,205,228
67,204,227
68,204,227
69,204,227
70,204,226
71,204,226
72,203,226
73,203,225
74,203,225
75,203,225
76,202,224
77,202,224
78,202,224
79,202,223
80,201,223
81,201,222
82,201,222
83,201,222
84,200,222
85,200,221
86,200,221
87,200,220
88,200,220
89,199,220
90,199,220
91,199,219
92,199,219
93,198,219
94,198,218
95,198,218
96,197,218
97,197,217
98,197,217
99,197,217
100,197,216
101,196,216
102,196,216
103,196,215
104,196,215
105,195,215
106,195,215
107,195,214
108,195,214
109,194,214
110,194,213
111,194,213
112,194,213
113,193,212
114,193,212
115,193,212
116,193,212
117,192,211
118,192,211
119,192,211
120,192,211
121,191,210
122,191,210
123,191,210
124,190,209
125,190,209
126,190,209
127,190,209
128,189,208
129,189,208
130,189,208
131,189,208
132,188,207
133,188,207
134,188,207
135,188,207
136,187,207
137,187,206
138,187,206
139,187,206
140,186,206
141,186,205
142,186,205
143,186,205
144,185,205
145,185,204
146,185,204
147,185,204
148,184,204
149,184,204
150,184,203
151,184,203
152,183,203
153,183,203
154,183,203
155,182,202
156,182,202
157,182,202
158,182,202
159,181,202
160,181,201
161,181,201
162,181,201
163,181,201
164,180,201
165,180,200
166,180,200
167,180,200
168,180,200
169,179,200
170,180,199
171,180,199
172,180,199
173,180,199
174,180,199
175,180,199
176,180,198
177,181,198
178,181,198
179,181,198
180,181,198
181,182,198
182,182,197
183,183,197
184,183,197
185,183,197
186,184,197
187,184,196
188,185,196
189,186,196
190,186,195
191,187,195
192,188,194
193,190,192
0,0
0,152
128,101,104
129,97,107
130,96,111
131,95,113
132,94,115
133,94,117
134,94,119
135,94,121
136,94,122
137,95,124
138,95,125
139,96,127
140,96,128
141,97,129
142,97,130
143,98,131
144,98,132
145,99,133
146,99,133
147,99,133
148,99,133
149,100,133
150,100,133
151,100,132
152,101,132
153,101,132
154,101,131
155,101,131
156,101,131
157,102,131
158,102,130
159,102,130
160,102,130
161,102,129
162,102,129
163,102,129
164,102,129
165,103,128
166,103,128
167,103,128
168,103,128
169,103,128
170,103,128
171,103,127
172,103,127
173,103,127
174,103,127
175,103,127
176,103,127
177,103,127
178,103,126
179,103,126
180,103,126
181,104,126
182,104,126
183,104,126
184,104,125
185,104,125
186,104,125
187,104,125
188,104,125
189,104,125
190,104,125
191,103,125
192,103,124
193,103,124
194,103,124
195,103,124
196,103,124
197,103,124
198,103,124
199,103,124
200,103,124
201,103,123
202,103,123
203,103,123
204,103,123
205,103,123
206,103,123
207,103,123
208,103,123
209,103,122
210,103,122
211,103,122
212,103,122
213,103,122
214,103,122
215,103,122
216,103,122
217,103,121
218,102,121
219,102,121
220,102,121
221,102,121
222,102,121
223,102,121
224,102,121
225,102,120
226,102,120
227,102,120
228,102,120
229,102,120
230,102,120
231,102,120
232,102,120
233,102,119
234,102,119
235,101,119
236,101,119
237,101,119
238,101,119
239,101,119
240,101,119
241,101,118
242,101,118
243,101,118
244,101,118
245,101,118
246,101,118
247,101,118
248,101,118
249,100,117
250,100,117
251,100,117
252,100,117
253,100,117
254,100,117
255,100,117
256,100,117
257,100,116
258,100,116
259,100,116
260,100,116
261,100,116
262,99,116
263,99,116
264,99,116
265,99,115
266,99,115
267,99,115
268,99,115
269,99,115
270,99,115
271,99,115
272,99,115
273,99,114
274,98,114
275,98,114
276,98,110
277,98,105
278,98,101
279,98,98
0,0
0,115
275,47,50
276,44,58
277,43,62
278,43,65
279,43,68
280,43,71
281,43,73
282,43,74
283,44,75
284,44,75
285,45,76
286,45,76
287,46,76
288,46,76
289,47,77
290,47,77
291,47,77
292,48,77
293,48,77
294,49,77
295,49,77
296,50,77
297,50,77
298,50,77
299,51,77
300,51,78
301,52,78
302,52,78
303,52,78
304,53,78
305,53,78
306,53,78
307,54,78
308,54,79
309,54,79
310,55,79
311,55,79
312,55,79
313,56,79
314,56,79
315,56,80
316,57,80
317,57,80
318,57,80
319,57,80
320,58,80
321,58,80
322,58,81
323,58,81
324,59,81
325,59,81
326,59,81
327,59,81
328,60,82
329,60,82
330,60,82
331,60,82
332,61,82
333,61,82
334,61,83
335,61,83
336,61,83
337,62,83
338,62,83
339,62,83
340,62,83
341,62,84
342,62,84
343,63,84
344,63,84
345,63,84
346,63,84
347,63,84
348,63,85
349,63,85
350,64,85
351,64,85
352,64,85
353,64,85
354,64,85
355,65,86
356,65,86
357,65,86
358,65,86
359,65,86
360,65,86
361,66,86
362,66,86
363,66,86
364,66,86
365,67,87
366,67,87
367,67,87
368,68,87
369,68,87
370,68,87
371,69,87
372,69,87
373,69,87
374,70,87
375,70,87
376,70,87
377,71,87
378,71,87
379,72,87
380,72,87
381,73,87
382,74,86
383,74,86
384,75,86
385,76,86
386,77,86
387,78,85
388,79,85
389,81,83
0,0
1,87
50,286,289
51,286,290
52,286,290
53,285,291
54,285,292
55,285,292
56,285,293
57,285,293
58,284,294
59,284,294
60,284,295
61,284,295
62,284,295
63,283,295
64,283,295
65,283,295
66,283,295
67,283,296
68,282,296
69,282,296
70,282,295
71,282,295
72,281,295
73,281,295
74,281,295
75,281,295
76,281,294
77,280,294
78,280,294
79,280,294
80,280,293
81,279,293
82,279,293
83,279,293
84,279,292
85,278,292
86,278,292
87,278,291
88,277,291
89,277,291
90,277,290
91,277,290
92,276,290
93,276,290
94,276,289
95,275,289
96,275,289
97,275,288
98,274,288
99,274,288
100,274,287
101,273,287
102,273,287
103,273,287
104,272,286
105,272,286
106,271,286
107,271,285
108,270,285
109,270,285
110,270,285
111,269,284
112,269,284
113,268,284
114,268,284
115,267,283
116,267,283
117,266,283
118,266,283
119,265,282
120,265,282
121,264,281
122,264,281
123,263,281
124,262,281
125,262,281
126,261,281
127,261,281
128,260,281
129,259,281
130,259,281
131,258,281
132,260,281
133,266,281
134,271,282
135,277,283
136,283,284
0,89
255,140,140
256,135,144
257,132,147
258,131,149
259,131,151
260,131,153
261,132,154
262,132,156
263,132,158
264,132,159
265,132,161
266,132,163
267,133,164
268,133,166
269,133,168
270,133,170
271,133,171
272,133,173
273,134,174
274,134,175
275,134,176
276,134,177
277,134,177
278,135,177
279,135,177
280,135,177
281,135,177
282,135,176
283,135,176
284,136,176
285,136,175
286,137,174
287,137,174
288,137,173
289,137,172
290,137,171
291,137,170
292,137,170
293,137,169
294,136,168
295,136,167
296,136,167
297,136,166
298,136,165
299,136,165
300,135,164
301,135,164
302,135,163
303,135,163
304,134,162
305,134,162
306,134,161
307,133,161
308,133,160
309,133,160
310,133,160
311,132,159
312,132,159
313,132,158
314,132,158
315,131,158
316,131,157
317,131,157
318,131,157
319,130,156
320,130,156
321,130,156
322,130,155
323,129,155
324,129,155
325,129,154
326,129,154
327,128,154
328,128,153
329,128,153
330,127,153
331,127,152
332,127,152
333,127,152
334,126,152
335,126,151
336,126,151
337,126,151
338,125,150
339,125,150
340,125,150
341,125,150
342,137,149
343,149,149
0,0
1,92
70,354,355
71,353,357
72,352,358
73,352,359
74,351,360
75,351,361
76,351,361
77,351,362
78,350,363
79,350,363
80,350,363
81,350,364
82,349,364
83,349,364
84,349,364
85,349,364
86,348,364
87,348,364
88,348,364
89,348,364
90,347,363
91,347,363
92,347,363
93,346,363
94,346,362
95,346,362
96,346,362
97,345,361
98,345,361
99,345,361
100,344,361
101,344,360
102,344,360
103,343,360
104,343,360
105,343,359
106,342,359
107,342,359
108,342,359
109,341,358
110,341,358
111,341,358
112,340,358
113,340,358
114,340,357
115,339,357
116,339,357
117,339,357
118,338,357
119,338,356
120,338,356
121,337,356
122,337,356
123,336,356
124,336,355
125,336,355
126,335,355
127,335,355
128,335,355
129,335,354
130,334,354
131,334,354
132,334,354
133,334,354
134,334,353
135,334,353
136,334,353
137,334,353
138,333,353
139,334,353
140,334,352
141,334,352
142,334,352
143,334,352
144,334,352
145,335,352
146,335,351
147,335,351
148,336,351
149,336,351
150,336,351
151,337,351
152,337,350
153,338,350
154,339,350
155,339,350
156,340,350
157,340,350
158,341,349
159,342,349
160,343,348
161,344,347
0,0
1,144
215,83,85
216,82,86
217,82,87
218,81,88
219,81,88
220,80,89
221,80,89
222,80,90
223,79,90
224,79,91
225,79,91
226,79,92
227,79,92
228,78,92
229,78,93
230,78,93
231,78,93
232,78,94
233,78,94
234,78,94
235,77,95
236,77,95
237,77,95
238,77,95
239,77,95
240,77,96
241,77,96
242,76,96
243,76,96
244,76,96
245,76,96
246,76,97
247,75,97
248,75,97
249,75,97
250,75,97
251,75,97
252,75,97
253,74,97
254,74,97
255,74,97
256,74,97
257,73,97
258,73,97
259,73,96
260,73,96
261,73,96
262,72,96
263,72,96
264,72,96
265,72,95
266,71,95
267,71,95
268,71,95
269,71,95
270,70,94
271,70,94
272,70,94
273,70,93
274,69,93
275,69,93
276,69,93
277,68,92
278,68,92
279,68,92
280,68,92
281,67,91
282,67,91
283,67,91
284,66,91
285,66,90
286,66,90
287,65,90
288,65,90
289,65,89
290,64,89
291,64,89
292,64,89
293,63,88
294,63,88
295,63,88
296,62,88
297,62,88
298,62,87
299,61,87
300,61,87
301,61,87
302,60,86
303,60,86
304,60,86
305,59,86
306,59,85
307,58,85
308,58,85
309,58,85
310,57,84
311,57,84
312,56,84
313,56,83
314,56,83
315,56,83
316,55,83
317,55,83
318,55,82
319,55,82
320,54,82
321,54,82
322,54,81
323,54,81
324,54,81
325,54,81
326,54,80
327,54,80
328,53,80
329,53,80
330,53,79
331,53,79
332,54,79
333,54,79
334,54,78
335,54,78
336,54,78
337,54,77
338,54,77
339,55,77
340,55,77
341,55,76
342,55,76
343,55,76
344,56,76
345,56,75
346,56,75
347,56,75
348,57,74
349,57,74
350,58,74
351,58,73
352,58,73
353,59,73
354,59,72
355,60,72
356,61,71
357,62,70
358,64,69
0,0
1,218
192,169,170
193,168,171
194,167,172
195,167,173
196,167,174
197,167,174
198,166,175
199,166,175
200,166,176
201,166,176
202,165,177
203,165,177
204,165,178
205,165,178
206,165,178
207,165,179
208,164,179
209,164,180
210,164,180
211,164,180
212,164,180
213,163,180
214,163,181
215,163,181
216,163,181
217,163,181
218,163,181
219,162,181
220,162,182
221,162,182
222,162,182
223,162,182
224,162,182
225,161,182
226,161,181
227,161,181
228,161,181
229,161,181
230,160,181
231,160,181
232,160,181
233,160,181
234,160,181
235,160,180
236,159,180
237,159,180
238,159,180
239,159,180
240,159,179
241,158,179
242,158,179
243,158,179
244,158,178
245,158,178
246,157,178
247,157,177
248,157,177
249,157,177
250,157,177
251,156,176
252,156,176
253,156,176
254,156,175
255,156,175
256,155,175
257,155,175
258,155,174
259,155,174
260,155,174
261,155,174
262,154,173
263,154,173
264,154,173
265,154,173
266,154,172
267,153,172
268,153,172
269,153,172
270,153,171
271,153,171
272,152,171
273,152,171
274,152,170
275,152,170
276,152,170
277,151,170
278,151,170
279,151,169
280,151,169
281,151,169
282,150,169
283,150,169
284,150,168
285,150,168
286,150,168
287,149,168
288,149,168
289,149,168
290,149,167
291,148,167
292,148,167
293,148,167
294,148,167
295,148,166
296,147,166
297,147,166
298,147,166
299,147,166
300,147,166
301,146,165
302,146,165
303,146,165
304,146,165
305,145,165
306,145,165
307,145,165
308,145,164
309,145,164
310,144,164
311,144,164
312,144,164
313,144,164
314,143,164
315,143,163
316,143,163
317,143,163
318,142,163
319,142,163
320,142,163
321,142,163
322,142,162
323,141,162
324,141,162
325,141,162
326,141,162
327,140,162
328,140,162
329,140,162
330,140,161
331,139,161
332,139,161
333,139,161
334,139,161
335,138,161
336,138,161
337,138,161
338,138,161
339,138,161
340,137,160
341,137,160
342,137,160
343,137,160
344,136,160
345,136,160
346,136,160
347,136,160
348,135,160
349,135,160
350,135,159
351,135,159
352,134,159
353,134,159
354,134,159
355,133,159
356,133,159
357,133,159
358,133,159
359,132,159
360,132,159
361,132,158
362,132,158
363,132,158
364,131,158
365,131,158
366,131,158
367,131,158
368,131,158
369,131,158
370,131,158
371,130,158
372,131,158
373,131,158
374,131,158
375,131,158
376,131,158
377,131,158
378,132,158
379,132,158
380,132,158
381,132,158
382,132,158
383,132,158
384,132,158
385,133,158
386,133,158
387,133,158
388,134,158
389,134,158
390,134,158
391,135,158
392,135,158
393,135,158
394,136,158
395,136,158
396,137,158
397,137,158
398,138,158
399,139,158
400,139,158
401,140,157
402,141,157
403,141,157
404,142,157
405,143,157
406,144,156
407,145,156
408,146,155
409,148,153
0,0
0,212
90,259,259
91,256,262
92,254,265
93,253,268
94,252,269
95,252,271
96,252,272
97,252,274
98,252,275
99,252,276
100,253,278
101,253,279
102,254,280
103,254,281
104,254,282
105,255,283
106,255,284
107,256,285
108,256,285
109,256,286
110,256,287
111,256,287
112,256,288
113,256,288
114,256,289
115,256,289
116,256,289
117,256,289
118,256,289
119,256,289
120,255,289
121,255,289
122,255,288
123,255,288
124,255,287
125,255,286
126,254,286
127,254,285
128,254,285
129,254,285
130,254,284
131,254,284
132,253,284
133,253,283
134,253,283
135,253,283
136,253,282
137,252,282
138,252,282
139,252,281
140,252,281
141,252,281
142,252,280
143,251,280
144,251,280
145,251,280
146,251,279
147,251,279
148,251,279
149,250,279
150,250,278
151,250,278
152,250,278
153,250,278
154,249,277
155,249,277
156,249,277
157,249,276
158,248,276
159,248,276
160,248,276
161,248,275
162,248,275
163,247,275
164,247,275
165,247,274
166,246,274
167,246,274
168,246,273
169,246,273
170,246,273
171,245,273
172,245,272
173,245,272
174,244,272
175,244,271
176,244,271
177,244,271
178,243,270
179,243,270
180,243,269
181,242,269
182,242,269
183,242,268
184,242,268
185,241,268
186,241,267
187,241,267
188,240,267
189,240,266
190,240,266
191,239,265
192,239,265
193,239,265
194,238,264
195,238,264
196,238,263
197,237,263
198,237,263
199,237,262
200,236,262
201,236,261
202,236,261
203,235,260
204,235,260
205,234,260
206,234,259
207,234,259
208,233,258
209,233,258
210,232,257
211,232,257
212,231,257
213,231,256
214,231,256
215,230,255
216,230,255
217,229,254
218,229,254
219,228,253
220,228,253
221,227,252
222,227,252
223,226,251
224,226,251
225,225,250
226,225,250
227,224,249
228,224,248
229,224,248
230,223,248
231,222,247
232,222,246
233,221,246
234,221,245
235,220,245
236,220,244
237,219,244
238,219,243
239,218,242
240,218,242
241,217,241
242,216,241
243,216,240
244,215,239
245,215,239
246,214,238
247,214,237
248,213,237
249,212,236
250,212,235
251,211,235
252,211,234
253,210,233
254,209,233
255,209,232
256,208,231
257,207,231
258,207,230
259,206,229
260,205,228
261,204,228
262,204,227
263,203,226
264,202,225
265,201,225
266,201,224
267,200,223
268,199,222
269,198,221
270,198,221
271,197,220
272,196,219
273,195,218
274,194,217
275,194,216
276,193,215
277,192,214
278,191,213
279,190,212
280,190,211
281,189,210
282,188,209
283,187,207
284,187,206
285,186,205
286,185,204
287,184,202
288,183,201
289,183,200
290,182,198
291,181,197
292,180,196
293,179,194
294,178,193
295,178,192
296,177,190
297,177,189
298,176,188
299,176,186
300,176,184
301,179,181
0,0
1,199
285,158,167
286,157,169
287,157,171
288,156,172
289,157,173
290,157,175
291,158,176
292,159,177
293,160,179
294,161,180
295,161,182
296,162,183
297,163,185
298,164,186
299,165,187
300,166,189
301,167,190
302,168,192
303,169,193
304,170,194
305,171,196
306,172,197
307,173,199
308,173,200
309,174,201
310,175,203
311,176,204
312,177,205
313,178,207
314,179,208
315,180,209
316,181,211
317,182,212
318,183,213
319,184,215
320,185,216
321,186,218
322,187,219
323,188,220
324,189,221
325,190,223
326,191,224
327,192,225
328,193,227
329,194,228
330,194,229
331,195,231
332,196,232
333,197,233
334,198,234
335,199,236
336,200,237
337,201,238
338,202,240
339,203,241
340,203,242
341,204,243
342,205,244
343,206,246
344,207,247
345,208,248
346,209,250
347,209,251
348,210,252
349,211,253
350,212,255
351,213,256
352,214,257
353,214,258
354,215,259
355,216,261
356,217,262
357,218,263
358,218,264
359,219,265
360,220,267
361,221,268
362,221,269
363,222,270
364,223,271
365,224,273
366,224,274
367,225,275
368,226,276
369,227,277
370,227,277
371,228,278
372,229,279
373,229,280
374,230,280
375,231,281
376,231,281
377,232,282
378,233,282
379,233,283
380,234,283
381,235,284
382,235,284
383,236,285
384,237,285
385,237,285
386,238,286
387,238,286
388,239,286
389,240,286
390,240,287
391,241,287
392,241,287
393,242,287
394,242,288
395,243,288
396,244,288
397,244,288
398,245,289
399,245,289
400,246,289
401,246,289
402,247,289
403,247,289
404,248,289
405,248,290
406,249,290
407,249,290
408,250,290
409,250,290
410,251,290
411,251,290
412,252,290
413,252,290
414,253,290
415,253,290
416,254,290
417,254,290
418,255,290
419,255,291
420,255,291
421,256,291
422,256,291
423,257,291
424,257,291
425,258,291
426,258,291
427,258,291
428,259,291
429,259,291
430,260,291
431,260,291
432,260,292
433,261,291
434,261,291
435,262,291
436,262,291
437,262,291
438,263,291
439,263,291
440,264,291
441,264,291
442,265,291
443,265,291
444,265,291
445,266,291
446,266,291
447,267,291
448,267,291
449,267,291
450,268,291
451,268,291
452,269,291
453,269,291
454,270,291
455,270,291
456,270,291
457,271,291
458,271,290
459,272,290
460,272,290
461,273,290
462,273,290
463,273,290
464,274,290
465,274,290
466,275,289
467,275,289
468,276,289
469,276,289
470,276,289
471,277,289
472,277,289
473,278,288
474,278,288
475,279,288
476,279,288
477,280,288
478,280,287
479,281,287
480,281,287
481,282,287
482,283,286
483,284,285
0,0
0,231
234,260,260
235,254,266
236,251,271
237,250,274
238,249,277
239,249,280
240,248,282
241,248,284
242,249,286
243,249,288
244,249,290
245,250,291
246,251,293
247,251,294
248,252,295
249,252,296
250,253,297
251,254,297
252,255,298
253,256,298
254,256,299
255,257,299
256,258,299
257,259,299
258,259,300
259,260,300
260,260,300
261,260,299
262,261,299
263,261,299
264,262,299
265,262,299
266,262,298
267,263,298
268,263,298
269,263,297
270,263,297
271,264,297
272,264,296
273,264,296
274,264,296
275,264,295
276,265,295
277,265,295
278,265,295
279,265,295
280,265,294
281,265,294
282,265,294
283,265,294
284,266,294
285,266,293
286,266,293
287,266,293
288,266,293
289,266,293
290,266,293
291,266,293
292,266,293
293,266,292
294,266,292
295,266,292
296,266,292
297,266,292
298,266,292
299,266,292
300,267,292
301,267,292
302,267,292
303,267,292
304,267,292
305,267,292
306,267,292
307,267,292
308,267,292
309,267,292
310,267,292
311,267,292
312,267,292
313,267,292
314,267,292
315,267,292
316,267,292
317,267,292
318,267,292
319,267,292
320,267,292
321,267,292
322,267,292
323,267,292
324,267,292
325,267,292
326,267,292
327,267,292
328,267,292
329,267,292
330,267,292
331,267,292
332,267,292
333,267,292
334,267,292
335,267,292
336,267,292
337,267,292
338,267,292
339,267,292
340,267,292
341,267,292
342,267,292
343,267,292
344,267,292
345,267,292
346,267,292
347,267,292
348,267,292
349,267,292
350,267,292
351,267,292
352,267,292
353,267,292
354,267,292
355,267,292
356,267,292
357,267,292
358,267,292
359,267,292
360,267,293
361,267,293
362,267,293
363,267,293
364,267,293
365,267,293
366,267,293
367,267,293
368,267,293
369,267,293
370,267,293
371,267,293
372,267,293
373,267,293
374,267,293
375,267,293
376,267,293
377,267,293
378,267,293
379,267,293
380,267,293
381,267,293
382,267,293
383,267,293
384,267,293
385,267,293
386,267,293
387,267,293
388,267,293
389,267,293
390,267,293
391,266,293
392,266,293
393,266,293
394,266,293
395,266,294
396,266,294
397,266,294
398,266,294
399,266,294
400,266,294
401,266,294
402,266,294
403,266,294
404,266,294
405,266,294
406,266,294
407,265,294
408,265,294
409,264,294
410,264,294
411,263,295
412,262,295
413,260,295
413,247,247
413,260,295
414,247,250
414,250,295
414,247,295
415,248,295
416,248,295
417,248,295
418,249,295
419,249,295
420,250,295
421,250,295
422,251,294
423,251,294
424,251,294
425,252,294
426,252,294
427,253,294
428,253,294
429,254,294
430,254,294
431,254,293
432,255,293
433,255,293
434,256,293
435,256,292
436,257,292
437,257,292
438,257,291
439,258,291
440,258,291
441,259,290
442,259,290
443,259,289
444,260,289
445,260,288
446,261,288
447,261,287
448,262,287
449,262,286
450,262,285
451,263,285
452,263,284
453,264,283
454,264,282
455,265,282
456,265,281
457,266,280
458,268,278
459,270,277
460,273,273
1,49
265,455,456
264,453,455
263,450,454
262,448,453
261,446,452
260,443,451
259,441,450
258,438,449
257,436,448
256,434,447
255,431,446
254,429,445
253,427,444
252,424,443
251,422,442
250,420,441
249,417,440
248,415,439
247,414,439
246,413,438
245,413,437
244,413,436
243,413,435
242,412,434
241,412,434
240,412,433
239,412,432
238,412,431
237,411,431
236,411,430
235,411,429
234,411,428
233,411,427
232,410,427
231,410,426
230,410,425
229,410,424
228,410,424
227,409,423
226,409,422
225,409,421
224,409,420
223,409,419
222,409,418
221,409,417
220,408,417
219,408,415
218,409,414
217,409,413
0,0
0,92
314,206,206
315,204,212
316,202,216
317,202,220
318,202,222
319,202,224
320,202,226
321,202,227
322,202,228
323,202,230
324,202,231
325,202,232
326,202,233
327,202,233
328,202,234
329,202,234
330,202,235
331,202,235
332,202,235
333,202,235
334,201,235
335,201,234
336,201,233
337,201,232
338,200,232
339,200,231
340,200,230
341,200,229
342,199,229
343,199,228
344,199,227
345,198,227
346,198,226
347,198,225
348,197,225
349,197,224
350,196,223
351,196,223
352,195,222
353,195,221
354,194,221
355,194,220
356,194,219
357,193,218
358,193,218
359,192,217
360,192,216
361,191,215
362,191,215
363,190,214
364,189,213
365,189,212
366,188,212
367,188,211
368,187,210
369,186,209
370,186,208
371,185,207
372,184,207
373,184,206
374,183,205
375,182,204
376,182,203
377,181,202
378,180,201
379,179,200
380,179,199
381,178,198
382,177,197
383,176,196
384,175,195
385,175,194
386,174,193
387,173,192
388,172,191
389,171,189
390,170,188
391,170,187
392,169,185
393,168,184
394,167,182
395,166,181
396,165,179
397,165,178
398,164,176
399,163,174
400,162,173
401,161,171
402,160,169
403,159,166
404,160,164
405,161,161
0,0
0,62
323,313,313
324,311,315
325,310,318
326,309,319
327,309,320
328,308,322
329,308,323
330,308,324
331,308,325
332,308,326
333,308,327
334,309,328
335,309,329
336,309,330
337,310,331
338,310,333
339,310,334
340,311,335
341,311,336
342,311,336
343,312,337
344,312,338
345,312,339
346,313,340
347,313,340
348,314,341
349,314,342
350,314,343
351,315,343
352,315,344
353,315,344
354,316,345
355,316,345
356,317,346
357,317,346
358,317,347
359,318,347
360,318,347
361,319,348
362,319,348
363,320,348
364,320,348
365,321,348
366,321,348
367,322,348
368,322,348
369,323,348
370,323,348
371,324,348
372,324,348
373,325,347
374,326,347
375,326,347
376,327,346
377,328,346
378,329,345
379,329,344
380,330,343
381,331,342
382,333,341
383,334,339
384,337,337
0,0
1,68
354,314,316
355,310,319
356,308,321
357,308,323
358,307,324
359,307,325
360,307,327
361,308,328
362,310,319
362,309,330
363,310,319
363,309,331
364,310,333
365,310,334
366,313,316
366,311,336
367,313,316
367,311,338
368,313,316
368,312,339
369,313,316
369,312,341
370,313,342
371,313,344
372,314,345
373,314,347
374,315,349
375,316,350
376,316,352
377,317,354
378,317,355
379,318,357
380,318,359
381,319,360
382,319,362
383,320,364
384,320,365
385,321,367
386,321,369
387,322,371
388,323,372
389,323,374
390,324,376
391,324,377
392,325,379
393,325,380
394,326,381
395,327,382
396,327,383
397,328,384
398,329,385
399,329,385
400,330,385
401,331,386
402,331,386
403,332,386
404,333,386
405,334,386
406,334,385
407,335,385
408,336,385
409,338,384
410,340,383
411,341,383
412,344,382
413,347,380
414,351,378
415,356,375
0,0
