0,116
51,167,167
52,158,170
53,155,174
54,153,177
55,152,180
56,151,183
57,150,186
58,150,188
59,150,191
60,150,192
61,151,194
62,151,195
63,152,196
64,152,196
65,153,197
66,154,197
67,154,197
68,155,198
69,156,198
70,156,198
71,157,198
72,158,198
73,159,198
74,159,198
75,160,198
76,161,198
77,161,198
78,162,198
79,163,198
80,163,198
81,164,198
82,164,198
83,165,198
84,165,198
85,166,198
86,166,198
87,167,198
88,168,198
89,168,199
90,168,199
91,169,199
92,169,199
93,170,199
94,170,199
95,171,199
96,171,199
97,171,199
98,172,199
99,172,199
100,172,199
101,173,199
102,173,199
103,173,199
104,173,200
105,174,200
106,174,200
107,174,200
108,174,200
109,175,200
110,175,200
111,175,200
112,175,200
113,176,200
114,176,200
115,176,200
116,176,200
117,176,200
118,177,200
119,177,200
120,177,201
121,177,201
122,177,201
123,178,201
124,178,201
125,178,201
126,178,201
127,178,201
128,179,201
129,179,201
130,179,201
131,179,201
132,179,201
133,179,201
134,180,202
135,180,202
136,180,202
137,180,202
138,180,202
139,180,202
140,181,202
141,181,202
142,181,202
143,181,202
144,181,203
145,181,203
146,181,203
147,182,203
148,182,203
149,182,203
150,183,203
151,183,203
152,184,203
153,184,203
154,185,203
155,185,203
156,186,203
157,186,202
158,187,202
159,188,202
160,188,202
161,189,201
162,190,201
163,191,201
164,192,200
165,193,199
166,196,197
0,0
1,182
61,114,119
62,113,121
63,113,122
64,113,123
65,112,125
66,112,126
67,112,127
68,112,127
69,112,128
70,112,129
71,112,130
72,112,131
73,112,131
74,112,132
75,112,133
76,112,133
77,112,134
78,112,134
79,112,135
80,111,135
81,111,136
82,111,136
83,111,137
84,111,137
85,111,138
86,111,138
87,111,138
88,111,139
89,111,139
90,111,139
91,110,140
92,110,140
93,110,140
94,110,140
95,110,141
96,110,140
97,110,140
98,110,140
99,110,140
100,110,140
101,110,140
102,109,139
103,109,139
104,109,139
105,109,139
106,109,139
107,109,138
108,109,138
109,109,138
110,109,138
111,109,137
112,109,137
113,108,137
114,108,137
115,108,136
116,108,136
117,108,136
118,108,136
119,108,136
120,108,135
121,108,135
122,108,135
123,108,135
124,107,134
125,107,134
126,107,134
127,107,134
128,107,133
129,107,133
130,107,133
131,107,133
132,107,133
133,107,132
134,107,132
135,107,132
136,106,132
137,106,131
138,106,131
139,106,131
140,106,131
141,106,130
142,106,130
143,106,130
144,106,130
145,106,130
146,105,129
147,105,129
148,105,129
149,105,129
150,105,128
151,105,128
152,105,128
153,105,128
154,105,127
155,105,127
156,105,127
157,104,127
158,104,127
159,104,126
160,104,126
161,104,126
162,104,126
163,104,125
164,104,125
165,104,125
166,103,125
167,103,124
168,103,124
169,103,124
170,103,124
171,103,123
172,103,123
173,103,123
174,103,123
175,103,123
176,102,122
177,102,122
178,102,122
179,102,122
180,102,121
181,102,121
182,102,121
183,102,121
184,102,120
185,102,120
186,102,120
187,101,120
188,101,120
189,101,119
190,101,119
191,101,119
192,101,119
193,101,118
194,101,118
195,100,118
196,100,118
197,100,117
198,100,117
199,100,117
200,100,117
201,100,116
202,100,116
203,99,116
204,99,116
205,99,115
206,99,115
207,99,115
208,99,115
209,99,115
210,99,114
211,99,114
212,99,114
213,98,114
214,98,113
215,98,113
216,98,113
217,98,113
218,98,112
219,98,112
220,97,112
221,97,112
222,97,111
223,97,111
224,97,111
225,97,111
226,97,111
227,97,110
228,97,110
229,96,110
230,96,110
231,96,110
232,96,109
233,96,109
234,96,108
235,95,108
236,96,107
237,96,107
238,97,106
239,97,106
240,97,105
241,98,104
242,99,103
0,0
1,199
265,95,96
266,95,98
267,94,99
268,94,100
269,94,100
270,93,101
271,93,102
272,93,103
273,93,103
274,93,104
275,93,105
276,93,105
277,93,106
278,93,107
279,93,107
280,93,108
281,93,108
282,93,109
283,93,109
284,93,109
285,93,110
286,93,110
287,93,110
288,92,111
289,92,111
290,92,111
291,92,111
292,92,111
293,92,112
294,92,112
295,92,112
296,92,112
297,92,112
298,92,112
299,92,112
300,92,112
301,92,112
302,92,112
303,92,112
304,92,112
305,92,112
306,92,113
307,92,112
308,92,112
309,92,112
310,92,112
311,92,112
312,91,112
313,91,112
314,91,112
315,91,112
316,91,112
317,91,112
318,91,111
319,91,111
320,91,111
321,91,111
322,91,111
323,91,111
324,91,111
325,91,111
326,91,110
327,91,110
328,91,110
329,91,110
330,90,110
331,90,110
332,90,110
333,90,110
334,90,110
335,90,110
336,90,110
337,90,110
338,90,110
339,90,110
340,90,110
341,90,110
342,90,110
343,90,110
344,90,110
345,89,110
346,89,110
347,89,110
348,89,110
349,89,110
350,89,110
351,89,110
352,89,110
353,89,110
354,89,110
355,89,110
356,89,110
357,89,110
358,88,110
359,88,110
360,88,110
361,88,110
362,88,110
363,88,110
364,88,110
365,88,110
366,88,110
367,88,110
368,88,110
369,88,110
370,88,110
371,87,110
372,87,110
373,87,110
374,87,110
375,87,110
376,87,110
377,87,110
378,87,110
379,87,110
380,86,110
381,86,110
382,86,110
383,86,110
384,86,110
385,86,110
386,86,110
387,86,110
388,86,110
389,85,110
390,85,110
391,85,110
392,85,110
393,85,110
394,85,110
395,85,110
396,85,110
397,92,110
397,85,111
398,92,110
398,85,111
399,92,110
399,85,111
400,92,110
400,84,111
401,92,110
401,84,111
402,92,110
402,84,111
403,92,110
403,84,111
404,92,110
404,84,111
405,92,110
405,84,111
406,92,110
406,84,111
407,92,110
407,84,111
408,92,110
408,85,111
409,92,110
409,85,112
410,92,110
410,85,112
411,92,110
411,85,112
412,92,110
412,85,112
413,92,110
413,85,112
414,92,110
414,85,112
415,86,112
416,86,112
417,86,112
418,86,112
419,87,113
420,87,113
421,88,113
422,88,113
423,88,113
424,89,113
425,89,113
426,90,114
427,90,114
428,91,114
429,91,114
430,92,114
431,93,114
432,93,115
433,94,115
434,95,115
435,95,115
436,96,115
437,97,116
438,98,115
439,99,115
440,100,115
441,101,114
442,102,114
443,104,113
444,106,112
444,112,112
0,0
0,138
23,306,306
24,302,311
25,299,315
26,298,317
27,296,320
28,295,322
29,295,324
30,295,325
31,295,327
32,295,329
33,295,330
34,295,332
35,296,333
36,296,335
37,297,336
38,297,337
39,298,339
40,298,340
41,298,341
42,298,342
43,299,342
44,299,343
45,299,344
46,299,344
47,299,344
48,299,345
49,300,345
50,300,345
51,300,344
52,300,344
53,300,344
54,300,343
55,300,343
56,300,342
57,300,341
58,300,340
59,300,340
60,300,339
61,300,339
62,300,338
63,300,338
64,299,337
65,299,337
66,299,336
67,299,335
68,299,335
69,299,334
70,299,334
71,299,334
72,299,333
73,299,333
74,298,332
75,298,332
76,298,331
77,298,331
78,298,330
79,298,330
80,298,329
81,297,329
82,297,328
83,297,328
84,297,328
85,297,327
86,296,327
87,296,326
88,296,326
89,296,326
90,296,325
91,295,325
92,295,325
93,295,324
94,295,324
95,295,323
96,294,323
97,294,323
98,294,322
99,294,322
100,294,321
101,293,321
102,293,321
103,293,320
104,293,320
105,292,319
106,292,319
107,292,319
108,292,318
109,291,318
110,291,317
111,291,317
112,291,317
113,290,316
114,290,316
115,290,315
116,290,315
117,289,314
118,289,314
119,289,314
120,289,313
121,288,313
122,288,312
123,288,312
124,288,311
125,287,311
126,287,310
127,287,310
128,287,310
129,286,309
130,286,309
131,286,308
132,285,308
133,285,307
134,285,307
135,285,306
136,284,306
137,284,305
138,284,305
139,284,304
140,283,304
141,283,303
142,283,303
143,283,302
144,283,302
145,283,301
146,282,301
147,282,300
148,282,299
149,282,299
150,282,298
151,282,297
152,282,297
153,282,296
154,282,295
155,282,294
156,282,293
157,282,292
158,283,291
159,283,289
160,284,287
0,0
0,151
151,222,227
152,220,232
153,219,235
154,218,238
155,218,241
156,217,243
157,217,246
158,217,248
159,217,250
160,217,252
161,217,253
162,217,255
163,217,256
164,217,258
165,217,259
166,217,260
167,216,261
168,216,261
169,216,262
170,216,263
171,216,263
172,215,263
173,215,263
174,215,263
175,214,263
176,214,262
177,213,261
178,213,261
179,213,260
180,212,259
181,212,257
182,211,256
183,211,254
184,210,253
185,209,251
186,209,250
187,208,248
188,207,247
189,207,245
190,206,244
191,205,243
192,205,241
193,204,240
194,203,239
195,203,237
196,202,236
197,201,235
198,200,234
199,200,233
200,199,231
201,198,230
202,197,229
203,197,228
204,196,227
205,195,225
206,194,224
207,193,223
208,192,222
209,192,221
210,191,220
211,190,218
212,189,217
213,188,216
214,187,215
215,186,214
216,185,213
217,184,212
218,183,211
219,182,209
220,181,208
221,180,207
222,179,206
223,178,205
224,177,204
225,176,203
226,175,202
227,174,201
228,173,200
229,171,199
230,170,198
231,169,197
232,168,196
233,167,195
234,165,194
235,164,192
236,162,191
237,161,190
238,159,189
239,158,188
240,156,187
241,155,186
242,153,185
243,152,184
244,150,183
245,148,182
246,146,181
247,144,180
248,142,179
249,140,178
250,138,178
251,136,177
252,133,176
253,131,175
254,128,174
255,126,173
256,123,173
257,120,172
258,118,171
259,116,170
260,115,170
261,114,169
262,112,168
263,112,167
264,111,166
265,110,165
266,110,164
267,110,163
268,110,163
269,109,162
270,109,161
271,109,160
272,110,159
273,110,158
274,110,157
275,110,156
276,110,156
277,110,155
278,111,154
279,111,153
280,111,152
281,112,151
282,112,150
283,112,149
284,113,149
285,113,148
286,114,147
287,114,146
288,114,145
289,115,144
290,115,143
291,116,142
292,117,142
293,117,141
294,118,140
295,118,139
296,119,138
297,120,137
298,121,136
299,122,135
300,125,133
301,129,129
1,211
135,299,299
136,298,299
137,297,298
138,296,298
139,295,297
140,294,297
141,293,296
142,291,296
143,290,295
144,289,295
145,288,294
146,287,294
147,286,293
148,285,293
149,283,293
150,282,292
151,281,292
152,280,291
153,279,291
154,278,291
155,277,290
156,275,290
157,274,289
158,273,289
159,272,289
160,271,288
161,270,288
162,269,287
163,267,287
164,266,287
165,265,286
166,264,286
167,263,286
168,262,285
169,261,285
170,259,285
171,258,284
172,257,284
173,256,284
174,257,283
175,257,283
176,257,283
177,257,282
178,257,282
179,257,282
180,257,281
181,257,281
182,257,281
183,257,280
184,257,280
185,257,280
186,257,279
187,256,279
188,256,279
189,256,278
190,256,278
191,256,278
192,256,278
193,256,277
194,256,277
195,256,277
196,256,277
197,255,276
198,255,276
199,255,276
200,255,276
201,255,275
202,255,275
203,255,275
204,255,274
205,255,274
206,254,274
207,254,274
208,254,273
209,254,273
210,254,273
211,254,273
212,254,272
213,253,272
214,253,272
215,253,272
216,253,271
217,253,271
218,253,271
219,253,271
220,253,270
221,252,270
222,252,270
223,252,270
224,252,269
225,252,269
226,252,269
227,252,269
228,252,269
229,251,268
230,251,268
231,251,268
232,251,268
233,251,267
234,251,267
235,251,267
236,251,267
237,250,267
238,250,266
239,250,266
240,250,266
241,250,266
242,250,266
243,250,265
244,250,265
245,249,265
246,249,265
247,249,264
248,249,264
249,249,264
250,249,264
251,249,264
252,249,263
253,248,263
254,248,263
255,248,263
256,248,263
257,248,262
258,248,262
259,248,262
260,247,262
261,247,262
262,247,261
263,247,261
264,247,261
265,247,261
266,247,261
267,247,260
268,247,260
269,246,260
270,246,260
271,246,260
272,246,259
273,246,259
274,246,259
275,246,259
276,245,259
277,245,259
278,245,258
279,245,258
280,245,258
281,245,258
282,245,258
283,245,258
284,244,257
285,244,257
286,244,257
287,244,257
288,244,257
289,244,257
290,244,256
291,244,256
292,243,256
293,243,256
294,243,256
295,243,255
296,243,255
297,243,255
298,243,255
299,243,255
300,242,255
301,242,254
302,242,254
303,242,254
304,242,254
305,242,254
306,242,253
307,242,253
308,241,253
309,241,253
310,241,253
311,241,253
312,241,252
313,241,252
314,241,252
315,241,252
316,240,251
317,240,251
318,240,251
319,240,251
320,240,251
321,240,250
322,240,250
323,240,250
324,239,250
325,239,249
326,239,249
327,239,249
328,239,249
329,239,249
330,239,248
331,239,248
332,238,248
333,238,247
334,238,247
335,238,247
336,238,246
337,238,246
338,238,246
339,238,245
340,238,245
341,239,244
342,239,244
343,239,243
344,240,242
345,240,241
0,0
1,94
295,201,208
296,199,210
297,199,212
298,198,213
299,198,214
300,199,215
301,199,216
302,201,208
302,200,217
303,201,208
303,200,218
304,201,208
304,200,218
305,201,219
306,201,220
307,201,221
308,202,222
309,202,223
310,202,224
311,203,225
312,203,226
313,203,227
314,204,228
315,204,229
316,204,229
317,205,231
318,205,231
319,205,232
320,206,233
321,206,234
322,207,235
323,207,236
324,207,237
325,208,238
326,208,239
327,208,240
328,209,241
329,209,242
330,210,243
331,210,244
332,210,245
333,211,246
334,211,247
335,212,248
336,212,249
337,212,250
338,213,251
339,213,252
340,214,253
341,214,254
342,214,255
343,215,256
344,215,257
345,216,258
346,216,259
347,217,260
348,217,261
349,217,262
350,218,263
351,218,264
352,219,266
353,219,267
354,220,268
355,220,269
356,221,270
357,221,271
358,222,272
359,222,273
360,223,274
361,223,275
362,224,276
363,225,277
364,225,278
365,226,279
366,226,279
367,227,280
368,228,281
369,228,281
370,229,281
371,230,282
372,231,282
373,233,282
374,234,282
375,235,282
376,237,282
377,239,281
378,241,281
379,242,281
380,245,280
381,247,279
382,250,278
383,253,277
384,256,276
385,261,274
0,0
0,144
323,138,139
324,135,148
325,133,153
326,132,157
327,132,161
328,132,164
329,132,166
330,132,168
331,132,170
332,132,171
333,133,172
334,133,173
335,133,173
336,134,174
337,134,174
338,135,174
339,135,175
340,136,175
341,136,175
342,137,175
343,137,175
344,138,175
345,138,175
346,139,175
347,139,175
348,139,176
349,140,176
350,140,176
351,141,176
352,141,176
353,141,176
354,142,176
355,142,176
356,143,176
357,143,177
358,143,177
359,144,177
360,144,177
361,144,177
362,145,177
363,145,177
364,146,177
365,146,178
366,146,178
367,147,178
368,147,178
369,147,178
370,148,178
371,148,178
372,148,179
373,149,179
374,149,179
375,149,179
376,149,179
377,150,179
378,150,179
379,150,180
380,151,180
381,151,180
382,151,180
383,151,180
384,152,180
385,152,181
386,152,181
387,152,181
388,153,181
389,153,181
390,153,181
391,153,181
392,154,182
393,154,182
394,154,182
395,154,182
396,154,182
397,155,182
398,155,183
399,155,183
400,155,183
401,155,183
402,156,183
403,156,183
404,156,184
405,156,184
406,156,184
407,156,184
408,157,184
409,157,184
410,157,184
411,157,185
412,157,185
413,157,185
414,158,185
415,158,185
416,158,185
417,158,185
418,158,186
419,158,186
420,159,186
421,159,186
422,159,186
423,159,186
424,159,186
425,160,186
426,160,187
427,160,187
428,160,187
429,161,187
430,161,187
431,161,187
432,161,187
433,161,187
434,162,187
435,162,187
436,162,187
437,163,188
438,163,188
439,163,188
440,164,188
441,164,188
442,164,188
443,164,188
444,165,188
445,165,188
446,166,188
447,166,188
448,166,188
449,167,188
450,167,188
451,168,188
452,168,188
453,169,188
454,169,188
455,170,187
456,171,187
457,171,187
458,172,187
459,173,187
460,174,187
461,175,186
462,176,186
463,177,185
464,178,185
465,179,184
466,183,183
0,0
1,176
147,331,335
148,330,336
149,330,337
150,329,338
151,329,339
152,329,340
153,329,340
154,329,341
155,329,341
156,329,342
157,329,342
158,329,343
159,329,343
160,329,344
161,328,344
162,328,344
163,328,344
164,328,345
165,328,345
166,328,345
167,328,345
168,328,345
169,328,345
170,328,345
171,328,345
172,328,346
173,328,345
174,328,345
175,327,345
176,327,345
177,327,345
178,327,345
179,327,345
180,327,345
181,327,345
182,327,344
183,327,344
184,327,344
185,327,344
186,327,344
187,326,343
188,326,343
189,326,343
190,326,343
191,326,342
192,326,342
193,326,342
194,326,342
195,326,342
196,326,342
197,325,341
198,325,341
199,325,341
200,325,341
201,325,341
202,325,341
203,325,340
204,325,340
205,324,340
206,324,340
207,324,340
208,324,340
209,324,339
210,324,339
211,324,339
212,324,339
213,323,339
214,323,339
215,323,338
216,323,338
217,323,338
218,323,338
219,323,338
220,322,338
221,322,337
222,322,337
223,322,337
224,322,337
225,322,337
226,322,337
227,321,337
228,321,336
229,321,336
230,321,336
231,321,336
232,321,336
233,320,336
234,320,335
235,320,335
236,320,335
237,320,335
238,320,335
239,319,335
240,319,334
241,319,334
242,319,334
243,319,334
244,318,334
245,318,334
246,318,333
247,318,333
248,318,333
249,317,333
250,317,333
251,317,332
252,317,332
253,317,332
254,316,332
255,316,332
256,316,332
257,316,331
258,316,331
259,315,331
260,315,331
261,315,331
262,315,331
263,314,330
264,314,330
265,314,330
266,314,330
267,314,330
268,313,330
269,313,329
270,313,329
271,312,329
272,312,329
273,312,329
274,312,329
275,312,328
276,311,328
277,311,328
278,311,328
279,311,328
280,310,328
281,310,327
282,310,327
283,309,327
284,309,327
285,309,327
286,309,327
287,308,326
288,308,326
289,308,326
290,307,326
291,307,326
292,307,326
293,307,325
294,306,325
295,306,325
296,306,325
297,305,325
298,305,325
299,305,325
300,304,325
301,304,325
302,304,325
303,303,325
304,303,325
305,303,325
306,302,325
307,302,325
308,302,325
309,301,325
310,301,325
311,301,325
312,300,325
313,300,325
314,300,325
315,299,325
316,299,325
317,299,325
318,305,326
319,311,326
320,317,327
321,323,328
321,326,328
0,122
297,327,327
298,319,333
299,316,337
300,317,340
301,317,342
302,317,345
303,317,347
304,317,349
305,317,351
306,318,353
307,318,355
308,318,356
309,318,358
310,318,360
311,318,362
312,319,363
313,319,365
314,319,366
315,319,368
316,319,369
317,319,370
318,320,372
319,320,373
320,320,374
321,320,375
322,320,376
323,320,377
324,321,378
325,321,379
326,321,380
327,321,380
328,321,381
329,322,381
330,323,381
331,323,381
332,323,381
333,324,381
334,324,381
335,324,381
336,324,380
337,324,380
338,324,380
339,324,379
340,324,378
341,324,377
342,324,377
343,324,376
344,324,374
345,324,373
346,324,372
347,324,371
348,324,370
349,324,369
350,323,368
351,323,367
352,323,366
353,323,365
354,323,365
355,323,364
356,323,363
357,322,362
358,322,362
359,322,361
360,322,360
361,322,360
362,322,359
363,321,358
364,321,358
365,321,357
366,321,357
367,321,356
368,320,356
369,320,355
370,320,355
371,320,354
372,320,354
373,319,353
374,319,353
375,319,352
376,319,352
377,318,352
378,318,351
379,318,351
380,317,350
381,317,350
382,317,349
383,317,349
384,316,349
385,316,348
386,316,348
387,316,347
388,316,347
389,315,347
390,315,346
391,315,346
392,314,346
393,314,345
394,314,345
395,313,345
396,313,344
397,313,344
398,313,343
399,312,343
400,312,343
401,312,342
402,311,342
403,311,342
404,311,341
405,310,341
406,310,341
407,310,340
408,309,340
409,309,340
410,309,339
411,308,339
412,308,339
413,308,338
414,307,338
415,307,338
416,307,337
417,306,321
418,306,306
0,0
1,184
171,425,427
172,424,429
173,423,431
174,423,432
175,423,433
176,422,434
177,422,435
178,422,436
179,422,437
180,422,437
181,422,438
182,422,439
183,422,439
184,422,439
185,422,439
186,422,439
187,422,440
188,421,440
189,421,440
190,421,440
191,421,440
192,421,440
193,421,440
194,421,440
195,421,440
196,421,440
197,421,439
198,421,439
199,421,439
200,421,439
201,420,439
202,420,439
203,420,438
204,420,438
205,420,438
206,420,438
207,420,438
208,420,438
209,420,438
210,420,437
211,420,437
212,419,437
213,419,437
214,419,437
215,419,437
216,419,437
217,419,436
218,419,436
219,419,436
220,419,436
221,419,436
222,418,436
223,418,436
224,418,436
225,418,436
226,418,435
227,418,435
228,418,435
229,418,435
230,418,435
231,417,435
232,417,435
233,417,435
234,417,435
235,417,434
236,417,434
237,417,434
238,417,434
239,416,434
240,416,434
241,416,434
242,416,434
243,416,434
244,416,434
245,416,433
246,416,433
247,415,433
248,415,433
249,415,433
250,415,433
251,415,433
252,415,433
253,415,433
254,414,433
255,414,433
256,414,433
257,414,433
258,414,432
259,414,432
260,414,432
261,413,432
262,413,432
263,413,432
264,413,432
265,413,432
266,413,432
267,413,432
268,412,432
269,412,432
270,412,432
271,412,432
272,412,431
273,412,431
274,411,431
275,411,431
276,411,431
277,411,431
278,411,431
279,411,431
280,410,431
281,410,431
282,410,431
283,410,431
284,410,431
285,410,431
286,410,431
287,409,431
288,409,430
289,409,430
290,409,430
291,409,430
292,409,430
293,408,430
294,408,430
295,408,430
296,408,430
297,408,430
298,407,430
299,407,430
300,407,430
301,407,430
302,407,430
303,407,430
304,406,430
305,406,430
306,406,430
307,406,430
308,406,429
309,406,429
310,405,429
311,405,429
312,405,429
313,405,429
314,405,429
315,405,429
316,405,429
317,405,429
318,404,429
319,404,429
320,404,429
321,404,429
322,404,429
323,404,429
324,405,429
325,405,429
326,405,429
327,405,429
328,405,429
329,405,429
330,405,429
331,406,428
332,406,428
333,406,428
334,407,428
335,407,428
336,408,428
337,408,428
338,409,428
339,409,428
340,410,428
341,410,428
342,411,428
343,412,428
344,413,428
345,413,428
346,414,428
347,415,428
348,416,428
349,417,427
350,418,427
351,419,427
352,420,426
353,423,424
353,423,423
0,0
