0,90
38,173,180
39,169,184
40,167,188
41,165,191
42,164,195
43,164,198
44,163,200
45,163,202
46,163,203
47,164,204
48,164,205
49,165,205
50,166,206
51,166,206
52,167,206
53,168,206
54,169,206
55,170,206
56,171,206
57,171,206
58,172,206
59,173,206
60,174,207
61,174,207
62,175,207
63,176,207
64,176,207
65,177,207
66,178,207
67,178,207
68,179,207
69,179,207
70,180,207
71,180,207
72,181,207
73,181,207
74,182,208
75,182,208
76,183,208
77,183,208
78,183,208
79,184,208
80,184,208
81,184,208
82,185,208
83,185,208
84,185,208
85,186,208
86,186,209
87,186,209
88,187,209
89,187,209
90,187,209
91,187,209
92,188,209
93,188,209
94,188,209
95,188,209
96,189,209
97,189,209
98,189,210
99,189,210
100,190,210
101,190,210
102,190,210
103,190,210
104,191,210
105,191,210
106,191,210
107,191,211
108,192,211
109,192,211
110,192,211
111,192,211
112,193,211
113,193,211
114,193,211
115,194,211
116,194,211
117,195,211
118,196,211
119,196,211
120,197,211
121,198,211
122,198,210
123,199,210
124,200,210
125,201,209
126,203,208
127,204,207
0,0
1,159
80,98,100
81,97,102
82,96,103
83,96,105
84,95,106
85,95,107
86,95,108
87,95,109
88,95,110
89,95,110
90,95,111
91,95,112
92,95,112
93,95,113
94,95,114
95,95,114
96,95,115
97,95,115
98,95,116
99,95,116
100,94,117
101,94,117
102,94,118
103,94,118
104,94,118
105,94,119
106,94,119
107,94,119
108,94,119
109,94,119
110,94,119
111,93,119
112,93,119
113,93,120
114,93,119
115,93,119
116,93,119
117,93,119
118,93,119
119,93,118
120,93,118
121,93,118
122,92,118
123,92,117
124,92,117
125,92,117
126,92,117
127,92,116
128,92,116
129,92,116
130,92,116
131,92,115
132,92,115
133,92,115
134,91,115
135,91,115
136,91,114
137,91,114
138,91,114
139,91,114
140,91,113
141,91,113
142,91,113
143,91,113
144,91,112
145,90,112
146,90,112
147,90,112
148,90,112
149,90,111
150,90,111
151,90,111
152,90,111
153,90,110
154,90,110
155,89,110
156,89,110
157,89,109
158,89,109
159,89,109
160,89,109
161,89,109
162,89,108
163,89,108
164,89,108
165,88,108
166,88,107
167,88,107
168,88,107
169,88,107
170,88,106
171,88,106
172,88,106
173,88,106
174,88,106
175,87,105
176,87,105
177,87,105
178,87,105
179,87,104
180,87,104
181,87,104
182,87,104
183,87,103
184,87,103
185,86,103
186,86,103
187,86,102
188,86,102
189,86,102
190,86,102
191,86,101
192,86,101
193,86,101
194,85,101
195,85,101
196,85,100
197,85,100
198,85,100
199,85,100
200,85,99
201,85,99
202,85,99
203,84,99
204,84,98
205,84,98
206,84,98
207,84,98
208,84,97
209,84,97
210,84,97
211,84,97
212,83,97
213,83,96
214,83,96
215,83,96
216,83,96
217,83,95
218,83,95
219,83,95
220,82,95
221,82,94
222,82,94
223,82,94
224,82,94
225,82,94
226,82,93
227,82,93
228,81,93
229,81,93
230,81,92
231,81,92
232,81,91
233,81,91
234,81,90
235,82,90
236,82,89
237,83,88
238,84,87
0,0
1,160
255,78,79
256,78,81
257,77,82
258,77,82
259,77,83
260,76,84
261,76,85
262,76,85
263,76,86
264,76,87
265,76,87
266,76,88
267,76,88
268,76,89
269,76,89
270,76,90
271,76,90
272,75,90
273,75,91
274,75,91
275,75,91
276,75,92
277,75,92
278,75,92
279,75,92
280,75,92
281,75,92
282,75,93
283,75,93
284,75,93
285,75,93
286,74,93
287,74,94
288,74,93
289,74,93
290,74,93
291,74,93
292,74,93
293,74,93
294,74,93
295,74,93
296,74,93
297,74,92
298,74,92
299,73,92
300,73,92
301,73,92
302,73,92
303,73,92
304,73,92
305,73,91
306,73,91
307,73,91
308,73,91
309,73,91
310,72,91
311,72,91
312,72,90
313,72,90
314,72,90
315,72,90
316,72,90
317,72,90
318,72,90
319,72,90
320,72,90
321,71,90
322,71,90
323,71,90
324,71,89
325,71,89
326,71,89
327,71,89
328,71,89
329,71,89
330,70,89
331,70,89
332,70,89
333,70,89
334,70,89
335,70,89
336,70,89
337,70,89
338,70,89
339,69,89
340,69,89
341,69,89
342,69,89
343,69,89
344,69,89
345,69,89
346,69,89
347,69,89
348,68,89
349,68,89
350,68,89
351,68,89
352,68,89
353,68,89
354,68,89
355,67,89
356,67,89
357,67,89
358,67,89
359,67,89
360,67,89
361,67,89
362,66,89
363,66,89
364,66,89
365,66,89
366,66,89
367,66,89
368,66,89
369,65,89
370,65,89
371,65,89
372,65,89
373,65,89
374,65,89
375,65,89
376,64,89
377,65,89
378,65,89
379,65,90
380,65,90
381,65,90
382,65,90
383,65,90
384,65,90
385,66,90
386,66,90
387,66,90
388,66,90
389,67,90
390,67,90
391,67,90
392,68,90
393,68,90
394,68,91
395,69,91
396,69,91
397,70,91
398,70,91
399,71,91
400,71,91
401,72,91
402,72,92
403,73,92
404,74,92
405,74,92
406,75,92
407,76,92
408,77,92
409,78,92
410,79,92
411,80,91
412,81,90
413,83,89
414,86,87
0,0
0,115
19,299,299
20,295,303
21,293,306
22,291,309
23,290,311
24,289,313
25,289,315
26,289,317
27,289,318
28,289,320
29,290,322
30,290,323
31,291,324
32,291,326
33,291,327
34,292,328
35,292,329
36,292,330
37,292,331
38,292,331
39,293,332
40,293,332
41,293,333
42,293,333
43,293,333
44,293,333
45,293,333
46,293,332
47,293,332
48,293,331
49,293,331
50,293,330
51,293,329
52,293,328
53,293,328
54,293,327
55,293,327
56,293,326
57,293,325
58,292,325
59,292,324
60,292,324
61,292,323
62,292,323
63,292,322
64,292,322
65,291,321
66,291,321
67,291,320
68,291,320
69,291,319
70,291,319
71,290,319
72,290,318
73,290,318
74,290,317
75,290,317
76,289,316
77,289,316
78,289,316
79,289,315
80,289,315
81,288,314
82,288,314
83,288,313
84,288,313
85,288,313
86,287,312
87,287,312
88,287,311
89,287,311
90,286,310
91,286,310
92,286,310
93,286,309
94,285,309
95,285,308
96,285,308
97,285,307
98,284,307
99,284,306
100,284,306
101,284,305
102,284,305
103,283,304
104,283,304
105,283,303
106,282,303
107,282,302
108,282,302
109,282,301
110,281,301
111,281,300
112,281,300
113,281,299
114,280,299
115,280,298
116,280,298
117,280,297
118,279,297
119,279,296
120,279,296
121,279,295
122,279,294
123,279,294
124,279,293
125,279,292
126,279,291
127,279,291
128,279,290
129,279,289
130,279,288
131,279,286
132,279,285
133,280,283
0,0
0,60
144,177,180
145,175,184
146,174,186
147,174,188
148,174,190
149,174,191
150,174,193
151,174,194
152,174,196
153,174,197
154,174,198
155,174,199
156,173,200
157,173,201
158,173,202
159,172,203
160,171,203
161,171,204
162,170,205
163,169,205
164,169,205
165,168,206
166,167,206
167,167,205
168,166,205
169,165,204
170,164,202
171,164,201
172,163,198
173,162,196
174,161,194
175,160,192
176,160,190
177,159,189
178,158,187
179,157,186
180,156,184
181,155,183
182,154,181
183,153,179
184,153,177
185,152,176
186,151,174
187,150,172
188,149,171
189,148,169
190,147,168
191,146,166
192,145,164
193,144,162
194,143,160
195,143,159
196,142,157
197,141,155
198,140,153
199,139,151
200,139,149
201,138,147
202,138,145
203,139,143
0,0
0,132
192,117,126
193,114,132
194,113,138
195,113,141
196,112,144
197,112,145
198,113,146
199,113,147
200,113,147
201,114,148
202,114,148
203,115,149
204,116,149
205,116,149
206,117,149
207,117,149
208,118,149
209,118,150
210,119,150
211,119,150
212,120,150
213,120,150
214,121,151
215,121,151
216,122,151
217,123,151
218,123,152
219,123,152
220,124,152
221,124,152
222,125,152
223,125,153
224,126,153
225,126,153
226,127,153
227,127,154
228,128,154
229,128,154
230,128,154
231,129,155
232,129,155
233,130,155
234,130,155
235,131,156
236,131,156
237,131,156
238,132,156
239,132,157
240,132,157
241,133,157
242,133,157
243,134,158
244,134,158
245,134,158
246,135,158
247,135,159
248,135,159
249,135,159
250,136,159
251,136,160
252,137,160
253,137,160
254,137,161
255,137,161
256,138,161
257,138,161
258,138,162
259,139,162
260,139,162
261,139,162
262,139,163
263,140,163
264,140,163
265,140,163
266,140,164
267,141,164
268,141,164
269,141,164
270,141,165
271,142,165
272,142,165
273,142,166
274,142,166
275,143,166
276,143,166
277,143,167
278,143,167
279,144,167
280,144,167
281,144,167
282,144,168
283,145,168
284,145,168
285,145,168
286,145,169
287,146,169
288,146,169
289,146,169
290,147,169
291,147,170
292,147,170
293,147,170
294,148,170
295,148,170
296,149,170
297,149,171
298,149,171
299,150,171
300,150,171
301,150,171
302,151,171
303,151,171
304,152,172
305,152,172
306,152,172
307,153,172
308,154,172
309,154,172
310,155,172
311,155,172
312,156,172
313,156,172
314,157,172
315,158,172
316,159,172
317,159,172
318,160,172
319,161,171
320,163,171
321,164,171
322,165,170
323,167,167
0,0
1,74
144,244,245
145,244,247
146,243,248
147,243,249
148,242,249
149,242,250
150,241,250
151,241,251
152,241,251
153,240,251
154,240,251
155,239,251
156,239,251
157,238,251
158,238,251
159,238,251
160,237,251
161,237,251
162,236,250
163,236,250
164,235,250
165,235,250
166,234,250
167,234,250
168,234,250
169,233,249
170,233,249
171,233,249
172,232,249
173,232,249
174,232,249
175,231,249
176,231,248
177,231,248
178,231,248
179,230,248
180,230,248
181,230,248
182,230,247
183,230,247
184,229,247
185,229,247
186,229,247
187,229,247
188,229,246
189,229,246
190,229,246
191,229,246
192,228,246
193,228,246
194,228,246
195,228,245
196,228,245
197,229,245
198,229,245
199,229,245
200,229,245
201,229,245
202,229,244
203,229,244
204,229,244
205,230,244
206,230,244
207,230,244
208,231,244
209,231,243
210,231,243
211,232,243
212,233,243
213,233,242
214,234,242
215,235,241
216,237,241
216,237,240
0,0
1,65
280,162,165
281,162,167
282,162,168
283,161,169
284,161,170
285,161,171
286,160,172
287,160,172
288,160,173
289,160,173
290,160,174
291,160,174
292,160,174
293,160,175
294,160,175
295,160,175
296,160,175
297,159,175
298,159,176
299,159,175
300,159,175
301,159,175
302,159,175
303,159,175
304,158,175
305,158,174
306,158,174
307,158,174
308,158,174
309,158,174
310,157,174
311,157,174
312,157,174
313,157,174
314,157,173
315,157,173
316,157,173
317,156,173
318,156,173
319,156,173
320,156,173
321,156,173
322,156,173
323,156,173
324,155,173
325,155,173
326,155,173
327,155,173
328,155,173
329,155,173
330,155,173
331,154,173
332,154,173
333,159,173
333,154,174
334,159,173
334,154,174
335,159,173
335,154,175
336,153,173
337,153,169
338,153,165
339,153,160
340,153,156
341,152,152
0,164
152,341,346
153,340,350
154,340,352
155,340,354
156,340,356
157,339,357
158,339,359
159,339,361
160,339,362
161,338,363
162,338,365
163,338,366
164,338,367
165,338,369
166,337,370
167,337,371
168,337,372
169,337,373
170,336,374
171,336,376
172,336,376
173,336,377
174,335,378
175,335,379
176,336,380
177,336,381
178,337,381
179,337,382
180,337,382
181,337,383
182,338,383
183,338,383
184,338,383
185,338,383
186,338,382
187,338,382
188,338,381
189,338,380
190,338,380
191,338,379
192,338,378
193,338,376
194,338,375
195,338,374
196,338,373
197,337,372
198,337,371
199,337,371
200,337,370
201,337,369
202,337,369
203,337,368
204,336,367
205,336,367
206,336,366
207,336,366
208,336,365
209,335,365
210,335,364
211,335,364
212,335,363
213,335,363
214,334,362
215,334,362
216,334,362
217,334,362
218,334,361
219,333,361
220,333,361
221,333,360
222,333,360
223,332,360
224,332,360
225,332,359
226,332,359
227,331,359
228,331,359
229,331,358
230,331,358
231,331,358
232,330,357
233,330,357
234,330,357
235,329,357
236,329,356
237,329,356
238,329,356
239,328,356
240,328,355
241,328,355
242,327,355
243,327,354
244,327,354
245,327,354
246,326,353
247,326,353
248,326,353
249,325,353
250,325,352
251,325,352
252,325,352
253,324,351
254,324,351
255,324,351
256,323,351
257,323,350
258,323,350
259,322,350
260,322,349
261,322,349
262,321,349
263,321,348
264,321,348
265,320,348
266,320,347
267,320,347
268,319,347
269,319,347
270,318,346
271,318,346
272,317,346
273,317,345
274,317,345
275,316,345
276,316,344
277,315,344
278,315,344
279,314,343
280,313,343
281,313,343
282,311,342
283,310,342
284,307,342
285,303,341
286,301,341
287,301,341
288,301,340
289,301,340
290,301,340
291,301,339
292,301,339
293,302,338
294,302,338
295,303,338
296,303,337
297,304,337
298,304,336
299,305,336
300,306,336
301,306,335
302,307,335
303,308,334
304,308,334
305,309,333
306,310,333
307,310,332
308,311,332
309,312,331
310,313,330
311,314,329
312,315,328
313,316,326
314,318,325
315,321,321
0,0
1,77
266,227,229
267,226,230
268,226,231
269,226,232
270,225,233
271,225,234
272,225,234
273,224,234
274,224,234
275,224,234
276,224,235
277,223,235
278,223,235
279,223,235
280,222,235
281,222,235
282,222,235
283,222,235
284,221,235
285,221,235
286,221,235
287,220,235
288,220,235
289,220,235
290,220,235
291,219,235
292,219,235
293,219,235
294,218,234
295,218,234
296,218,234
297,218,234
298,218,234
299,217,234
300,217,234
301,217,234
302,217,234
303,217,234
304,217,234
305,217,234
306,217,234
307,216,234
308,216,234
309,216,234
310,216,234
311,216,234
312,216,234
313,216,234
314,216,233
315,216,233
316,216,233
317,216,233
318,216,233
319,215,233
320,216,233
321,216,233
322,216,233
323,217,233
324,217,233
325,217,233
326,217,233
327,218,233
328,218,233
329,218,233
330,218,233
331,219,233
332,219,233
333,220,233
334,220,233
335,221,233
336,222,232
337,223,232
338,223,232
339,224,231
340,226,231
341,227,230
341,230,230
0,0
1,160
160,302,302
161,301,304
162,300,305
163,300,306
164,300,307
165,300,308
166,299,308
167,299,309
168,299,309
169,299,309
170,299,309
171,299,309
172,298,309
173,298,309
174,298,309
175,298,310
176,298,310
177,298,310
178,297,310
179,297,310
180,297,310
181,297,310
182,297,310
183,297,310
184,296,310
185,296,310
186,296,310
187,296,310
188,296,310
189,296,310
190,296,310
191,295,309
192,295,309
193,295,309
194,295,309
195,295,309
196,295,309
197,294,309
198,294,309
199,294,309
200,294,309
201,294,309
202,294,309
203,293,308
204,293,308
205,293,308
206,293,308
207,293,308
208,293,308
209,292,308
210,292,308
211,292,308
212,292,307
213,292,307
214,292,307
215,291,307
216,291,307
217,291,307
218,291,307
219,291,306
220,290,306
221,290,306
222,290,306
223,290,306
224,290,306
225,290,306
226,289,306
227,289,305
228,289,305
229,289,305
230,289,305
231,289,305
232,288,305
233,288,305
234,288,304
235,288,304
236,288,304
237,288,304
238,287,304
239,287,304
240,287,304
241,287,304
242,287,303
243,286,303
244,286,303
245,286,303
246,286,303
247,286,303
248,286,303
249,285,303
250,285,302
251,285,302
252,285,302
253,285,302
254,284,302
255,284,302
256,284,302
257,284,302
258,284,301
259,284,301
260,283,301
261,283,301
262,283,301
263,283,301
264,283,301
265,283,301
266,282,300
267,282,300
268,282,300
269,282,300
270,282,300
271,281,300
272,281,300
273,281,300
274,281,300
275,281,299
276,281,299
277,280,299
278,280,299
279,280,299
280,280,299
281,280,299
282,280,299
283,279,298
284,279,298
285,279,298
286,279,298
287,279,298
288,279,298
289,279,298
290,279,298
291,279,298
292,279,297
293,279,297
294,279,297
295,279,297
296,279,297
297,278,297
298,279,297
299,279,297
300,279,297
301,279,296
302,279,296
303,280,296
304,280,296
305,280,296
306,280,296
307,281,296
308,281,296
309,281,296
310,282,296
311,282,296
312,283,295
313,283,295
314,284,295
315,285,295
316,285,295
317,286,294
318,288,294
319,289,293
0,0
0,315
130,222,226
131,219,233
132,218,237
133,217,240
134,217,243
135,217,246
136,217,248
137,217,250
138,217,252
139,217,254
140,218,256
141,218,257
142,219,259
143,219,260
144,220,261
145,220,262
146,221,263
147,221,264
148,222,265
149,222,265
150,223,266
151,223,266
152,224,267
153,224,267
154,225,267
155,225,267
156,225,266
157,226,266
158,226,266
159,226,265
160,227,265
161,227,264
162,227,264
163,227,263
164,227,263
165,228,262
166,228,262
167,228,261
168,228,261
169,228,261
170,228,260
171,229,260
172,229,259
173,229,259
174,229,259
175,229,258
176,229,258
177,229,258
178,229,258
179,229,258
180,229,257
181,229,257
182,229,257
183,229,257
184,229,257
185,229,257
186,229,256
187,229,256
188,229,256
189,229,256
190,229,256
191,229,256
192,230,256
193,230,256
194,230,255
195,230,255
196,230,255
197,230,255
198,230,255
199,230,255
200,230,255
201,230,255
202,230,255
203,230,255
204,230,255
205,230,254
206,230,254
207,230,254
208,230,254
209,230,254
210,230,254
211,230,254
212,230,254
213,230,254
214,230,254
215,230,253
216,230,253
217,229,253
218,229,253
219,229,253
220,229,253
221,229,253
222,229,253
223,229,253
224,229,253
225,229,253
226,229,253
227,229,252
228,229,252
229,229,252
230,229,252
231,229,252
232,229,252
233,229,252
234,229,252
235,229,252
236,229,252
237,229,252
238,229,252
239,229,251
240,229,251
241,229,251
242,229,251
243,229,251
244,229,251
245,228,251
246,228,251
247,228,251
248,228,251
249,228,250
250,228,250
251,228,250
252,228,250
253,228,250
254,228,250
255,228,250
256,228,250
257,228,250
258,228,250
259,228,250
260,228,250
261,227,249
262,227,249
263,227,249
264,227,249
265,227,249
266,227,249
267,227,249
268,227,249
269,227,249
270,227,249
271,227,248
272,226,248
273,226,248
274,226,248
275,226,248
276,226,248
277,226,248
278,226,248
279,226,248
280,226,248
281,226,248
282,225,247
283,225,247
284,225,247
285,225,247
286,225,247
287,225,247
288,225,247
289,225,247
290,225,247
291,225,247
292,224,247
293,224,246
294,224,246
295,224,246
296,224,246
297,224,246
298,224,246
299,224,246
300,223,246
301,223,245
302,223,245
303,223,245
304,223,245
305,223,245
306,223,245
307,222,245
308,222,244
309,222,244
310,222,244
311,222,244
312,221,244
313,221,244
314,221,243
315,221,243
316,221,243
317,220,243
318,220,243
319,220,242
320,220,242
321,219,242
322,219,242
323,219,242
324,219,241
325,218,241
326,218,241
327,218,241
328,218,240
329,217,240
330,217,240
331,217,240
332,216,239
333,216,239
334,216,239
335,215,239
336,215,238
337,215,238
338,215,238
339,214,237
340,214,237
341,213,237
342,213,236
343,213,236
344,212,236
345,212,235
346,212,235
347,211,235
348,211,234
349,210,234
350,210,234
351,210,233
352,209,233
353,209,232
354,208,232
355,208,232
356,207,231
357,207,231
358,206,230
359,206,230
360,205,229
361,204,229
362,204,229
363,203,228
364,203,228
365,202,227
366,201,227
367,201,226
368,200,225
369,199,225
370,198,224
371,198,224
372,197,223
373,196,223
374,195,222
375,194,221
376,194,221
377,193,220
378,192,219
379,191,219
380,190,218
381,189,217
382,188,217
383,187,216
384,186,215
385,185,214
386,184,213
387,183,213
388,182,212
389,181,211
390,180,210
391,178,209
392,177,208
393,176,207
394,175,206
395,173,206
396,172,204
397,171,203
398,169,203
399,168,202
400,166,200
401,165,199
402,163,198
403,161,197
404,160,196
405,158,195
406,156,194
407,155,192
408,153,191
409,151,190
410,149,189
411,147,187
412,145,186
413,143,184
414,141,183
415,139,182
416,136,180
417,134,179
418,132,177
419,129,175
420,127,174
421,124,172
422,122,170
423,120,169
424,117,167
425,114,165
426,112,163
427,109,161
428,106,159
429,104,157
430,101,154
431,98,152
432,95,149
433,92,147
434,89,144
435,86,141
436,83,137
437,81,134
438,79,130
439,78,125
440,78,120
441,78,114
442,79,108
443,82,101
444,89,89
0,0
1,211
236,290,298
237,289,300
238,290,302
239,290,303
240,290,305
241,291,306
242,291,308
243,292,309
244,293,311
245,295,312
246,296,314
247,297,315
248,298,317
249,299,318
250,300,320
251,301,321
252,302,323
253,303,324
254,305,325
255,306,327
256,307,328
257,308,330
258,309,331
259,310,333
260,311,334
261,312,336
262,313,337
263,314,338
264,315,340
265,316,341
266,317,343
267,318,344
268,320,345
269,321,347
270,322,348
271,323,350
272,324,351
273,325,352
274,326,354
275,327,355
276,328,357
277,329,358
278,330,359
279,331,361
280,332,362
281,333,363
282,334,365
283,335,366
284,336,367
285,337,369
286,338,370
287,339,372
288,340,373
289,342,374
290,343,375
291,343,377
292,345,378
293,346,379
294,347,381
295,348,382
296,349,383
297,349,385
298,350,386
299,352,387
300,353,389
301,354,390
302,355,391
303,355,393
304,356,394
305,357,395
306,358,397
307,359,398
308,360,399
309,361,400
310,362,402
311,363,403
312,364,404
313,365,406
314,366,407
315,367,408
316,368,409
317,369,411
318,370,412
319,371,413
320,371,414
321,372,416
322,373,417
323,374,418
324,375,419
325,376,421
326,377,422
327,378,423
328,378,424
329,379,426
330,380,427
331,381,428
332,382,429
333,383,431
334,384,432
335,384,433
336,385,434
337,386,435
338,387,437
339,388,438
340,388,439
341,389,440
342,390,441
343,391,442
344,392,443
345,393,443
346,393,444
347,394,445
348,395,445
349,396,445
350,396,446
351,397,446
352,398,447
353,399,447
354,399,447
355,400,447
356,401,448
357,401,448
358,402,448
359,403,448
360,403,448
361,404,449
362,405,449
363,405,449
364,406,449
365,406,449
366,407,449
367,407,450
368,408,450
369,408,450
370,409,450
371,410,450
372,410,450
373,411,450
374,411,450
375,412,450
376,412,450
377,413,450
378,413,450
379,414,450
380,414,450
381,415,450
382,415,450
383,416,450
384,416,450
385,417,451
386,417,451
387,417,451
388,418,451
389,418,451
390,419,451
391,419,450
392,420,450
393,420,450
394,421,450
395,421,450
396,421,450
397,422,450
398,422,450
399,423,450
400,423,450
401,424,450
402,424,450
403,424,450
404,425,450
405,425,450
406,426,450
407,426,450
408,427,450
409,427,450
410,428,450
411,428,450
412,428,450
413,429,450
414,429,450
415,430,450
416,430,450
417,430,450
418,431,450
419,431,450
420,432,450
421,432,450
422,433,450
423,433,450
424,433,450
425,434,449
426,434,449
427,435,449
428,435,449
429,436,449
430,436,449
431,436,449
432,437,449
433,437,449
434,438,449
435,438,449
436,439,448
437,439,448
438,439,448
439,440,448
440,440,448
441,441,447
442,442,447
443,442,447
444,443,446
445,444,446
446,445,445
0,0
