0,110
37,171,171
38,162,174
39,159,177
40,157,180
41,155,183
42,155,186
43,154,189
44,154,191
45,154,194
46,154,196
47,154,197
48,155,198
49,155,199
50,156,200
51,157,200
52,157,201
53,158,201
54,159,201
55,159,201
56,160,202
57,161,202
58,162,201
59,162,201
60,163,201
61,164,201
62,164,201
63,165,202
64,166,202
65,166,202
66,167,202
67,168,202
68,168,202
69,169,202
70,169,202
71,170,202
72,170,202
73,171,202
74,171,202
75,171,202
76,172,202
77,172,202
78,173,202
79,173,202
80,174,202
81,174,202
82,174,202
83,175,202
84,175,202
85,175,202
86,176,202
87,176,202
88,176,202
89,176,203
90,177,203
91,177,203
92,177,203
93,177,203
94,178,203
95,178,203
96,178,203
97,178,203
98,178,203
99,179,203
100,179,203
101,179,203
102,179,203
103,180,203
104,180,203
105,180,203
106,180,203
107,180,203
108,181,204
109,181,204
110,181,204
111,181,204
112,181,204
113,181,204
114,182,204
115,182,204
116,182,204
117,182,204
118,182,204
119,183,204
120,183,204
121,183,204
122,183,204
123,183,205
124,183,205
125,183,205
126,184,205
127,184,205
128,184,205
129,184,205
130,185,205
131,185,205
132,186,205
133,186,205
134,187,205
135,187,205
136,188,205
137,188,204
138,189,204
139,189,204
140,190,204
141,191,203
142,192,203
143,193,203
144,194,202
145,195,202
146,196,200
0,0
1,154
87,94,99
88,94,101
89,93,102
90,93,103
91,93,105
92,93,106
93,93,107
94,93,108
95,93,108
96,93,109
97,93,110
98,93,111
99,93,111
100,93,112
101,93,113
102,93,113
103,93,114
104,93,114
105,93,115
106,92,115
107,92,116
108,92,116
109,92,117
110,92,117
111,92,118
112,92,118
113,92,118
114,92,118
115,92,119
116,92,119
117,92,119
118,92,119
119,92,119
120,92,119
121,92,119
122,92,119
123,92,119
124,92,118
125,91,118
126,91,118
127,91,118
128,91,118
129,91,117
130,91,117
131,91,117
132,91,117
133,91,117
134,91,116
135,91,116
136,91,116
137,91,116
138,91,116
139,91,115
140,91,115
141,91,115
142,91,115
143,91,114
144,91,114
145,90,114
146,90,114
147,90,114
148,90,114
149,90,113
150,90,113
151,90,113
152,90,113
153,90,113
154,90,112
155,90,112
156,90,112
157,90,112
158,90,111
159,90,111
160,90,111
161,90,111
162,89,111
163,89,110
164,89,110
165,89,110
166,89,110
167,89,110
168,89,109
169,89,109
170,89,109
171,89,109
172,89,109
173,89,108
174,89,108
175,89,108
176,89,108
177,89,108
178,88,107
179,88,107
180,88,107
181,88,107
182,88,106
183,88,106
184,88,106
185,88,106
186,88,106
187,88,105
188,88,105
189,88,105
190,88,105
191,88,105
192,88,104
193,88,104
194,87,104
195,87,104
196,87,104
197,87,103
198,87,103
199,87,103
200,87,103
201,87,102
202,87,102
203,87,102
204,87,102
205,87,102
206,87,101
207,86,101
208,86,101
209,86,101
210,86,101
211,86,100
212,86,100
213,86,100
214,86,100
215,86,100
216,86,99
217,86,99
218,86,99
219,86,99
220,85,98
221,85,98
222,85,98
223,85,98
224,85,98
225,85,97
226,85,97
227,85,97
228,85,97
229,85,97
230,85,97
231,85,96
232,84,96
233,84,95
234,84,95
235,85,95
236,85,94
237,85,94
238,86,93
239,87,92
240,87,91
0,0
1,168
259,85,87
260,85,88
261,84,89
262,84,90
263,84,91
264,84,91
265,84,92
266,83,93
267,83,93
268,83,94
269,83,95
270,83,95
271,83,96
272,83,96
273,83,97
274,83,97
275,83,97
276,82,98
277,82,98
278,82,98
279,82,99
280,82,99
281,82,99
282,82,100
283,82,100
284,82,100
285,82,100
286,82,100
287,81,100
288,81,100
289,81,100
290,81,100
291,81,101
292,81,101
293,81,101
294,81,101
295,81,100
296,81,100
297,80,100
298,80,100
299,80,100
300,80,100
301,80,100
302,80,100
303,80,100
304,80,100
305,80,100
306,80,99
307,79,99
308,79,99
309,79,99
310,79,99
311,79,99
312,79,98
313,79,98
314,79,98
315,79,98
316,78,98
317,78,98
318,78,97
319,78,97
320,78,97
321,78,97
322,78,97
323,78,97
324,78,97
325,77,97
326,77,96
327,77,96
328,77,96
329,77,96
330,77,96
331,77,96
332,77,96
333,76,96
334,76,96
335,76,96
336,76,96
337,76,95
338,76,95
339,76,95
340,76,95
341,75,95
342,75,95
343,75,95
344,75,95
345,75,95
346,75,95
347,75,95
348,75,95
349,74,95
350,74,95
351,74,95
352,74,95
353,74,95
354,74,95
355,74,95
356,73,95
357,73,95
358,73,95
359,73,95
360,73,95
361,73,95
362,73,95
363,72,95
364,72,95
365,72,95
366,72,95
367,72,95
368,72,95
369,71,95
370,71,95
371,71,95
372,71,95
373,71,95
374,71,95
375,70,95
376,70,95
377,70,95
378,70,95
379,70,95
380,70,95
381,70,95
382,69,95
383,69,95
384,69,95
385,69,95
386,69,95
387,69,95
388,69,95
389,69,95
390,69,95
391,69,95
392,69,95
393,69,95
394,70,95
395,70,95
396,70,95
397,70,95
398,70,95
399,71,95
400,71,95
401,71,95
402,72,95
403,72,96
404,72,96
405,73,96
406,73,96
407,73,96
408,74,96
409,74,96
410,75,96
411,75,96
412,76,96
413,77,97
414,77,97
415,78,97
416,78,97
417,79,97
418,80,97
419,81,97
420,82,97
421,83,97
422,84,96
423,85,96
424,86,95
425,88,94
426,91,91
0,0
0,129
19,308,309
20,304,314
21,301,317
22,300,319
23,299,321
24,299,323
25,298,325
26,298,326
27,299,328
28,299,329
29,299,331
30,300,332
31,300,334
32,301,335
33,301,336
34,301,337
35,301,338
36,302,339
37,302,340
38,302,341
39,302,341
40,302,342
41,302,342
42,302,342
43,302,342
44,302,342
45,302,342
46,302,342
47,302,341
48,302,341
49,302,340
50,302,339
51,302,338
52,302,338
53,302,337
54,302,337
55,302,336
56,302,335
57,301,335
58,301,334
59,301,334
60,301,333
61,301,332
62,301,332
63,301,331
64,300,331
65,300,330
66,300,330
67,300,330
68,300,329
69,299,328
70,299,328
71,299,327
72,299,327
73,299,327
74,298,326
75,298,326
76,298,325
77,298,325
78,297,324
79,297,324
80,297,324
81,297,323
82,296,323
83,296,322
84,296,322
85,296,321
86,295,321
87,295,321
88,295,320
89,294,320
90,294,319
91,294,319
92,294,318
93,293,318
94,293,318
95,293,317
96,293,317
97,292,316
98,292,316
99,292,315
100,291,315
101,291,314
102,291,314
103,290,314
104,290,313
105,290,313
106,290,312
107,289,312
108,289,311
109,289,311
110,288,310
111,288,310
112,288,309
113,287,309
114,287,308
115,287,308
116,286,307
117,286,307
118,286,306
119,285,306
120,285,305
121,285,305
122,284,304
123,284,304
124,284,304
125,284,303
126,283,302
127,283,302
128,283,301
129,282,301
130,282,300
131,282,300
132,282,299
133,281,298
134,281,298
135,281,297
136,281,297
137,281,296
138,281,295
139,281,294
140,281,293
141,281,293
142,281,292
143,281,290
144,281,289
145,281,288
146,281,286
147,283,283
0,0
0,51
155,102,106
156,99,111
157,99,115
158,98,118
159,98,122
160,98,125
161,98,128
162,98,130
163,99,133
164,99,135
165,100,138
166,100,140
167,101,142
168,102,144
169,103,145
170,103,147
171,104,148
172,106,149
173,106,150
174,108,151
175,109,151
176,110,152
177,111,153
178,112,153
179,114,153
180,115,154
181,116,154
182,117,154
183,118,154
184,119,155
185,120,155
186,121,155
187,122,155
188,123,155
189,124,156
190,125,156
191,126,156
192,127,156
193,128,156
194,129,156
195,130,156
196,131,156
197,132,155
198,133,155
199,134,155
200,135,154
201,137,154
202,138,153
203,139,152
204,141,151
205,145,148
0,0
0,49
224,66,66
225,63,71
226,62,75
227,61,78
228,61,81
229,61,84
230,61,88
231,61,90
232,62,93
233,62,95
234,62,97
235,63,98
236,63,100
237,64,102
238,65,103
239,66,105
240,66,106
241,68,107
242,69,108
243,70,109
244,70,110
245,71,110
246,72,111
247,73,112
248,74,112
249,75,113
250,76,113
251,77,113
252,78,114
253,79,114
254,79,114
255,80,114
256,81,114
257,82,115
258,84,115
259,85,115
260,86,115
261,87,115
262,88,114
263,89,114
264,90,114
265,92,114
266,93,113
267,95,113
268,96,112
269,98,112
270,100,110
271,103,109
272,106,106
0,0
0,161
443,86,86
442,82,89
441,80,90
440,78,91
439,77,91
438,76,92
437,75,92
436,74,92
435,73,92
434,72,92
433,72,92
432,71,92
431,71,92
430,70,92
429,69,93
428,69,93
427,68,93
426,68,93
425,67,93
424,67,93
423,66,93
422,66,94
421,65,94
420,65,94
419,64,94
418,64,94
417,64,95
416,63,95
415,63,95
414,62,95
413,62,96
412,62,96
411,61,96
410,61,96
409,60,97
408,60,97
407,60,97
406,60,97
405,59,98
404,59,98
403,59,98
402,58,98
401,58,99
400,58,99
399,58,99
398,58,100
397,58,100
396,58,100
395,58,101
394,58,101
393,58,101
392,58,102
391,59,102
390,60,102
389,62,102
388,63,103
387,64,103
386,65,103
385,66,104
384,67,104
383,68,104
382,69,105
381,70,105
380,71,105
379,72,106
378,72,106
377,73,106
376,74,107
375,75,107
374,75,107
373,76,108
372,77,108
371,78,108
370,78,109
369,79,109
368,80,109
367,80,110
366,81,110
365,82,110
364,82,111
363,83,111
362,83,111
361,84,112
360,85,112
359,85,112
358,86,113
357,87,113
356,87,113
355,88,114
354,88,114
353,89,114
352,89,115
351,90,115
350,91,115
349,91,116
348,92,116
347,92,116
346,93,117
345,93,117
344,94,117
343,95,118
342,95,118
341,96,119
340,96,119
339,97,119
338,98,120
337,98,120
336,99,120
335,99,121
334,100,121
333,101,121
332,101,122
331,102,122
330,102,122
329,103,123
328,103,123
327,104,123
326,104,124
325,105,124
324,106,124
323,106,125
322,107,125
321,107,125
320,108,126
319,109,126
318,109,126
317,110,127
316,110,127
315,111,127
314,112,128
313,112,128
312,113,128
311,113,129
310,114,129
309,114,130
308,115,130
307,115,130
306,116,131
305,117,131
304,117,131
303,118,132
302,118,132
301,119,132
300,120,133
299,120,133
298,121,133
297,121,134
296,122,134
295,123,134
294,123,135
293,124,135
292,125,136
291,125,136
290,126,136
289,127,136
288,128,136
287,129,137
286,130,137
285,131,137
284,133,136
283,135,135
0,0
0,163
152,216,223
153,213,226
154,212,229
155,212,231
156,212,233
157,212,234
158,212,236
159,212,237
160,212,239
161,213,240
162,213,242
163,213,243
164,214,244
165,214,245
166,214,246
167,215,248
168,215,248
169,215,249
170,215,250
171,215,251
172,215,252
173,215,252
174,215,253
175,215,253
176,215,253
177,215,254
178,215,254
179,215,254
180,215,254
181,214,253
182,214,253
183,214,252
184,214,252
185,213,251
186,213,250
187,213,249
188,213,248
189,212,247
190,212,247
191,212,246
192,211,245
193,211,244
194,211,244
195,210,243
196,210,242
197,209,242
198,209,241
199,209,240
200,208,239
201,208,239
202,207,238
203,207,237
204,206,237
205,206,236
206,206,236
207,205,235
208,205,234
209,204,234
210,204,233
211,203,232
212,203,232
213,202,231
214,202,231
215,201,230
216,201,230
217,200,229
218,200,228
219,199,228
220,199,227
221,198,227
222,198,226
223,197,225
224,197,225
225,196,224
226,195,224
227,195,223
228,194,222
229,194,222
230,193,221
231,193,221
232,192,220
233,192,219
234,191,218
235,190,218
236,190,217
237,189,216
238,189,216
239,188,215
240,188,215
241,187,214
242,186,213
243,186,212
244,185,212
245,185,211
246,184,210
247,183,210
248,183,209
249,182,208
250,182,208
251,181,207
252,180,206
253,180,205
254,179,205
255,178,204
256,178,203
257,177,202
258,176,202
259,176,201
260,175,200
261,174,199
262,174,198
263,173,198
264,173,197
265,172,196
266,171,195
267,171,195
268,170,194
269,169,193
270,169,192
271,168,191
272,167,190
273,167,189
274,166,189
275,165,188
276,164,187
277,164,186
278,163,185
279,162,184
280,162,183
281,161,182
282,160,182
283,160,181
284,159,180
285,158,179
286,157,178
287,157,177
288,156,176
289,155,175
290,155,174
291,154,173
292,153,172
293,152,171
294,152,170
295,151,169
296,150,168
297,150,167
298,149,166
299,148,165
300,147,164
301,147,163
302,146,162
303,145,161
304,144,159
305,143,158
306,142,157
307,142,156
308,141,155
309,141,153
310,140,152
311,140,151
312,139,149
313,139,147
314,140,145
0,0
0,196
259,185,189
260,183,193
261,181,196
262,181,198
263,180,200
264,180,202
265,180,203
266,180,205
267,181,207
268,181,208
269,181,210
270,182,211
271,182,212
272,183,213
273,183,214
274,183,215
275,184,215
276,184,215
277,185,216
278,185,216
279,186,216
280,186,216
281,186,216
282,187,216
283,187,216
284,187,216
285,187,216
286,188,216
287,188,216
288,188,216
289,188,216
290,188,215
291,188,215
292,188,215
293,189,215
294,189,215
295,189,215
296,189,215
297,189,215
298,189,215
299,189,215
300,189,215
301,189,215
302,189,215
303,189,215
304,190,215
305,190,215
306,190,215
307,190,215
308,190,215
309,190,215
310,190,215
311,190,215
312,190,215
313,190,215
314,190,215
315,190,215
316,190,215
317,190,215
318,190,215
319,190,215
320,190,215
321,190,215
322,190,215
323,190,215
324,190,215
325,190,215
326,190,215
327,190,214
328,190,214
329,190,214
330,190,214
331,190,214
332,190,214
333,190,214
334,190,214
335,190,214
336,190,214
337,190,214
338,190,214
339,190,214
340,190,214
341,190,214
342,190,214
343,190,214
344,190,214
345,190,214
346,190,214
347,190,214
348,190,214
349,190,214
350,190,214
351,190,214
352,190,214
353,190,214
354,190,214
355,190,214
356,190,214
357,190,214
358,190,214
359,190,214
360,190,214
361,190,214
362,190,214
363,190,214
364,190,214
365,190,214
366,190,214
367,190,214
368,190,214
369,190,214
370,190,214
371,190,214
372,190,214
373,190,214
374,189,214
375,189,214
376,189,214
377,189,214
378,189,214
379,189,214
380,189,214
381,189,214
382,189,214
383,189,214
384,188,214
385,188,214
386,188,214
387,188,214
388,188,214
389,188,214
390,188,214
391,187,214
392,187,214
393,187,214
394,187,214
395,187,214
396,187,214
397,186,214
398,186,214
399,186,214
400,186,214
401,186,214
402,185,214
403,185,214
404,185,214
405,185,214
406,184,214
407,184,214
408,184,214
409,184,214
410,184,214
411,184,214
412,184,214
413,183,213
414,183,213
415,183,213
416,183,213
417,183,213
418,183,213
419,183,213
420,183,213
421,183,213
422,184,213
423,184,213
424,184,213
425,184,213
426,184,213
427,184,213
428,185,213
429,185,213
430,185,213
431,185,213
432,186,213
433,186,212
434,187,212
435,187,212
436,187,212
437,188,212
438,188,212
439,188,212
440,189,212
441,190,212
442,190,211
443,191,211
444,191,211
445,192,210
446,192,210
447,193,209
448,194,209
449,194,208
450,195,207
451,196,206
452,197,205
453,199,203
454,201,201
0,0
0,58
171,297,303
172,296,307
173,295,309
174,295,312
175,295,315
176,295,317
177,295,319
178,295,322
179,295,324
180,296,326
181,296,328
182,296,330
183,297,332
184,298,334
185,298,336
186,299,338
187,300,339
188,301,341
189,301,342
190,302,343
191,303,344
192,304,345
193,305,346
194,306,347
195,307,348
196,308,348
197,309,349
198,310,349
199,311,350
200,312,350
201,312,351
202,313,351
203,314,351
204,315,351
205,316,351
206,317,351
207,318,351
208,318,352
209,319,352
210,320,352
211,321,352
212,322,352
213,323,352
214,324,352
215,324,352
216,325,352
217,326,352
218,327,351
219,328,351
220,329,351
221,329,351
222,330,350
223,331,350
224,332,349
225,334,348
226,335,347
227,337,345
228,341,341
0,0
1,187
236,242,244
237,241,245
238,241,246
239,240,247
240,240,247
241,240,248
242,239,248
243,239,249
244,239,250
245,239,250
246,239,251
247,239,251
248,238,252
249,238,252
250,238,253
251,238,253
252,238,253
253,238,254
254,238,254
255,238,255
256,238,255
257,238,255
258,238,256
259,238,256
260,238,256
261,238,256
262,237,257
263,237,257
264,237,257
265,237,257
266,237,257
267,237,257
268,237,257
269,237,257
270,237,257
271,237,258
272,237,258
273,236,258
274,236,258
275,236,258
276,236,259
277,236,258
278,236,258
279,236,258
280,236,258
281,236,258
282,236,258
283,236,258
284,235,257
285,235,257
286,235,257
287,235,257
288,235,257
289,235,257
290,235,256
291,235,256
292,234,256
293,234,256
294,234,256
295,234,256
296,234,255
297,234,255
298,234,255
299,233,255
300,233,255
301,233,255
302,233,254
303,233,254
304,233,254
305,232,254
306,232,254
307,232,254
308,232,253
309,232,253
310,232,253
311,231,253
312,231,253
313,231,253
314,231,252
315,231,252
316,230,252
317,230,252
318,230,252
319,230,252
320,230,251
321,229,251
322,229,251
323,229,251
324,229,251
325,229,251
326,228,251
327,228,250
328,228,250
329,228,250
330,228,250
331,227,250
332,227,250
333,227,249
334,227,249
335,226,249
336,226,249
337,226,249
338,226,249
339,226,248
340,225,248
341,225,248
342,225,248
343,225,248
344,224,248
345,224,247
346,224,247
347,224,247
348,223,247
349,223,247
350,223,247
351,223,246
352,222,246
353,222,246
354,222,246
355,222,246
356,221,246
357,221,245
358,221,245
359,220,245
360,220,245
361,220,245
362,220,245
363,219,244
364,219,244
365,219,244
366,219,244
367,218,244
368,218,244
369,218,243
370,217,243
371,217,243
372,217,243
373,217,243
374,216,243
375,216,242
376,216,242
377,215,242
378,215,242
379,215,242
380,215,242
381,214,241
382,214,241
383,214,241
384,214,241
385,214,241
386,214,240
387,214,240
388,214,240
389,214,240
390,213,240
391,213,240
392,213,239
393,213,239
394,213,239
395,213,239
396,213,239
397,213,238
398,213,238
399,214,238
400,214,238
401,214,238
402,214,237
403,215,237
404,215,237
405,216,237
406,216,237
407,216,236
408,216,236
409,217,236
410,217,236
411,217,235
412,218,235
413,218,235
414,219,235
415,219,234
416,220,234
417,220,234
418,221,233
419,222,233
420,223,232
421,224,231
422,226,229
0,0
0,133
248,268,268
249,267,269
250,266,271
251,266,272
252,266,273
253,266,274
254,266,274
255,266,275
256,266,275
257,266,276
258,266,276
259,267,277
260,267,278
261,267,278
262,267,278
263,267,279
264,267,279
265,267,280
266,268,280
267,268,280
268,268,281
269,268,281
270,268,282
271,268,282
272,268,282
273,268,283
274,269,283
275,269,284
276,269,284
277,269,284
278,269,285
279,269,285
280,269,285
281,269,286
282,270,286
283,270,287
284,270,287
285,270,287
286,270,288
287,270,288
288,270,288
289,271,289
290,271,289
291,271,289
292,271,290
293,271,290
294,271,290
295,271,291
296,272,291
297,272,291
298,272,292
299,272,292
300,272,293
301,272,293
302,272,293
303,273,294
304,273,294
305,273,294
306,273,294
307,273,295
308,273,295
309,273,295
310,274,296
311,274,296
312,274,296
313,274,297
314,274,297
315,274,297
316,274,298
317,274,298
318,275,298
319,275,299
320,275,299
321,275,299
322,275,299
323,275,300
324,275,300
325,276,300
326,276,301
327,276,301
328,276,301
329,276,301
330,276,302
331,276,302
332,277,302
333,277,303
334,277,303
335,277,303
336,277,303
337,277,303
338,277,304
339,278,304
340,278,304
341,278,304
342,278,305
343,278,305
344,278,305
345,278,305
346,279,305
347,279,305
348,279,306
349,279,306
350,279,306
351,279,306
352,279,306
353,279,306
354,280,306
355,280,306
356,280,306
357,280,306
358,280,306
359,280,306
360,280,305
361,281,305
362,281,305
363,281,305
364,281,305
365,281,304
366,281,304
367,282,304
368,282,303
369,282,303
370,282,303
371,283,302
372,283,302
373,284,301
374,284,301
375,285,300
376,285,300
377,286,299
378,287,298
379,289,297
380,291,296
0,0
0,145
236,357,357
237,352,362
238,349,365
239,348,368
240,347,370
241,346,372
242,346,374
243,346,376
244,346,378
245,346,379
246,347,381
247,348,382
248,348,383
249,348,385
250,349,386
251,349,386
252,349,387
253,350,388
254,350,388
255,350,388
256,350,388
257,351,388
258,351,388
259,351,388
260,351,387
261,351,387
262,351,386
263,351,385
264,351,385
265,352,384
266,352,384
267,352,383
268,352,383
269,352,383
270,352,382
271,352,382
272,352,381
273,352,381
274,352,381
275,352,380
276,352,380
277,352,379
278,352,379
279,352,379
280,351,378
281,351,378
282,351,378
283,351,377
284,351,377
285,351,377
286,351,376
287,351,376
288,351,375
289,351,375
290,351,375
291,350,374
292,350,374
293,350,374
294,350,374
295,350,373
296,350,373
297,350,373
298,349,372
299,349,372
300,349,372
301,349,371
302,349,371
303,348,371
304,348,371
305,348,370
306,348,370
307,348,370
308,348,370
309,347,369
310,347,369
311,347,369
312,347,369
313,347,368
314,347,368
315,346,368
316,346,367
317,346,367
318,346,367
319,345,366
320,345,366
321,345,366
322,345,366
323,345,365
324,344,365
325,344,365
326,344,364
327,344,364
328,343,364
329,343,363
330,343,363
331,343,363
332,343,363
333,342,362
334,342,362
335,342,362
336,342,361
337,341,361
338,341,360
339,341,360
340,341,360
341,340,360
342,340,359
343,340,359
344,340,359
345,339,358
346,339,358
347,339,357
348,339,357
349,338,357
350,338,356
351,338,356
352,338,356
353,338,355
354,337,355
355,337,355
356,337,354
357,336,354
358,336,354
359,336,353
360,336,353
361,336,352
362,335,352
363,335,352
364,335,351
365,335,351
366,335,350
367,335,350
368,335,349
369,335,349
370,335,348
371,335,347
372,335,347
373,335,346
374,335,345
375,335,344
376,335,343
377,335,342
378,336,341
379,337,339
380,338,338
0,0
1,289
205,390,390
206,388,392
207,388,393
208,387,395
209,387,396
210,387,396
211,387,397
212,387,398
213,387,399
214,387,400
215,386,400
216,386,401
217,386,402
218,386,402
219,386,403
220,386,403
221,386,404
222,386,404
223,386,404
224,386,405
225,385,405
226,385,405
227,385,405
228,385,405
229,385,406
230,385,406
231,385,406
232,385,406
233,385,407
234,385,406
235,385,406
236,384,406
237,384,406
238,384,406
239,384,406
240,384,406
241,384,406
242,384,405
243,384,405
244,384,405
245,384,405
246,383,404
247,383,404
248,383,404
249,383,404
250,383,404
251,383,403
252,383,403
253,383,403
254,383,403
255,383,403
256,383,402
257,382,402
258,382,402
259,382,402
260,382,402
261,382,401
262,382,401
263,382,401
264,382,401
265,382,401
266,382,400
267,381,400
268,381,400
269,381,400
270,381,400
271,381,400
272,381,399
273,381,399
274,381,399
275,381,399
276,381,399
277,380,399
278,380,398
279,380,398
280,380,398
281,380,398
282,380,398
283,380,398
284,380,398
285,380,397
286,380,397
287,379,397
288,379,397
289,379,397
290,379,397
291,379,396
292,379,396
293,379,396
294,379,396
295,379,396
296,378,396
297,378,396
298,378,396
299,378,395
300,378,395
301,378,395
302,378,395
303,378,395
304,378,395
305,378,395
306,377,395
307,377,395
308,377,394
309,377,394
310,377,394
311,377,394
312,377,394
313,377,394
314,377,394
315,377,394
316,376,394
317,376,394
318,376,394
319,376,393
320,376,393
321,376,393
322,376,393
323,376,393
324,376,393
325,375,393
326,375,393
327,375,393
328,375,393
329,375,393
330,375,393
331,375,392
332,375,392
333,375,392
334,374,392
335,374,392
336,374,392
337,374,392
338,374,392
339,374,392
340,374,392
341,374,392
342,374,392
343,373,392
344,373,392
345,373,391
346,373,391
347,373,391
348,373,391
349,373,391
350,373,391
351,372,391
352,372,391
353,372,391
354,372,391
355,372,391
356,372,391
357,372,391
358,372,391
359,371,391
360,371,391
361,371,391
362,371,391
363,371,391
364,371,391
365,371,391
366,371,391
367,371,391
368,370,391
369,370,391
370,370,391
371,370,391
372,370,391
373,370,391
374,370,391
375,369,391
376,369,391
377,369,391
378,369,391
379,369,391
380,369,391
381,369,391
382,368,391
383,368,391
384,368,391
385,368,391
386,368,391
387,368,391
388,368,391
389,367,391
390,367,391
391,367,391
392,367,391
393,367,391
394,367,391
395,367,391
396,366,391
397,366,391
398,366,391
399,366,391
400,366,391
401,366,391
402,365,391
403,365,391
404,365,391
405,365,391
406,365,391
407,365,391
408,364,391
409,364,391
410,364,391
411,364,391
412,364,391
413,364,391
414,363,391
415,385,391
415,363,392
416,385,391
416,363,392
417,385,391
417,363,392
418,385,391
418,363,392
419,385,391
419,363,392
420,385,391
420,362,392
421,385,391
421,362,392
422,385,391
422,362,392
423,385,391
423,362,392
424,385,391
424,362,392
425,385,391
425,362,392
426,385,391
426,361,392
427,385,391
427,362,392
428,385,391
428,362,392
429,385,391
429,362,392
430,385,391
430,362,392
431,385,391
431,362,392
432,385,391
432,362,392
433,385,391
433,362,392
434,385,391
434,362,392
435,385,391
435,363,392
436,385,391
436,363,392
437,385,391
437,363,392
438,385,391
438,363,393
439,364,393
440,364,393
441,364,393
442,365,393
443,365,393
444,366,393
445,366,393
446,367,393
447,367,393
448,368,393
449,368,393
450,369,393
451,369,393
452,370,393
453,371,393
454,371,393
455,372,393
456,373,394
457,373,393
458,374,393
459,375,393
460,376,393
461,377,393
462,378,393
463,378,392
464,379,392
465,380,392
466,381,391
467,383,391
468,384,389
468,384,384
0,0
