0,107
43,174,176
44,168,180
45,164,183
46,163,186
47,162,189
48,161,192
49,161,194
50,161,197
51,161,199
52,162,200
53,162,201
54,162,202
55,163,202
56,164,203
57,165,203
58,165,203
59,166,204
60,167,204
61,167,204
62,168,204
63,169,204
64,170,204
65,170,204
66,171,204
67,171,204
68,172,204
69,173,204
70,173,204
71,174,204
72,174,204
73,175,204
74,175,204
75,176,204
76,176,204
77,177,204
78,177,204
79,178,204
80,178,204
81,178,204
82,179,204
83,179,204
84,180,205
85,180,205
86,180,205
87,181,205
88,181,205
89,181,205
90,181,205
91,182,205
92,182,205
93,182,205
94,183,205
95,183,205
96,183,205
97,183,205
98,183,205
99,184,205
100,184,206
101,184,206
102,184,206
103,184,206
104,185,206
105,185,206
106,185,206
107,185,206
108,185,206
109,185,206
110,186,206
111,186,206
112,186,206
113,186,206
114,186,206
115,187,206
116,187,207
117,187,207
118,187,207
119,187,207
120,187,207
121,188,207
122,188,207
123,188,207
124,188,207
125,188,207
126,188,207
127,188,207
128,189,208
129,189,208
130,189,208
131,189,208
132,189,208
133,190,208
134,190,208
135,190,208
136,191,208
137,191,208
138,192,208
139,192,208
140,193,208
141,193,207
142,194,207
143,195,207
144,196,207
145,196,206
146,197,206
147,198,205
148,200,204
149,203,203
0,0
1,148
88,101,102
89,100,105
90,99,106
91,99,107
92,98,109
93,98,110
94,98,110
95,98,111
96,98,112
97,98,113
98,98,114
99,98,114
100,98,115
101,98,115
102,98,116
103,98,117
104,98,117
105,98,118
106,98,118
107,97,119
108,97,119
109,97,119
110,97,120
111,97,120
112,97,120
113,97,120
114,97,121
115,97,121
116,97,121
117,96,121
118,96,121
119,96,121
120,96,121
121,96,121
122,96,121
123,96,120
124,96,120
125,96,120
126,96,120
127,96,119
128,96,119
129,95,119
130,95,119
131,95,118
132,95,118
133,95,118
134,95,118
135,95,118
136,95,117
137,95,117
138,95,117
139,95,117
140,94,116
141,94,116
142,94,116
143,94,116
144,94,115
145,94,115
146,94,115
147,94,115
148,94,115
149,94,114
150,94,114
151,93,114
152,93,114
153,93,113
154,93,113
155,93,113
156,93,113
157,93,112
158,93,112
159,93,112
160,93,112
161,93,111
162,92,111
163,92,111
164,92,111
165,92,110
166,92,110
167,92,110
168,92,110
169,92,110
170,92,109
171,91,109
172,91,109
173,91,109
174,91,108
175,91,108
176,91,108
177,91,108
178,91,107
179,91,107
180,91,107
181,90,107
182,90,106
183,90,106
184,90,106
185,90,106
186,90,105
187,90,105
188,90,105
189,90,105
190,90,104
191,89,104
192,89,104
193,89,104
194,89,104
195,89,103
196,89,103
197,89,103
198,89,103
199,89,102
200,88,102
201,88,102
202,88,102
203,88,101
204,88,101
205,88,101
206,88,101
207,88,100
208,88,100
209,87,100
210,87,100
211,87,99
212,87,99
213,87,99
214,87,99
215,87,98
216,87,98
217,86,98
218,86,98
219,86,98
220,86,97
221,86,97
222,86,97
223,86,97
224,86,96
225,85,96
226,85,96
227,85,96
228,85,95
229,85,95
230,85,94
231,86,94
232,86,93
233,87,92
234,88,91
235,89,90
0,0
1,154
255,84,86
256,83,87
257,83,88
258,83,88
259,83,89
260,82,90
261,82,90
262,82,91
263,82,92
264,82,92
265,82,93
266,82,93
267,82,94
268,81,94
269,81,94
270,81,95
271,81,95
272,81,95
273,81,96
274,81,96
275,81,96
276,81,96
277,80,97
278,80,97
279,80,97
280,80,97
281,80,97
282,80,97
283,80,97
284,80,97
285,80,98
286,79,97
287,79,97
288,79,97
289,79,97
290,79,97
291,79,97
292,79,97
293,79,96
294,78,96
295,78,96
296,78,96
297,78,96
298,78,96
299,78,96
300,78,95
301,78,95
302,77,95
303,77,95
304,77,95
305,77,95
306,77,94
307,77,94
308,77,94
309,77,94
310,76,94
311,76,94
312,76,93
313,76,93
314,76,93
315,76,93
316,76,93
317,75,93
318,75,93
319,75,92
320,75,92
321,75,92
322,75,92
323,75,92
324,74,92
325,74,92
326,74,92
327,74,92
328,74,91
329,74,91
330,73,91
331,73,91
332,73,91
333,73,91
334,73,91
335,73,91
336,73,91
337,72,91
338,72,91
339,72,91
340,72,91
341,72,91
342,72,91
343,72,91
344,71,91
345,71,91
346,71,91
347,71,91
348,71,91
349,70,91
350,70,90
351,70,90
352,70,90
353,70,90
354,70,90
355,69,90
356,69,90
357,69,90
358,69,90
359,69,90
360,68,90
361,68,90
362,68,90
363,68,90
364,68,90
365,68,90
366,67,90
367,67,90
368,67,90
369,67,90
370,67,90
371,67,90
372,67,90
373,67,90
374,66,90
375,67,90
376,67,90
377,67,90
378,67,90
379,67,90
380,67,90
381,67,90
382,67,90
383,68,90
384,68,90
385,68,90
386,68,90
387,69,90
388,69,90
389,69,90
390,70,91
391,70,91
392,71,91
393,71,91
394,72,91
395,72,91
396,73,91
397,73,91
398,74,91
399,74,91
400,75,91
401,76,91
402,77,92
403,77,91
404,78,91
405,79,91
406,80,90
407,82,90
408,83,88
0,0
0,123
19,298,298
20,293,303
21,291,307
22,290,309
23,289,311
24,288,313
25,288,315
26,288,316
27,288,318
28,288,320
29,288,321
30,289,322
31,289,324
32,290,325
33,290,326
34,290,328
35,291,329
36,291,329
37,291,330
38,291,331
39,291,332
40,291,332
41,292,333
42,292,333
43,292,333
44,292,333
45,292,333
46,292,333
47,292,333
48,292,332
49,292,332
50,292,331
51,292,330
52,292,329
53,292,329
54,292,328
55,292,327
56,291,327
57,291,326
58,291,326
59,291,325
60,291,325
61,291,324
62,291,323
63,291,323
64,290,322
65,290,322
66,290,321
67,290,321
68,290,320
69,290,320
70,289,319
71,289,319
72,289,318
73,289,318
74,289,317
75,288,317
76,288,317
77,288,316
78,288,316
79,288,315
80,287,315
81,287,315
82,287,314
83,287,314
84,286,313
85,286,313
86,286,313
87,286,312
88,286,312
89,285,311
90,285,311
91,285,310
92,284,310
93,284,309
94,284,309
95,284,309
96,283,308
97,283,308
98,283,307
99,283,307
100,282,306
101,282,306
102,282,305
103,282,305
104,281,304
105,281,304
106,281,303
107,281,303
108,280,302
109,280,302
110,280,301
111,279,301
112,279,300
113,279,300
114,279,299
115,278,299
116,278,298
117,278,298
118,277,297
119,277,297
120,277,297
121,277,296
122,276,295
123,276,295
124,276,294
125,276,294
126,275,293
127,275,293
128,275,292
129,275,291
130,275,291
131,275,290
132,275,289
133,275,288
134,275,288
135,275,287
136,275,286
137,275,285
138,275,284
139,275,282
140,275,281
141,277,278
0,0
1,282
89,171,173
90,170,174
91,170,175
92,169,176
93,169,177
94,169,177
95,169,178
96,169,179
97,169,179
98,169,180
99,169,180
100,168,181
101,168,181
102,168,182
103,168,182
104,168,183
105,168,183
106,168,184
107,168,184
108,168,184
109,168,185
110,168,185
111,168,185
112,168,185
113,168,186
114,168,186
115,168,186
116,168,186
117,168,186
118,168,187
119,168,187
120,168,187
121,168,187
122,168,187
123,168,187
124,168,187
125,168,187
126,168,187
127,168,187
128,168,187
129,168,187
130,168,187
131,168,187
132,168,187
133,167,186
134,167,186
135,167,186
136,167,186
137,167,186
138,167,186
139,167,186
140,167,186
141,167,186
142,167,185
143,167,185
144,167,185
145,167,185
146,167,185
147,167,185
148,167,185
149,167,185
150,166,184
151,166,184
152,166,184
153,166,184
154,166,184
155,166,184
156,166,184
157,166,184
158,166,183
159,166,183
160,166,183
161,166,183
162,166,183
163,166,183
164,165,183
165,165,183
166,165,182
167,165,182
168,165,182
169,165,182
170,165,182
171,165,182
172,165,182
173,165,182
174,165,181
175,164,181
176,164,181
177,164,181
178,164,181
179,164,181
180,164,181
181,164,181
182,164,180
183,164,180
184,164,180
185,163,180
186,163,180
187,163,180
188,163,180
189,163,180
190,163,179
191,163,179
192,163,179
193,163,179
194,162,179
195,162,179
196,162,179
197,162,179
198,162,179
199,162,178
200,162,178
201,162,178
202,161,178
203,161,178
204,161,178
205,161,178
206,161,178
207,161,177
208,161,177
209,161,177
210,160,177
211,160,177
212,160,177
213,160,177
214,160,177
215,160,176
216,160,176
217,159,176
218,159,176
219,159,176
220,159,176
221,159,176
222,159,176
223,158,175
224,158,175
225,158,175
226,158,175
227,158,175
228,158,175
229,157,175
230,157,175
231,157,174
232,157,174
233,157,174
234,157,174
235,157,174
236,156,174
237,156,174
238,156,174
239,156,173
240,156,173
241,155,173
242,155,173
243,155,173
244,155,173
245,155,173
246,155,173
247,154,172
248,154,172
249,154,172
250,154,172
251,154,172
252,153,172
253,153,172
254,153,172
255,153,171
256,153,171
257,152,171
258,152,171
259,152,171
260,152,171
261,152,171
262,152,171
263,151,170
264,151,170
265,151,170
266,151,170
267,151,170
268,150,170
269,150,170
270,150,170
271,150,169
272,150,169
273,149,169
274,149,169
275,149,169
276,149,169
277,149,169
278,148,168
279,148,168
280,148,168
281,148,168
282,147,168
283,147,168
284,147,168
285,147,168
286,147,167
287,146,167
288,146,167
289,146,167
290,146,167
291,146,167
292,145,167
293,145,167
294,145,166
295,145,166
296,144,166
297,144,166
298,144,166
299,144,166
300,143,166
301,143,166
302,143,165
303,143,165
304,143,165
305,142,165
306,142,165
307,142,165
308,142,165
309,141,164
310,141,164
311,141,164
312,141,164
313,140,164
314,140,164
315,140,164
316,140,163
317,139,163
318,139,163
319,139,163
320,139,163
321,138,163
322,138,163
323,138,162
324,138,162
325,137,162
326,137,162
327,137,162
328,137,162
329,136,162
330,136,161
331,136,161
332,136,161
333,135,161
334,135,161
335,135,161
336,135,160
337,135,160
338,135,160
339,135,160
340,135,160
341,135,160
342,134,159
343,135,159
344,135,159
345,135,159
346,135,159
347,135,158
348,135,158
349,135,158
350,135,158
351,136,158
352,136,157
353,136,157
354,136,157
355,137,157
356,137,157
357,137,156
358,138,156
359,138,156
360,139,156
361,139,155
362,139,155
363,140,155
364,140,154
365,141,154
366,142,154
367,142,153
368,143,153
369,144,152
370,146,151
0,0
0,273
171,102,109
172,100,112
173,99,115
174,98,117
175,98,119
176,98,120
177,98,122
178,98,124
179,98,125
180,98,126
181,99,128
182,100,129
183,100,130
184,101,131
185,101,132
186,102,133
187,102,134
188,103,135
189,103,135
190,104,136
191,104,136
192,104,137
193,105,137
194,105,137
195,105,137
196,105,137
197,105,137
198,105,137
199,105,137
200,105,136
201,105,136
202,105,135
203,105,135
204,105,135
205,105,134
206,105,134
207,105,134
208,105,134
209,105,133
210,105,133
211,104,133
212,104,133
213,104,132
214,104,132
215,104,132
216,104,132
217,104,132
218,104,132
219,104,131
220,104,131
221,104,131
222,104,131
223,104,131
224,103,131
225,103,130
226,103,130
227,103,130
228,103,130
229,103,130
230,103,130
231,103,130
232,103,129
233,103,129
234,103,129
235,103,129
236,102,129
237,102,129
238,102,129
239,102,128
240,102,128
241,102,128
242,102,128
243,102,128
244,102,128
245,102,127
246,101,127
247,101,127
248,101,127
249,101,127
250,101,127
251,101,127
252,101,127
253,101,126
254,101,126
255,100,126
256,100,126
257,100,126
258,100,126
259,100,125
260,100,125
261,100,125
262,99,125
263,99,125
264,99,125
265,99,125
266,99,124
267,99,124
268,98,124
269,98,124
270,98,123
271,98,123
272,98,123
273,98,123
274,97,123
275,97,122
276,97,122
277,97,122
278,97,122
279,97,122
280,96,121
281,96,121
282,96,121
283,96,121
284,96,120
285,95,120
286,95,120
287,95,120
288,95,119
289,95,119
290,94,119
291,94,119
292,94,118
293,94,118
294,94,118
295,93,118
296,93,117
297,93,117
298,93,117
299,92,117
300,92,116
301,92,116
302,92,116
303,91,115
304,91,115
305,91,115
306,91,114
307,90,114
308,90,114
309,90,114
310,90,113
311,89,113
312,89,113
313,89,113
314,88,112
315,88,112
316,88,112
317,88,111
318,87,111
319,87,111
320,87,110
321,86,110
322,86,110
323,86,109
324,86,109
325,85,109
326,85,108
327,85,108
328,84,108
329,84,107
330,84,107
331,83,106
332,83,106
333,83,106
334,82,105
335,82,105
336,82,105
337,81,104
338,81,104
339,80,103
340,80,103
341,80,103
342,79,102
343,79,102
344,79,102
345,78,101
346,78,101
347,77,100
348,77,100
349,77,100
350,76,99
351,76,99
352,76,98
353,75,98
354,75,97
355,74,97
356,74,96
357,73,96
358,73,96
359,73,95
360,72,95
361,72,94
362,71,94
363,71,93
364,70,93
365,70,92
366,69,92
367,69,91
368,68,91
369,68,91
370,68,90
371,67,90
372,67,89
373,66,88
374,66,88
375,65,87
376,65,87
377,64,86
378,64,86
379,63,85
380,63,85
381,62,84
382,61,84
383,61,83
384,60,83
385,60,82
386,59,81
387,59,81
388,58,80
389,58,80
390,57,79
391,56,79
392,56,78
393,55,77
394,55,77
395,54,76
396,53,76
397,53,75
398,52,74
399,52,74
400,51,73
401,50,72
402,50,72
403,49,71
404,48,70
405,48,69
406,47,69
407,46,68
408,46,67
409,45,67
410,44,66
411,44,65
412,43,64
413,43,63
414,42,62
415,41,61
416,41,61
417,40,60
418,39,59
419,39,58
420,38,56
421,37,55
422,37,55
423,36,54
424,35,53
425,35,52
426,34,51
427,33,49
428,33,49
429,32,48
430,31,47
431,31,46
432,30,44
433,29,43
434,29,42
435,28,41
436,27,40
437,27,39
438,26,38
439,26,37
440,25,36
441,25,34
442,25,33
443,26,30
0,0
0,38
204,157,158
205,156,160
206,155,163
207,155,165
208,154,167
209,154,169
210,154,171
211,155,172
212,155,174
213,156,176
214,156,177
215,157,178
216,157,180
217,158,181
218,158,182
219,159,183
220,160,184
221,160,184
222,161,185
223,162,185
224,162,186
225,163,186
226,164,186
227,164,186
228,165,187
229,165,187
230,166,187
231,167,187
232,168,187
233,168,186
234,169,186
235,170,186
236,171,186
237,172,185
238,173,185
239,175,184
240,177,183
241,181,181
0,0
0,76
188,223,230
189,220,233
190,219,235
191,219,237
192,219,239
193,219,241
194,219,242
195,219,244
196,219,245
197,220,246
198,220,247
199,220,248
200,220,249
201,220,249
202,220,249
203,220,249
204,220,249
205,220,248
206,219,247
207,219,245
208,219,244
209,218,243
210,218,243
211,217,242
212,217,241
213,216,240
214,216,239
215,216,238
216,215,237
217,215,236
218,214,235
219,214,234
220,213,233
221,213,233
222,213,232
223,212,231
224,212,230
225,211,229
226,211,229
227,210,228
228,210,227
229,209,226
230,209,225
231,208,224
232,208,224
233,207,223
234,207,222
235,206,221
236,206,220
237,205,219
238,205,219
239,204,218
240,204,217
241,203,216
242,203,215
243,203,215
244,202,214
245,201,213
246,201,212
247,200,211
248,200,211
249,199,210
250,199,209
251,198,208
252,198,208
253,197,207
254,197,206
255,196,205
256,196,205
257,195,204
258,195,203
259,194,202
260,194,201
261,194,201
262,194,200
263,195,198
0,0
1,114
135,267,269
136,266,270
137,266,270
138,266,271
139,265,271
140,265,272
141,265,272
142,265,273
143,264,273
144,264,274
145,264,274
146,264,274
147,264,275
148,264,275
149,263,275
150,263,276
151,263,276
152,263,276
153,263,276
154,263,276
155,263,276
156,262,277
157,262,277
158,262,277
159,262,277
160,262,277
161,262,277
162,261,277
163,261,277
164,261,277
165,261,277
166,261,276
167,260,276
168,260,276
169,260,276
170,260,276
171,260,276
172,259,275
173,259,275
174,259,275
175,259,275
176,258,274
177,258,274
178,258,274
179,258,274
180,257,273
181,257,273
182,257,273
183,257,273
184,256,272
185,256,272
186,256,272
187,255,272
188,255,271
189,255,271
190,255,271
191,254,271
192,254,270
193,254,270
194,253,270
195,253,270
196,253,269
197,252,269
198,252,269
199,252,269
200,251,269
201,251,268
202,251,268
203,250,268
204,250,268
205,250,267
206,249,267
207,249,267
208,249,267
209,248,266
210,248,266
211,248,266
212,247,266
213,247,265
214,246,265
215,246,265
216,246,265
217,245,264
218,245,264
219,245,264
220,245,264
221,245,264
222,244,263
223,244,263
224,244,263
225,244,263
226,244,262
227,244,262
228,243,262
229,244,262
230,244,261
231,244,261
232,244,261
233,244,260
234,245,260
235,245,260
236,245,260
237,245,259
238,245,259
239,246,259
240,246,258
241,246,258
242,247,258
243,247,258
244,248,257
245,248,257
246,249,256
247,250,256
248,251,254
0,0
0,74
304,135,135
305,130,138
306,129,141
307,129,143
308,128,144
309,128,146
310,128,147
311,128,148
312,129,149
313,129,149
314,129,150
315,130,151
316,130,151
317,131,151
318,131,152
319,132,152
320,132,152
321,132,152
322,132,152
323,132,151
324,132,151
325,133,151
326,133,151
327,133,150
328,133,150
329,133,150
330,133,150
331,133,149
332,133,149
333,132,149
334,132,149
335,132,148
336,132,148
337,132,148
338,132,148
339,132,148
340,132,147
341,131,147
342,131,147
343,131,147
344,131,147
345,131,147
346,130,147
347,130,146
348,130,146
349,130,146
350,130,146
351,129,146
352,129,146
353,129,146
354,128,150
355,128,149
356,127,149
357,127,149
358,126,148
359,126,148
360,126,148
361,125,147
362,125,147
363,124,147
364,124,146
365,124,146
366,124,146
367,124,145
368,124,145
369,124,145
370,124,144
371,124,144
372,125,144
373,125,143
374,126,142
375,127,140
376,128,137
377,130,133
1,96
143,372,374
144,369,373
145,367,372
146,364,372
147,361,371
148,358,371
149,355,370
150,354,370
151,354,369
152,353,369
153,353,369
154,353,368
155,352,368
156,352,367
157,352,367
158,352,367
159,351,366
160,351,366
161,351,366
162,350,365
163,350,365
164,350,364
165,350,364
166,349,364
167,349,363
168,349,363
169,349,363
170,348,362
171,348,362
172,348,362
173,348,361
174,347,361
175,347,361
176,347,361
177,347,360
178,347,360
179,347,360
180,346,359
181,346,359
182,346,359
183,346,358
184,346,358
185,345,358
186,345,358
187,345,357
188,345,357
189,345,357
190,345,356
191,344,356
192,344,356
193,344,356
194,344,355
195,344,355
196,344,355
197,343,355
198,343,354
199,343,354
200,343,354
201,343,354
202,343,354
203,343,353
204,342,353
205,342,353
206,342,353
207,342,352
208,342,352
209,342,352
210,342,352
211,342,352
212,342,351
213,341,351
214,341,351
215,341,351
216,341,351
217,341,351
218,341,350
219,341,350
220,341,350
221,341,350
222,341,350
223,341,349
224,340,349
225,340,349
226,340,349
227,340,349
228,340,349
229,340,349
230,340,348
231,340,348
232,340,348
233,340,348
234,340,348
235,339,347
236,340,347
237,340,345
238,340,344
0,0
0,82
285,233,237
286,231,240
287,231,241
288,230,243
289,230,244
290,230,246
291,230,247
292,230,248
293,230,249
294,230,251
295,230,252
296,231,253
297,231,253
298,231,254
299,231,254
300,231,254
301,231,254
302,231,254
303,231,254
304,231,254
305,231,254
306,231,253
307,231,253
308,231,252
309,231,252
310,231,252
311,231,251
312,231,251
313,231,251
314,230,251
315,230,250
316,230,250
317,230,250
318,230,249
319,230,249
320,230,249
321,229,249
322,229,249
323,229,248
324,229,248
325,229,248
326,229,248
327,228,247
328,228,247
329,228,247
330,228,247
331,227,247
332,227,246
333,227,246
334,227,246
335,226,246
336,226,246
337,226,245
338,226,245
339,225,245
340,225,245
341,225,245
342,224,244
343,224,244
344,224,244
345,224,244
346,224,244
347,224,244
348,224,243
349,224,243
350,224,243
351,224,242
352,224,242
353,224,241
354,224,241
355,225,240
356,225,240
357,225,239
358,225,239
359,226,238
360,226,238
361,227,237
362,227,236
363,228,236
364,228,235
365,229,233
366,231,231
0,0
0,186
269,184,184
270,178,189
271,176,191
272,175,193
273,174,195
274,174,197
275,174,199
276,174,201
277,174,202
278,175,204
279,175,206
280,176,207
281,176,208
282,177,209
283,177,209
284,178,209
285,178,209
286,178,209
287,179,209
288,179,209
289,179,209
290,179,208
291,180,208
292,180,207
293,180,207
294,180,206
295,180,206
296,180,205
297,180,205
298,180,205
299,180,205
300,180,204
301,180,204
302,180,204
303,180,203
304,180,203
305,180,203
306,180,203
307,180,203
308,180,202
309,180,202
310,180,202
311,180,202
312,180,202
313,180,201
314,180,201
315,180,201
316,180,201
317,180,201
318,180,201
319,180,200
320,180,200
321,180,200
322,180,200
323,180,200
324,180,200
325,180,200
326,179,200
327,179,199
328,179,199
329,179,199
330,179,199
331,179,199
332,179,199
333,179,199
334,178,198
335,178,198
336,178,198
337,178,198
338,178,198
339,177,198
340,177,198
341,177,197
342,177,197
343,177,197
344,176,197
345,176,197
346,176,197
347,176,197
348,175,196
349,175,196
350,175,196
351,175,196
352,174,196
353,174,195
354,174,195
355,174,195
356,173,195
357,173,194
358,173,194
359,172,194
360,172,194
361,172,193
362,171,193
363,171,193
364,171,192
365,171,192
366,170,192
367,170,191
368,170,191
369,169,190
370,169,190
371,169,190
372,168,189
373,168,189
374,167,188
375,167,188
376,167,187
377,166,187
378,166,186
379,165,186
380,165,185
381,165,185
382,164,184
383,164,184
384,163,183
385,163,183
386,162,183
387,162,182
388,161,182
389,161,181
390,160,181
391,160,180
392,159,180
393,159,179
394,158,179
395,157,178
396,157,178
397,156,177
398,156,177
399,155,177
400,154,176
401,154,175
402,153,175
403,152,174
404,152,174
405,151,173
406,150,172
407,150,172
408,149,171
409,148,170
410,147,169
411,147,169
412,146,168
413,145,167
414,144,166
415,143,165
416,143,164
417,142,163
418,141,162
419,140,161
420,139,161
421,138,160
422,137,158
423,136,158
424,135,157
425,134,156
426,133,154
427,132,153
428,130,152
429,129,151
430,128,150
431,127,149
432,125,147
433,124,146
434,123,145
435,122,143
436,120,142
437,119,141
438,118,139
439,116,138
440,115,136
441,114,135
442,113,133
443,111,131
444,110,130
445,109,128
446,108,126
447,106,124
448,105,122
449,104,120
450,103,118
451,102,115
452,101,112
453,102,107
454,103,103
0,0
0,113
177,290,292
178,286,298
179,284,301
180,284,303
181,284,305
182,284,307
183,284,309
184,284,311
185,285,313
186,285,314
187,286,315
188,287,317
189,287,318
190,288,318
191,288,319
192,288,320
193,288,320
194,288,320
195,289,320
196,289,320
197,289,320
198,289,320
199,289,319
200,288,319
201,288,318
202,288,317
203,288,317
204,288,316
205,288,316
206,288,315
207,287,314
208,287,314
209,287,313
210,287,313
211,287,312
212,287,312
213,286,311
214,286,311
215,286,310
216,286,310
217,285,310
218,285,309
219,285,309
220,284,308
221,284,308
222,284,307
223,283,307
224,283,307
225,283,306
226,282,306
227,282,305
228,282,305
229,282,304
230,281,304
231,281,303
232,281,303
233,280,302
234,280,302
235,279,301
236,279,301
237,279,300
238,278,300
239,278,299
240,278,299
241,277,298
242,277,297
243,277,297
244,276,296
245,276,296
246,275,295
247,275,295
248,275,294
249,274,293
250,274,293
251,273,292
252,273,292
253,272,291
254,272,290
255,272,290
256,271,289
257,271,288
258,270,288
259,270,287
260,269,286
261,269,286
262,268,285
263,268,284
264,268,284
265,267,283
266,267,282
267,266,282
268,266,281
269,265,280
270,265,279
271,264,279
272,264,278
273,263,277
274,263,276
275,263,275
276,262,274
277,262,274
278,261,273
279,261,272
280,260,271
281,259,270
282,259,269
283,258,268
284,258,267
285,257,266
286,257,265
287,257,264
288,257,262
289,257,261
0,0
1,87
286,248,250
287,247,252
288,247,253
289,246,254
290,246,255
291,246,256
292,246,256
293,245,257
294,245,257
295,245,258
296,245,258
297,245,259
298,244,259
299,244,259
300,244,259
301,244,259
302,243,259
303,243,259
304,243,259
305,243,258
306,242,258
307,242,258
308,242,258
309,242,257
310,241,257
311,241,256
312,241,256
313,241,255
314,240,255
315,240,255
316,240,254
317,240,254
318,239,253
319,239,253
320,239,252
321,238,252
322,238,252
323,238,251
324,238,251
325,237,250
326,237,250
327,237,250
328,236,249
329,236,249
330,236,248
331,236,248
332,235,248
333,235,247
334,235,247
335,234,247
336,234,246
337,234,246
338,233,246
339,233,245
340,233,245
341,232,245
342,232,244
343,232,244
344,231,244
345,231,244
346,231,243
347,230,243
348,230,243
349,230,242
350,229,242
351,229,242
352,228,242
353,228,241
354,228,241
355,227,241
356,227,241
357,227,240
358,226,240
359,226,240
360,225,240
361,225,240
362,225,240
363,224,240
364,224,240
365,223,240
366,223,240
367,222,239
368,222,236
369,222,232
370,221,229
371,221,225
372,220,222
0,80
218,377,377
219,374,382
220,372,386
221,372,388
222,372,390
223,371,392
224,371,394
225,371,396
226,370,398
227,370,400
228,370,402
229,369,404
230,369,407
231,369,409
232,369,411
233,368,413
234,368,415
235,368,416
236,367,418
237,367,419
238,367,420
239,367,420
240,366,421
241,367,422
242,367,422
243,368,422
244,368,422
245,368,421
246,368,420
247,368,419
248,368,418
249,367,416
250,367,414
251,367,412
252,366,410
253,366,408
254,366,406
255,365,404
256,365,403
257,364,401
258,364,399
259,364,398
260,363,396
261,362,395
262,362,393
263,361,392
264,361,391
265,360,389
266,360,388
267,359,387
268,359,385
269,358,384
270,358,383
271,357,381
272,357,380
273,356,379
274,356,378
275,355,376
276,354,375
277,354,374
278,353,372
279,353,371
280,352,370
281,352,369
282,351,367
283,351,366
284,350,365
285,349,364
286,349,362
287,348,361
288,348,360
289,347,359
290,347,357
291,346,356
292,346,355
293,345,354
294,345,353
295,345,352
296,346,351
297,347,349
0,0
0,165
288,296,298
289,292,303
290,290,305
291,289,307
292,288,309
293,288,310
294,288,311
295,288,313
296,289,314
297,289,315
298,289,317
299,290,318
300,290,320
301,290,321
302,291,322
303,291,323
304,291,324
305,291,324
306,292,325
307,292,325
308,292,325
309,292,325
310,292,325
311,292,325
312,292,325
313,292,324
314,292,324
315,291,323
316,291,323
317,291,322
318,291,321
319,291,321
320,291,320
321,291,320
322,291,319
323,291,319
324,290,318
325,290,318
326,290,317
327,290,317
328,290,316
329,290,316
330,290,316
331,290,315
332,289,315
333,289,315
334,289,314
335,289,314
336,289,314
337,289,313
338,289,313
339,288,313
340,288,313
341,288,312
342,288,312
343,287,312
344,287,311
345,287,311
346,287,311
347,286,310
348,286,310
349,286,310
350,286,310
351,285,309
352,285,309
353,285,309
354,284,308
355,284,308
356,284,308
357,283,308
358,283,307
359,283,307
360,282,307
361,282,306
362,281,306
363,281,306
364,281,306
365,280,305
366,280,305
367,279,304
368,279,304
369,279,304
370,278,303
371,278,303
372,277,303
373,277,302
374,276,302
375,276,301
376,275,301
377,275,300
378,274,300
379,274,299
380,273,299
381,273,298
382,272,298
383,272,297
384,271,297
385,271,296
386,270,296
387,270,295
388,269,294
389,269,294
390,268,293
391,267,292
392,267,292
393,266,291
394,266,290
395,265,290
396,264,289
397,263,288
398,263,288
399,262,287
400,261,286
401,261,286
402,260,285
403,259,284
404,258,284
405,258,283
406,257,282
407,256,282
408,255,281
409,254,280
410,253,280
411,252,279
412,252,278
413,251,278
414,250,277
415,249,276
416,248,275
417,247,274
418,246,273
419,245,272
420,243,271
421,242,270
422,241,269
423,240,268
424,239,267
425,237,265
426,236,264
427,235,263
428,233,262
429,232,260
430,230,259
431,228,257
432,227,256
433,225,254
434,224,253
435,222,251
436,221,250
437,219,248
438,217,246
439,216,244
440,214,242
441,212,241
442,210,239
443,209,236
444,207,234
445,205,232
446,204,229
447,202,226
448,200,224
449,199,220
450,199,216
451,200,211
452,205,205
0,0
1,185
296,349,352
297,347,355
298,346,357
299,345,359
300,346,360
301,347,361
302,347,363
303,349,352
303,348,364
304,349,365
305,350,367
306,350,368
307,351,369
308,352,371
309,353,372
310,354,373
311,355,374
312,356,376
313,356,377
314,357,378
315,358,380
316,359,381
317,360,382
318,361,384
319,362,385
320,363,386
321,363,387
322,364,389
323,365,390
324,366,391
325,367,392
326,368,394
327,369,395
328,370,396
329,370,398
330,371,399
331,372,400
332,373,401
333,374,402
334,375,404
335,376,405
336,377,406
337,378,407
338,378,409
339,379,410
340,380,411
341,381,412
342,382,413
343,383,415
344,384,416
345,384,417
346,385,418
347,386,419
348,387,421
349,388,422
350,388,423
351,389,424
352,390,425
353,391,426
354,392,428
355,392,429
356,393,430
357,394,431
358,395,432
359,395,434
360,396,435
361,397,436
362,398,437
363,398,438
364,399,439
365,400,440
366,401,442
367,401,442
368,402,444
369,403,445
370,403,446
371,404,447
372,405,448
373,405,449
374,406,450
375,407,451
376,407,452
377,408,452
378,409,453
379,409,454
380,410,454
381,411,455
382,411,455
383,412,456
384,412,456
385,413,457
386,414,457
387,414,458
388,415,458
389,415,458
390,416,459
391,417,459
392,417,459
393,418,459
394,418,460
395,419,460
396,419,460
397,420,460
398,420,461
399,421,461
400,421,461
401,422,461
402,422,461
403,423,461
404,423,461
405,424,462
406,424,462
407,425,462
408,425,462
409,426,462
410,426,462
411,426,462
412,427,462
413,427,462
414,428,462
415,428,462
416,429,462
417,429,463
418,430,463
419,430,463
420,430,463
421,431,463
422,431,463
423,432,463
424,432,463
425,432,463
426,433,463
427,433,463
428,433,463
429,434,463
430,434,463
431,434,463
432,435,463
433,435,463
434,436,463
435,436,463
436,436,463
437,437,463
438,437,463
439,437,463
440,438,463
441,438,463
442,439,463
443,439,463
444,439,463
445,440,462
446,440,462
447,440,462
448,441,462
449,441,462
450,442,462
451,442,462
452,442,462
453,443,462
454,443,462
455,443,461
456,444,461
457,444,461
458,445,461
459,445,461
460,445,461
461,446,461
462,446,460
463,447,460
464,447,460
465,447,460
466,448,460
467,448,460
468,449,459
469,449,459
470,449,459
471,450,459
472,450,459
473,451,458
474,451,458
475,452,458
476,452,458
477,453,457
478,453,457
479,454,456
0,0
