0,89
188,45,47
189,39,55
190,38,61
191,38,65
192,37,67
193,37,68
194,38,69
195,38,70
196,38,71
197,39,71
198,39,71
199,40,72
200,41,72
201,41,72
202,42,72
203,43,72
204,43,72
205,44,73
206,44,73
207,45,73
208,45,73
209,46,73
210,46,73
211,47,74
212,48,74
213,48,74
214,49,74
215,49,74
216,50,75
217,50,75
218,50,75
219,51,75
220,51,76
221,52,76
222,52,76
223,53,76
224,53,76
225,54,77
226,54,77
227,54,77
228,55,77
229,55,77
230,55,78
231,56,78
232,56,78
233,57,78
234,57,79
235,57,79
236,57,79
237,58,79
238,58,79
239,58,80
240,59,80
241,59,80
242,59,80
243,60,81
244,60,81
245,60,81
246,60,81
247,61,81
248,61,82
249,61,82
250,62,82
251,62,82
252,62,82
253,63,82
254,63,83
255,63,83
256,64,83
257,64,83
258,65,83
259,65,83
260,65,83
261,66,84
262,66,84
263,67,84
264,67,84
265,68,84
266,68,84
267,69,84
268,70,84
269,71,84
270,72,84
271,72,84
272,74,83
273,75,83
274,76,83
275,77,82
276,79,81
0,0
1,127
46,196,197
47,195,199
48,194,200
49,194,201
50,194,201
51,193,202
52,193,202
53,193,203
54,193,203
55,193,204
56,193,204
57,192,204
58,192,205
59,192,205
60,192,205
61,192,205
62,192,205
63,191,205
64,191,205
65,191,205
66,191,206
67,191,205
68,190,205
69,190,205
70,190,205
71,190,205
72,190,205
73,189,204
74,189,204
75,189,204
76,189,204
77,189,203
78,188,203
79,188,203
80,188,202
81,188,202
82,188,202
83,187,201
84,187,201
85,187,201
86,187,201
87,186,200
88,186,200
89,186,200
90,186,200
91,185,199
92,185,199
93,185,199
94,185,198
95,184,198
96,184,198
97,184,198
98,184,197
99,183,197
100,183,197
101,183,197
102,183,196
103,182,196
104,182,196
105,182,196
106,182,195
107,181,195
108,181,195
109,181,195
110,180,194
111,180,194
112,180,194
113,180,194
114,179,193
115,179,193
116,179,193
117,178,193
118,178,192
119,178,192
120,177,192
121,177,191
122,177,191
123,176,191
124,176,191
125,176,190
126,175,190
127,175,190
128,175,190
129,174,189
130,174,189
131,174,189
132,173,188
133,173,188
134,173,188
135,172,188
136,172,187
137,172,187
138,171,187
139,171,187
140,170,186
141,170,186
142,170,186
143,169,186
144,169,185
145,168,185
146,168,185
147,168,184
148,167,184
149,167,184
150,166,184
151,166,183
152,165,183
153,165,183
154,164,183
155,164,183
156,164,182
157,163,182
158,163,182
159,162,182
160,162,182
161,161,182
162,161,182
163,160,182
164,160,182
165,159,182
166,163,182
167,166,182
168,170,182
169,174,182
170,177,182
171,181,183
171,182,183
0,80
158,170,175
159,166,181
160,165,184
161,165,187
162,165,190
163,166,192
164,166,194
165,166,196
166,166,198
167,167,200
168,167,202
169,167,204
170,167,205
171,168,207
172,168,208
173,168,210
174,169,211
175,169,212
176,169,213
177,169,214
178,170,215
179,170,216
180,170,216
181,170,216
182,171,216
183,171,216
184,172,216
185,172,216
186,173,216
187,173,215
188,173,215
189,173,214
190,173,213
191,173,213
192,173,211
193,173,210
194,173,209
195,173,208
196,173,207
197,173,206
198,172,205
199,172,204
200,172,203
201,172,203
202,172,202
203,172,201
204,172,201
205,171,200
206,171,199
207,171,199
208,171,198
209,171,198
210,170,197
211,170,197
212,170,196
213,170,196
214,170,195
215,169,195
216,169,194
217,169,194
218,169,194
219,168,193
220,168,193
221,168,192
222,168,192
223,167,192
224,167,191
225,167,191
226,166,190
227,166,190
228,166,190
229,166,189
230,165,189
231,165,188
232,165,188
233,164,188
234,164,187
235,164,187
236,163,175
237,163,163
0,0
1,131
68,255,255
69,253,257
70,253,258
71,252,259
72,252,260
73,252,261
74,251,262
75,251,263
76,251,263
77,251,264
78,251,264
79,250,264
80,250,264
81,250,264
82,250,265
83,250,265
84,249,265
85,249,265
86,249,265
87,249,264
88,248,264
89,248,264
90,248,264
91,248,264
92,248,263
93,247,263
94,247,263
95,247,262
96,247,262
97,246,262
98,246,261
99,246,261
100,246,261
101,245,260
102,245,260
103,245,260
104,245,260
105,244,259
106,244,259
107,244,259
108,244,259
109,243,258
110,243,258
111,243,258
112,243,258
113,242,257
114,242,257
115,242,257
116,242,257
117,241,256
118,241,256
119,241,256
120,240,256
121,240,256
122,240,255
123,240,255
124,239,255
125,239,255
126,239,254
127,238,254
128,238,254
129,238,254
130,237,254
131,237,253
132,237,253
133,237,253
134,236,253
135,236,253
136,236,252
137,235,252
138,235,252
139,235,252
140,235,252
141,234,251
142,234,251
143,234,251
144,233,251
145,233,251
146,233,250
147,232,250
148,232,250
149,232,250
150,231,250
151,231,249
152,231,249
153,230,249
154,230,249
155,230,249
156,230,248
157,229,248
158,229,248
159,228,248
160,228,248
161,228,248
162,228,247
163,227,247
164,227,247
165,227,247
166,226,247
167,226,246
168,226,246
169,226,246
170,226,246
171,226,246
172,225,246
173,226,245
174,226,245
175,226,245
176,226,245
177,226,245
178,226,245
179,226,244
180,226,244
181,226,244
182,227,244
183,227,244
184,227,244
185,228,243
186,228,243
187,229,243
188,229,243
189,230,243
190,230,243
191,231,242
192,232,242
193,232,242
194,233,242
195,234,242
196,235,241
197,236,240
198,237,239
0,0
0,264
73,99,105
74,95,110
75,94,114
76,92,116
77,92,119
78,91,121
79,91,123
80,91,125
81,91,127
82,91,129
83,91,131
84,92,132
85,92,134
86,93,136
87,93,137
88,94,138
89,94,139
90,95,140
91,96,141
92,96,142
93,97,143
94,97,143
95,98,143
96,98,143
97,99,143
98,99,143
99,99,142
100,100,142
101,100,142
102,101,142
103,101,142
104,101,141
105,102,141
106,102,141
107,102,141
108,103,141
109,103,140
110,103,140
111,103,140
112,104,140
113,104,140
114,104,139
115,104,139
116,105,139
117,105,139
118,105,139
119,105,138
120,106,138
121,106,138
122,106,138
123,106,138
124,106,138
125,106,138
126,107,137
127,107,137
128,107,137
129,107,137
130,107,137
131,108,137
132,108,137
133,108,137
134,108,137
135,108,137
136,108,137
137,108,137
138,109,136
139,109,136
140,109,136
141,109,136
142,109,136
143,109,136
144,109,136
145,109,136
146,109,136
147,110,136
148,110,136
149,110,136
150,110,136
151,110,136
152,110,136
153,110,136
154,110,136
155,110,136
156,110,135
157,110,135
158,110,135
159,111,135
160,111,135
161,111,135
162,111,135
163,111,135
164,111,135
165,111,135
166,111,135
167,111,135
168,111,135
169,111,135
170,111,135
171,111,135
172,111,135
173,111,135
174,111,135
175,111,135
176,111,135
177,111,135
178,111,135
179,112,135
180,112,135
181,112,135
182,112,134
183,112,134
184,112,134
185,112,134
186,112,134
187,112,134
188,112,134
189,112,134
190,112,134
191,112,134
192,112,134
193,112,134
194,112,134
195,112,134
196,112,134
197,112,134
198,112,134
199,112,134
200,112,134
201,112,134
202,112,134
203,112,134
204,112,134
205,112,134
206,112,134
207,112,134
208,112,134
209,112,134
210,112,134
211,112,134
212,112,134
213,112,134
214,112,133
215,112,133
216,112,133
217,112,133
218,112,133
219,112,133
220,112,133
221,112,133
222,112,133
223,112,133
224,112,133
225,112,133
226,112,133
227,112,133
228,112,133
229,112,133
230,112,133
231,112,133
232,112,133
233,112,133
234,112,133
235,112,133
236,112,133
237,112,133
238,112,133
239,112,133
240,112,133
241,112,133
242,112,133
243,112,132
244,112,132
245,112,132
246,112,132
247,112,132
248,112,132
249,112,132
250,112,132
251,112,132
252,112,132
253,112,132
254,112,132
255,112,132
256,112,132
257,112,132
258,112,132
259,112,132
260,111,132
261,111,132
262,111,132
263,111,132
264,111,132
265,111,132
266,111,132
267,111,132
268,111,132
269,111,132
270,111,132
271,111,132
272,111,131
273,111,131
274,111,131
275,111,131
276,111,131
277,111,131
278,111,131
279,111,131
280,111,131
281,111,131
282,111,131
283,111,131
284,111,131
285,111,131
286,111,131
287,111,131
288,111,131
289,111,131
290,111,131
291,111,131
292,111,131
293,111,131
294,111,131
295,110,131
296,110,131
297,110,131
298,110,131
299,110,131
300,110,131
301,110,131
302,110,131
303,110,130
304,110,130
305,110,130
306,110,130
307,110,130
308,110,130
309,110,130
310,110,130
311,110,130
312,110,130
313,110,130
314,110,130
315,110,130
316,110,130
317,110,130
318,110,130
319,110,130
320,110,130
321,110,130
322,109,130
323,109,130
324,109,130
325,109,130
326,109,130
327,109,130
328,109,130
329,109,130
330,109,129
331,109,126
332,109,123
333,109,119
334,109,116
335,109,112
336,109,109
0,0
1,176
18,352,355
19,349,358
20,348,359
21,347,360
22,347,361
23,347,362
24,346,363
25,346,364
26,346,364
27,346,365
28,346,365
29,346,366
30,345,367
31,345,367
32,345,368
33,345,369
34,345,369
35,345,370
36,345,370
37,345,371
38,344,371
39,344,372
40,344,372
41,344,373
42,344,373
43,343,374
44,343,374
45,343,375
46,343,375
47,343,376
48,342,376
49,342,376
50,342,377
51,342,377
52,341,377
53,341,377
54,341,377
55,341,378
56,340,377
57,340,377
58,340,377
59,339,377
60,339,377
61,339,376
62,339,376
63,338,375
64,338,374
65,338,374
66,337,373
67,337,372
68,337,371
69,336,370
70,336,370
71,336,369
72,336,368
73,335,368
74,335,367
75,335,366
76,334,366
77,334,365
78,334,364
79,333,364
80,333,363
81,333,362
82,333,362
83,332,361
84,332,360
85,332,360
86,331,359
87,331,359
88,331,358
89,330,357
90,330,357
91,330,356
92,329,356
93,329,355
94,329,354
95,328,354
96,328,353
97,328,353
98,327,352
99,327,352
100,327,351
101,326,351
102,326,350
103,326,350
104,325,349
105,325,349
106,325,348
107,324,348
108,324,347
109,324,347
110,323,346
111,323,346
112,322,345
113,322,345
114,322,344
115,321,344
116,321,343
117,321,343
118,320,342
119,320,342
120,320,341
121,319,341
122,319,341
123,319,340
124,318,339
125,318,339
126,318,339
127,317,338
128,317,338
129,317,337
130,316,337
131,316,336
132,315,336
133,315,335
134,315,335
135,314,334
136,314,334
137,314,333
138,313,333
139,313,332
140,313,332
141,312,331
142,312,331
143,311,330
144,311,330
145,311,329
146,310,329
147,310,328
148,310,328
149,309,327
150,309,327
151,309,326
152,308,326
153,308,325
154,307,325
155,307,324
156,307,324
157,306,323
158,306,323
159,306,322
160,305,322
161,305,321
162,305,321
163,304,320
164,304,320
165,303,319
166,303,319
167,303,318
168,302,318
169,302,317
170,302,317
171,301,316
172,301,316
173,300,315
174,300,315
175,300,314
176,299,313
177,299,313
178,299,312
179,298,312
180,298,311
181,298,310
182,297,310
183,297,309
184,296,308
185,296,308
186,296,307
187,296,306
188,295,305
189,296,305
190,296,304
191,296,303
192,296,302
193,297,301
0,0
0,67
273,162,165
274,161,167
275,160,169
276,160,171
277,159,172
278,159,173
279,159,175
280,159,176
281,159,178
282,160,179
283,160,180
284,160,181
285,161,183
286,161,184
287,162,185
288,162,186
289,163,187
290,163,189
291,164,190
292,164,191
293,165,192
294,165,193
295,166,194
296,167,195
297,167,196
298,168,197
299,168,198
300,169,199
301,169,200
302,170,201
303,171,201
304,171,202
305,172,203
306,172,203
307,173,204
308,173,204
309,174,205
310,174,205
311,175,206
312,176,206
313,176,206
314,177,206
315,177,207
316,178,207
317,178,207
318,179,207
319,179,207
320,180,207
321,180,206
322,181,206
323,181,206
324,182,206
325,182,206
326,183,206
327,183,206
328,184,205
329,185,205
330,185,205
331,186,204
332,186,204
333,187,203
334,188,203
335,188,202
336,189,201
337,191,200
338,193,199
339,196,196
0,0
0,110
31,302,302
32,295,309
33,293,314
34,292,317
35,291,321
36,291,323
37,291,326
38,291,328
39,291,330
40,291,332
41,291,333
42,292,335
43,292,336
44,293,337
45,293,338
46,294,339
47,294,340
48,294,341
49,294,341
50,294,341
51,294,341
52,294,341
53,294,341
54,294,340
55,294,340
56,293,339
57,293,338
58,293,337
59,292,336
60,292,335
61,292,334
62,291,332
63,291,331
64,291,330
65,290,329
66,290,328
67,290,327
68,289,326
69,289,325
70,289,324
71,288,324
72,288,323
73,288,322
74,287,321
75,287,321
76,287,320
77,286,319
78,286,318
79,285,318
80,285,317
81,285,316
82,284,315
83,284,314
84,283,313
85,283,312
86,282,312
87,282,311
88,282,310
89,281,309
90,281,308
91,280,308
92,280,307
93,279,306
94,279,305
95,278,304
96,278,303
97,277,303
98,277,302
99,276,301
100,276,300
101,275,299
102,275,299
103,274,298
104,274,297
105,273,296
106,273,295
107,272,295
108,272,294
109,271,293
110,271,292
111,270,291
112,270,290
113,269,289
114,269,289
115,268,288
116,268,287
117,267,286
118,267,285
119,266,284
120,266,283
121,265,282
122,265,281
123,264,280
124,264,279
125,263,278
126,263,277
127,262,276
128,262,275
129,261,274
130,261,274
131,260,273
132,260,272
133,259,271
134,259,270
135,259,269
136,259,268
137,259,267
138,259,266
139,259,265
140,261,262
0,0
0,126
131,225,232
132,222,238
133,221,242
134,221,246
135,221,249
136,221,250
137,221,252
138,221,253
139,222,253
140,222,254
141,223,254
142,223,254
143,224,255
144,224,255
145,225,255
146,225,255
147,226,255
148,226,255
149,227,255
150,227,256
151,228,256
152,228,256
153,228,256
154,229,256
155,229,256
156,230,257
157,230,257
158,231,257
159,231,257
160,231,257
161,232,258
162,232,258
163,233,258
164,233,258
165,233,258
166,234,259
167,234,259
168,235,259
169,235,259
170,235,259
171,236,259
172,236,260
173,236,260
174,237,260
175,237,260
176,237,260
177,238,261
178,238,261
179,238,261
180,239,261
181,239,261
182,239,262
183,239,262
184,240,262
185,240,262
186,240,263
187,241,263
188,241,263
189,241,263
190,241,263
191,242,264
192,242,264
193,242,264
194,242,264
195,243,264
196,243,265
197,243,265
198,243,265
199,244,265
200,244,266
201,244,266
202,244,266
203,244,266
204,245,266
205,245,267
206,245,267
207,245,267
208,245,267
209,245,267
210,246,268
211,246,268
212,246,268
213,246,268
214,246,268
215,247,269
216,247,269
217,247,269
218,247,269
219,247,269
220,248,269
221,248,270
222,248,270
223,248,270
224,249,270
225,249,270
226,249,270
227,249,271
228,250,271
229,250,271
230,250,271
231,251,271
232,251,271
233,251,271
234,252,271
235,252,271
236,252,272
237,253,272
238,253,272
239,253,272
240,254,272
241,254,272
242,255,272
243,255,272
244,256,272
245,256,272
246,257,272
247,257,272
248,258,272
249,259,272
250,259,272
251,260,272
252,261,271
253,262,271
254,263,271
255,264,270
256,266,269
0,0
1,148
230,138,142
231,137,143
232,137,144
233,137,145
234,137,146
235,136,147
236,136,147
237,136,148
238,136,148
239,136,149
240,135,149
241,135,149
242,135,149
243,135,150
244,135,150
245,135,150
246,134,150
247,134,150
248,134,151
249,134,150
250,134,150
251,133,150
252,133,150
253,133,150
254,133,150
255,133,149
256,133,149
257,132,149
258,132,149
259,132,148
260,132,148
261,132,148
262,131,147
263,131,147
264,131,147
265,131,146
266,130,146
267,130,146
268,130,146
269,130,145
270,130,145
271,129,145
272,129,144
273,129,144
274,129,144
275,128,144
276,128,143
277,128,143
278,128,143
279,128,142
280,127,142
281,127,142
282,127,142
283,127,141
284,126,141
285,126,141
286,126,141
287,126,140
288,126,140
289,125,140
290,125,140
291,125,139
292,125,139
293,124,139
294,124,139
295,124,138
296,124,138
297,123,138
298,123,138
299,123,138
300,123,137
301,122,137
302,122,137
303,122,137
304,122,136
305,122,136
306,121,136
307,121,136
308,121,136
309,121,135
310,120,135
311,120,135
312,120,135
313,120,134
314,120,134
315,119,134
316,119,134
317,119,134
318,119,133
319,118,133
320,118,133
321,118,133
322,118,133
323,118,132
324,117,132
325,117,132
326,117,132
327,117,132
328,117,132
329,116,131
330,116,131
331,116,131
332,116,131
333,115,131
334,115,131
335,115,130
336,115,130
337,115,130
338,115,130
339,114,130
340,114,130
341,114,129
342,114,129
343,113,129
344,113,129
345,113,129
346,113,129
347,113,129
348,112,128
349,112,128
350,112,128
351,112,128
352,111,128
353,111,128
354,111,128
355,111,128
356,111,128
357,110,128
358,110,128
359,110,128
360,109,128
361,109,128
362,109,128
363,109,128
364,108,128
365,108,128
366,108,128
367,108,128
368,107,128
369,107,128
370,128,128
370,107,129
371,128,128
371,106,129
372,128,128
372,106,130
373,106,121
374,105,105
0,145
105,376,380
106,373,385
107,373,388
108,373,390
109,373,392
110,373,394
111,373,396
112,373,398
113,373,399
114,373,401
115,373,403
116,373,404
117,373,406
118,373,407
119,373,409
120,373,410
121,372,411
122,372,413
123,372,414
124,372,415
125,372,416
126,372,417
127,372,418
128,372,419
129,372,420
130,372,420
131,373,421
132,373,421
133,374,421
134,374,421
135,374,421
136,374,421
137,374,421
138,374,421
139,375,420
140,375,420
141,375,419
142,375,418
143,375,418
144,375,417
145,375,416
146,375,415
147,375,414
148,375,413
149,375,412
150,374,412
151,374,411
152,374,410
153,374,410
154,374,409
155,374,409
156,374,408
157,374,407
158,374,407
159,373,406
160,373,406
161,373,406
162,373,405
163,373,405
164,373,404
165,372,404
166,372,404
167,372,403
168,372,403
169,372,403
170,372,403
171,371,402
172,371,402
173,371,402
174,371,402
175,371,401
176,370,401
177,370,401
178,370,400
179,370,400
180,370,400
181,369,400
182,369,399
183,369,399
184,369,399
185,369,399
186,368,398
187,368,398
188,368,398
189,368,398
190,367,397
191,367,397
192,367,397
193,367,397
194,366,396
195,366,396
196,366,396
197,366,396
198,365,395
199,365,395
200,365,395
201,364,394
202,364,394
203,364,394
204,364,394
205,363,393
206,363,393
207,362,393
208,362,392
209,362,392
210,361,392
211,361,392
212,360,391
213,359,391
214,359,391
215,358,390
216,356,390
217,353,390
218,350,389
219,348,389
220,347,389
221,347,389
222,347,388
223,347,388
224,347,388
225,348,387
226,348,387
227,349,387
228,349,386
229,350,386
230,350,385
231,351,385
232,352,385
233,352,384
234,353,384
235,354,384
236,354,383
237,355,383
238,356,382
239,357,382
240,358,381
241,358,381
242,359,380
243,360,379
244,361,378
245,362,377
246,364,376
247,365,375
248,367,373
249,370,370
0,0
1,121
252,185,187
253,185,189
254,184,190
255,184,191
256,184,191
257,183,192
258,183,192
259,183,193
260,183,193
261,182,193
262,182,193
263,182,193
264,182,193
265,182,194
266,181,194
267,181,194
268,181,194
269,181,194
270,180,194
271,180,194
272,180,193
273,180,193
274,179,193
275,179,193
276,179,193
277,179,193
278,179,193
279,178,193
280,178,193
281,178,193
282,178,193
283,177,193
284,177,192
285,177,192
286,177,192
287,176,192
288,176,192
289,176,192
290,176,192
291,175,191
292,175,191
293,175,191
294,175,191
295,175,191
296,174,191
297,174,191
298,174,190
299,174,190
300,173,190
301,173,190
302,173,190
303,173,190
304,172,189
305,172,189
306,172,189
307,172,189
308,171,189
309,171,189
310,171,189
311,171,188
312,170,188
313,170,188
314,170,188
315,170,188
316,169,188
317,169,187
318,169,187
319,169,187
320,168,187
321,168,187
322,168,187
323,168,187
324,167,186
325,167,186
326,167,186
327,167,186
328,166,186
329,166,186
330,166,186
331,166,185
332,166,185
333,165,185
334,165,185
335,165,185
336,165,185
337,165,185
338,165,185
339,165,184
340,164,184
341,164,184
342,164,184
343,164,184
344,164,184
345,164,184
346,164,184
347,164,183
348,163,183
349,164,183
350,164,183
351,164,183
352,164,183
353,164,183
354,165,182
355,165,182
356,165,182
357,165,182
358,165,182
359,166,182
360,166,182
361,166,182
362,167,181
363,167,181
364,167,181
365,168,181
366,168,181
367,169,181
368,170,180
369,171,180
370,172,180
371,173,179
372,174,178
0,0
1,107
258,229,230
259,228,232
260,228,233
261,227,235
262,227,236
263,227,237
264,227,237
265,226,238
266,226,239
267,226,239
268,226,240
269,226,240
270,226,240
271,226,240
272,225,240
273,225,240
274,225,241
275,225,240
276,225,240
277,225,240
278,224,240
279,224,240
280,224,240
281,224,239
282,224,239
283,224,239
284,223,239
285,223,239
286,223,238
287,223,238
288,223,238
289,222,238
290,222,238
291,222,237
292,222,237
293,222,237
294,222,237
295,221,237
296,221,237
297,221,236
298,221,236
299,220,236
300,220,236
301,220,236
302,220,236
303,220,236
304,219,235
305,219,235
306,219,235
307,219,235
308,218,235
309,218,235
310,218,235
311,218,235
312,217,234
313,217,234
314,217,234
315,217,234
316,216,234
317,216,234
318,216,234
319,216,234
320,215,234
321,215,233
322,215,233
323,215,233
324,214,233
325,214,233
326,214,233
327,214,233
328,214,233
329,213,233
330,213,232
331,213,232
332,213,232
333,213,232
334,212,232
335,212,232
336,212,232
337,212,232
338,212,232
339,212,232
340,212,232
341,212,231
342,212,231
343,213,231
344,213,231
345,213,231
346,213,231
347,213,231
348,214,231
349,214,231
350,215,231
351,215,231
352,216,231
353,216,230
354,217,230
355,217,230
356,218,230
357,219,230
358,219,230
359,220,230
360,221,229
361,222,229
362,223,229
363,224,227
363,224,224
0,0
1,148
242,290,292
243,289,293
244,289,294
245,289,294
246,288,295
247,288,296
248,288,296
249,288,297
250,287,297
251,287,298
252,287,298
253,287,299
254,287,299
255,287,300
256,287,300
257,287,300
258,286,301
259,286,301
260,286,301
261,286,302
262,286,302
263,286,302
264,286,302
265,286,303
266,286,303
267,286,303
268,285,303
269,285,303
270,285,303
271,285,304
272,285,304
273,285,304
274,285,304
275,285,304
276,285,304
277,284,304
278,284,304
279,284,304
280,284,303
281,284,303
282,284,303
283,284,303
284,283,303
285,283,303
286,283,303
287,283,303
288,283,302
289,283,302
290,282,302
291,282,302
292,282,302
293,282,301
294,282,301
295,282,301
296,281,301
297,281,301
298,281,300
299,281,300
300,281,300
301,280,300
302,280,300
303,280,299
304,280,299
305,279,299
306,279,299
307,279,299
308,279,299
309,279,298
310,278,298
311,278,298
312,278,298
313,278,298
314,277,297
315,277,297
316,277,297
317,277,297
318,276,297
319,276,296
320,276,296
321,276,296
322,275,296
323,275,296
324,275,296
325,275,295
326,274,295
327,274,295
328,274,295
329,273,295
330,273,294
331,273,294
332,273,294
333,272,294
334,272,294
335,272,293
336,271,293
337,271,293
338,271,293
339,271,293
340,270,292
341,270,292
342,270,292
343,269,292
344,269,292
345,269,291
346,268,291
347,268,291
348,268,291
349,267,291
350,267,291
351,267,290
352,267,290
353,266,290
354,266,290
355,266,290
356,266,289
357,266,289
358,266,289
359,266,289
360,266,289
361,266,288
362,265,288
363,265,288
364,265,288
365,265,288
366,265,287
367,265,287
368,265,287
369,266,287
370,266,287
371,266,286
372,267,286
373,267,286
374,267,286
375,268,285
376,268,285
377,268,285
378,268,285
379,269,284
380,269,284
381,270,284
382,270,283
383,270,283
384,271,283
385,272,282
386,272,282
387,273,281
388,274,280
389,277,278
0,0
1,157
234,355,356
235,354,357
236,354,358
237,353,359
238,353,359
239,353,360
240,352,361
241,352,361
242,352,362
243,352,362
244,352,363
245,352,363
246,352,364
247,351,364
248,351,365
249,351,365
250,351,365
251,351,366
252,351,366
253,351,366
254,351,366
255,351,367
256,351,367
257,351,367
258,351,368
259,351,368
260,350,368
261,350,368
262,350,368
263,350,368
264,350,368
265,350,368
266,350,368
267,350,368
268,350,368
269,349,368
270,349,369
271,349,368
272,349,368
273,349,368
274,349,368
275,349,368
276,349,368
277,348,368
278,348,367
279,348,367
280,348,367
281,348,367
282,348,367
283,348,367
284,348,367
285,347,366
286,347,366
287,347,366
288,347,366
289,347,366
290,347,366
291,346,365
292,346,365
293,346,365
294,346,365
295,346,365
296,345,365
297,345,364
298,345,364
299,345,364
300,345,364
301,344,364
302,344,363
303,344,363
304,344,363
305,344,363
306,343,363
307,343,363
308,343,362
309,343,362
310,342,362
311,342,362
312,342,362
313,342,362
314,342,361
315,341,361
316,341,361
317,341,361
318,341,361
319,340,360
320,340,360
321,340,360
322,340,360
323,339,360
324,339,360
325,339,359
326,339,359
327,338,359
328,338,359
329,338,359
330,338,359
331,337,358
332,337,358
333,337,358
334,336,358
335,336,358
336,336,358
337,336,357
338,335,357
339,335,357
340,335,357
341,334,357
342,334,356
343,334,356
344,334,356
345,333,356
346,333,356
347,333,355
348,332,355
349,332,355
350,332,355
351,331,355
352,331,355
353,331,354
354,331,354
355,331,354
356,330,354
357,330,354
358,330,354
359,330,353
360,330,353
361,330,353
362,330,353
363,330,353
364,330,352
365,330,352
366,330,352
367,329,352
368,330,352
369,330,351
370,330,351
371,330,351
372,330,351
373,331,351
374,331,350
375,331,350
376,331,350
377,332,350
378,332,349
379,332,349
380,333,349
381,333,349
382,333,348
383,334,348
384,334,348
385,335,348
386,335,347
387,336,347
388,337,346
389,338,346
390,339,344
0,0
0,133
288,294,294
289,290,299
290,289,302
291,288,304
292,288,306
293,287,308
294,287,309
295,288,311
296,288,312
297,288,313
298,289,315
299,289,316
300,290,317
301,290,318
302,291,319
303,291,320
304,292,320
305,292,321
306,293,322
307,293,322
308,293,322
309,293,323
310,294,323
311,294,323
312,294,323
313,294,323
314,294,323
315,294,323
316,295,323
317,295,322
318,295,322
319,295,322
320,295,322
321,295,322
322,295,322
323,295,322
324,295,322
325,295,322
326,295,322
327,295,322
328,295,321
329,295,321
330,295,321
331,295,321
332,295,321
333,295,321
334,295,321
335,295,321
336,295,321
337,295,321
338,295,321
339,295,321
340,295,321
341,295,321
342,295,321
343,296,321
344,296,321
345,296,321
346,296,321
347,296,321
348,296,320
349,296,320
350,296,320
351,296,320
352,296,320
353,296,320
354,296,320
355,296,320
356,296,320
357,296,320
358,296,320
359,296,320
360,296,320
361,296,320
362,296,320
363,296,320
364,296,320
365,296,320
366,296,320
367,296,320
368,296,320
369,296,320
370,296,320
371,296,319
372,296,319
373,296,319
374,296,319
375,296,319
376,296,319
377,296,319
378,296,319
379,296,319
380,296,319
381,296,319
382,296,319
383,296,319
384,296,319
385,296,319
386,296,319
387,296,319
388,297,319
389,297,319
390,297,319
391,297,319
392,297,318
393,297,318
394,297,318
395,297,318
396,297,318
397,297,318
398,297,318
399,297,318
400,297,318
401,297,318
402,297,318
403,297,318
404,297,318
405,297,318
406,297,318
407,297,318
408,297,318
409,297,318
410,297,318
411,297,318
412,297,318
413,297,318
414,297,318
415,297,318
416,297,317
417,297,317
418,297,317
419,297,317
420,317,317
0,0
1,341
168,424,425
169,423,427
170,422,429
171,422,430
172,422,431
173,422,432
174,422,432
175,422,433
176,421,434
177,421,435
178,421,436
179,421,436
180,421,437
181,421,437
182,421,438
183,421,438
184,421,439
185,421,439
186,420,440
187,420,440
188,420,440
189,420,440
190,420,441
191,420,441
192,420,441
193,420,441
194,420,441
195,420,441
196,420,442
197,419,442
198,419,442
199,419,442
200,419,442
201,419,442
202,419,442
203,419,441
204,419,441
205,419,441
206,418,441
207,418,441
208,418,440
209,418,440
210,418,440
211,418,440
212,418,439
213,418,439
214,418,439
215,418,439
216,418,439
217,417,438
218,417,438
219,417,438
220,417,438
221,417,437
222,417,437
223,417,437
224,417,437
225,417,437
226,417,436
227,416,436
228,416,436
229,416,436
230,416,436
231,416,435
232,416,435
233,416,435
234,416,435
235,416,435
236,416,435
237,415,434
238,415,434
239,415,434
240,415,434
241,415,434
242,415,433
243,415,433
244,415,433
245,415,433
246,415,433
247,415,433
248,414,432
249,414,432
250,414,432
251,414,432
252,414,432
253,414,432
254,414,431
255,414,431
256,414,431
257,413,431
258,413,431
259,413,431
260,413,431
261,413,430
262,413,430
263,413,430
264,413,430
265,413,430
266,413,430
267,412,430
268,412,429
269,412,429
270,412,429
271,412,429
272,412,429
273,412,429
274,412,429
275,412,429
276,411,428
277,411,428
278,411,428
279,411,428
280,411,428
281,411,428
282,411,428
283,411,428
284,411,427
285,411,427
286,410,427
287,410,427
288,410,427
289,410,427
290,410,427
291,410,427
292,410,427
293,410,427
294,410,426
295,409,426
296,409,426
297,409,426
298,409,426
299,409,426
300,409,426
301,409,426
302,409,426
303,409,426
304,408,426
305,408,425
306,408,425
307,408,425
308,408,425
309,408,425
310,408,425
311,408,425
312,408,425
313,408,425
314,407,425
315,407,425
316,407,425
317,407,425
318,407,425
319,407,424
320,407,424
321,407,424
322,406,424
323,406,424
324,406,424
325,406,424
326,406,424
327,406,424
328,406,424
329,406,424
330,405,424
331,405,424
332,405,424
333,405,424
334,405,424
335,405,424
336,405,424
337,405,424
338,405,423
339,404,423
340,404,423
341,404,423
342,404,423
343,404,423
344,404,423
345,404,423
346,403,423
347,403,423
348,403,423
349,403,423
350,403,423
351,403,423
352,403,423
353,403,423
354,403,423
355,402,423
356,402,423
357,402,423
358,402,423
359,402,423
360,402,423
361,402,423
362,401,423
363,401,423
364,401,423
365,401,423
366,401,423
367,401,423
368,401,423
369,401,423
370,400,423
371,400,423
372,400,423
373,400,423
374,400,423
375,400,423
376,399,423
377,399,423
378,399,423
379,399,423
380,399,423
381,399,423
382,399,423
383,398,423
384,398,423
385,398,423
386,398,423
387,398,423
388,398,423
389,398,423
390,397,423
391,397,423
392,397,423
393,397,423
394,397,423
395,397,423
396,420,423
396,396,424
397,420,423
397,396,424
398,420,423
398,396,424
399,420,423
399,396,424
400,420,423
400,396,424
401,420,423
401,396,424
402,420,423
402,395,424
403,420,423
403,395,424
404,420,423
404,395,424
405,420,423
405,395,424
406,420,423
406,395,424
407,420,423
407,395,424
408,420,423
408,394,424
409,420,423
409,394,424
410,420,423
410,394,424
411,420,423
411,394,424
412,420,423
412,394,424
413,420,423
413,394,424
414,420,423
414,393,424
415,420,423
415,393,424
416,420,423
416,393,424
417,420,423
417,393,424
418,420,423
418,392,424
419,420,423
419,393,424
420,420,423
420,393,424
421,420,423
421,393,424
422,420,423
422,393,424
423,420,423
423,393,424
424,420,423
424,393,425
425,420,423
425,393,425
426,420,423
426,393,425
427,420,423
427,393,425
428,420,423
428,394,425
429,420,423
429,394,425
430,420,423
430,394,425
431,420,423
431,394,425
432,420,423
432,395,425
433,420,423
433,395,425
434,420,423
434,395,425
435,420,423
435,396,425
436,420,423
436,396,425
437,420,423
437,397,425
438,420,423
438,397,425
439,420,423
439,397,425
440,398,425
441,399,425
442,399,425
443,400,425
444,400,425
445,401,425
446,402,425
447,402,425
448,403,425
449,404,425
450,404,426
451,405,425
452,406,425
453,407,425
454,407,425
455,408,425
456,409,425
457,410,425
458,411,424
459,412,424
460,413,423
461,414,423
462,416,422
463,418,420
463,418,419
0,0
