0,82
47,127,127
48,121,132
49,118,136
50,117,139
51,115,142
52,115,145
53,115,147
54,115,148
55,115,149
56,116,150
57,116,150
58,117,151
59,118,151
60,119,151
61,120,151
62,120,151
63,121,151
64,122,151
65,123,151
66,124,151
67,124,152
68,125,152
69,126,152
70,126,152
71,127,152
72,128,152
73,128,152
74,129,152
75,129,152
76,130,152
77,130,153
78,131,153
79,131,153
80,132,153
81,132,153
82,133,153
83,133,153
84,133,153
85,134,153
86,134,154
87,134,154
88,135,154
89,135,154
90,135,154
91,135,154
92,136,154
93,136,154
94,136,155
95,136,155
96,137,155
97,137,155
98,137,155
99,138,155
100,138,155
101,138,155
102,138,155
103,139,156
104,139,156
105,139,156
106,139,156
107,140,156
108,140,156
109,140,156
110,140,157
111,140,157
112,141,157
113,141,157
114,141,157
115,142,157
116,142,157
117,142,157
118,143,157
119,143,157
120,144,157
121,145,157
122,145,157
123,146,157
124,147,156
125,148,156
126,149,156
127,150,155
128,153,153
0,0
1,94
54,99,100
55,97,102
56,97,103
57,97,104
58,97,105
59,96,106
60,96,107
61,96,107
62,96,108
63,96,109
64,96,109
65,96,110
66,95,110
67,95,111
68,95,111
69,95,112
70,95,112
71,95,113
72,95,113
73,94,113
74,94,114
75,94,114
76,94,114
77,94,114
78,94,114
79,94,115
80,93,114
81,93,114
82,93,114
83,93,114
84,93,114
85,93,114
86,93,114
87,92,113
88,92,113
89,92,113
90,92,112
91,92,112
92,92,112
93,92,111
94,92,111
95,91,110
96,91,110
97,91,110
98,91,109
99,91,109
100,91,108
101,90,108
102,90,108
103,90,107
104,90,107
105,90,107
106,90,106
107,90,106
108,89,105
109,89,105
110,89,105
111,89,104
112,89,104
113,89,104
114,88,103
115,88,103
116,88,102
117,88,102
118,88,102
119,88,101
120,88,101
121,87,101
122,87,100
123,87,100
124,87,99
125,87,99
126,87,99
127,86,98
128,86,98
129,86,97
130,86,97
131,86,97
132,86,96
133,85,96
134,85,96
135,85,95
136,85,95
137,85,95
138,85,94
139,84,94
140,84,94
141,84,93
142,84,93
143,85,92
144,85,91
145,85,90
146,86,90
147,87,88
0,0
1,83
201,76,76
202,75,77
203,74,78
204,74,79
205,74,79
206,73,80
207,73,80
208,73,81
209,73,81
210,72,81
211,72,82
212,72,82
213,72,83
214,71,83
215,71,83
216,71,83
217,71,84
218,70,84
219,70,84
220,70,84
221,70,84
222,69,84
223,69,84
224,69,85
225,68,84
226,68,84
227,68,84
228,68,84
229,67,84
230,67,84
231,67,83
232,67,83
233,66,83
234,66,83
235,66,83
236,65,82
237,65,82
238,65,82
239,64,82
240,64,81
241,64,81
242,63,81
243,63,81
244,63,81
245,62,81
246,62,80
247,62,80
248,62,80
249,61,80
250,61,80
251,61,80
252,61,80
253,61,80
254,61,80
255,61,80
256,61,80
257,61,80
258,61,80
259,61,80
260,62,80
261,62,80
262,62,80
263,62,80
264,62,80
265,62,80
266,63,80
267,63,80
268,63,80
269,63,80
270,64,80
271,64,80
272,65,80
273,65,80
274,66,80
275,66,80
276,67,79
277,68,79
278,68,79
279,69,79
280,70,79
281,71,78
282,73,77
282,73,73
0,0
0,98
23,201,201
24,196,204
25,194,207
26,193,210
27,192,212
28,191,215
29,191,217
30,191,218
31,191,220
32,192,221
33,193,223
34,193,224
35,193,225
36,194,226
37,194,227
38,194,228
39,195,228
40,195,228
41,195,228
42,195,228
43,196,228
44,196,228
45,196,227
46,196,227
47,196,226
48,196,226
49,196,225
50,196,224
51,196,224
52,196,224
53,196,223
54,196,223
55,196,222
56,196,222
57,196,221
58,196,221
59,196,220
60,196,220
61,196,220
62,196,219
63,196,219
64,196,219
65,195,218
66,195,218
67,195,218
68,195,217
69,195,217
70,195,217
71,195,216
72,195,216
73,195,216
74,194,215
75,194,215
76,194,215
77,194,214
78,194,214
79,194,214
80,193,213
81,193,213
82,193,213
83,193,212
84,193,212
85,193,211
86,193,211
87,192,211
88,192,210
89,192,210
90,192,210
91,192,209
92,191,209
93,191,208
94,191,208
95,191,208
96,191,207
97,191,207
98,190,207
99,190,206
100,190,206
101,190,205
102,190,205
103,190,205
104,189,204
105,189,204
106,189,203
107,189,203
108,189,202
109,189,202
110,189,201
111,189,200
112,189,200
113,189,199
114,189,199
115,189,198
116,189,197
117,189,196
118,189,195
119,190,193
120,191,191
0,0
0,67
145,73,79
146,70,84
147,70,89
148,70,92
149,70,94
150,70,95
151,70,96
152,71,97
153,71,97
154,72,97
155,72,98
156,73,98
157,73,98
158,74,98
159,74,98
160,75,98
161,75,98
162,76,98
163,76,98
164,77,99
165,77,99
166,78,99
167,78,99
168,79,99
169,79,99
170,80,99
171,80,99
172,80,100
173,81,100
174,81,100
175,81,100
176,82,100
177,82,100
178,82,100
179,83,101
180,83,101
181,83,101
182,84,101
183,84,101
184,84,101
185,84,101
186,85,102
187,85,102
188,85,102
189,85,102
190,86,102
191,86,102
192,86,102
193,87,103
194,87,103
195,87,103
196,87,103
197,88,103
198,88,103
199,89,103
200,89,103
201,89,103
202,90,103
203,90,103
204,91,103
205,92,103
206,93,103
207,94,103
208,94,103
209,95,102
210,96,102
211,98,101
0,0
1,63
80,150,151
81,150,153
82,150,153
83,150,154
84,149,155
85,149,155
86,149,156
87,149,156
88,149,156
89,149,157
90,149,157
91,148,157
92,148,157
93,148,157
94,148,157
95,148,157
96,148,157
97,147,157
98,147,156
99,147,156
100,147,156
101,147,156
102,147,156
103,146,155
104,146,155
105,146,155
106,146,155
107,145,154
108,145,154
109,145,154
110,145,154
111,145,153
112,144,153
113,144,153
114,144,153
115,143,152
116,143,152
117,143,152
118,143,152
119,142,151
120,142,151
121,142,151
122,141,151
123,141,150
124,141,150
125,140,150
126,140,150
127,139,150
128,139,149
129,138,149
130,138,149
131,137,149
132,137,149
133,136,149
134,136,149
135,135,149
136,135,149
137,134,149
138,134,149
139,133,149
140,140,150
141,149,151
141,150,151
0,56
131,145,145
132,141,148
133,139,150
134,139,152
135,139,154
136,139,156
137,139,157
138,139,159
139,139,160
140,139,162
141,140,164
142,140,165
143,140,167
144,140,168
145,140,169
146,140,170
147,140,170
148,140,170
149,141,170
150,141,170
151,141,170
152,141,169
153,142,169
154,142,168
155,142,167
156,142,166
157,142,165
158,142,164
159,141,164
160,141,163
161,141,162
162,141,162
163,141,161
164,140,161
165,140,160
166,140,160
167,140,159
168,140,159
169,139,159
170,139,158
171,139,158
172,139,157
173,139,157
174,138,157
175,138,156
176,138,156
177,138,156
178,138,155
179,137,155
180,137,155
181,137,154
182,137,154
183,136,154
184,136,154
185,136,153
186,153,153
0,0
1,70
94,191,194
95,190,195
96,190,195
97,190,196
98,189,197
99,189,198
100,189,198
101,189,199
102,188,199
103,188,199
104,188,200
105,188,199
106,187,199
107,187,199
108,187,199
109,186,199
110,186,198
111,186,198
112,185,198
113,185,198
114,185,197
115,185,197
116,184,197
117,184,196
118,184,196
119,183,196
120,183,196
121,183,195
122,182,195
123,182,195
124,182,195
125,181,194
126,181,194
127,181,194
128,180,194
129,180,194
130,180,193
131,179,193
132,179,193
133,178,193
134,178,193
135,178,192
136,177,192
137,177,192
138,177,192
139,177,192
140,176,191
141,176,191
142,176,191
143,176,191
144,176,191
145,176,191
146,176,190
147,176,190
148,176,190
149,177,190
150,177,190
151,177,190
152,177,189
153,178,189
154,178,189
155,179,189
156,179,189
157,180,189
158,180,188
159,181,188
160,181,188
161,182,188
162,183,187
163,185,186
0,0
0,69
128,181,181
129,178,184
130,177,189
131,177,192
132,177,194
133,177,196
134,177,198
135,178,199
136,178,199
137,179,200
138,179,200
139,179,200
140,180,200
141,180,200
142,180,200
143,181,200
144,181,200
145,181,200
146,182,200
147,182,200
148,182,200
149,183,200
150,183,200
151,183,200
152,183,200
153,184,200
154,184,200
155,184,200
156,184,200
157,185,201
158,185,201
159,185,201
160,185,201
161,185,201
162,186,201
163,186,201
164,186,201
165,186,201
166,186,201
167,186,201
168,186,201
169,187,201
170,187,201
171,187,201
172,187,201
173,187,201
174,187,201
175,187,202
176,187,202
177,188,202
178,188,202
179,188,202
180,188,202
181,188,202
182,189,202
183,189,202
184,189,202
185,189,201
186,190,201
187,190,201
188,191,201
189,191,201
190,192,201
191,192,201
192,193,200
193,194,200
194,195,200
195,196,199
196,198,198
0,0
1,61
181,136,137
182,136,138
183,136,139
184,135,140
185,135,141
186,135,141
187,135,142
188,135,142
189,135,142
190,134,142
191,134,142
192,134,143
193,134,143
194,134,143
195,133,143
196,133,143
197,133,143
198,133,143
199,132,143
200,132,142
201,132,142
202,132,142
203,132,142
204,131,142
205,131,141
206,131,141
207,131,141
208,130,140
209,130,140
210,130,140
211,129,140
212,129,139
213,129,139
214,129,139
215,128,139
216,128,138
217,128,138
218,127,138
219,127,138
220,126,137
221,126,137
222,126,137
223,125,137
224,125,136
225,124,136
226,124,136
227,123,136
228,123,135
229,122,135
230,122,135
231,121,135
232,121,135
233,120,135
234,119,135
235,119,135
236,118,135
237,117,135
238,122,135
239,128,136
240,135,137
240,136,137
0,59
116,240,247
117,238,250
118,237,252
119,237,253
120,237,255
121,237,257
122,237,258
123,238,260
124,238,262
125,238,264
126,238,265
127,238,267
128,238,268
129,239,270
130,239,271
131,239,271
132,239,271
133,239,271
134,239,271
135,239,271
136,240,271
137,240,270
138,240,269
139,241,269
140,241,268
141,241,267
142,241,266
143,241,265
144,241,265
145,240,264
146,240,264
147,240,263
148,240,262
149,240,262
150,240,261
151,240,261
152,239,261
153,239,260
154,239,260
155,239,259
156,239,259
157,238,258
158,238,258
159,238,258
160,238,257
161,238,257
162,237,257
163,237,256
164,237,256
165,237,256
166,237,256
167,236,255
168,236,255
169,236,255
170,236,254
171,236,254
172,235,254
173,235,254
174,249,253
0,0
1,67
195,179,179
196,177,180
197,177,181
198,176,182
199,176,183
200,176,184
201,176,185
202,175,185
203,175,185
204,175,186
205,175,186
206,174,186
207,174,186
208,174,186
209,174,186
210,173,186
211,173,185
212,173,185
213,173,185
214,173,185
215,172,185
216,172,184
217,172,184
218,171,184
219,171,184
220,171,183
221,171,183
222,170,183
223,170,183
224,170,183
225,169,183
226,169,182
227,169,182
228,168,182
229,168,182
230,168,182
231,167,182
232,167,181
233,167,181
234,167,181
235,166,181
236,166,181
237,166,181
238,166,180
239,166,180
240,165,180
241,166,180
242,166,180
243,166,180
244,166,180
245,166,180
246,166,179
247,166,179
248,166,179
249,167,179
250,167,179
251,168,179
252,168,179
253,169,179
254,169,179
255,170,178
256,170,178
257,171,178
258,172,178
259,173,177
260,174,177
260,174,174
0,0
0,155
202,113,117
203,111,121
204,110,123
205,110,125
206,110,126
207,110,128
208,110,129
209,111,131
210,111,132
211,111,133
212,112,134
213,112,135
214,112,136
215,112,137
216,112,138
217,112,139
218,112,140
219,112,140
220,112,141
221,112,142
222,112,142
223,112,142
224,111,142
225,111,143
226,111,142
227,111,142
228,111,142
229,110,142
230,110,141
231,110,140
232,109,139
233,109,138
234,108,137
235,108,136
236,108,135
237,107,134
238,107,133
239,106,132
240,106,131
241,105,131
242,105,130
243,104,129
244,104,128
245,103,127
246,103,127
247,102,126
248,102,125
249,101,124
250,100,124
251,100,123
252,99,122
253,99,122
254,98,121
255,97,120
256,97,119
257,96,119
258,96,118
259,95,117
260,94,117
261,94,116
262,93,115
263,93,115
264,92,114
265,91,113
266,91,113
267,90,112
268,89,111
269,89,110
270,88,110
271,87,109
272,86,108
273,86,108
274,85,107
275,84,106
276,84,105
277,83,105
278,82,104
279,81,103
280,81,102
281,80,102
282,79,101
283,79,100
284,78,99
285,77,99
286,76,98
287,76,97
288,75,96
289,74,95
290,73,95
291,73,94
292,72,93
293,71,92
294,70,91
295,69,91
296,69,90
297,68,89
298,67,88
299,66,87
300,65,86
301,65,86
302,64,85
303,63,84
304,62,83
305,61,82
306,60,81
307,60,80
308,59,79
309,58,78
310,57,77
311,56,77
312,55,76
313,55,75
314,54,74
315,53,73
316,52,72
317,51,71
318,50,70
319,50,69
320,49,68
321,48,67
322,47,66
323,46,65
324,45,64
325,44,63
326,43,62
327,42,61
328,42,60
329,41,59
330,40,58
331,39,57
332,38,56
333,37,55
334,36,54
335,35,53
336,34,51
337,33,50
338,33,49
339,32,48
340,31,47
341,30,46
342,29,44
343,28,43
344,27,42
345,26,41
346,25,39
347,24,38
348,23,37
349,22,35
350,21,34
351,21,33
352,20,31
353,20,29
354,19,27
355,20,25
356,21,21
0,0
0,180
270,99,99
271,96,101
272,95,104
273,94,106
274,94,107
275,94,109
276,93,110
277,93,111
278,93,112
279,93,113
280,93,114
281,94,115
282,94,116
283,94,117
284,95,118
285,95,119
286,95,119
287,96,120
288,96,121
289,97,122
290,97,123
291,98,124
292,98,125
293,99,126
294,99,126
295,100,127
296,100,127
297,100,127
298,101,128
299,101,128
300,101,128
301,102,128
302,102,128
303,102,128
304,102,128
305,102,128
306,103,128
307,103,128
308,103,127
309,103,127
310,103,127
311,103,127
312,103,127
313,103,127
314,103,127
315,103,126
316,103,126
317,103,126
318,103,126
319,103,126
320,103,126
321,103,126
322,103,126
323,103,126
324,103,126
325,103,126
326,103,126
327,103,126
328,103,125
329,103,125
330,103,125
331,103,125
332,103,125
333,103,125
334,103,125
335,103,125
336,103,125
337,103,125
338,103,125
339,103,125
340,103,125
341,103,125
342,103,125
343,103,125
344,103,125
345,103,125
346,103,125
347,103,125
348,103,125
349,103,125
350,103,125
351,103,125
352,103,125
353,103,124
354,103,124
355,103,124
356,103,124
357,103,124
358,103,124
359,103,124
360,102,124
361,102,124
362,102,124
363,102,124
364,102,124
365,102,124
366,102,124
367,102,124
368,102,124
369,101,124
370,101,124
371,101,124
372,101,124
373,101,124
374,101,124
375,101,124
376,100,124
377,100,124
378,100,124
379,100,124
380,100,124
381,99,124
382,99,124
383,99,124
384,99,124
385,99,124
386,99,124
387,98,124
388,98,124
389,98,124
390,98,124
391,97,124
392,97,124
393,97,124
394,97,124
395,97,124
396,96,124
397,96,124
398,96,124
399,96,124
400,95,124
401,95,124
402,95,124
403,95,124
404,94,124
405,94,124
406,94,124
407,94,124
408,94,124
409,94,124
410,93,124
411,93,124
412,93,124
413,93,124
414,94,123
415,94,123
416,94,123
417,94,123
418,94,123
419,94,123
420,94,123
421,95,123
422,95,123
423,95,123
424,95,122
425,96,122
426,96,122
427,96,122
428,96,122
429,97,121
430,97,121
431,97,121
432,98,121
433,98,120
434,99,120
435,99,120
436,99,119
437,100,119
438,100,119
439,101,118
440,101,118
441,102,117
442,102,117
443,103,116
444,104,116
445,104,115
446,105,115
447,106,114
448,107,113
449,109,111
0,0
0,41
198,167,167
199,165,172
200,165,175
201,165,177
202,165,180
203,165,182
204,165,184
205,165,186
206,165,189
207,166,190
208,167,192
209,167,194
210,168,196
211,169,197
212,170,198
213,171,199
214,172,200
215,173,201
216,173,201
217,174,202
218,175,202
219,176,203
220,177,203
221,178,203
222,179,203
223,180,203
224,180,203
225,181,203
226,182,203
227,183,203
228,184,203
229,184,203
230,185,203
231,186,203
232,187,203
233,187,203
234,188,202
235,189,202
236,191,201
237,192,200
238,196,196
0,0
1,142
112,249,251
113,248,252
114,248,252
115,247,253
116,247,254
117,247,254
118,247,255
119,246,255
120,246,256
121,246,256
122,246,257
123,246,257
124,246,257
125,246,258
126,246,258
127,246,259
128,245,259
129,245,259
130,245,259
131,245,260
132,245,260
133,245,260
134,245,260
135,245,260
136,245,260
137,245,261
138,244,261
139,244,261
140,244,261
141,244,261
142,244,261
143,244,261
144,244,261
145,244,261
146,244,261
147,243,260
148,243,260
149,243,260
150,243,260
151,243,260
152,243,260
153,242,260
154,242,259
155,242,259
156,242,259
157,242,259
158,242,259
159,242,258
160,241,258
161,241,258
162,241,258
163,241,258
164,241,257
165,240,257
166,240,257
167,240,257
168,240,257
169,240,257
170,239,256
171,239,256
172,239,256
173,239,256
174,239,256
175,238,255
176,238,255
177,238,255
178,238,255
179,237,255
180,237,254
181,237,254
182,237,254
183,237,254
184,236,254
185,236,254
186,236,253
187,236,253
188,235,253
189,235,253
190,235,253
191,235,252
192,234,252
193,234,252
194,234,252
195,234,252
196,233,251
197,233,251
198,233,251
199,232,251
200,232,251
201,232,251
202,232,250
203,231,250
204,231,250
205,231,250
206,230,250
207,230,249
208,230,249
209,229,249
210,229,249
211,229,249
212,229,248
213,228,248
214,228,248
215,228,248
216,227,248
217,227,248
218,227,247
219,226,247
220,226,247
221,226,247
222,226,247
223,225,246
224,225,246
225,225,246
226,225,246
227,225,246
228,225,245
229,225,245
230,225,245
231,225,245
232,225,245
233,224,244
234,225,244
235,225,244
236,225,244
237,225,243
238,226,243
239,226,243
240,226,243
241,226,243
242,227,242
243,227,242
244,227,242
245,228,241
246,228,241
247,229,241
248,229,241
249,229,240
250,230,240
251,231,240
252,232,239
253,233,238
0,0
1,129
113,296,297
114,295,298
115,295,299
116,295,300
117,294,301
118,294,301
119,294,302
120,294,302
121,294,302
122,293,303
123,293,303
124,293,303
125,293,303
126,292,303
127,292,303
128,292,303
129,292,303
130,292,303
131,291,303
132,291,303
133,291,303
134,291,302
135,291,302
136,290,302
137,290,302
138,290,302
139,290,302
140,289,302
141,289,302
142,289,302
143,289,301
144,289,301
145,288,301
146,288,301
147,288,301
148,288,301
149,287,301
150,287,300
151,287,300
152,287,300
153,287,300
154,286,300
155,286,300
156,286,299
157,286,299
158,285,299
159,285,299
160,285,299
161,285,299
162,284,298
163,284,298
164,284,298
165,284,298
166,284,298
167,283,297
168,283,297
169,283,297
170,283,297
171,282,297
172,282,297
173,282,296
174,282,296
175,282,296
176,281,296
177,281,296
178,281,295
179,281,295
180,280,295
181,280,295
182,280,295
183,280,295
184,279,294
185,279,294
186,279,294
187,279,294
188,278,294
189,278,294
190,278,293
191,278,293
192,277,293
193,277,293
194,277,293
195,277,293
196,276,293
197,276,292
198,276,292
199,276,292
200,276,292
201,275,292
202,275,292
203,275,291
204,275,291
205,274,291
206,274,291
207,274,291
208,274,291
209,274,290
210,274,290
211,273,290
212,273,290
213,273,290
214,273,290
215,273,290
216,273,289
217,273,289
218,273,289
219,273,289
220,273,289
221,272,289
222,273,288
223,273,288
224,273,288
225,273,288
226,273,288
227,273,288
228,273,288
229,274,287
230,274,287
231,274,287
232,274,287
233,275,287
234,275,287
235,276,287
236,276,286
237,277,286
238,278,286
239,278,286
240,280,285
241,281,284
0,0
1,129
115,337,338
116,336,339
117,336,340
118,336,341
119,335,342
120,335,342
121,335,343
122,335,343
123,334,343
124,334,344
125,334,344
126,334,344
127,334,344
128,333,344
129,333,344
130,333,344
131,333,344
132,333,344
133,332,344
134,332,344
135,332,344
136,332,343
137,332,343
138,331,343
139,331,343
140,331,343
141,331,343
142,330,343
143,330,343
144,330,343
145,330,342
146,330,342
147,329,342
148,329,342
149,329,342
150,329,342
151,328,342
152,328,341
153,328,341
154,328,341
155,328,341
156,327,341
157,327,341
158,327,340
159,327,340
160,326,340
161,326,340
162,326,340
163,326,340
164,325,339
165,325,339
166,325,339
167,325,339
168,325,339
169,324,338
170,324,338
171,324,338
172,324,338
173,323,338
174,323,338
175,323,337
176,323,337
177,323,337
178,322,337
179,322,337
180,322,336
181,322,336
182,321,336
183,321,336
184,321,336
185,321,336
186,320,335
187,320,335
188,320,335
189,320,335
190,319,335
191,319,335
192,319,334
193,319,334
194,318,334
195,318,334
196,318,334
197,318,334
198,317,334
199,317,333
200,317,333
201,317,333
202,317,333
203,316,333
204,316,333
205,316,332
206,316,332
207,315,332
208,315,332
209,315,332
210,315,332
211,315,331
212,315,331
213,314,331
214,314,331
215,314,331
216,314,331
217,314,331
218,314,330
219,314,330
220,314,330
221,314,330
222,314,330
223,313,330
224,314,329
225,314,329
226,314,329
227,314,329
228,314,329
229,314,329
230,314,329
231,315,328
232,315,328
233,315,328
234,315,328
235,316,328
236,316,328
237,317,328
238,317,327
239,318,327
240,319,327
241,319,327
242,321,326
243,322,325
0,0
0,127
241,178,181
242,176,185
243,175,188
244,174,190
245,174,191
246,174,193
247,174,194
248,175,196
249,175,197
250,176,198
251,176,199
252,177,200
253,177,201
254,178,201
255,178,202
256,179,203
257,179,203
258,179,203
259,179,204
260,180,204
261,180,204
262,180,204
263,180,204
264,180,203
265,180,203
266,180,203
267,181,203
268,181,203
269,181,203
270,181,203
271,181,203
272,181,203
273,181,203
274,181,203
275,181,203
276,181,202
277,181,202
278,181,202
279,181,202
280,181,202
281,181,202
282,181,202
283,181,202
284,181,202
285,181,202
286,181,202
287,181,202
288,181,202
289,181,202
290,181,202
291,181,202
292,181,202
293,181,202
294,181,202
295,181,202
296,181,201
297,181,201
298,181,201
299,181,201
300,181,201
301,181,201
302,181,201
303,181,201
304,181,201
305,181,201
306,181,201
307,181,201
308,181,201
309,181,201
310,181,201
311,181,201
312,181,201
313,181,201
314,181,201
315,181,201
316,181,201
317,181,201
318,181,200
319,181,200
320,181,200
321,181,200
322,181,200
323,181,200
324,181,200
325,181,200
326,181,200
327,181,200
328,181,200
329,181,200
330,181,200
331,181,200
332,181,200
333,181,200
334,181,200
335,181,200
336,181,200
337,181,200
338,181,200
339,181,199
340,181,199
341,181,199
342,181,199
343,181,199
344,181,199
345,181,199
346,181,199
347,181,199
348,181,199
349,181,199
350,181,199
351,181,199
352,181,199
353,181,199
354,181,199
355,181,199
356,181,199
357,181,199
358,181,199
359,181,199
360,181,199
361,181,199
362,181,199
363,181,198
364,181,198
365,181,198
366,181,198
367,198,198
0,0
1,140
111,379,380
112,378,382
113,378,383
114,378,384
115,377,384
116,377,385
117,377,386
118,377,386
119,376,387
120,376,387
121,376,388
122,376,388
123,376,388
124,375,389
125,375,389
126,375,389
127,375,389
128,375,389
129,374,389
130,374,389
131,374,390
132,374,390
133,373,390
134,373,389
135,373,389
136,373,389
137,373,389
138,372,389
139,372,389
140,372,388
141,372,388
142,372,387
143,371,387
144,371,387
145,371,387
146,371,386
147,371,386
148,370,386
149,370,386
150,370,385
151,370,385
152,369,385
153,369,384
154,369,384
155,369,384
156,369,384
157,368,384
158,368,383
159,368,383
160,368,383
161,367,383
162,367,382
163,367,382
164,367,382
165,367,382
166,366,382
167,366,381
168,366,381
169,366,381
170,365,381
171,365,381
172,365,380
173,365,380
174,365,380
175,364,380
176,364,380
177,364,379
178,364,379
179,363,379
180,363,379
181,363,379
182,363,379
183,362,378
184,362,378
185,362,378
186,362,378
187,361,378
188,361,378
189,361,378
190,361,377
191,360,377
192,360,377
193,360,377
194,360,377
195,360,377
196,359,377
197,359,377
198,359,377
199,358,376
200,358,376
201,358,376
202,358,376
203,357,376
204,357,376
205,357,376
206,357,376
207,356,376
208,356,376
209,356,376
210,355,376
211,355,376
212,355,375
213,355,375
214,354,375
215,354,375
216,354,375
217,354,375
218,354,375
219,354,375
220,353,375
221,353,375
222,354,375
223,354,375
224,354,375
225,354,375
226,354,375
227,354,375
228,354,375
229,355,375
230,355,375
231,355,375
232,355,375
233,356,375
234,356,375
235,357,374
236,357,374
237,358,374
238,358,374
239,359,374
240,359,374
241,360,374
242,360,374
243,361,374
244,362,374
245,362,374
246,363,373
247,364,373
248,365,373
249,366,372
250,367,371
0,0
0,187
96,282,282
97,279,287
98,277,289
99,277,291
100,276,293
101,276,295
102,277,297
103,277,298
104,277,300
105,278,301
106,278,302
107,278,303
108,279,304
109,279,305
110,280,305
111,280,305
112,281,305
113,281,305
114,282,305
115,282,305
116,282,305
117,283,305
118,283,305
119,283,305
120,283,305
121,284,305
122,284,305
123,284,305
124,284,305
125,284,305
126,285,305
127,285,305
128,285,305
129,285,305
130,285,305
131,285,305
132,285,305
133,285,305
134,285,305
135,286,305
136,286,305
137,286,305
138,286,305
139,286,305
140,286,305
141,286,305
142,286,305
143,286,305
144,286,305
145,286,305
146,286,305
147,286,305
148,286,305
149,286,305
150,287,305
151,287,305
152,287,305
153,287,305
154,287,305
155,287,305
156,287,305
157,287,305
158,287,305
159,287,305
160,287,305
161,287,305
162,287,305
163,287,305
164,287,305
165,287,305
166,287,305
167,287,305
168,287,305
169,287,305
170,287,305
171,287,305
172,287,305
173,287,305
174,287,305
175,287,305
176,287,305
177,287,305
178,287,305
179,287,305
180,287,305
181,287,305
182,287,305
183,287,305
184,287,305
185,287,305
186,287,305
187,287,305
188,287,305
189,287,305
190,287,305
191,287,305
192,287,305
193,287,305
194,287,305
195,287,305
196,287,305
197,287,305
198,287,305
199,287,305
200,287,305
201,287,305
202,287,305
203,287,305
204,287,305
205,287,305
206,287,305
207,287,305
208,286,305
209,286,305
210,286,305
211,286,305
212,286,305
213,286,305
214,286,305
215,286,305
216,286,305
217,286,305
218,286,305
219,286,305
220,285,305
221,285,305
222,285,305
223,285,305
224,285,305
225,285,305
226,285,305
227,285,305
228,284,305
229,284,305
230,284,305
231,284,305
232,284,305
233,284,305
234,283,305
235,283,305
236,283,305
237,283,305
238,283,305
239,282,305
240,282,305
241,282,305
242,282,305
243,282,305
244,281,305
245,281,305
246,281,305
247,281,305
248,281,305
249,281,305
250,281,305
251,281,305
252,281,305
253,281,305
254,281,305
255,281,305
256,281,305
257,281,305
258,281,305
259,281,305
260,281,305
261,282,305
262,282,304
263,282,304
264,283,304
265,283,304
266,283,304
267,284,304
268,284,304
269,285,304
270,285,304
271,286,304
272,286,303
273,287,303
274,287,303
275,288,302
276,288,302
277,289,301
278,290,301
279,291,300
280,292,299
281,293,297
282,296,296
0,0
1,97
280,107,109
281,106,110
282,106,111
283,106,112
284,105,112
285,105,113
286,105,113
287,105,114
288,105,114
289,105,115
290,105,115
291,105,115
292,105,116
293,104,116
294,104,116
295,104,116
296,104,116
297,104,117
298,104,117
299,103,117
300,103,117
301,103,117
302,103,117
303,103,117
304,102,117
305,102,117
306,102,116
307,102,116
308,101,116
309,101,116
310,101,116
311,101,115
312,101,115
313,100,115
314,100,115
315,100,114
316,100,114
317,99,114
318,99,114
319,99,113
320,99,113
321,99,113
322,98,113
323,98,112
324,98,112
325,98,112
326,97,112
327,97,111
328,97,111
329,97,111
330,96,111
331,96,110
332,96,110
333,96,110
334,95,110
335,95,109
336,95,109
337,94,109
338,94,109
339,94,108
340,94,108
341,93,108
342,93,108
343,93,107
344,92,107
345,92,107
346,92,107
347,92,107
348,91,106
349,91,106
350,91,106
351,90,106
352,90,105
353,90,105
354,89,105
355,89,105
356,89,104
357,88,104
358,88,104
359,88,104
360,87,103
361,87,103
362,86,103
363,86,103
364,86,103
365,85,103
366,85,103
367,84,103
368,84,103
369,85,103
370,87,103
371,90,103
372,93,103
373,96,103
374,99,103
375,102,104
375,103,104
0,203
82,376,376
83,371,385
84,368,389
85,369,392
86,369,394
87,369,397
88,370,399
89,370,401
90,370,403
91,371,405
92,371,406
93,371,408
94,372,409
95,372,411
96,372,412
97,373,413
98,373,414
99,373,415
100,374,416
101,374,417
102,374,418
103,375,418
104,375,419
105,376,419
106,377,420
107,377,420
108,378,420
109,378,420
110,378,420
111,379,419
112,379,419
113,379,418
114,380,418
115,380,417
116,380,416
117,380,416
118,381,415
119,381,415
120,381,415
121,381,414
122,381,414
123,381,414
124,382,413
125,382,413
126,382,412
127,382,412
128,382,412
129,382,412
130,382,411
131,382,411
132,383,411
133,383,411
134,383,411
135,383,410
136,383,410
137,383,410
138,383,410
139,383,410
140,383,410
141,383,409
142,383,409
143,383,409
144,383,409
145,383,409
146,383,409
147,384,409
148,384,409
149,384,409
150,384,408
151,384,408
152,384,408
153,384,408
154,384,408
155,384,408
156,384,408
157,384,408
158,384,408
159,384,408
160,384,408
161,384,408
162,384,408
163,384,408
164,384,408
165,384,408
166,384,408
167,384,408
168,384,408
169,384,408
170,384,408
171,384,408
172,384,408
173,384,408
174,384,408
175,384,408
176,384,408
177,384,408
178,384,408
179,384,408
180,384,408
181,384,408
182,384,408
183,384,408
184,384,408
185,384,408
186,384,408
187,384,408
188,383,408
189,383,408
190,383,408
191,383,408
192,383,408
193,383,408
194,383,408
195,383,408
196,383,408
197,383,408
198,383,408
199,383,408
200,383,408
201,383,408
202,383,408
203,383,408
204,383,408
205,383,408
206,383,409
207,383,409
208,383,409
209,383,409
210,383,409
211,383,409
212,383,409
213,383,409
214,382,409
215,382,409
216,382,409
217,382,409
218,382,409
219,382,409
220,382,409
221,382,410
222,382,410
223,382,410
224,382,410
225,382,410
226,382,410
227,382,410
228,381,410
229,381,410
230,381,410
231,381,410
232,381,411
233,381,411
234,381,411
235,381,411
236,381,411
237,381,411
238,380,411
239,380,411
240,380,411
241,380,412
242,380,412
243,380,412
244,379,412
245,379,412
246,379,412
247,379,412
248,379,412
249,378,412
250,378,412
251,378,412
252,377,412
253,377,412
254,377,412
255,377,412
256,377,412
257,377,411
258,377,411
259,377,411
260,377,410
261,377,410
262,377,410
263,377,409
264,377,409
265,378,408
266,378,408
267,378,407
268,379,407
269,379,406
270,379,406
271,380,405
272,380,405
273,381,404
274,382,404
275,382,403
276,383,402
277,383,402
278,384,401
279,385,400
280,386,399
281,387,398
282,387,397
283,389,396
284,391,394
0,0
1,96
295,162,165
296,162,166
297,162,167
298,161,167
299,161,168
300,161,169
301,160,169
302,160,169
303,160,169
304,160,170
305,159,170
306,159,170
307,159,170
308,159,170
309,159,170
310,158,170
311,158,170
312,158,169
313,157,169
314,157,169
315,157,169
316,157,169
317,156,169
318,156,169
319,156,169
320,156,169
321,155,169
322,155,168
323,155,168
324,155,168
325,154,168
326,154,168
327,154,168
328,153,168
329,153,168
330,153,167
331,153,167
332,152,167
333,152,167
334,152,167
335,152,167
336,151,166
337,151,166
338,151,166
339,150,166
340,150,166
341,150,166
342,150,166
343,149,165
344,149,165
345,149,165
346,149,165
347,148,165
348,148,165
349,148,165
350,148,164
351,147,164
352,147,164
353,147,164
354,147,164
355,147,164
356,146,164
357,146,164
358,146,163
359,146,163
360,146,163
361,146,163
362,146,163
363,146,163
364,146,163
365,145,163
366,145,162
367,145,162
368,145,162
369,145,162
370,145,162
371,145,162
372,146,162
373,146,162
374,146,161
375,146,161
376,146,161
377,147,161
378,147,161
379,147,161
380,147,161
381,148,161
382,148,160
383,149,160
384,149,160
385,150,160
386,151,160
387,151,159
388,152,159
389,153,158
390,155,157
0,0
1,96
295,211,213
296,211,215
297,210,215
298,210,216
299,210,217
300,210,217
301,209,218
302,209,218
303,209,218
304,209,218
305,208,218
306,208,218
307,208,218
308,207,218
309,207,219
310,207,218
311,207,218
312,207,218
313,206,218
314,206,218
315,206,218
316,205,218
317,205,218
318,205,218
319,205,218
320,205,218
321,204,217
322,204,217
323,204,217
324,203,217
325,203,217
326,203,217
327,203,217
328,202,217
329,202,216
330,202,216
331,201,216
332,201,216
333,201,216
334,201,216
335,200,215
336,200,215
337,200,215
338,200,215
339,199,215
340,199,215
341,199,215
342,198,214
343,198,214
344,198,214
345,198,214
346,197,214
347,197,214
348,197,214
349,197,213
350,196,213
351,196,213
352,196,213
353,196,213
354,196,213
355,195,213
356,195,212
357,195,212
358,195,212
359,195,212
360,195,212
361,195,212
362,195,212
363,194,212
364,194,211
365,194,211
366,194,211
367,194,211
368,194,211
369,194,211
370,194,211
371,194,211
372,194,210
373,195,210
374,195,210
375,195,210
376,195,210
377,195,210
378,196,210
379,196,210
380,196,210
381,197,209
382,197,209
383,197,209
384,198,209
385,199,209
386,199,208
387,200,208
388,201,208
389,202,207
390,204,206
0,0
1,98
291,265,266
292,264,268
293,264,269
294,264,269
295,263,270
296,263,270
297,263,271
298,263,271
299,263,271
300,262,271
301,262,271
302,262,271
303,262,271
304,261,271
305,261,272
306,261,271
307,261,271
308,260,271
309,260,271
310,260,271
311,260,271
312,259,271
313,259,270
314,259,270
315,259,270
316,259,270
317,258,270
318,258,270
319,258,270
320,258,270
321,257,269
322,257,269
323,257,269
324,257,269
325,256,269
326,256,269
327,256,268
328,256,268
329,255,268
330,255,268
331,255,268
332,255,268
333,254,267
334,254,267
335,254,267
336,254,267
337,253,267
338,253,267
339,253,266
340,253,266
341,252,266
342,252,266
343,252,266
344,252,266
345,251,266
346,251,265
347,251,265
348,251,265
349,251,265
350,250,265
351,250,265
352,250,265
353,250,264
354,249,264
355,249,264
356,249,264
357,249,264
358,249,264
359,248,264
360,248,263
361,248,263
362,248,263
363,248,263
364,248,263
365,248,263
366,248,263
367,248,263
368,248,262
369,247,262
370,248,262
371,248,262
372,248,262
373,248,262
374,248,262
375,248,261
376,249,261
377,249,261
378,249,261
379,249,261
380,250,261
381,250,261
382,251,261
383,251,260
384,252,260
385,253,260
386,253,259
387,255,259
388,256,258
0,0
0,156
277,296,296
278,294,300
279,292,304
280,292,306
281,292,308
282,292,309
283,292,311
284,292,312
285,292,313
286,292,314
287,293,315
288,293,316
289,293,316
290,294,317
291,294,318
292,294,319
293,294,319
294,294,320
295,294,321
296,294,321
297,294,322
298,294,322
299,293,323
300,293,323
301,293,323
302,293,323
303,292,324
304,292,324
305,292,324
306,292,323
307,291,323
308,291,323
309,291,322
310,291,321
311,290,320
312,290,320
313,290,319
314,289,318
315,289,318
316,289,317
317,288,316
318,288,316
319,287,315
320,287,315
321,287,314
322,286,313
323,286,313
324,286,312
325,285,312
326,285,311
327,284,311
328,284,310
329,284,309
330,283,309
331,283,308
332,282,308
333,282,307
334,281,307
335,281,306
336,280,306
337,280,305
338,279,304
339,279,304
340,278,303
341,278,302
342,277,302
343,276,301
344,276,301
345,275,300
346,275,299
347,274,299
348,274,298
349,273,297
350,272,297
351,272,296
352,271,295
353,271,295
354,270,294
355,269,293
356,269,293
357,268,292
358,267,291
359,267,290
360,266,290
361,265,289
362,265,288
363,264,288
364,264,287
365,263,286
366,262,285
367,261,285
368,261,284
369,260,283
370,259,282
371,259,282
372,258,281
373,257,280
374,257,279
375,256,278
376,255,278
377,254,277
378,254,276
379,253,275
380,252,274
381,251,274
382,251,273
383,250,272
384,249,271
385,249,270
386,248,270
387,247,269
388,246,268
389,245,267
390,245,266
391,244,265
392,243,264
393,242,264
394,242,263
395,241,262
396,240,261
397,239,260
398,238,259
399,237,258
400,237,257
401,236,256
402,235,255
403,234,254
404,233,253
405,232,252
406,232,251
407,231,250
408,230,249
409,229,248
410,228,247
411,227,245
412,226,244
413,225,243
414,224,242
415,224,241
416,223,239
417,222,238
418,221,237
419,220,235
420,219,234
421,218,233
422,217,231
423,216,230
424,215,228
425,214,227
426,213,226
427,212,224
428,212,223
429,211,221
430,211,220
431,211,218
432,212,215
0,0
0,149
262,338,341
263,336,346
264,335,349
265,335,351
266,335,353
267,335,355
268,335,357
269,335,358
270,335,359
271,335,361
272,336,362
273,336,363
274,336,363
275,336,364
276,337,364
277,337,365
278,337,365
279,338,365
280,338,365
281,338,365
282,338,365
283,339,365
284,339,365
285,339,365
286,339,364
287,339,364
288,339,364
289,340,364
290,340,364
291,340,364
292,340,363
293,340,363
294,340,363
295,340,363
296,340,363
297,340,363
298,340,362
299,340,362
300,340,362
301,340,362
302,340,362
303,340,362
304,340,361
305,340,361
306,340,361
307,340,361
308,340,361
309,340,361
310,339,361
311,339,360
312,339,360
313,339,360
314,339,360
315,339,360
316,339,360
317,339,360
318,339,359
319,339,359
320,339,359
321,339,359
322,339,359
323,339,359
324,339,359
325,339,359
326,338,359
327,338,358
328,338,358
329,338,358
330,338,358
331,338,358
332,338,358
333,338,358
334,338,358
335,338,358
336,338,357
337,338,357
338,338,357
339,338,357
340,338,357
341,338,357
342,338,357
343,338,357
344,338,357
345,338,357
346,337,357
347,337,357
348,337,357
349,337,356
350,337,356
351,337,356
352,337,356
353,337,356
354,337,356
355,337,356
356,337,356
357,337,356
358,337,356
359,337,356
360,337,356
361,337,356
362,337,356
363,337,356
364,337,356
365,337,356
366,337,356
367,337,356
368,337,356
369,337,356
370,337,356
371,337,356
372,337,356
373,337,356
374,337,356
375,337,356
376,337,356
377,337,356
378,337,356
379,337,357
380,337,357
381,337,357
382,337,357
383,337,357
384,337,357
385,337,357
386,338,357
387,338,358
388,338,358
389,338,358
390,338,358
391,338,358
392,338,359
393,338,359
394,338,359
395,338,359
396,338,360
397,338,360
398,338,360
399,339,361
400,339,361
401,339,362
402,339,362
403,339,360
404,339,357
405,339,355
406,340,352
407,340,350
408,340,347
409,340,345
410,341,342
1,145
341,411,415
342,410,417
343,410,419
344,409,420
345,409,421
346,409,423
347,408,423
348,408,424
349,407,425
350,407,426
351,407,426
352,406,427
353,406,428
354,405,428
355,405,429
356,405,429
357,404,430
358,404,430
359,403,431
360,403,431
361,403,432
362,402,432
363,403,432
364,405,433
365,406,433
366,407,434
367,408,434
368,409,434
369,410,435
370,410,435
371,411,435
372,411,436
373,412,436
374,412,436
375,413,437
376,413,437
377,413,437
378,414,437
379,414,438
380,414,438
381,414,438
382,415,438
383,415,438
384,415,438
385,415,439
386,415,439
387,415,439
388,416,439
389,416,439
390,416,439
391,416,439
392,416,439
393,416,439
394,417,439
395,417,440
396,417,440
397,417,440
398,417,440
399,417,440
400,417,440
401,417,440
402,417,440
403,417,440
404,417,440
405,417,440
406,417,440
407,417,440
408,417,440
409,417,440
410,417,440
411,417,440
412,417,440
413,417,440
414,417,441
415,417,441
416,417,441
417,417,441
418,417,441
419,417,432
419,417,441
420,417,440
421,417,440
422,417,440
423,417,440
424,417,440
425,416,440
426,416,440
427,416,440
428,416,440
429,416,440
430,416,440
431,416,440
432,415,440
433,415,440
434,414,440
435,414,440
436,413,440
437,412,440
438,411,440
439,411,440
440,411,440
441,411,440
442,411,440
443,411,440
444,412,439
445,412,439
446,412,439
447,412,439
448,412,439
449,412,439
450,412,439
451,412,438
452,412,438
453,412,438
454,412,438
455,412,438
456,412,437
457,412,437
458,412,437
459,412,437
460,412,437
461,412,436
462,412,436
463,412,436
464,412,436
465,412,435
466,412,435
467,412,435
468,412,435
469,412,434
470,412,434
471,412,434
472,412,433
473,412,433
474,412,433
475,413,433
476,413,432
477,413,432
478,413,432
479,413,431
480,413,430
481,413,429
482,414,428
483,416,426
484,420,423
0,66
412,475,481
411,444,481
410,439,480
409,439,480
408,440,479
407,441,479
406,441,479
405,441,479
404,442,478
403,443,478
402,443,478
401,443,477
400,444,477
399,444,477
398,445,477
397,445,476
396,446,476
395,446,476
394,446,476
393,447,475
392,447,475
391,448,475
390,448,475
389,448,474
388,449,474
387,449,474
386,450,474
385,450,474
384,450,474
383,451,473
382,451,473
381,451,473
380,452,473
379,452,473
378,452,472
377,453,472
376,453,472
375,453,472
374,454,472
373,454,471
372,454,471
371,455,471
370,455,471
369,455,471
368,456,471
367,456,470
366,456,470
365,457,470
364,457,470
363,457,470
362,458,470
361,458,469
360,458,469
359,459,469
358,459,469
357,459,469
356,460,469
355,460,469
354,460,469
353,461,468
352,461,468
351,461,468
350,461,468
349,462,467
348,463,467
347,464,465
0,0
