0,74
57,137,137
58,135,140
59,133,143
60,133,145
61,132,147
62,132,149
63,132,151
64,132,153
65,132,155
66,132,156
67,132,158
68,132,160
69,132,161
70,133,163
71,133,165
72,134,166
73,134,168
74,134,169
75,135,171
76,136,172
77,136,174
78,137,175
79,137,176
80,138,178
81,139,179
82,140,180
83,140,181
84,141,182
85,142,183
86,143,184
87,143,185
88,144,186
89,145,187
90,145,188
91,146,188
92,147,189
93,147,189
94,148,190
95,149,190
96,149,191
97,150,191
98,151,191
99,151,191
100,152,192
101,153,192
102,153,192
103,154,192
104,155,192
105,155,192
106,156,192
107,156,192
108,157,192
109,158,192
110,158,192
111,159,192
112,160,191
113,160,191
114,161,191
115,162,191
116,162,191
117,163,191
118,163,190
119,164,190
120,165,190
121,165,190
122,166,189
123,167,189
124,168,188
125,169,187
126,170,187
127,171,186
128,173,184
129,175,182
130,178,178
0,0
1,198
29,163,167
30,162,169
31,161,170
32,160,171
33,160,172
34,159,173
35,159,173
36,159,174
37,159,175
38,158,175
39,158,176
40,158,176
41,158,177
42,158,177
43,158,178
44,158,178
45,157,179
46,157,179
47,157,179
48,157,180
49,157,180
50,157,180
51,157,180
52,156,181
53,156,181
54,156,181
55,156,181
56,156,182
57,156,182
58,155,182
59,155,182
60,155,182
61,155,182
62,155,182
63,155,182
64,154,182
65,154,182
66,154,182
67,154,182
68,154,181
69,154,181
70,153,181
71,153,181
72,153,181
73,153,180
74,153,180
75,153,180
76,152,179
77,152,179
78,152,179
79,152,178
80,152,178
81,151,178
82,151,177
83,151,177
84,151,176
85,150,176
86,150,176
87,150,175
88,150,175
89,150,174
90,149,174
91,149,174
92,149,173
93,149,173
94,148,173
95,148,172
96,148,172
97,148,172
98,147,171
99,147,171
100,147,171
101,147,170
102,146,170
103,146,169
104,146,169
105,146,169
106,145,168
107,145,168
108,145,168
109,145,167
110,144,167
111,144,167
112,144,166
113,144,166
114,143,166
115,143,165
116,143,165
117,143,165
118,142,164
119,142,164
120,142,164
121,141,163
122,141,163
123,141,163
124,141,162
125,140,162
126,140,162
127,140,161
128,140,161
129,139,161
130,139,160
131,139,160
132,139,160
133,138,159
134,138,159
135,138,159
136,137,159
137,137,158
138,137,158
139,137,158
140,136,157
141,136,157
142,136,157
143,136,157
144,135,156
145,135,156
146,135,156
147,135,155
148,134,155
149,134,155
150,134,155
151,133,154
152,133,154
153,133,154
154,133,154
155,132,153
156,132,153
157,132,153
158,132,153
159,131,152
160,131,152
161,131,152
162,130,152
163,130,151
164,130,151
165,130,151
166,129,151
167,129,150
168,129,150
169,129,150
170,128,150
171,128,149
172,128,149
173,127,149
174,127,149
175,127,149
176,127,148
177,126,148
178,126,148
179,126,148
180,126,147
181,125,147
182,125,147
183,125,147
184,124,146
185,124,146
186,124,146
187,124,146
188,123,146
189,123,145
190,123,145
191,123,145
192,122,145
193,122,145
194,122,144
195,122,144
196,121,144
197,121,144
198,121,144
199,121,143
200,121,143
201,121,143
202,121,143
203,121,143
204,121,142
205,121,142
206,122,142
207,122,142
208,122,142
209,122,141
210,122,141
211,122,141
212,123,141
213,123,141
214,123,140
215,124,140
216,124,140
217,125,140
218,125,140
219,126,139
220,126,139
221,127,139
222,127,139
223,128,138
224,129,137
225,130,137
226,131,135
0,0
1,103
101,214,216
102,213,217
103,213,218
104,212,219
105,212,220
106,212,220
107,211,221
108,211,221
109,210,221
110,210,221
111,210,222
112,209,222
113,209,221
114,209,221
115,208,221
116,208,221
117,207,221
118,207,221
119,207,221
120,206,221
121,206,221
122,205,221
123,205,220
124,205,220
125,204,220
126,204,220
127,203,220
128,203,220
129,203,219
130,202,219
131,202,219
132,201,219
133,201,218
134,201,218
135,200,218
136,200,218
137,200,217
138,199,217
139,199,217
140,198,217
141,198,217
142,197,216
143,197,216
144,197,216
145,196,216
146,196,215
147,195,215
148,195,215
149,195,215
150,194,214
151,194,214
152,193,214
153,193,214
154,193,213
155,192,213
156,192,213
157,192,213
158,192,212
159,191,212
160,191,212
161,191,212
162,190,212
163,190,211
164,190,211
165,190,211
166,189,211
167,189,210
168,189,210
169,189,210
170,189,210
171,189,209
172,188,209
173,188,209
174,188,209
175,188,209
176,188,208
177,188,208
178,188,208
179,188,208
180,187,207
181,188,207
182,188,207
183,188,207
184,188,207
185,188,206
186,188,206
187,188,206
188,188,206
189,189,206
190,189,205
191,189,205
192,189,205
193,190,205
194,190,205
195,190,204
196,191,204
197,191,204
198,192,203
199,193,203
200,193,203
201,194,202
202,195,201
203,197,201
0,0
1,101
103,265,267
104,265,268
105,264,269
106,264,270
107,263,271
108,263,271
109,263,272
110,262,272
111,262,272
112,262,273
113,261,273
114,261,273
115,261,273
116,260,273
117,260,273
118,260,272
119,259,272
120,259,272
121,259,272
122,258,272
123,258,272
124,258,272
125,257,272
126,257,271
127,257,271
128,256,271
129,256,271
130,255,271
131,255,271
132,255,270
133,254,270
134,254,270
135,254,270
136,253,270
137,253,269
138,253,269
139,252,269
140,252,269
141,252,269
142,251,268
143,251,268
144,250,268
145,250,268
146,250,268
147,249,267
148,249,267
149,249,267
150,248,267
151,248,266
152,248,266
153,247,266
154,247,266
155,247,266
156,246,265
157,246,265
158,246,265
159,245,265
160,245,265
161,245,264
162,245,264
163,244,264
164,244,264
165,244,264
166,244,263
167,243,263
168,243,263
169,243,263
170,243,263
171,243,262
172,243,262
173,243,262
174,242,262
175,242,262
176,242,261
177,242,261
178,242,261
179,242,261
180,242,261
181,242,261
182,242,260
183,242,260
184,242,260
185,242,260
186,242,260
187,243,259
188,243,259
189,243,259
190,243,259
191,243,259
192,244,259
193,244,258
194,244,258
195,245,258
196,245,258
197,246,258
198,246,257
199,247,257
200,248,257
201,249,256
202,250,255
203,251,254
0,0
0,110
312,89,89
313,81,93
314,80,99
315,80,103
316,79,107
317,79,109
318,79,111
319,79,112
320,80,113
321,80,114
322,81,114
323,81,114
324,82,115
325,82,115
326,83,115
327,83,115
328,84,115
329,84,115
330,85,116
331,85,116
332,86,116
333,86,116
334,87,116
335,87,116
336,88,116
337,88,117
338,89,117
339,89,117
340,89,117
341,90,117
342,90,117
343,91,118
344,91,118
345,91,118
346,92,118
347,92,118
348,93,118
349,93,118
350,93,119
351,94,119
352,94,119
353,95,119
354,95,119
355,95,120
356,95,120
357,96,120
358,96,120
359,97,120
360,97,120
361,97,121
362,97,121
363,98,121
364,98,121
365,98,122
366,99,122
367,99,122
368,99,122
369,99,122
370,100,122
371,100,123
372,100,123
373,100,123
374,101,123
375,101,123
376,101,124
377,101,124
378,101,124
379,102,124
380,102,124
381,102,125
382,102,125
383,103,125
384,103,125
385,103,125
386,103,125
387,103,126
388,104,126
389,104,126
390,104,126
391,105,126
392,105,126
393,105,126
394,105,126
395,106,127
396,106,127
397,106,127
398,107,127
399,107,127
400,107,127
401,108,127
402,108,127
403,108,127
404,109,127
405,109,127
406,110,128
407,110,128
408,111,128
409,111,128
410,112,127
411,112,127
412,113,127
413,114,127
414,115,127
415,115,127
416,116,127
417,117,127
418,118,126
419,120,126
420,121,125
421,124,124
0,0
1,91
90,320,320
91,319,322
92,318,323
93,318,323
94,318,324
95,318,325
96,318,326
97,318,326
98,317,327
99,317,327
100,317,328
101,317,328
102,317,328
103,316,329
104,316,329
105,316,329
106,316,329
107,316,329
108,316,329
109,315,329
110,315,330
111,315,329
112,315,329
113,315,329
114,314,329
115,314,329
116,314,328
117,314,328
118,314,328
119,313,328
120,313,328
121,313,327
122,313,327
123,313,327
124,312,327
125,312,327
126,312,326
127,311,326
128,311,326
129,311,325
130,311,325
131,311,325
132,310,325
133,310,324
134,310,324
135,309,324
136,309,323
137,309,323
138,309,323
139,308,323
140,308,322
141,308,322
142,307,322
143,307,322
144,307,322
145,306,321
146,306,321
147,306,321
148,305,320
149,305,320
150,305,320
151,304,320
152,304,319
153,303,319
154,303,319
155,303,319
156,302,319
157,302,318
158,301,318
159,301,318
160,300,318
161,300,317
162,299,317
163,299,317
164,298,316
165,298,316
166,297,316
167,297,316
168,296,316
169,296,316
170,295,316
171,294,316
172,294,316
173,293,316
174,293,316
175,292,316
176,294,317
177,301,317
178,308,318
179,315,319
179,317,319
0,90
289,182,182
290,179,188
291,176,191
292,175,193
293,175,195
294,175,197
295,176,198
296,176,200
297,176,202
298,176,203
299,176,205
300,176,206
301,176,208
302,177,209
303,177,211
304,177,213
305,177,214
306,177,216
307,177,217
308,177,219
309,178,220
310,178,221
311,178,222
312,178,222
313,178,223
314,178,223
315,179,223
316,179,223
317,179,223
318,179,222
319,179,222
320,180,222
321,180,221
322,180,220
323,180,220
324,180,219
325,180,218
326,180,217
327,180,216
328,180,215
329,180,214
330,180,214
331,180,213
332,179,212
333,179,211
334,179,211
335,179,210
336,178,210
337,178,209
338,178,208
339,178,208
340,177,207
341,177,207
342,177,206
343,176,206
344,176,205
345,176,205
346,175,204
347,175,204
348,175,204
349,175,203
350,174,203
351,174,202
352,174,202
353,174,201
354,173,201
355,173,201
356,173,200
357,172,200
358,172,199
359,172,199
360,171,199
361,171,198
362,171,198
363,171,198
364,170,197
365,170,197
366,170,197
367,170,196
368,169,196
369,169,196
370,169,195
371,168,195
372,168,195
373,168,194
374,167,194
375,167,194
376,167,193
377,177,193
378,191,193
0,0
1,91
114,386,390
115,386,391
116,385,392
117,385,393
118,385,394
119,384,395
120,384,396
121,384,396
122,384,397
123,384,397
124,383,397
125,383,397
126,383,397
127,383,398
128,383,398
129,382,398
130,382,398
131,382,397
132,382,397
133,381,397
134,381,397
135,381,397
136,381,397
137,380,396
138,380,396
139,380,396
140,380,396
141,379,395
142,379,395
143,379,395
144,379,395
145,378,394
146,378,394
147,378,394
148,377,394
149,377,394
150,377,393
151,377,393
152,376,393
153,376,393
154,376,393
155,376,393
156,375,392
157,375,392
158,375,392
159,374,392
160,374,392
161,374,392
162,373,391
163,373,391
164,373,391
165,372,391
166,372,391
167,372,391
168,372,390
169,371,390
170,371,390
171,371,390
172,370,390
173,370,390
174,370,390
175,370,389
176,370,389
177,370,389
178,369,389
179,370,389
180,370,389
181,370,389
182,370,389
183,370,388
184,370,388
185,370,388
186,371,388
187,371,388
188,371,388
189,371,388
190,372,388
191,372,387
192,373,387
193,373,387
194,374,387
195,374,387
196,375,387
197,375,387
198,376,387
199,377,387
200,377,386
201,378,386
202,379,385
203,380,385
204,382,382
0,0
1,230
229,149,150
230,148,152
231,147,153
232,147,154
233,147,154
234,146,155
235,146,156
236,146,157
237,146,157
238,146,158
239,146,159
240,145,160
241,145,160
242,145,161
243,145,162
244,145,162
245,145,163
246,145,164
247,145,164
248,145,165
249,144,166
250,144,166
251,144,167
252,144,167
253,144,167
254,144,167
255,144,168
256,144,168
257,144,168
258,144,168
259,143,168
260,143,168
261,143,168
262,143,168
263,143,168
264,143,168
265,143,167
266,143,167
267,143,167
268,143,167
269,142,166
270,142,166
271,142,166
272,142,166
273,142,166
274,142,166
275,142,165
276,142,165
277,142,165
278,142,165
279,141,165
280,141,164
281,141,164
282,141,164
283,141,164
284,141,164
285,141,163
286,141,163
287,141,163
288,141,163
289,141,163
290,140,163
291,140,162
292,140,162
293,140,162
294,140,162
295,140,162
296,140,162
297,140,161
298,140,161
299,140,161
300,139,161
301,139,161
302,139,160
303,139,160
304,139,160
305,139,160
306,139,160
307,139,160
308,139,159
309,138,159
310,138,159
311,138,159
312,138,159
313,138,159
314,138,158
315,138,158
316,137,158
317,137,158
318,137,158
319,137,158
320,137,157
321,137,157
322,137,157
323,136,157
324,136,157
325,136,157
326,136,156
327,136,156
328,136,156
329,135,156
330,135,156
331,135,156
332,135,156
333,135,155
334,134,155
335,134,155
336,134,155
337,134,155
338,134,155
339,134,154
340,133,154
341,133,154
342,133,154
343,133,154
344,133,154
345,132,154
346,132,153
347,132,153
348,132,153
349,132,153
350,132,153
351,131,153
352,131,153
353,131,152
354,131,152
355,131,152
356,130,152
357,130,152
358,130,152
359,130,152
360,129,151
361,129,151
362,129,151
363,129,151
364,129,151
365,128,151
366,128,151
367,128,150
368,128,150
369,128,150
370,127,150
371,127,150
372,127,150
373,127,150
374,126,150
375,126,149
376,126,149
377,126,149
378,126,149
379,125,149
380,125,149
381,125,149
382,125,149
383,125,148
384,124,148
385,124,148
386,124,148
387,124,148
388,123,148
389,123,148
390,123,147
391,123,147
392,122,147
393,122,147
394,122,147
395,122,147
396,122,147
397,121,147
398,121,146
399,121,146
400,121,146
401,120,146
402,120,146
403,120,146
404,120,146
405,120,146
406,119,145
407,119,145
408,119,145
409,119,145
410,118,145
411,118,145
412,118,145
413,118,145
414,117,144
415,117,144
416,117,144
417,117,144
418,117,144
419,117,144
420,116,144
421,116,144
422,116,144
423,116,143
424,116,143
425,116,143
426,116,143
427,116,143
428,116,143
429,116,143
430,116,143
431,117,142
432,117,142
433,117,142
434,117,142
435,118,142
436,118,142
437,118,142
438,119,142
439,119,142
440,120,142
441,120,141
442,120,141
443,121,141
444,121,141
445,122,141
446,122,141
447,123,141
448,123,141
449,124,141
450,124,141
451,125,141
452,125,141
453,126,140
454,126,140
455,127,139
456,128,138
457,129,136
458,131,134
0,0
0,298
148,326,330
149,323,334
150,322,336
151,321,339
152,321,341
153,320,343
154,320,345
155,320,346
156,320,348
157,320,349
158,321,351
159,321,352
160,321,354
161,322,355
162,322,356
163,323,357
164,323,358
165,324,358
166,324,359
167,325,360
168,325,360
169,326,360
170,326,360
171,326,361
172,327,361
173,327,361
174,327,361
175,327,361
176,328,361
177,328,361
178,328,361
179,328,360
180,328,360
181,329,360
182,329,360
183,329,360
184,329,360
185,329,360
186,329,359
187,329,359
188,329,359
189,329,359
190,329,359
191,329,359
192,329,359
193,329,359
194,329,359
195,330,359
196,330,359
197,330,359
198,330,359
199,330,359
200,330,359
201,330,359
202,330,358
203,330,358
204,330,358
205,330,358
206,330,358
207,330,358
208,330,358
209,330,358
210,330,358
211,330,358
212,330,358
213,330,358
214,330,358
215,330,358
216,330,358
217,330,358
218,330,358
219,330,358
220,330,358
221,330,358
222,330,358
223,330,358
224,330,358
225,330,358
226,330,358
227,330,357
228,330,357
229,330,357
230,330,357
231,330,357
232,330,357
233,330,357
234,330,357
235,330,357
236,330,357
237,330,357
238,330,357
239,330,357
240,330,357
241,330,357
242,330,357
243,330,357
244,330,357
245,330,357
246,330,357
247,330,357
248,330,357
249,330,357
250,330,357
251,330,357
252,330,357
253,330,357
254,330,357
255,331,357
256,331,357
257,331,357
258,331,357
259,331,357
260,331,357
261,331,357
262,331,357
263,331,357
264,331,357
265,331,357
266,331,357
267,331,357
268,331,357
269,331,357
270,331,357
271,331,357
272,331,357
273,331,357
274,331,357
275,331,357
276,331,357
277,331,357
278,331,357
279,331,357
280,331,357
281,331,357
282,331,357
283,331,358
284,331,358
285,331,358
286,331,358
287,331,358
288,331,358
289,331,358
290,331,358
291,331,358
292,331,358
293,331,358
294,331,358
295,331,358
296,331,358
297,331,358
298,331,358
299,331,358
300,331,358
301,331,358
302,331,358
303,331,358
304,331,358
305,331,358
306,331,358
307,331,358
308,331,358
309,331,358
310,331,358
311,331,359
312,331,359
313,331,359
314,331,359
315,331,359
316,331,359
317,331,359
318,331,359
319,331,359
320,331,359
321,331,359
322,331,359
323,331,359
324,331,359
325,331,359
326,331,359
327,331,359
328,331,359
329,331,359
330,331,359
331,331,359
332,331,359
333,331,359
334,331,359
335,331,359
336,331,360
337,331,360
338,331,360
339,331,360
340,331,360
341,331,360
342,331,360
343,331,360
344,331,360
345,331,360
346,331,360
347,331,360
348,331,360
349,331,360
350,331,360
351,331,360
352,331,360
353,331,360
354,331,360
355,331,360
356,331,360
357,331,360
358,331,360
359,331,361
360,331,361
361,331,361
362,331,361
363,331,361
364,331,361
365,331,361
366,331,361
367,331,361
368,331,361
369,331,361
370,331,361
371,331,361
372,331,361
373,331,361
374,330,361
375,330,361
376,330,361
377,330,361
378,330,361
379,330,361
380,329,361
381,329,361
382,329,361
383,328,361
384,328,361
385,327,361
386,327,361
387,326,361
388,325,361
388,308,308
388,325,361
389,309,313
389,323,361
390,309,319
390,319,361
390,309,361
391,310,360
392,310,360
393,310,360
394,311,360
395,311,360
396,312,360
397,312,360
398,313,359
399,313,359
400,314,359
401,314,359
402,314,358
403,315,358
404,315,358
405,316,357
406,316,357
407,317,357
408,317,356
409,317,356
410,318,356
411,318,355
412,319,355
413,319,354
414,320,354
415,320,353
416,321,353
417,321,353
418,321,352
419,322,352
420,322,351
421,323,351
422,323,350
423,324,350
424,324,349
425,325,349
426,325,348
427,325,348
428,326,347
429,326,347
430,327,346
431,327,345
432,328,345
433,328,344
434,329,343
435,329,342
436,329,342
437,330,340
438,330,339
439,332,338
440,335,335
1,61
330,436,438
329,434,437
328,432,436
327,430,434
326,427,434
325,425,432
324,423,431
323,420,430
322,418,429
321,416,428
320,414,427
319,411,426
318,409,425
317,407,424
316,405,423
315,402,422
314,400,421
313,398,420
312,396,419
311,393,418
310,391,417
309,389,416
308,388,415
307,388,415
306,387,414
305,387,413
304,386,412
303,386,411
302,386,410
301,385,409
300,385,408
299,384,407
298,384,406
297,384,405
296,383,404
295,383,403
294,382,403
293,382,402
292,382,401
291,381,400
290,381,399
289,381,398
288,380,397
287,380,396
286,379,395
285,379,394
284,379,394
283,378,393
282,378,392
281,378,391
280,377,390
279,377,389
278,377,388
277,376,388
276,376,387
275,375,386
274,375,385
273,375,384
272,375,383
271,375,381
270,376,379
0,0
