0,74
69,123,124
70,120,129
71,120,131
72,119,134
73,119,136
74,119,138
75,119,140
76,119,142
77,119,144
78,119,146
79,119,148
80,119,149
81,120,151
82,120,153
83,121,155
84,121,156
85,122,158
86,122,160
87,123,161
88,124,163
89,124,164
90,125,166
91,126,167
92,127,169
93,128,170
94,129,171
95,129,173
96,130,174
97,131,175
98,132,176
99,133,177
100,134,178
101,134,179
102,135,179
103,136,180
104,137,181
105,138,181
106,138,182
107,139,182
108,140,183
109,141,183
110,142,183
111,142,184
112,143,184
113,144,184
114,145,184
115,145,184
116,146,184
117,147,184
118,148,185
119,149,185
120,149,185
121,150,185
122,151,185
123,152,185
124,152,185
125,153,185
126,154,185
127,155,185
128,155,184
129,156,184
130,157,184
131,158,184
132,158,184
133,159,183
134,160,183
135,161,183
136,162,182
137,163,182
138,164,181
139,165,180
140,167,179
141,169,177
142,173,173
0,0
1,192
29,166,166
30,164,170
31,163,171
32,162,172
33,161,173
34,161,174
35,161,175
36,160,176
37,160,176
38,160,177
39,160,178
40,160,178
41,160,179
42,160,179
43,160,180
44,159,180
45,159,181
46,159,182
47,159,182
48,159,182
49,159,183
50,159,183
51,159,183
52,159,184
53,159,184
54,159,184
55,158,185
56,158,185
57,158,185
58,158,185
59,158,185
60,158,185
61,158,186
62,158,186
63,158,186
64,158,186
65,157,186
66,157,186
67,157,186
68,157,186
69,157,186
70,157,185
71,157,185
72,157,185
73,157,185
74,156,185
75,156,185
76,156,184
77,156,184
78,156,184
79,156,183
80,155,183
81,155,183
82,155,182
83,155,182
84,155,182
85,155,181
86,154,181
87,154,181
88,154,180
89,154,180
90,154,180
91,153,180
92,153,179
93,153,179
94,153,179
95,153,178
96,153,178
97,152,178
98,152,177
99,152,177
100,152,177
101,152,176
102,151,176
103,151,176
104,151,176
105,151,175
106,151,175
107,151,175
108,150,174
109,150,174
110,150,174
111,150,174
112,150,173
113,149,173
114,149,173
115,149,172
116,149,172
117,148,172
118,148,172
119,148,171
120,148,171
121,148,171
122,147,170
123,147,170
124,147,170
125,147,170
126,147,169
127,146,169
128,146,169
129,146,169
130,146,168
131,146,168
132,145,168
133,145,168
134,145,167
135,145,167
136,144,167
137,144,167
138,144,166
139,144,166
140,144,166
141,143,166
142,143,166
143,143,165
144,143,165
145,143,165
146,142,165
147,142,164
148,142,164
149,142,164
150,142,164
151,141,163
152,141,163
153,141,163
154,141,163
155,140,163
156,140,162
157,140,162
158,140,162
159,140,162
160,139,162
161,139,161
162,139,161
163,139,161
164,139,161
165,138,161
166,138,161
167,138,160
168,138,160
169,138,160
170,137,160
171,137,160
172,137,159
173,137,159
174,136,159
175,136,159
176,136,159
177,136,159
178,136,158
179,135,158
180,135,158
181,135,158
182,135,158
183,135,158
184,134,158
185,134,157
186,134,157
187,134,157
188,134,157
189,134,157
190,133,157
191,133,156
192,133,156
193,133,156
194,133,156
195,133,156
196,133,156
197,134,156
198,134,155
199,134,155
200,134,155
201,134,155
202,134,155
203,135,155
204,135,155
205,135,154
206,136,154
207,136,154
208,136,154
209,137,154
210,137,154
211,138,154
212,138,153
213,139,153
214,140,153
215,140,153
216,141,152
217,142,152
218,143,151
219,144,150
220,145,149
0,0
1,99
94,219,219
95,218,221
96,217,221
97,217,222
98,216,222
99,216,223
100,215,223
101,215,224
102,215,224
103,214,225
104,214,225
105,214,225
106,214,226
107,214,226
108,214,226
109,213,227
110,213,227
111,213,227
112,213,227
113,213,228
114,213,228
115,212,228
116,212,228
117,212,228
118,212,228
119,211,228
120,211,228
121,211,228
122,211,228
123,211,229
124,210,229
125,210,229
126,210,229
127,210,228
128,209,228
129,209,228
130,209,228
131,208,228
132,208,228
133,208,228
134,207,228
135,207,227
136,207,227
137,207,227
138,206,227
139,206,226
140,206,226
141,205,226
142,205,226
143,205,225
144,204,225
145,204,225
146,203,224
147,203,224
148,203,224
149,202,224
150,202,223
151,201,223
152,201,223
153,200,222
154,200,222
155,200,222
156,199,222
157,199,221
158,199,221
159,199,221
160,198,221
161,198,220
162,198,220
163,198,220
164,198,219
165,198,219
166,198,219
167,198,219
168,197,218
169,198,218
170,198,218
171,198,218
172,198,217
173,198,217
174,198,217
175,198,217
176,198,216
177,198,216
178,199,216
179,199,215
180,199,215
181,199,215
182,199,215
183,200,214
184,200,214
185,200,214
186,201,213
187,201,213
188,202,213
189,202,212
190,203,212
191,204,211
192,205,210
0,0
1,104
91,271,273
92,270,274
93,269,274
94,269,275
95,269,276
96,268,276
97,268,277
98,268,277
99,267,277
100,267,278
101,267,278
102,267,279
103,267,279
104,267,279
105,266,280
106,266,280
107,266,280
108,266,280
109,266,281
110,266,281
111,265,281
112,265,281
113,265,281
114,265,281
115,265,282
116,265,282
117,264,282
118,264,282
119,264,282
120,264,282
121,263,282
122,263,282
123,263,282
124,263,282
125,263,282
126,262,282
127,262,282
128,262,281
129,261,281
130,261,281
131,261,281
132,261,281
133,260,281
134,260,280
135,260,280
136,259,280
137,259,280
138,259,279
139,258,279
140,258,279
141,258,278
142,257,278
143,257,278
144,257,278
145,256,277
146,256,277
147,256,277
148,255,277
149,255,276
150,254,276
151,254,276
152,254,276
153,253,275
154,253,275
155,252,275
156,252,275
157,252,274
158,252,274
159,251,274
160,251,274
161,251,273
162,251,273
163,250,273
164,250,273
165,250,272
166,250,272
167,250,272
168,250,272
169,250,271
170,249,271
171,250,271
172,250,270
173,250,270
174,250,270
175,250,270
176,250,269
177,251,269
178,251,269
179,251,269
180,251,268
181,251,268
182,251,268
183,252,267
184,252,267
185,252,267
186,253,267
187,253,266
188,253,266
189,254,266
190,254,265
191,255,265
192,256,264
193,257,263
194,258,262
0,0
0,111
320,77,77
321,71,83
322,68,88
323,68,92
324,67,95
325,67,98
326,68,99
327,68,100
328,68,101
329,69,102
330,69,102
331,70,103
332,70,103
333,71,103
334,71,103
335,72,104
336,72,104
337,73,104
338,73,104
339,74,104
340,74,104
341,75,104
342,75,104
343,76,105
344,76,105
345,76,105
346,77,105
347,77,105
348,78,105
349,78,105
350,79,106
351,79,106
352,79,106
353,80,106
354,80,106
355,80,106
356,81,107
357,81,107
358,82,107
359,82,107
360,82,107
361,83,107
362,83,108
363,83,108
364,84,108
365,84,108
366,84,108
367,85,109
368,85,109
369,85,109
370,86,109
371,86,109
372,86,110
373,87,110
374,87,110
375,87,110
376,87,110
377,88,111
378,88,111
379,88,111
380,88,111
381,89,111
382,89,111
383,89,112
384,89,112
385,89,112
386,90,112
387,90,112
388,90,113
389,90,113
390,90,113
391,91,113
392,91,113
393,91,113
394,91,114
395,91,114
396,92,114
397,92,114
398,92,114
399,93,114
400,93,114
401,93,115
402,93,115
403,94,115
404,94,115
405,94,115
406,94,115
407,95,115
408,95,115
409,95,115
410,96,116
411,96,116
412,96,116
413,97,116
414,97,116
415,98,116
416,98,116
417,99,116
418,99,116
419,100,116
420,100,116
421,101,116
422,101,116
423,102,116
424,103,116
425,104,115
426,105,115
427,106,115
428,107,115
429,108,114
430,110,113
0,0
1,93
80,325,328
81,325,329
82,325,330
83,325,330
84,325,331
85,324,332
86,324,332
87,324,333
88,324,333
89,324,334
90,324,334
91,324,334
92,324,335
93,323,335
94,323,335
95,323,335
96,323,335
97,323,335
98,323,335
99,323,335
100,322,335
101,322,335
102,322,335
103,322,335
104,322,334
105,322,334
106,321,334
107,321,334
108,321,334
109,321,333
110,321,333
111,320,333
112,320,333
113,320,332
114,320,332
115,320,332
116,319,332
117,319,331
118,319,331
119,319,331
120,319,331
121,318,330
122,318,330
123,318,330
124,318,329
125,318,329
126,317,329
127,317,329
128,317,328
129,316,328
130,316,328
131,316,328
132,316,327
133,315,327
134,315,327
135,315,327
136,315,326
137,314,326
138,314,326
139,314,326
140,313,325
141,313,325
142,313,325
143,312,325
144,312,324
145,311,324
146,311,324
147,311,324
148,310,323
149,310,323
150,309,323
151,309,323
152,309,322
153,308,322
154,308,322
155,307,321
156,307,321
157,306,321
158,306,321
159,305,321
160,305,321
161,304,321
162,304,321
163,303,321
164,303,321
165,302,322
166,301,322
167,301,322
168,300,322
169,305,323
170,313,324
171,321,325
171,323,325
0,81
298,174,177
299,170,182
300,168,184
301,168,186
302,168,187
303,168,189
304,168,191
305,168,192
306,169,194
307,169,195
308,169,197
309,169,199
310,169,200
311,169,202
312,169,203
313,169,205
314,170,207
315,170,208
316,170,209
317,170,210
318,170,211
319,170,211
320,170,211
321,170,211
322,171,211
323,171,211
324,171,211
325,171,210
326,172,210
327,172,209
328,172,209
329,172,208
330,172,207
331,172,206
332,172,206
333,172,205
334,172,204
335,172,203
336,172,202
337,171,201
338,171,201
339,171,200
340,171,200
341,171,199
342,170,199
343,170,198
344,170,198
345,170,197
346,170,197
347,169,196
348,169,196
349,169,195
350,169,195
351,168,194
352,168,194
353,168,194
354,168,193
355,167,193
356,167,192
357,167,192
358,167,192
359,166,191
360,166,191
361,166,191
362,166,190
363,165,190
364,165,190
365,165,189
366,165,189
367,165,189
368,164,188
369,164,188
370,164,188
371,164,188
372,163,187
373,163,187
374,163,187
375,163,186
376,162,186
377,171,186
378,186,186
0,0
1,99
100,385,387
101,384,389
102,384,390
103,383,391
104,383,392
105,383,393
106,383,394
107,383,394
108,382,395
109,382,395
110,382,396
111,382,396
112,382,396
113,382,396
114,381,396
115,381,396
116,381,397
117,381,396
118,381,396
119,380,396
120,380,396
121,380,396
122,380,395
123,380,395
124,379,395
125,379,395
126,379,395
127,379,394
128,379,394
129,378,394
130,378,394
131,378,394
132,378,393
133,378,393
134,377,393
135,377,393
136,377,393
137,377,393
138,376,392
139,376,392
140,376,392
141,376,392
142,375,392
143,375,392
144,375,392
145,375,391
146,375,391
147,374,391
148,374,391
149,374,391
150,373,391
151,373,391
152,373,390
153,373,390
154,372,390
155,372,390
156,372,390
157,372,390
158,371,390
159,371,390
160,371,389
161,371,389
162,370,389
163,370,389
164,370,389
165,370,389
166,369,389
167,369,389
168,369,389
169,369,389
170,369,388
171,369,388
172,368,388
173,369,388
174,369,388
175,369,388
176,369,388
177,369,388
178,369,388
179,370,387
180,370,387
181,370,387
182,370,387
183,371,387
184,371,387
185,371,387
186,372,387
187,372,387
188,373,387
189,374,387
190,374,387
191,375,386
192,376,386
193,376,386
194,377,386
195,378,385
196,379,385
197,380,384
197,380,380
0,0
0,80
80,276,276
81,272,282
82,272,285
83,271,288
84,271,290
85,271,292
86,271,293
87,271,295
88,271,296
89,271,297
90,271,298
91,271,299
92,271,300
93,271,301
94,271,302
95,270,303
96,270,303
97,270,304
98,270,304
99,269,304
100,269,304
101,269,304
102,268,304
103,268,304
104,268,303
105,267,302
106,267,301
107,267,300
108,266,299
109,266,298
110,265,297
111,265,296
112,264,295
113,264,295
114,263,294
115,263,293
116,262,292
117,261,291
118,261,290
119,260,289
120,260,288
121,259,288
122,258,287
123,258,286
124,257,285
125,256,284
126,256,283
127,255,282
128,254,281
129,253,280
130,253,279
131,252,278
132,251,277
133,250,276
134,250,275
135,249,273
136,248,272
137,247,271
138,246,270
139,245,269
140,244,268
141,243,266
142,242,265
143,241,264
144,240,262
145,240,261
146,239,259
147,238,258
148,237,256
149,236,255
150,235,253
151,234,251
152,233,249
153,232,247
154,231,245
155,230,242
156,229,240
157,228,237
158,229,234
159,230,230
0,0
1,81
330,75,82
331,74,84
332,73,85
333,74,86
334,74,87
335,75,88
336,75,89
337,76,90
338,76,91
339,76,92
340,77,93
341,77,93
342,77,94
343,78,95
344,78,96
345,78,97
346,79,98
347,79,99
348,79,100
349,80,101
350,80,102
351,81,103
352,81,103
353,81,104
354,82,105
355,82,106
356,83,107
357,83,108
358,84,109
359,84,110
360,84,111
361,85,112
362,85,113
363,86,114
364,86,115
365,86,116
366,87,117
367,87,118
368,88,119
369,88,120
370,89,121
371,89,122
372,89,123
373,90,124
374,90,125
375,91,126
376,91,127
377,92,128
378,92,129
379,93,130
380,93,131
381,94,132
382,94,133
383,95,134
384,95,135
385,96,136
386,96,137
387,97,138
388,97,139
389,98,140
390,99,141
391,99,142
392,100,143
393,100,144
394,101,145
395,102,145
396,102,146
397,103,146
398,104,146
399,106,146
400,107,146
401,108,147
402,110,146
403,111,146
404,113,146
405,115,145
406,118,145
407,120,144
408,123,143
409,127,141
410,132,139
0,0
0,100
175,237,237
176,230,241
177,228,246
178,228,250
179,228,254
180,228,257
181,228,259
182,228,260
183,228,261
184,229,262
185,229,262
186,230,263
187,230,263
188,231,263
189,231,263
190,232,263
191,232,264
192,233,264
193,233,264
194,234,264
195,234,264
196,235,264
197,235,264
198,236,264
199,236,264
200,236,264
201,237,265
202,237,265
203,238,265
204,238,265
205,239,265
206,239,265
207,239,265
208,240,265
209,240,266
210,240,266
211,241,266
212,241,266
213,242,266
214,242,266
215,242,267
216,243,267
217,243,267
218,243,267
219,244,267
220,244,267
221,244,267
222,244,268
223,245,268
224,245,268
225,245,268
226,245,268
227,246,268
228,246,269
229,246,269
230,247,269
231,247,269
232,247,269
233,247,269
234,247,270
235,248,270
236,248,270
237,248,270
238,248,270
239,248,270
240,249,270
241,249,271
242,249,271
243,249,271
244,250,271
245,250,271
246,250,271
247,250,271
248,251,271
249,251,272
250,251,272
251,251,272
252,252,272
253,252,272
254,252,272
255,253,272
256,253,272
257,254,272
258,254,272
259,254,272
260,255,272
261,255,272
262,256,272
263,256,272
264,257,272
265,257,272
266,258,272
267,259,272
268,260,272
269,260,272
270,261,271
271,262,271
272,263,271
273,265,270
274,267,269
0,0
1,120
236,183,186
237,182,187
238,182,188
239,181,189
240,181,189
241,181,190
242,181,191
243,181,191
244,180,192
245,180,192
246,180,193
247,180,193
248,180,193
249,180,194
250,180,194
251,180,194
252,180,194
253,180,194
254,180,194
255,179,195
256,179,195
257,179,195
258,179,195
259,179,195
260,179,195
261,179,195
262,179,194
263,179,194
264,178,194
265,178,194
266,178,194
267,178,194
268,178,194
269,178,193
270,178,193
271,178,193
272,178,193
273,177,192
274,177,192
275,177,192
276,177,192
277,177,192
278,177,191
279,177,191
280,176,191
281,176,191
282,176,191
283,176,191
284,176,190
285,176,190
286,175,190
287,175,190
288,175,190
289,175,190
290,175,190
291,175,189
292,174,189
293,174,189
294,174,189
295,174,189
296,174,188
297,173,188
298,173,188
299,173,188
300,173,188
301,173,188
302,172,188
303,172,187
304,172,187
305,172,187
306,172,187
307,171,187
308,171,187
309,171,186
310,171,186
311,170,186
312,170,186
313,170,186
314,170,186
315,169,185
316,169,185
317,169,185
318,169,185
319,168,185
320,168,185
321,168,184
322,168,184
323,167,184
324,167,184
325,167,184
326,166,184
327,166,183
328,166,183
329,166,183
330,165,183
331,165,183
332,165,183
333,164,183
334,164,182
335,164,182
336,163,182
337,163,182
338,163,182
339,162,182
340,162,182
341,162,182
342,161,182
343,161,182
344,161,182
345,160,182
346,160,182
347,160,182
348,159,182
349,159,182
350,158,182
351,162,182
352,168,182
353,174,183
354,179,184
354,182,184
0,90
157,356,356
158,351,362
159,350,366
160,350,369
161,350,371
162,350,373
163,351,375
164,351,377
165,351,379
166,351,381
167,351,382
168,351,384
169,352,385
170,352,387
171,352,388
172,352,390
173,352,391
174,353,393
175,353,394
176,353,395
177,353,396
178,353,397
179,353,399
180,354,400
181,354,400
182,354,401
183,354,402
184,355,403
185,355,403
186,355,404
187,356,404
188,356,404
189,356,404
190,356,404
191,356,404
192,356,403
193,355,403
194,355,402
195,355,402
196,355,401
197,355,400
198,355,399
199,354,397
200,354,396
201,354,394
202,354,393
203,353,392
204,353,391
205,353,390
206,353,389
207,352,388
208,352,387
209,352,386
210,351,385
211,351,384
212,351,383
213,350,383
214,350,382
215,350,381
216,349,381
217,349,380
218,349,379
219,348,379
220,348,378
221,348,378
222,347,377
223,347,376
224,347,376
225,346,375
226,346,375
227,345,374
228,345,374
229,345,373
230,344,373
231,344,372
232,343,371
233,343,371
234,343,370
235,342,370
236,342,369
237,341,369
238,341,368
239,340,368
240,340,367
241,339,367
242,339,366
243,339,366
244,338,366
245,338,365
246,363,365
0,0
1,117
262,252,254
263,251,255
264,250,257
265,250,258
266,250,259
267,250,260
268,249,261
269,249,262
270,249,262
271,249,263
272,249,263
273,249,264
274,249,264
275,249,264
276,248,264
277,248,264
278,248,264
279,248,265
280,248,264
281,248,264
282,248,264
283,247,264
284,247,264
285,247,264
286,247,264
287,247,263
288,247,263
289,247,263
290,246,263
291,246,263
292,246,262
293,246,262
294,246,262
295,245,262
296,245,262
297,245,262
298,245,261
299,245,261
300,245,261
301,244,261
302,244,261
303,244,261
304,244,261
305,244,260
306,243,260
307,243,260
308,243,260
309,243,260
310,243,260
311,243,260
312,242,260
313,242,259
314,242,259
315,242,259
316,241,259
317,241,259
318,241,259
319,241,259
320,241,259
321,240,259
322,240,258
323,240,258
324,240,258
325,239,258
326,239,258
327,239,258
328,239,258
329,239,258
330,238,258
331,238,258
332,238,257
333,238,257
334,237,257
335,237,257
336,237,257
337,237,257
338,236,257
339,236,257
340,236,257
341,236,257
342,236,257
343,236,257
344,235,256
345,235,256
346,235,256
347,235,256
348,235,256
349,235,256
350,234,256
351,235,256
352,235,256
353,235,256
354,235,256
355,235,256
356,236,255
357,236,255
358,236,255
359,236,255
360,237,255
361,237,255
362,237,255
363,238,255
364,238,255
365,239,255
366,239,255
367,240,255
368,241,255
369,241,255
370,242,255
371,243,255
372,244,254
373,244,254
374,245,254
375,246,253
376,248,253
377,249,251
377,249,249
0,0
0,154
267,269,269
268,263,272
269,261,278
270,261,281
271,260,284
272,260,286
273,260,288
274,260,289
275,261,291
276,261,292
277,261,293
278,261,295
279,261,296
280,261,296
281,261,297
282,261,298
283,261,299
284,261,299
285,261,299
286,261,300
287,261,300
288,261,300
289,261,300
290,260,299
291,260,299
292,260,298
293,260,297
294,260,296
295,260,296
296,259,295
297,259,294
298,259,294
299,259,293
300,258,292
301,258,292
302,258,291
303,258,291
304,257,290
305,257,289
306,257,289
307,257,288
308,256,288
309,256,287
310,256,287
311,255,286
312,255,285
313,255,285
314,254,284
315,254,284
316,253,283
317,253,283
318,253,282
319,252,282
320,252,281
321,251,280
322,251,280
323,251,279
324,250,279
325,250,278
326,249,277
327,249,277
328,248,276
329,248,276
330,247,275
331,247,274
332,246,274
333,246,273
334,245,273
335,245,272
336,244,271
337,244,271
338,243,270
339,243,269
340,242,269
341,242,268
342,241,267
343,240,267
344,240,266
345,240,265
346,239,265
347,238,264
348,238,263
349,237,263
350,237,262
351,236,261
352,235,260
353,235,260
354,234,259
355,233,258
356,233,258
357,232,257
358,231,256
359,231,255
360,230,255
361,229,254
362,229,253
363,228,253
364,227,252
365,227,251
366,226,250
367,225,249
368,224,249
369,224,248
370,223,247
371,222,246
372,221,245
373,220,244
374,220,244
375,219,243
376,218,242
377,217,241
378,216,240
379,215,239
380,215,238
381,214,237
382,213,236
383,212,236
384,211,234
385,210,234
386,210,232
387,209,232
388,208,230
389,207,229
390,206,228
391,205,227
392,204,226
393,203,225
394,203,224
395,202,223
396,201,221
397,200,220
398,199,219
399,198,217
400,197,216
401,196,215
402,195,214
403,194,212
404,194,211
405,193,210
406,192,208
407,191,207
408,190,205
409,189,204
410,188,202
411,187,201
412,186,199
413,185,198
414,184,196
415,184,194
416,183,192
417,182,191
418,181,189
419,180,186
420,183,184
0,0
0,149
253,320,320
254,317,326
255,316,329
256,315,331
257,315,333
258,315,335
259,315,337
260,315,339
261,315,340
262,315,341
263,315,343
264,315,344
265,316,345
266,316,346
267,316,347
268,316,347
269,317,348
270,317,348
271,317,349
272,317,349
273,318,349
274,318,349
275,318,349
276,318,349
277,318,349
278,319,349
279,319,349
280,319,348
281,319,348
282,319,348
283,319,348
284,319,347
285,320,347
286,320,347
287,320,347
288,320,347
289,320,347
290,320,346
291,320,346
292,320,346
293,320,346
294,320,346
295,320,345
296,320,345
297,320,345
298,320,345
299,320,345
300,320,344
301,319,344
302,319,344
303,319,344
304,319,344
305,319,344
306,319,343
307,319,343
308,319,343
309,319,343
310,319,343
311,319,343
312,318,342
313,318,342
314,318,342
315,318,342
316,318,342
317,318,342
318,318,342
319,318,341
320,318,341
321,318,341
322,318,341
323,317,341
324,317,341
325,317,340
326,317,340
327,317,340
328,317,340
329,317,340
330,317,340
331,317,340
332,317,340
333,317,339
334,317,339
335,317,339
336,317,339
337,316,339
338,316,339
339,316,339
340,316,339
341,316,339
342,316,339
343,316,339
344,316,338
345,316,338
346,316,338
347,316,338
348,316,338
349,316,338
350,316,338
351,316,338
352,316,338
353,316,338
354,316,338
355,316,338
356,316,338
357,315,338
358,315,338
359,315,338
360,315,338
361,315,338
362,315,338
363,315,338
364,315,338
365,315,338
366,315,338
367,315,338
368,315,338
369,315,338
370,315,338
371,315,338
372,315,338
373,315,338
374,315,338
375,315,338
376,315,338
377,315,339
378,315,339
379,315,339
380,315,339
381,315,339
382,315,339
383,316,340
384,316,340
385,316,340
386,316,340
387,316,341
388,316,341
389,316,341
390,316,342
391,316,342
392,316,342
393,316,341
394,316,338
395,317,335
396,317,333
397,317,330
398,317,327
399,317,325
400,317,322
401,318,319
1,191
318,402,405
319,401,408
320,401,410
321,401,411
322,400,413
323,400,414
324,400,415
325,399,416
326,399,417
327,398,417
328,398,418
329,398,419
330,397,420
331,397,420
332,397,421
333,396,421
334,396,422
335,396,422
336,395,423
337,395,423
338,394,424
339,394,424
340,394,425
341,393,425
342,392,425
343,393,426
344,395,426
345,396,427
346,397,427
347,398,427
348,399,428
349,400,428
350,401,428
351,401,429
352,402,429
353,402,429
354,403,429
355,403,430
356,403,430
357,404,430
358,404,431
359,404,431
360,405,431
361,405,431
362,405,431
363,405,431
364,406,432
365,406,432
366,406,432
367,406,432
368,406,432
369,407,432
370,407,433
371,407,433
372,407,433
373,407,433
374,407,433
375,407,433
376,407,433
377,408,433
378,408,433
379,408,433
380,408,433
381,408,433
382,408,433
383,408,433
384,408,433
385,408,434
386,408,434
387,408,434
388,408,434
389,408,434
390,408,434
391,408,434
392,408,434
393,408,425
393,408,434
394,408,425
394,408,434
395,408,425
395,408,434
396,408,425
396,408,434
397,408,425
397,408,434
398,408,425
398,408,434
399,408,425
399,408,434
400,408,425
400,408,434
401,408,425
401,408,434
402,408,425
402,408,434
403,408,425
403,408,434
404,408,425
404,408,434
405,408,425
405,408,434
406,408,425
406,408,434
407,408,425
407,408,434
408,408,425
408,407,434
409,408,425
409,407,434
410,408,425
410,407,434
411,408,425
411,407,434
412,408,425
412,407,434
413,407,433
414,407,433
415,407,433
416,407,433
417,407,433
418,407,433
419,406,433
420,406,433
421,406,433
422,406,433
423,405,433
424,405,433
425,405,433
426,404,433
427,404,433
428,404,432
429,403,432
430,402,432
431,401,432
432,400,432
433,399,432
434,399,432
435,399,432
436,399,432
437,399,432
438,399,431
439,399,431
440,399,431
441,399,431
442,399,431
443,399,431
444,399,431
445,399,430
446,399,430
447,399,430
448,399,430
449,399,430
450,399,429
451,399,429
452,399,429
453,399,429
454,399,429
455,399,428
456,399,428
457,399,428
458,398,428
459,398,427
460,398,427
461,398,427
462,398,427
463,398,426
464,398,426
465,398,426
466,398,425
467,398,425
468,398,425
469,398,424
470,398,424
471,398,424
472,398,424
473,398,423
474,398,423
475,398,423
476,398,422
477,398,422
478,398,422
479,398,421
480,398,421
481,398,421
482,398,420
483,397,419
484,398,417
485,401,416
486,403,414
487,407,411
487,407,408
0,67
399,433,433
398,434,458
397,434,483
396,435,482
395,435,482
394,436,481
393,436,481
392,437,480
391,437,480
390,438,480
389,438,479
388,439,479
387,439,478
386,440,478
385,440,478
384,440,477
383,441,477
382,441,476
381,442,476
380,442,476
379,442,475
378,443,475
377,443,475
376,443,474
375,444,474
374,444,473
373,444,473
372,445,473
371,445,472
370,445,472
369,446,472
368,446,472
367,446,471
366,447,471
365,447,471
364,447,470
363,448,470
362,448,470
361,448,469
360,449,469
359,449,469
358,449,468
357,450,468
356,450,468
355,450,467
354,450,467
353,451,467
352,451,467
351,451,466
350,452,466
349,452,466
348,452,465
347,453,465
346,453,465
345,453,465
344,453,464
343,454,464
342,454,464
341,454,464
340,455,464
339,455,463
338,455,463
337,455,463
336,456,462
335,456,462
334,457,461
333,459,459
0,0
