0,233
77,68,72
78,65,76
79,64,78
80,64,80
81,63,82
82,63,84
83,64,85
84,64,87
85,65,88
86,65,90
87,65,91
88,65,92
89,66,93
90,66,93
91,67,94
92,67,94
93,67,95
94,68,95
95,68,95
96,69,95
97,69,95
98,70,95
99,70,95
100,70,95
101,71,95
102,71,95
103,71,94
104,71,94
105,71,94
106,72,94
107,72,94
108,72,94
109,72,94
110,72,94
111,72,94
112,73,94
113,73,94
114,73,94
115,73,94
116,73,94
117,73,94
118,73,94
119,73,93
120,73,93
121,73,93
122,73,93
123,74,93
124,74,93
125,74,93
126,74,93
127,74,93
128,74,93
129,74,93
130,74,93
131,74,93
132,74,93
133,74,93
134,74,93
135,74,93
136,74,93
137,74,93
138,74,93
139,74,93
140,74,93
141,74,93
142,74,93
143,74,93
144,74,93
145,75,93
146,75,93
147,75,93
148,75,93
149,75,93
150,75,93
151,75,93
152,75,93
153,75,93
154,75,93
155,75,93
156,75,93
157,75,93
158,75,93
159,75,93
160,75,93
161,75,92
162,75,92
163,75,92
164,75,92
165,74,92
166,74,92
167,74,92
168,74,92
169,74,92
170,74,92
171,74,92
172,74,92
173,74,92
174,74,92
175,74,92
176,74,92
177,74,92
178,74,92
179,74,92
180,74,92
181,74,92
182,74,92
183,74,92
184,74,92
185,74,92
186,74,92
187,74,92
188,74,92
189,74,92
190,74,92
191,74,92
192,74,92
193,74,92
194,74,92
195,74,92
196,74,92
197,74,92
198,74,92
199,74,92
200,73,92
201,73,92
202,73,92
203,73,92
204,73,92
205,73,92
206,73,92
207,73,92
208,73,92
209,73,92
210,73,92
211,73,92
212,73,92
213,73,92
214,73,92
215,72,92
216,72,92
217,72,91
218,72,91
219,72,91
220,72,91
221,72,91
222,72,91
223,72,91
224,72,91
225,72,91
226,71,91
227,71,91
228,71,91
229,71,91
230,71,91
231,71,91
232,71,91
233,71,91
234,70,91
235,70,91
236,70,91
237,70,91
238,70,91
239,70,91
240,70,91
241,69,91
242,69,91
243,69,91
244,69,91
245,69,91
246,69,91
247,68,91
248,68,91
249,68,91
250,68,91
251,68,91
252,67,91
253,67,91
254,67,91
255,67,91
256,67,91
257,66,91
258,66,90
259,66,90
260,66,90
261,65,90
262,65,90
263,65,90
264,65,90
265,65,90
266,64,90
267,64,90
268,64,90
269,64,90
270,64,90
271,63,90
272,63,90
273,63,90
274,63,90
275,63,90
276,63,90
277,63,90
278,63,90
279,63,90
280,63,90
281,63,89
282,63,89
283,63,89
284,63,89
285,64,89
286,64,89
287,64,89
288,64,89
289,65,89
290,65,89
291,65,89
292,66,88
293,66,88
294,67,88
295,67,88
296,67,88
297,68,88
298,68,88
299,69,87
300,69,87
301,70,86
302,71,86
303,71,86
304,72,85
305,73,84
306,73,84
307,74,83
308,76,81
309,78,79
0,0
1,75
75,90,92
76,90,93
77,89,94
78,89,95
79,89,96
80,89,96
81,89,97
82,88,97
83,88,98
84,88,98
85,88,98
86,88,98
87,88,99
88,88,99
89,87,99
90,87,99
91,87,99
92,87,99
93,87,99
94,86,100
95,86,99
96,86,99
97,86,99
98,85,99
99,85,99
100,85,99
101,85,99
102,85,99
103,84,98
104,84,98
105,84,98
106,84,98
107,83,98
108,83,97
109,83,97
110,82,97
111,82,97
112,82,96
113,81,96
114,81,96
115,81,96
116,80,95
117,80,95
118,80,95
119,79,95
120,79,94
121,79,94
122,78,94
123,78,94
124,77,93
125,77,93
126,77,93
127,76,93
128,76,92
129,75,92
130,75,92
131,75,92
132,74,91
133,74,91
134,73,91
135,73,91
136,73,90
137,72,90
138,72,90
139,71,90
140,71,90
141,72,90
142,75,90
143,77,90
144,79,90
145,82,90
146,84,90
147,86,91
148,89,92
149,91,93
0,248
68,150,150
69,144,155
70,141,160
71,140,164
72,141,167
73,141,170
74,141,172
75,142,175
76,142,177
77,143,179
78,143,181
79,144,183
80,144,184
81,144,185
82,145,186
83,145,187
84,146,188
85,146,188
86,146,189
87,147,189
88,147,189
89,148,189
90,148,188
91,149,188
92,149,188
93,150,187
94,150,187
95,151,186
96,151,186
97,151,185
98,151,185
99,152,184
100,152,184
101,152,184
102,152,184
103,152,183
104,153,183
105,153,183
106,153,183
107,153,183
108,153,182
109,153,182
110,153,182
111,153,182
112,153,182
113,154,182
114,154,182
115,154,182
116,154,181
117,154,181
118,154,181
119,154,181
120,154,181
121,154,181
122,154,181
123,154,181
124,154,181
125,154,181
126,154,181
127,155,181
128,155,180
129,155,180
130,155,180
131,155,180
132,155,180
133,155,180
134,155,180
135,155,180
136,155,180
137,155,180
138,155,180
139,155,180
140,155,180
141,155,180
142,155,180
143,155,180
144,155,180
145,155,180
146,155,180
147,155,180
148,155,180
149,155,180
150,155,180
151,155,180
152,155,180
153,155,180
154,156,180
155,156,180
156,156,180
157,156,180
158,156,180
159,156,180
160,156,180
161,156,180
162,156,180
163,156,180
164,156,180
165,156,180
166,156,180
167,156,180
168,156,180
169,156,180
170,156,180
171,156,180
172,156,180
173,156,180
174,156,180
175,156,180
176,156,180
177,156,180
178,156,180
179,156,180
180,156,180
181,156,180
182,156,180
183,156,180
184,156,180
185,156,180
186,156,180
187,156,180
188,156,180
189,156,180
190,156,180
191,156,180
192,156,180
193,156,180
194,156,180
195,156,180
196,156,180
197,156,180
198,155,180
199,155,180
200,155,180
201,155,180
202,155,180
203,155,180
204,155,180
205,155,180
206,155,180
207,155,180
208,155,180
209,155,180
210,155,180
211,155,180
212,155,180
213,155,180
214,155,180
215,155,180
216,155,180
217,155,180
218,155,180
219,155,180
220,155,180
221,155,180
222,155,180
223,155,180
224,155,180
225,155,180
226,155,180
227,155,180
228,155,180
229,155,180
230,155,180
231,154,180
232,154,180
233,154,180
234,154,180
235,154,180
236,154,180
237,154,180
238,154,180
239,154,181
240,154,181
241,154,181
242,154,181
243,154,181
244,154,181
245,154,181
246,154,181
247,154,181
248,154,181
249,153,181
250,153,181
251,153,181
252,153,181
253,153,181
254,153,181
255,153,181
256,153,181
257,153,181
258,153,181
259,153,181
260,153,181
261,153,181
262,152,181
263,152,181
264,152,181
265,152,181
266,152,181
267,152,181
268,152,181
269,151,181
270,150,181
271,150,181
272,148,181
273,143,181
274,140,181
275,140,181
276,139,181
277,139,181
278,140,181
279,140,181
280,140,181
281,140,181
282,141,180
283,141,180
284,142,180
285,142,180
286,142,180
287,143,180
288,143,179
289,144,179
290,145,179
291,145,179
292,146,179
293,146,178
294,147,178
295,147,178
296,148,177
297,148,177
298,149,177
299,150,176
300,150,176
301,151,175
302,152,175
303,152,174
304,153,174
305,154,173
306,154,173
307,155,172
308,156,172
309,156,171
310,157,170
311,158,170
312,159,169
313,160,168
314,162,166
315,164,164
0,0
1,79
78,164,166
79,164,167
80,163,168
81,163,169
82,162,169
83,162,170
84,162,170
85,161,170
86,161,171
87,160,170
88,160,170
89,160,170
90,159,170
91,159,170
92,158,170
93,158,170
94,158,170
95,157,170
96,157,170
97,156,169
98,156,169
99,156,169
100,155,169
101,155,169
102,154,169
103,154,168
104,154,168
105,153,168
106,153,168
107,152,168
108,152,167
109,152,167
110,151,167
111,151,167
112,150,166
113,150,166
114,150,166
115,149,166
116,149,166
117,149,165
118,148,165
119,148,165
120,148,165
121,148,164
122,147,164
123,147,164
124,147,164
125,147,164
126,146,163
127,146,163
128,146,163
129,146,163
130,146,163
131,146,162
132,146,162
133,145,162
134,145,162
135,145,162
136,145,161
137,145,161
138,145,161
139,145,161
140,145,161
141,146,161
142,146,160
143,146,160
144,146,160
145,146,160
146,146,160
147,147,159
148,147,159
149,147,159
150,148,159
151,149,159
152,149,158
153,150,158
154,151,157
155,152,157
156,153,156
0,0
1,89
76,217,219
77,217,220
78,216,221
79,216,222
80,216,223
81,215,223
82,215,224
83,215,224
84,214,224
85,214,224
86,214,224
87,214,224
88,213,224
89,213,225
90,213,224
91,212,224
92,212,224
93,212,224
94,212,224
95,211,224
96,211,224
97,211,224
98,210,223
99,210,223
100,210,223
101,209,223
102,209,223
103,209,223
104,209,223
105,208,222
106,208,222
107,208,222
108,207,222
109,207,222
110,207,222
111,206,222
112,206,221
113,206,221
114,205,221
115,205,221
116,205,221
117,205,221
118,204,220
119,204,220
120,204,220
121,203,220
122,203,220
123,203,220
124,203,220
125,202,219
126,202,219
127,202,219
128,202,219
129,202,219
130,202,219
131,201,219
132,201,218
133,201,218
134,201,218
135,201,218
136,201,218
137,201,218
138,200,218
139,200,217
140,200,217
141,200,217
142,200,217
143,200,217
144,200,217
145,200,217
146,201,216
147,201,216
148,201,216
149,201,216
150,201,216
151,202,216
152,202,216
153,202,216
154,202,215
155,203,215
156,203,215
157,204,215
158,204,215
159,205,215
160,206,214
161,207,214
162,208,213
163,209,213
163,209,212
0,0
1,86
71,284,287
72,283,288
73,283,289
74,283,289
75,282,290
76,282,290
77,282,290
78,282,290
79,282,290
80,281,291
81,281,291
82,281,291
83,281,291
84,280,291
85,280,291
86,280,291
87,280,291
88,279,291
89,279,290
90,279,290
91,279,290
92,278,290
93,278,290
94,278,290
95,278,290
96,277,290
97,277,290
98,277,290
99,277,290
100,276,290
101,276,290
102,276,289
103,276,289
104,275,289
105,275,289
106,275,289
107,275,289
108,274,289
109,274,289
110,274,288
111,274,288
112,273,288
113,273,288
114,273,288
115,273,288
116,272,288
117,272,288
118,272,288
119,272,287
120,272,287
121,271,287
122,271,287
123,271,287
124,271,287
125,271,287
126,271,287
127,271,287
128,271,287
129,270,286
130,270,286
131,270,286
132,270,286
133,270,286
134,270,286
135,270,286
136,270,286
137,270,286
138,271,286
139,271,285
140,271,285
141,271,285
142,271,285
143,271,285
144,272,285
145,272,285
146,272,285
147,273,285
148,273,285
149,274,285
150,274,284
151,275,284
152,276,284
153,277,284
154,278,283
155,279,282
155,279,280
0,0
0,126
284,97,101
285,94,107
286,94,111
287,93,113
288,93,115
289,93,117
290,94,118
291,94,119
292,94,121
293,94,122
294,94,123
295,94,124
296,94,124
297,94,125
298,94,125
299,94,125
300,94,125
301,94,125
302,94,125
303,93,125
304,93,124
305,93,123
306,93,122
307,93,122
308,93,121
309,92,120
310,92,120
311,92,119
312,92,119
313,91,118
314,91,117
315,91,117
316,90,116
317,90,116
318,90,115
319,89,114
320,89,114
321,89,113
322,88,113
323,88,112
324,88,112
325,87,111
326,87,111
327,86,110
328,86,109
329,86,109
330,85,108
331,85,108
332,84,107
333,84,107
334,83,106
335,83,105
336,82,105
337,82,104
338,81,103
339,81,103
340,80,102
341,80,102
342,79,101
343,79,100
344,78,100
345,78,99
346,77,98
347,76,98
348,76,97
349,75,96
350,75,96
351,74,95
352,74,94
353,73,93
354,72,93
355,72,92
356,71,91
357,70,91
358,70,90
359,69,89
360,68,88
361,68,88
362,67,87
363,66,86
364,65,85
365,65,85
366,64,84
367,63,83
368,62,82
369,62,81
370,61,81
371,60,80
372,59,79
373,59,78
374,58,77
375,57,76
376,56,75
377,55,74
378,54,73
379,53,72
380,53,71
381,52,70
382,51,70
383,50,68
384,49,67
385,48,66
386,47,65
387,46,64
388,46,63
389,45,61
390,44,60
391,43,59
392,42,58
393,41,56
394,40,55
395,39,54
396,38,53
397,37,51
398,37,50
399,36,48
400,35,47
401,34,45
402,33,44
403,32,42
404,31,40
405,30,39
406,29,37
407,28,35
408,29,33
409,31,31
0,0
0,45
318,133,137
319,132,139
320,131,142
321,131,144
322,131,146
323,131,148
324,131,149
325,132,151
326,132,153
327,133,154
328,133,156
329,134,158
330,134,159
331,135,161
332,136,162
333,137,163
334,138,164
335,138,165
336,139,166
337,140,167
338,141,168
339,141,169
340,142,169
341,143,170
342,144,170
343,145,170
344,145,170
345,146,171
346,147,171
347,148,171
348,148,171
349,149,171
350,150,171
351,150,171
352,151,171
353,152,171
354,153,170
355,153,170
356,154,170
357,155,170
358,155,169
359,156,169
360,157,168
361,159,167
362,161,165
0,0
0,93
17,288,290
18,284,294
19,284,296
20,283,298
21,283,300
22,283,302
23,283,303
24,283,305
25,284,306
26,284,307
27,285,308
28,285,310
29,285,311
30,285,312
31,285,313
32,285,314
33,285,315
34,285,315
35,285,316
36,285,317
37,285,317
38,284,317
39,284,317
40,284,317
41,284,317
42,283,317
43,283,317
44,283,317
45,282,316
46,282,315
47,281,314
48,281,313
49,280,312
50,280,311
51,280,310
52,279,309
53,279,308
54,278,308
55,278,307
56,277,306
57,277,305
58,276,305
59,276,304
60,275,303
61,275,302
62,274,302
63,274,301
64,273,300
65,273,299
66,272,299
67,272,298
68,271,297
69,270,296
70,270,295
71,269,295
72,269,294
73,268,293
74,267,292
75,267,291
76,266,290
77,266,289
78,265,288
79,265,288
80,264,287
81,263,286
82,263,285
83,262,284
84,261,283
85,261,282
86,260,281
87,259,280
88,259,279
89,258,278
90,257,277
91,257,275
92,256,274
93,255,273
94,255,272
95,254,271
96,253,270
97,253,268
98,252,267
99,251,266
100,251,265
101,250,263
102,249,262
103,248,261
104,247,259
105,247,258
106,246,256
107,246,255
108,246,253
109,246,251
0,0
1,66
288,63,65
289,62,67
290,62,68
291,62,69
292,62,69
293,62,70
294,62,70
295,62,71
296,62,71
297,62,71
298,62,72
299,62,72
300,61,72
301,61,72
302,61,72
303,61,73
304,61,72
305,61,72
306,60,72
307,60,72
308,60,72
309,60,72
310,60,72
311,60,72
312,59,72
313,59,72
314,59,72
315,59,71
316,58,71
317,58,71
318,58,71
319,58,71
320,57,71
321,57,70
322,57,70
323,57,70
324,56,70
325,56,70
326,56,70
327,56,69
328,55,69
329,55,69
330,55,69
331,54,69
332,54,68
333,54,68
334,54,68
335,53,68
336,53,68
337,53,68
338,52,68
339,52,68
340,52,68
341,52,68
342,51,68
343,51,68
344,51,68
345,50,66
346,50,64
347,50,61
348,49,59
349,49,57
350,49,54
351,48,52
352,48,50
353,47,47
0,87
46,356,360
47,354,364
48,352,367
49,352,369
50,351,371
51,351,372
52,351,374
53,350,376
54,350,377
55,349,379
56,349,380
57,348,381
58,348,383
59,348,384
60,347,385
61,347,386
62,346,387
63,346,388
64,345,388
65,345,389
66,345,389
67,344,389
68,344,389
69,344,388
70,344,387
71,343,386
72,343,384
73,342,382
74,342,381
75,342,379
76,341,378
77,341,376
78,340,375
79,340,373
80,339,372
81,338,370
82,338,369
83,337,368
84,337,367
85,336,365
86,336,364
87,335,363
88,335,362
89,334,361
90,333,359
91,333,358
92,332,357
93,332,356
94,331,355
95,330,354
96,330,353
97,329,351
98,328,350
99,328,349
100,327,348
101,327,347
102,326,346
103,325,345
104,325,344
105,324,343
106,323,342
107,323,341
108,322,340
109,321,339
110,321,338
111,320,337
112,319,336
113,319,335
114,318,334
115,317,333
116,317,332
117,316,331
118,315,330
119,314,329
120,314,328
121,313,327
122,312,325
123,312,324
124,311,323
125,310,322
126,310,321
127,309,320
128,309,318
129,308,317
130,308,316
131,308,314
132,309,312
0,0
1,230
198,136,137
199,135,138
200,135,139
201,134,140
202,134,140
203,134,141
204,134,142
205,134,142
206,133,143
207,133,143
208,133,144
209,133,144
210,133,145
211,133,145
212,133,146
213,133,146
214,133,146
215,133,147
216,133,147
217,133,147
218,133,148
219,133,148
220,133,148
221,133,148
222,133,148
223,133,148
224,133,148
225,133,149
226,133,149
227,132,149
228,132,149
229,132,150
230,132,149
231,132,149
232,132,149
233,132,149
234,132,149
235,132,149
236,132,148
237,132,148
238,132,148
239,132,148
240,132,148
241,132,148
242,132,148
243,132,148
244,131,148
245,131,148
246,131,147
247,131,147
248,131,147
249,131,147
250,131,147
251,131,147
252,131,147
253,131,146
254,131,146
255,131,146
256,131,146
257,131,146
258,130,146
259,130,146
260,130,146
261,130,145
262,130,145
263,130,145
264,130,145
265,130,145
266,130,145
267,130,145
268,129,144
269,129,144
270,129,144
271,129,144
272,129,144
273,129,144
274,129,144
275,129,144
276,129,143
277,128,143
278,128,143
279,128,143
280,128,143
281,128,143
282,128,143
283,128,143
284,128,142
285,127,142
286,127,142
287,127,142
288,127,142
289,127,142
290,127,142
291,127,141
292,127,141
293,126,141
294,126,141
295,126,141
296,126,141
297,126,141
298,126,141
299,125,140
300,125,140
301,125,140
302,125,140
303,125,140
304,125,140
305,125,140
306,124,140
307,124,139
308,124,139
309,124,139
310,124,139
311,124,139
312,123,139
313,123,139
314,123,138
315,123,138
316,123,138
317,123,138
318,122,138
319,122,138
320,122,138
321,122,138
322,122,137
323,121,137
324,121,137
325,121,137
326,121,137
327,121,137
328,120,137
329,120,136
330,120,136
331,120,136
332,120,136
333,120,136
334,119,136
335,119,136
336,119,136
337,119,135
338,119,135
339,118,135
340,118,135
341,118,135
342,118,135
343,118,135
344,117,134
345,117,134
346,117,134
347,117,134
348,117,134
349,116,134
350,116,134
351,116,133
352,116,133
353,115,133
354,115,133
355,115,133
356,115,133
357,114,133
358,114,132
359,114,132
360,114,132
361,114,132
362,113,132
363,113,132
364,113,132
365,113,132
366,112,131
367,112,131
368,112,131
369,112,131
370,111,131
371,111,131
372,111,131
373,111,130
374,110,130
375,110,130
376,110,130
377,110,130
378,109,130
379,109,130
380,109,129
381,109,129
382,108,129
383,108,129
384,108,129
385,108,129
386,107,128
387,107,128
388,107,128
389,107,128
390,106,128
391,106,128
392,106,127
393,106,127
394,106,127
395,105,127
396,105,127
397,105,127
398,105,126
399,105,126
400,105,126
401,105,126
402,104,126
403,105,126
404,105,125
405,105,125
406,105,125
407,105,125
408,105,125
409,105,125
410,105,124
411,106,124
412,106,124
413,106,124
414,106,123
415,107,123
416,107,123
417,107,123
418,108,122
419,108,122
420,109,122
421,109,122
422,110,121
423,110,121
424,111,120
425,112,120
426,113,119
427,114,117
0,0
0,310
134,214,214
135,210,217
136,208,221
137,207,224
138,206,226
139,205,228
140,205,230
141,205,232
142,205,233
143,206,235
144,206,236
145,207,238
146,207,239
147,208,240
148,209,241
149,209,242
150,210,243
151,210,243
152,211,244
153,212,245
154,212,245
155,213,246
156,213,246
157,213,246
158,214,246
159,214,246
160,214,246
161,214,245
162,215,245
163,215,245
164,215,244
165,215,244
166,215,244
167,215,243
168,215,243
169,215,243
170,215,243
171,215,243
172,215,243
173,215,242
174,215,242
175,215,242
176,215,242
177,215,242
178,215,242
179,215,242
180,215,241
181,215,241
182,215,241
183,215,241
184,215,241
185,215,241
186,215,241
187,215,241
188,215,241
189,214,241
190,214,240
191,214,240
192,214,240
193,214,240
194,214,240
195,214,240
196,214,240
197,214,240
198,214,240
199,214,240
200,214,240
201,214,239
202,214,239
203,214,239
204,214,239
205,214,239
206,214,239
207,214,239
208,214,239
209,214,239
210,214,239
211,214,239
212,214,239
213,214,239
214,214,238
215,213,238
216,213,238
217,213,238
218,213,238
219,213,238
220,213,238
221,213,238
222,213,238
223,213,238
224,213,238
225,213,238
226,213,237
227,213,237
228,213,237
229,213,237
230,212,237
231,212,237
232,212,237
233,212,237
234,212,237
235,212,236
236,212,236
237,212,236
238,212,236
239,212,236
240,211,236
241,211,236
242,211,236
243,211,235
244,211,235
245,211,235
246,211,235
247,211,235
248,211,235
249,210,235
250,210,234
251,210,234
252,210,234
253,210,234
254,210,234
255,210,233
256,209,233
257,209,233
258,209,233
259,209,233
260,209,233
261,209,232
262,209,232
263,208,232
264,208,232
265,208,232
266,208,231
267,208,231
268,208,231
269,208,231
270,207,231
271,207,231
272,207,230
273,207,230
274,207,230
275,206,230
276,206,229
277,206,229
278,206,229
279,206,229
280,206,229
281,205,228
282,205,228
283,205,228
284,205,228
285,205,228
286,204,227
287,204,227
288,204,227
289,204,227
290,203,226
291,203,226
292,203,226
293,203,226
294,203,225
295,202,225
296,202,225
297,202,225
298,202,224
299,201,224
300,201,224
301,201,224
302,201,223
303,201,223
304,200,223
305,200,223
306,200,222
307,199,222
308,199,222
309,199,222
310,199,221
311,198,221
312,198,221
313,198,220
314,197,220
315,197,220
316,197,219
317,197,219
318,196,219
319,196,218
320,196,218
321,195,218
322,195,218
323,195,217
324,195,217
325,194,217
326,194,216
327,194,216
328,193,216
329,193,215
330,193,215
331,192,215
332,192,214
333,192,214
334,191,214
335,191,213
336,191,213
337,190,212
338,190,212
339,190,212
340,189,211
341,189,211
342,189,211
343,188,210
344,188,210
345,188,210
346,187,209
347,187,209
348,186,208
349,186,208
350,186,208
351,185,207
352,185,207
353,184,206
354,184,206
355,184,206
356,183,205
357,183,205
358,182,204
359,182,204
360,182,203
361,181,203
362,181,203
363,180,202
364,180,202
365,179,201
366,179,201
367,179,200
368,178,200
369,178,199
370,177,199
371,177,199
372,176,198
373,176,197
374,175,197
375,175,197
376,174,196
377,174,196
378,173,195
379,173,195
380,172,194
381,172,194
382,171,193
383,171,192
384,170,192
385,170,192
386,169,191
387,169,190
388,168,190
389,168,189
390,167,189
391,167,188
392,166,188
393,165,187
394,165,186
395,164,186
396,164,185
397,163,185
398,163,184
399,162,183
400,161,183
401,161,182
402,160,181
403,160,181
404,159,180
405,158,179
406,158,178
407,157,178
408,157,177
409,156,176
410,156,175
411,155,175
412,154,174
413,154,173
414,153,172
415,153,171
416,152,170
417,151,169
418,151,169
419,150,168
420,150,167
421,149,166
422,148,165
423,148,164
424,147,163
425,147,162
426,146,161
427,145,161
428,145,160
429,144,159
430,144,158
431,143,157
432,142,156
433,142,155
434,141,154
435,141,153
436,140,152
437,139,151
438,139,150
439,139,149
440,138,148
441,138,147
442,138,145
443,139,143
0,0
0,79
139,288,288
140,283,293
141,281,298
142,280,300
143,280,302
144,280,304
145,280,305
146,281,306
147,281,307
148,281,308
149,282,309
150,282,309
151,282,309
152,282,309
153,282,309
154,282,308
155,282,308
156,282,307
157,282,306
158,282,306
159,282,305
160,281,305
161,281,304
162,281,304
163,281,303
164,281,303
165,281,302
166,280,302
167,280,302
168,280,301
169,280,301
170,280,300
171,279,300
172,279,299
173,279,298
174,278,298
175,278,297
176,278,297
177,277,296
178,277,296
179,277,295
180,277,294
181,276,294
182,276,293
183,275,293
184,275,292
185,274,291
186,274,291
187,274,290
188,273,290
189,273,289
190,272,288
191,272,288
192,271,287
193,270,286
194,270,285
195,269,285
196,269,284
197,268,283
198,268,282
199,267,281
200,267,280
201,266,280
202,265,279
203,265,278
204,264,277
205,264,276
206,263,275
207,262,273
208,262,272
209,261,271
210,261,270
211,260,269
212,259,267
213,259,266
214,258,265
215,258,263
216,257,262
217,257,260
0,0
0,64
126,352,352
127,348,356
128,347,359
129,346,361
130,346,363
131,346,364
132,346,365
133,346,367
134,346,368
135,346,369
136,346,370
137,347,371
138,347,371
139,347,372
140,347,372
141,347,373
142,348,373
143,348,373
144,348,373
145,348,373
146,348,373
147,348,372
148,348,372
149,348,371
150,348,371
151,348,370
152,348,370
153,348,369
154,348,369
155,348,369
156,348,368
157,348,368
158,348,368
159,348,368
160,348,367
161,348,367
162,348,367
163,348,367
164,348,367
165,348,367
166,348,367
167,348,367
168,348,367
169,348,367
170,348,367
171,348,367
172,348,367
173,348,367
174,348,368
175,349,368
176,349,368
177,349,368
178,349,368
179,349,369
180,349,369
181,349,370
182,350,371
183,350,371
184,351,368
185,351,366
186,352,363
187,353,360
188,354,358
189,355,355
1,106
355,189,189
356,189,190
357,188,191
358,188,192
359,188,193
360,187,194
361,187,194
362,187,195
363,186,195
364,186,196
365,185,196
366,185,197
367,185,197
368,184,197
369,184,198
370,184,198
371,183,198
372,183,199
373,184,199
374,184,199
375,184,199
376,184,199
377,185,200
378,185,200
379,185,200
380,185,200
381,185,200
382,185,200
383,185,200
384,185,198
384,185,200
385,185,198
385,185,200
386,185,198
386,185,200
387,185,198
387,185,200
388,185,198
388,184,200
389,185,198
389,184,200
390,185,198
390,184,200
391,185,198
391,184,201
392,185,198
392,184,200
393,185,198
393,183,200
394,185,198
394,183,200
395,185,198
395,182,200
396,185,198
396,182,200
397,185,198
397,182,200
398,185,198
398,181,200
399,185,198
399,181,200
400,185,198
400,180,200
401,185,198
401,180,200
402,185,198
402,179,200
403,185,198
403,178,200
404,185,198
404,178,200
405,177,199
406,176,199
407,175,199
408,175,199
409,175,199
410,174,199
411,174,199
412,174,199
413,174,198
414,174,198
415,174,198
416,173,198
417,174,198
418,174,198
419,174,197
420,175,197
421,175,197
422,176,197
423,176,196
424,176,196
425,177,196
426,177,196
427,178,195
428,178,195
429,179,195
430,179,194
431,180,194
432,180,194
433,181,193
434,182,192
435,182,192
436,183,191
437,184,190
438,186,188
438,186,186
0,0
0,39
198,311,315
199,310,319
200,309,323
201,309,325
202,309,328
203,309,330
204,310,333
205,310,335
206,310,337
207,311,339
208,311,341
209,312,342
210,313,343
211,314,345
212,315,346
213,316,347
214,317,348
215,317,348
216,318,349
217,319,349
218,320,350
219,321,350
220,322,350
221,323,351
222,324,351
223,325,351
224,326,351
225,327,351
226,328,351
227,329,351
228,330,351
229,330,351
230,332,351
231,333,351
232,334,350
233,336,350
234,337,349
235,341,347
236,344,344
0,0
1,230
234,252,252
235,251,254
236,250,255
237,250,256
238,250,257
239,250,258
240,249,259
241,249,260
242,249,260
243,249,261
244,249,261
245,249,262
246,249,262
247,248,263
248,248,263
249,248,263
250,248,264
251,248,264
252,248,264
253,248,264
254,248,265
255,247,265
256,247,265
257,247,265
258,247,266
259,247,265
260,247,265
261,247,265
262,246,265
263,246,265
264,246,264
265,246,264
266,246,264
267,246,264
268,246,263
269,245,263
270,245,263
271,245,263
272,245,262
273,245,262
274,245,262
275,245,262
276,244,261
277,244,261
278,244,261
279,244,261
280,244,260
281,244,260
282,244,260
283,243,260
284,243,260
285,243,259
286,243,259
287,243,259
288,243,259
289,243,258
290,243,258
291,242,258
292,242,258
293,242,258
294,242,257
295,242,257
296,242,257
297,242,257
298,241,257
299,241,256
300,241,256
301,241,256
302,241,256
303,241,256
304,240,255
305,240,255
306,240,255
307,240,255
308,240,255
309,240,254
310,240,254
311,239,254
312,239,254
313,239,254
314,239,254
315,239,253
316,239,253
317,239,253
318,239,253
319,238,253
320,238,253
321,238,252
322,238,252
323,238,252
324,238,252
325,237,252
326,237,252
327,237,252
328,237,251
329,237,251
330,237,251
331,237,251
332,236,251
333,236,251
334,236,251
335,236,251
336,236,250
337,236,250
338,236,250
339,235,250
340,235,250
341,235,250
342,235,250
343,235,249
344,235,249
345,235,249
346,234,249
347,234,249
348,234,249
349,234,249
350,234,249
351,234,249
352,233,248
353,233,248
354,233,248
355,233,248
356,233,248
357,233,248
358,232,248
359,232,248
360,232,248
361,232,248
362,232,248
363,232,248
364,232,247
365,231,247
366,231,247
367,231,247
368,231,247
369,231,247
370,230,247
371,230,247
372,230,247
373,230,247
374,230,247
375,230,247
376,230,247
377,229,247
378,229,247
379,229,247
380,229,247
381,229,247
382,229,246
383,228,246
384,228,246
385,228,246
386,228,246
387,228,246
388,227,246
389,227,246
390,227,246
391,227,246
392,227,246
393,227,246
394,226,246
395,226,246
396,226,246
397,226,246
398,226,246
399,225,246
400,225,246
401,225,246
402,225,246
403,225,246
404,224,246
405,224,246
406,224,246
407,224,246
408,224,246
409,223,246
410,223,246
411,223,246
412,223,246
413,223,246
414,222,246
415,222,246
416,222,246
417,222,246
418,222,246
419,221,246
420,221,246
421,221,246
422,221,246
423,221,246
424,220,246
425,220,246
426,220,246
427,220,246
428,220,246
429,220,246
430,220,246
431,220,246
432,220,246
433,220,246
434,220,246
435,221,246
436,221,246
437,221,246
438,221,246
439,222,246
440,222,246
441,223,246
442,223,246
443,223,246
444,224,246
445,224,246
446,225,246
447,225,246
448,226,246
449,227,246
450,227,246
451,228,246
452,228,246
453,229,246
454,230,245
455,231,245
456,231,245
457,232,245
458,233,245
459,234,245
460,235,244
461,236,244
462,237,243
463,239,242
0,0
1,104
274,287,288
275,286,289
276,286,290
277,285,290
278,285,291
279,285,292
280,285,292
281,285,293
282,284,293
283,284,294
284,284,294
285,284,295
286,284,295
287,284,295
288,284,296
289,284,296
290,284,296
291,284,297
292,283,297
293,283,297
294,283,297
295,283,297
296,283,297
297,283,297
298,283,298
299,283,298
300,283,298
301,283,298
302,283,298
303,282,298
304,282,298
305,282,298
306,282,298
307,282,298
308,282,298
309,282,297
310,281,297
311,281,297
312,281,297
313,281,297
314,281,297
315,281,296
316,280,296
317,280,296
318,280,296
319,280,296
320,280,296
321,279,295
322,279,295
323,279,295
324,279,295
325,278,295
326,278,295
327,278,294
328,278,294
329,277,294
330,277,294
331,277,294
332,277,294
333,276,293
334,276,293
335,276,293
336,276,293
337,275,293
338,275,293
339,275,292
340,275,292
341,274,292
342,274,292
343,274,292
344,273,292
345,273,291
346,273,291
347,273,291
348,272,291
349,272,291
350,272,291
351,272,290
352,272,290
353,272,290
354,272,290
355,272,290
356,272,290
357,272,289
358,271,289
359,272,289
360,272,289
361,272,289
362,273,288
363,273,288
364,273,288
365,273,288
366,274,288
367,274,287
368,274,287
369,275,287
370,275,287
371,276,287
372,276,286
373,277,286
374,277,286
375,278,285
376,279,284
376,279,282
0,0
1,108
274,330,332
275,329,332
276,328,333
277,328,334
278,328,334
279,328,335
280,327,335
281,327,336
282,327,336
283,327,336
284,327,337
285,327,337
286,327,337
287,326,338
288,326,338
289,326,338
290,326,339
291,326,339
292,326,339
293,326,339
294,326,339
295,325,339
296,325,340
297,325,340
298,325,340
299,325,340
300,325,340
301,324,340
302,324,340
303,324,340
304,324,340
305,324,339
306,324,339
307,323,339
308,323,339
309,323,339
310,323,339
311,323,338
312,322,338
313,322,338
314,322,338
315,322,338
316,322,337
317,321,337
318,321,337
319,321,337
320,320,336
321,320,336
322,320,336
323,320,336
324,319,336
325,319,335
326,319,335
327,319,335
328,318,335
329,318,334
330,318,334
331,317,334
332,317,334
333,317,334
334,317,333
335,316,333
336,316,333
337,316,333
338,315,333
339,315,332
340,315,332
341,314,332
342,314,332
343,314,331
344,313,331
345,313,331
346,313,331
347,312,331
348,312,330
349,312,330
350,311,330
351,311,330
352,311,329
353,311,329
354,311,329
355,310,329
356,310,329
357,310,328
358,310,328
359,310,328
360,310,328
361,309,327
362,310,327
363,310,327
364,310,327
365,310,326
366,311,326
367,311,326
368,311,326
369,311,325
370,311,325
371,312,325
372,312,325
373,312,325
374,313,324
375,313,324
376,313,324
377,314,323
378,315,323
379,315,322
380,316,321
381,319,319
0,0
0,92
365,257,259
366,254,267
367,253,272
368,253,275
369,253,278
370,253,280
371,253,281
372,254,282
373,254,283
374,254,284
375,255,284
376,255,284
377,256,285
378,256,285
379,257,285
380,257,285
381,258,285
382,258,285
383,259,285
384,259,285
385,259,285
386,260,285
387,260,285
388,261,285
389,261,286
390,261,286
391,262,286
392,262,286
393,263,286
394,263,286
395,263,286
396,264,286
397,264,286
398,264,287
399,265,287
400,265,287
401,265,287
402,266,287
403,266,287
404,266,287
405,267,288
406,267,288
407,267,288
408,267,288
409,268,288
410,268,288
411,268,288
412,268,289
413,268,289
414,269,289
415,269,289
416,269,289
417,269,289
418,270,289
419,270,290
420,270,290
421,270,290
422,270,290
423,271,290
424,271,290
425,271,290
426,271,290
427,271,290
428,272,291
429,272,291
430,272,291
431,272,291
432,272,291
433,273,291
434,273,291
435,273,291
436,273,291
437,274,291
438,274,291
439,274,291
440,275,292
441,275,292
442,276,292
443,276,292
444,276,292
445,277,292
446,277,291
447,278,291
448,279,291
449,279,291
450,280,291
451,281,291
452,282,291
453,283,290
454,284,290
455,285,289
456,288,288
0,0
1,114
258,372,373
259,371,375
260,370,376
261,370,376
262,370,377
263,369,378
264,369,378
265,369,379
266,369,379
267,369,380
268,369,380
269,369,381
270,369,381
271,369,381
272,369,381
273,369,382
274,369,382
275,368,382
276,368,382
277,368,382
278,368,382
279,368,383
280,368,382
281,368,382
282,368,382
283,368,382
284,368,382
285,367,381
286,367,381
287,367,381
288,367,381
289,367,381
290,367,380
291,367,380
292,367,380
293,367,380
294,366,379
295,366,379
296,366,379
297,366,379
298,366,379
299,366,379
300,366,379
301,366,378
302,365,378
303,365,378
304,365,378
305,365,378
306,365,378
307,365,377
308,364,377
309,364,377
310,364,377
311,364,377
312,364,377
313,364,376
314,363,376
315,363,376
316,363,376
317,363,376
318,363,376
319,363,376
320,362,375
321,362,375
322,362,375
323,362,375
324,361,375
325,361,375
326,361,374
327,361,374
328,361,374
329,360,374
330,360,374
331,360,374
332,360,373
333,359,373
334,359,373
335,359,373
336,359,373
337,358,373
338,358,373
339,358,372
340,358,372
341,357,372
342,357,372
343,357,372
344,357,371
345,356,371
346,356,371
347,356,371
348,355,371
349,355,371
350,355,371
351,354,370
352,354,370
353,354,370
354,353,370
355,353,370
356,353,370
357,352,370
358,352,370
359,352,370
360,351,370
361,351,370
362,351,370
363,350,370
364,350,370
365,350,370
366,349,370
367,350,370
368,356,370
369,361,371
370,367,372
370,371,372
0,77
348,371,372
349,366,380
350,367,383
351,367,386
352,367,388
353,367,390
354,367,392
355,367,394
356,368,396
357,368,397
358,368,399
359,368,401
360,368,402
361,369,404
362,369,405
363,369,407
364,369,408
365,369,409
366,369,410
367,370,412
368,370,413
369,370,414
370,370,415
371,370,415
372,370,416
373,371,416
374,371,417
375,372,417
376,372,417
377,372,417
378,372,417
379,372,417
380,372,417
381,372,416
382,372,416
383,371,415
384,371,414
385,371,413
386,371,412
387,371,410
388,371,409
389,370,408
390,370,406
391,370,405
392,370,404
393,369,403
394,369,403
395,369,402
396,369,401
397,368,400
398,368,399
399,368,399
400,368,398
401,367,397
402,367,397
403,367,396
404,366,395
405,366,395
406,366,394
407,366,394
408,365,393
409,365,393
410,365,392
411,364,392
412,364,391
413,364,390
414,363,390
415,363,390
416,362,389
417,362,388
418,362,388
419,361,387
420,361,387
421,361,386
422,360,386
423,360,385
424,360,360
0,0
1,120
280,430,433
281,430,435
282,429,436
283,429,437
284,429,438
285,429,439
286,429,439
287,428,440
288,428,440
289,428,441
290,428,441
291,428,441
292,428,441
293,428,442
294,428,442
295,428,442
296,427,441
297,427,441
298,427,441
299,427,441
300,427,441
301,427,441
302,427,440
303,427,440
304,426,440
305,426,440
306,426,440
307,426,439
308,426,439
309,426,439
310,425,439
311,425,439
312,425,439
313,425,439
314,425,438
315,425,438
316,424,438
317,424,438
318,424,438
319,424,438
320,424,437
321,424,437
322,423,437
323,423,437
324,423,437
325,423,437
326,423,437
327,423,436
328,422,436
329,422,436
330,422,436
331,422,436
332,422,436
333,421,436
334,421,436
335,421,435
336,421,435
337,421,435
338,420,435
339,420,435
340,420,435
341,420,435
342,420,435
343,419,434
344,419,434
345,419,434
346,419,434
347,418,434
348,418,434
349,418,434
350,418,434
351,418,434
352,417,433
353,417,433
354,417,433
355,417,433
356,416,433
357,416,433
358,416,433
359,416,433
360,416,433
361,415,433
362,415,433
363,415,432
364,415,432
365,414,432
366,414,432
367,414,432
368,414,432
369,414,432
370,414,432
371,413,432
372,413,432
373,413,432
374,413,432
375,413,431
376,413,431
377,413,431
378,413,431
379,414,431
380,414,431
381,414,431
382,414,431
383,415,431
384,415,431
385,415,431
386,416,431
387,416,431
388,417,430
389,417,430
390,418,430
391,418,430
392,419,430
393,420,430
394,421,430
395,422,430
396,422,429
397,424,429
398,425,428
398,425,427
0,0
