0,99
82,72,80
83,70,87
84,70,91
85,69,95
86,69,97
87,69,99
88,70,101
89,70,102
90,70,103
91,71,104
92,71,104
93,72,104
94,72,105
95,73,105
96,73,105
97,74,105
98,74,105
99,75,105
100,75,105
101,76,105
102,76,105
103,76,105
104,77,106
105,77,106
106,78,106
107,78,106
108,79,106
109,79,106
110,79,106
111,80,106
112,80,106
113,80,107
114,81,107
115,81,107
116,82,107
117,82,107
118,82,107
119,83,107
120,83,107
121,83,108
122,83,108
123,84,108
124,84,108
125,84,108
126,85,108
127,85,108
128,85,109
129,85,109
130,86,109
131,86,109
132,86,109
133,86,109
134,87,109
135,87,109
136,87,110
137,87,110
138,88,110
139,88,110
140,88,110
141,88,110
142,88,110
143,89,111
144,89,111
145,89,111
146,89,111
147,89,111
148,90,111
149,90,111
150,90,111
151,90,112
152,90,112
153,91,112
154,91,112
155,91,112
156,91,112
157,92,112
158,92,112
159,92,112
160,93,112
161,93,112
162,93,112
163,94,112
164,94,112
165,94,112
166,95,112
167,95,112
168,96,112
169,96,112
170,97,112
171,97,112
172,98,112
173,99,112
174,99,112
175,100,112
176,101,111
177,102,111
178,103,111
179,104,110
180,106,109
0,0
1,94
78,88,90
79,88,92
80,88,93
81,87,93
82,87,94
83,87,95
84,87,96
85,87,96
86,87,97
87,87,97
88,87,98
89,87,98
90,87,98
91,87,99
92,87,99
93,87,99
94,86,99
95,86,100
96,86,99
97,86,99
98,86,99
99,86,99
100,86,99
101,86,99
102,85,99
103,85,99
104,85,99
105,85,99
106,85,99
107,85,98
108,85,98
109,85,98
110,85,98
111,84,98
112,84,97
113,84,97
114,84,97
115,84,97
116,84,97
117,83,96
118,83,96
119,83,96
120,83,96
121,83,96
122,82,96
123,82,95
124,82,95
125,82,95
126,82,95
127,81,95
128,81,94
129,81,94
130,81,94
131,81,94
132,80,94
133,80,93
134,80,93
135,80,93
136,79,93
137,79,93
138,79,93
139,78,92
140,78,92
141,78,92
142,77,92
143,77,92
144,77,92
145,76,91
146,76,91
147,76,91
148,75,91
149,75,91
150,74,91
151,74,91
152,74,90
153,73,90
154,73,90
155,72,90
156,72,90
157,71,90
158,71,90
159,70,90
160,86,90
160,70,91
161,86,90
161,69,91
162,86,90
162,69,91
163,86,90
163,68,92
164,86,90
164,68,93
165,82,94
165,93,94
0,88
66,168,174
67,166,178
68,163,180
69,163,182
70,164,184
71,164,185
72,164,187
73,164,188
74,164,190
75,164,191
76,164,193
77,164,194
78,164,196
79,164,198
80,164,199
81,164,201
82,164,202
83,164,204
84,165,205
85,165,207
86,165,207
87,165,208
88,165,209
89,165,209
90,165,209
91,165,209
92,165,209
93,165,209
94,165,209
95,166,208
96,166,208
97,167,207
98,167,206
99,167,206
100,167,205
101,167,204
102,167,203
103,167,202
104,167,201
105,167,201
106,167,200
107,166,199
108,166,199
109,166,198
110,166,197
111,166,197
112,166,196
113,166,196
114,165,195
115,165,195
116,165,194
117,165,194
118,164,193
119,164,193
120,164,193
121,164,192
122,164,192
123,163,191
124,163,191
125,163,191
126,163,190
127,163,190
128,162,190
129,162,189
130,162,189
131,162,189
132,162,188
133,161,188
134,161,188
135,161,187
136,161,187
137,161,187
138,160,186
139,160,186
140,160,186
141,160,186
142,160,185
143,159,185
144,159,185
145,159,185
146,159,184
147,159,184
148,158,184
149,158,183
150,158,183
151,158,183
152,158,183
153,182,183
0,0
1,95
100,159,161
101,158,163
102,158,164
103,157,165
104,157,166
105,157,167
106,157,167
107,156,168
108,156,168
109,156,169
110,156,169
111,156,169
112,155,169
113,155,169
114,155,170
115,155,169
116,155,169
117,154,169
118,154,169
119,154,168
120,154,168
121,154,168
122,153,168
123,153,168
124,153,167
125,153,167
126,152,167
127,152,166
128,152,166
129,152,166
130,151,166
131,151,166
132,151,165
133,151,165
134,150,165
135,150,165
136,150,165
137,150,164
138,149,164
139,149,164
140,149,164
141,149,164
142,148,164
143,148,163
144,148,163
145,147,163
146,147,163
147,147,163
148,146,163
149,146,162
150,146,162
151,146,162
152,145,162
153,145,162
154,145,162
155,145,161
156,144,161
157,144,161
158,144,161
159,143,161
160,143,161
161,143,161
162,142,160
163,142,160
164,142,160
165,142,160
166,142,160
167,141,160
168,141,160
169,141,159
170,141,159
171,141,159
172,141,159
173,141,159
174,141,159
175,142,159
176,142,159
177,142,158
178,142,158
179,142,158
180,143,158
181,143,158
182,143,158
183,144,158
184,144,158
185,145,158
186,146,157
187,146,157
188,147,157
189,148,157
190,148,157
191,149,156
192,150,156
193,151,155
194,153,153
0,0
0,162
161,127,127
162,123,132
163,121,135
164,121,137
165,120,139
166,120,140
167,121,142
168,121,143
169,121,145
170,122,146
171,122,147
172,122,148
173,123,149
174,123,150
175,124,151
176,124,152
177,125,152
178,125,153
179,126,153
180,126,154
181,126,154
182,127,154
183,127,154
184,127,154
185,127,154
186,128,154
187,128,154
188,128,154
189,128,153
190,128,153
191,128,153
192,128,153
193,128,153
194,128,153
195,128,153
196,129,153
197,129,153
198,129,153
199,129,153
200,129,153
201,129,153
202,129,153
203,129,153
204,129,152
205,129,152
206,129,152
207,129,152
208,129,152
209,129,152
210,129,152
211,129,152
212,129,152
213,129,152
214,129,152
215,129,152
216,129,152
217,129,152
218,129,152
219,129,152
220,129,152
221,129,152
222,129,152
223,129,152
224,129,152
225,129,151
226,129,151
227,129,151
228,129,151
229,129,151
230,129,151
231,129,151
232,129,151
233,129,151
234,129,151
235,129,151
236,129,151
237,129,151
238,128,151
239,128,151
240,128,151
241,128,151
242,128,151
243,128,151
244,128,151
245,128,150
246,128,150
247,128,150
248,128,150
249,128,150
250,128,150
251,128,150
252,128,150
253,128,150
254,128,150
255,128,150
256,128,150
257,128,150
258,128,150
259,128,150
260,128,150
261,128,150
262,128,150
263,128,150
264,128,150
265,128,150
266,128,149
267,128,149
268,128,149
269,128,149
270,128,149
271,128,149
272,128,149
273,128,149
274,128,149
275,128,149
276,128,149
277,128,149
278,128,149
279,128,149
280,128,149
281,128,149
282,128,149
283,128,149
284,128,149
285,128,149
286,128,148
287,128,148
288,128,148
289,128,148
290,128,148
291,128,148
292,128,148
293,128,148
294,128,148
295,128,148
296,128,148
297,128,148
298,128,148
299,128,148
300,128,148
301,128,148
302,128,148
303,128,148
304,128,148
305,128,148
306,128,148
307,128,148
308,128,147
309,128,147
310,128,147
311,128,147
312,128,147
313,128,147
314,128,147
315,128,147
316,128,147
317,128,147
318,128,147
319,128,147
320,128,147
321,128,147
322,147,147
0,0
1,72
133,226,229
134,226,230
135,225,231
136,225,232
137,224,232
138,224,233
139,223,233
140,223,233
141,223,233
142,222,233
143,222,233
144,221,234
145,221,233
146,220,233
147,220,233
148,219,233
149,219,233
150,218,233
151,218,232
152,217,232
153,217,232
154,216,232
155,216,232
156,216,232
157,215,232
158,215,232
159,215,232
160,214,231
161,214,231
162,214,231
163,214,231
164,213,231
165,213,230
166,213,230
167,213,230
168,213,230
169,212,230
170,212,230
171,212,229
172,212,229
173,212,229
174,212,229
175,211,229
176,211,229
177,211,229
178,211,228
179,211,228
180,211,228
181,211,228
182,211,228
183,211,228
184,211,227
185,211,227
186,211,227
187,211,227
188,212,227
189,212,227
190,212,227
191,212,227
192,212,226
193,213,226
194,213,226
195,213,226
196,214,226
197,214,226
198,215,225
199,216,225
200,216,225
201,217,224
202,218,223
203,220,223
203,220,220
0,0
0,118
223,63,67
224,60,72
225,59,75
226,58,77
227,58,79
228,58,81
229,58,83
230,58,85
231,58,87
232,59,88
233,59,89
234,60,91
235,60,92
236,61,93
237,61,94
238,62,95
239,62,95
240,63,96
241,63,96
242,64,97
243,64,97
244,65,97
245,65,98
246,66,98
247,66,98
248,66,98
249,67,98
250,67,98
251,68,98
252,68,98
253,68,98
254,69,98
255,69,98
256,69,97
257,70,97
258,70,97
259,70,97
260,70,97
261,71,97
262,71,97
263,71,97
264,71,97
265,72,97
266,72,97
267,72,97
268,72,97
269,72,97
270,72,97
271,73,97
272,73,97
273,73,97
274,73,97
275,73,97
276,73,97
277,74,97
278,74,97
279,74,97
280,74,97
281,74,97
282,74,97
283,75,97
284,75,97
285,75,97
286,75,97
287,75,98
288,75,98
289,76,98
290,76,98
291,76,98
292,76,98
293,76,98
294,76,98
295,76,98
296,76,98
297,77,98
298,77,98
299,77,98
300,77,98
301,77,98
302,77,98
303,77,98
304,77,98
305,78,98
306,78,98
307,78,98
308,78,98
309,78,98
310,78,98
311,78,98
312,78,98
313,79,98
314,79,99
315,79,99
316,79,99
317,79,99
318,79,99
319,79,99
320,79,99
321,80,99
322,80,99
323,80,99
324,80,99
325,80,99
326,80,99
327,80,99
328,81,99
329,81,99
330,81,99
331,81,100
332,81,100
333,81,100
334,81,100
335,81,100
336,81,100
337,82,100
338,82,100
339,82,90
340,82,82
0,0
1,156
34,346,351
35,345,353
36,344,354
37,343,355
38,343,356
39,342,357
40,342,358
41,342,359
42,342,359
43,342,360
44,342,360
45,342,361
46,342,362
47,341,362
48,341,363
49,341,363
50,341,364
51,341,364
52,341,365
53,340,365
54,340,366
55,340,366
56,340,367
57,340,367
58,339,368
59,339,368
60,339,369
61,339,369
62,338,369
63,338,370
64,338,370
65,338,370
66,337,370
67,337,370
68,337,371
69,336,371
70,336,370
71,336,370
72,336,370
73,335,370
74,335,369
75,335,369
76,334,368
77,334,367
78,334,366
79,333,366
80,333,365
81,333,364
82,332,363
83,332,363
84,332,362
85,331,361
86,331,360
87,331,360
88,331,359
89,330,358
90,330,358
91,330,357
92,329,356
93,329,356
94,329,355
95,328,354
96,328,354
97,328,353
98,327,352
99,327,352
100,327,351
101,326,351
102,326,350
103,325,350
104,325,349
105,325,348
106,324,348
107,324,347
108,324,347
109,323,346
110,323,346
111,323,345
112,322,345
113,322,344
114,322,344
115,321,343
116,321,343
117,321,342
118,320,342
119,320,341
120,320,341
121,319,340
122,319,339
123,318,339
124,318,338
125,318,338
126,317,338
127,317,337
128,317,336
129,316,336
130,316,336
131,316,335
132,315,334
133,315,334
134,314,333
135,314,333
136,314,332
137,313,332
138,313,331
139,313,331
140,312,330
141,312,330
142,311,329
143,311,329
144,311,328
145,310,328
146,310,327
147,310,327
148,309,326
149,309,326
150,309,325
151,308,325
152,308,324
153,307,324
154,307,323
155,307,323
156,306,322
157,306,322
158,305,321
159,305,321
160,305,320
161,304,320
162,304,319
163,304,318
164,303,318
165,303,317
166,302,317
167,302,316
168,302,316
169,301,315
170,301,315
171,301,314
172,300,313
173,300,313
174,299,312
175,299,312
176,299,311
177,298,310
178,298,310
179,297,309
180,297,308
181,297,308
182,296,307
183,296,306
184,296,305
185,296,305
186,296,304
187,296,303
188,297,302
189,298,301
0,0
0,131
66,229,230
67,226,239
68,225,244
69,225,247
70,225,250
71,225,253
72,225,254
73,225,255
74,225,256
75,226,257
76,226,257
77,227,258
78,227,258
79,228,258
80,228,258
81,229,258
82,229,258
83,230,259
84,230,259
85,230,259
86,231,259
87,231,259
88,232,259
89,232,259
90,232,259
91,233,259
92,233,260
93,234,260
94,234,260
95,234,260
96,235,260
97,235,260
98,235,261
99,236,261
100,236,261
101,236,261
102,237,261
103,237,261
104,237,261
105,238,262
106,238,262
107,238,262
108,239,262
109,239,262
110,239,262
111,240,263
112,240,263
113,240,263
114,240,263
115,241,263
116,241,263
117,241,264
118,241,264
119,242,264
120,242,264
121,242,264
122,242,265
123,243,265
124,243,265
125,243,265
126,243,265
127,244,265
128,244,266
129,244,266
130,244,266
131,244,266
132,245,266
133,245,266
134,245,267
135,245,267
136,245,267
137,245,267
138,246,267
139,246,268
140,246,268
141,246,268
142,246,268
143,246,268
144,247,268
145,247,269
146,247,269
147,247,269
148,247,269
149,247,269
150,247,269
151,248,269
152,248,270
153,248,270
154,248,270
155,248,270
156,248,270
157,249,270
158,249,271
159,249,271
160,249,271
161,249,271
162,250,271
163,250,271
164,250,271
165,250,271
166,250,272
167,251,272
168,251,272
169,251,272
170,251,272
171,252,272
172,252,272
173,252,272
174,253,272
175,253,272
176,253,272
177,253,272
178,254,272
179,254,272
180,255,272
181,255,272
182,256,272
183,256,272
184,256,272
185,257,272
186,257,272
187,258,272
188,259,272
189,259,272
190,260,272
191,261,271
192,262,271
193,263,271
194,264,271
195,265,270
196,268,268
0,0
1,138
240,73,75
241,72,76
242,72,77
243,71,78
244,71,79
245,71,79
246,71,80
247,71,81
248,71,81
249,71,82
250,70,83
251,70,83
252,70,84
253,70,84
254,70,85
255,70,85
256,70,86
257,70,86
258,70,87
259,70,87
260,70,87
261,70,87
262,69,88
263,69,88
264,69,88
265,69,88
266,69,89
267,69,88
268,69,88
269,69,88
270,68,88
271,68,88
272,68,88
273,68,88
274,68,88
275,68,87
276,67,87
277,67,87
278,67,86
279,67,86
280,67,86
281,66,86
282,66,85
283,66,85
284,66,85
285,66,85
286,65,84
287,65,84
288,65,84
289,65,84
290,65,84
291,65,83
292,64,83
293,64,83
294,64,83
295,64,82
296,63,82
297,63,82
298,63,82
299,63,82
300,63,82
301,62,81
302,62,81
303,62,81
304,62,81
305,62,81
306,62,81
307,61,80
308,61,80
309,61,80
310,61,80
311,61,80
312,60,80
313,60,79
314,60,79
315,60,79
316,60,79
317,60,79
318,59,79
319,59,79
320,59,78
321,59,78
322,59,78
323,59,78
324,58,78
325,58,78
326,58,78
327,58,78
328,58,78
329,58,77
330,57,77
331,57,77
332,57,77
333,57,77
334,57,77
335,57,77
336,57,77
337,56,77
338,56,77
339,56,76
340,56,76
341,56,76
342,56,76
343,56,76
344,56,76
345,55,76
346,55,76
347,55,76
348,55,76
349,55,76
350,55,76
351,55,76
352,54,75
353,54,75
354,54,75
355,54,75
356,54,75
357,54,75
358,53,75
359,53,75
360,53,75
361,53,75
362,53,75
363,53,75
364,52,75
365,52,75
366,52,75
367,52,75
368,52,75
369,51,75
370,51,75
371,51,75
372,50,75
373,51,75
374,58,75
375,65,76
376,72,76
376,76,76
0,135
49,376,384
50,373,388
51,372,392
52,372,394
53,373,397
54,373,399
55,373,401
56,373,403
57,373,405
58,373,407
59,374,409
60,374,411
61,374,412
62,374,414
63,374,416
64,374,417
65,374,419
66,375,420
67,375,421
68,375,423
69,375,424
70,375,425
71,375,426
72,375,427
73,376,427
74,376,428
75,376,428
76,376,428
77,377,428
78,377,428
79,378,428
80,378,428
81,378,427
82,378,427
83,378,426
84,379,425
85,379,424
86,379,424
87,379,423
88,379,422
89,379,421
90,379,420
91,379,419
92,379,418
93,379,417
94,378,416
95,378,415
96,378,414
97,378,414
98,378,413
99,378,412
100,378,412
101,378,411
102,378,410
103,378,410
104,378,409
105,378,409
106,377,408
107,377,408
108,377,407
109,377,407
110,377,407
111,377,406
112,377,406
113,377,405
114,377,405
115,376,405
116,376,404
117,376,404
118,376,404
119,376,403
120,376,403
121,376,403
122,376,402
123,375,402
124,375,402
125,375,401
126,375,401
127,375,401
128,375,401
129,375,400
130,374,400
131,374,400
132,374,400
133,374,399
134,374,399
135,374,399
136,374,399
137,373,399
138,373,398
139,373,398
140,373,398
141,373,398
142,373,397
143,372,397
144,372,397
145,372,397
146,372,396
147,371,396
148,371,396
149,371,396
150,371,395
151,371,395
152,370,395
153,370,395
154,370,394
155,370,394
156,370,394
157,369,393
158,369,393
159,369,393
160,368,393
161,368,392
162,368,392
163,367,392
164,367,391
165,367,391
166,367,391
167,367,390
168,367,390
169,367,390
170,367,389
171,367,389
172,367,388
173,367,388
174,367,387
175,367,387
176,368,386
177,368,385
178,369,385
179,369,384
180,370,383
181,371,382
182,372,380
183,374,378
0,0
1,80
279,125,127
280,124,128
281,124,129
282,124,130
283,123,130
284,123,131
285,122,131
286,122,132
287,122,132
288,121,132
289,121,132
290,121,132
291,120,132
292,120,133
293,120,132
294,119,132
295,119,132
296,118,132
297,118,132
298,118,132
299,117,131
300,117,131
301,117,131
302,116,131
303,116,131
304,115,131
305,115,131
306,115,130
307,114,130
308,114,130
309,114,130
310,113,130
311,113,130
312,113,130
313,112,129
314,112,129
315,112,129
316,112,129
317,111,129
318,111,129
319,111,128
320,111,128
321,110,128
322,110,128
323,110,128
324,110,128
325,110,128
326,110,127
327,109,127
328,109,127
329,109,127
330,109,127
331,109,127
332,109,127
333,109,126
334,108,126
335,109,126
336,109,126
337,109,126
338,109,126
339,109,126
340,109,125
341,109,125
342,110,125
343,110,125
344,110,125
345,110,125
346,110,125
347,111,125
348,111,124
349,111,124
350,112,124
351,113,124
352,113,124
353,114,123
354,115,123
355,115,123
356,116,122
357,118,121
357,118,119
0,0
1,72
285,169,170
286,168,172
287,168,173
288,168,173
289,167,174
290,167,174
291,167,174
292,166,175
293,166,175
294,166,175
295,165,175
296,165,176
297,165,175
298,164,175
299,164,175
300,164,175
301,163,175
302,163,175
303,163,175
304,162,174
305,162,174
306,162,174
307,161,174
308,161,174
309,160,174
310,160,174
311,160,174
312,159,174
313,159,174
314,159,173
315,159,173
316,158,173
317,158,173
318,158,173
319,158,173
320,157,173
321,157,172
322,157,172
323,157,172
324,157,172
325,157,172
326,156,172
327,156,172
328,156,172
329,156,172
330,156,171
331,156,171
332,156,171
333,156,171
334,156,171
335,155,171
336,156,171
337,156,171
338,156,171
339,156,170
340,156,170
341,156,170
342,157,170
343,157,170
344,157,170
345,157,170
346,158,170
347,158,170
348,158,170
349,159,169
350,160,169
351,160,169
352,161,169
353,162,168
354,163,167
355,165,166
355,165,165
0,0
1,59
212,232,233
213,232,234
214,231,235
215,231,236
216,231,237
217,231,238
218,230,238
219,230,239
220,230,239
221,230,240
222,230,240
223,230,240
224,230,241
225,230,241
226,230,241
227,229,241
228,229,241
229,229,241
230,229,241
231,229,241
232,229,242
233,228,241
234,228,241
235,228,241
236,228,241
237,228,241
238,228,241
239,227,240
240,227,240
241,227,240
242,227,240
243,227,240
244,226,239
245,226,239
246,226,239
247,226,238
248,225,238
249,225,238
250,225,238
251,224,237
252,224,237
253,223,237
254,223,237
255,223,236
256,222,236
257,222,236
258,221,235
259,221,235
260,220,235
261,220,235
262,219,234
263,219,234
264,218,234
265,218,234
266,217,232
267,217,228
268,216,224
269,215,220
270,215,216
0,234
214,272,277
215,270,282
216,270,285
217,269,287
218,269,289
219,269,291
220,269,293
221,268,295
222,268,297
223,268,298
224,267,300
225,267,301
226,267,302
227,267,304
228,266,305
229,266,306
230,266,307
231,266,307
232,265,308
233,265,308
233,265,269
233,269,308
234,265,265
234,273,308
234,273,308
235,275,309
236,275,309
237,275,308
238,276,308
239,276,308
240,276,308
241,276,307
242,276,307
243,276,306
244,276,306
245,276,305
246,277,304
247,277,304
248,277,304
249,277,303
250,277,303
251,277,303
252,277,302
253,277,302
254,277,302
255,277,302
256,277,302
257,277,302
258,277,301
259,277,301
260,277,301
261,277,301
262,277,301
263,277,301
264,277,301
265,278,301
266,278,301
267,278,300
268,278,300
269,278,300
270,278,300
271,278,300
272,278,300
273,278,300
274,278,300
275,278,300
276,278,300
277,278,300
278,278,300
279,278,300
280,278,300
281,278,300
282,278,300
283,278,300
284,278,300
285,278,300
286,278,300
287,278,300
288,278,300
289,278,300
290,278,300
291,278,300
292,278,300
293,278,300
294,278,300
295,278,300
296,278,300
297,278,300
298,278,300
299,278,300
300,278,300
301,278,300
302,278,300
303,278,300
304,278,300
305,278,300
306,278,300
307,278,300
308,278,300
309,278,300
310,278,300
311,278,300
312,278,300
313,278,300
314,278,300
315,278,300
316,278,300
317,278,300
318,278,300
319,278,300
320,278,300
321,278,300
322,278,300
323,278,300
324,278,300
325,278,300
326,278,300
327,278,300
328,278,300
329,278,300
330,278,300
331,278,300
332,278,300
333,278,300
334,278,301
335,278,301
336,278,301
337,278,301
338,278,301
339,278,301
340,278,301
341,278,301
342,278,301
343,278,301
344,277,301
345,277,301
346,277,301
347,277,301
348,277,301
349,277,301
350,277,301
351,277,301
352,277,301
353,277,301
354,277,301
355,277,301
356,277,301
357,277,301
358,277,301
359,277,301
360,277,301
361,276,301
362,276,301
363,276,301
364,276,301
365,276,301
366,276,301
367,276,301
368,276,301
369,276,301
370,276,301
371,276,301
372,276,301
373,276,301
374,276,301
375,275,302
376,275,302
377,275,302
378,275,302
379,275,302
380,275,302
381,275,302
382,275,302
383,275,302
384,275,302
385,275,302
386,274,302
387,274,302
388,274,302
389,274,302
390,274,302
391,273,302
392,273,302
393,273,302
394,272,302
395,272,302
396,271,302
397,271,302
398,269,302
398,260,260
398,269,302
399,260,265
399,265,302
399,260,302
400,260,302
401,261,302
402,261,302
403,261,302
404,261,302
405,261,302
406,262,301
407,262,301
408,262,301
409,262,301
410,262,300
411,263,300
412,263,300
413,263,299
414,263,299
415,263,299
416,264,298
417,264,298
418,264,297
419,264,297
420,264,296
421,265,296
422,265,295
423,265,295
424,265,294
425,265,293
426,266,293
427,266,292
428,266,292
429,266,291
430,267,290
431,268,290
432,268,289
433,269,288
434,270,288
435,271,287
436,272,286
437,273,285
438,275,284
439,277,282
1,36
266,425,429
265,420,428
264,415,427
263,411,426
262,406,424
261,401,423
260,398,422
259,398,421
258,398,420
257,398,419
256,397,418
255,397,417
254,397,416
253,397,415
252,397,414
251,396,413
250,396,412
249,396,411
248,396,410
247,395,409
246,395,408
245,395,407
244,395,406
243,395,406
242,394,405
241,394,404
240,394,403
239,394,402
238,393,401
237,393,400
236,392,399
235,392,398
234,393,397
233,393,396
232,393,395
231,393,395
0,0
0,45
263,205,211
264,204,215
265,204,218
266,204,220
267,204,223
268,204,225
269,204,228
270,204,230
271,205,232
272,205,234
273,206,236
274,206,238
275,207,240
276,208,241
277,209,243
278,210,244
279,211,245
280,212,246
281,213,247
282,214,247
283,215,248
284,216,248
285,217,249
286,218,249
287,219,249
288,220,249
289,221,249
290,221,250
291,222,250
292,223,250
293,224,250
294,225,250
295,226,250
296,227,250
297,228,250
298,229,250
299,230,250
300,230,250
301,231,249
302,232,249
303,233,249
304,234,248
305,236,247
306,237,246
307,241,243
0,0
0,76
396,196,196
395,190,198
394,187,200
393,184,201
392,182,201
391,180,202
390,178,203
389,177,203
388,175,204
387,173,204
386,172,205
385,171,205
384,170,206
383,169,207
382,168,207
381,167,208
380,166,209
379,166,210
378,165,210
377,165,211
376,164,212
375,164,213
374,164,214
373,164,214
372,164,215
371,164,216
370,164,217
369,165,218
368,165,218
367,166,219
366,169,220
365,179,221
364,184,222
363,187,223
362,189,223
361,191,224
360,193,225
359,194,226
358,196,227
357,198,228
356,199,228
355,201,229
354,202,230
353,204,231
352,205,232
351,207,233
350,208,234
349,209,234
348,211,235
347,212,236
346,214,237
345,215,238
344,217,239
343,218,240
342,220,241
341,221,241
340,223,242
339,224,243
338,226,244
337,227,245
336,228,246
335,230,247
334,231,248
333,233,248
332,235,249
331,236,250
330,237,251
329,239,252
328,240,253
327,242,254
326,243,254
325,245,255
324,246,255
323,248,255
322,249,254
321,252,252
0,0
1,76
315,223,224
316,223,226
317,223,227
318,222,228
319,222,229
320,222,229
321,222,230
322,222,230
323,222,231
324,221,231
325,221,232
326,221,232
327,221,233
328,221,233
329,221,233
330,221,233
331,221,234
332,221,234
333,220,234
334,220,234
335,220,234
336,220,234
337,220,234
338,220,234
339,220,234
340,219,234
341,219,234
342,219,233
343,219,233
344,219,233
345,219,233
346,219,233
347,218,232
348,218,232
349,218,232
350,218,232
351,218,231
352,217,231
353,217,231
354,217,231
355,217,230
356,217,230
357,216,230
358,216,230
359,216,229
360,216,229
361,215,229
362,215,229
363,215,228
364,214,228
365,214,228
366,214,228
367,213,227
368,213,227
369,212,227
370,212,227
371,212,226
372,211,226
373,211,226
374,210,226
375,210,225
376,209,225
377,209,225
378,208,225
379,208,224
380,207,224
381,207,224
382,206,224
383,206,223
384,205,223
385,205,223
386,204,220
387,203,216
388,203,212
389,202,207
390,202,203
0,268
201,392,400
202,390,404
203,390,407
204,389,410
205,389,412
206,389,414
207,389,417
208,388,418
209,388,420
210,388,422
211,388,423
212,387,425
213,387,426
214,387,428
215,387,429
216,386,430
217,386,431
218,386,432
219,386,432
220,385,433
221,385,433
222,385,434
222,385,389
222,389,434
223,385,386
223,393,434
223,393,434
224,395,434
225,396,434
226,396,434
227,397,434
228,397,433
229,397,433
230,397,433
231,397,432
232,398,432
233,398,431
234,398,431
235,398,430
236,398,430
237,398,429
238,398,429
239,398,429
240,398,428
241,399,428
242,399,428
243,399,428
244,399,427
245,399,427
246,399,427
247,399,427
248,399,427
249,399,426
250,399,426
251,399,426
252,399,426
253,399,426
254,400,426
255,400,426
256,400,426
257,400,426
258,400,426
259,400,426
260,400,426
261,400,426
262,400,426
263,400,426
264,400,426
265,400,426
266,400,426
267,400,426
268,400,426
269,400,426
270,400,426
271,401,426
272,401,426
273,401,426
274,401,426
275,401,426
276,401,426
277,401,426
278,401,426
279,401,426
280,401,426
281,401,426
282,401,426
283,401,426
284,401,426
285,401,426
286,401,426
287,401,426
288,401,426
289,401,426
290,402,426
291,402,426
292,402,426
293,402,426
294,402,426
295,402,426
296,402,426
297,402,426
298,402,426
299,402,426
300,402,426
301,402,426
302,402,426
303,402,426
304,402,426
305,402,426
306,402,426
307,402,426
308,402,427
309,402,427
310,402,427
311,402,427
312,402,427
313,402,427
314,402,427
315,402,427
316,402,427
317,402,427
318,402,427
319,402,427
320,402,427
321,402,427
322,402,427
323,402,427
324,402,427
325,402,427
326,402,427
327,402,427
328,402,427
329,402,427
330,402,427
331,402,427
332,402,427
333,402,427
334,402,427
335,402,427
336,402,427
337,402,427
338,402,428
339,402,428
340,402,428
341,402,428
342,402,428
343,402,428
344,402,428
345,402,428
346,402,428
347,402,428
348,402,428
349,402,428
350,402,428
351,402,428
352,402,428
353,402,428
354,402,428
355,402,428
356,402,428
357,402,428
358,402,428
359,402,428
360,402,428
361,402,428
362,402,428
363,402,429
364,402,429
365,402,429
366,402,429
367,401,429
368,401,429
369,401,429
370,401,429
371,401,429
372,401,429
373,401,429
374,401,429
375,401,429
376,401,429
377,401,429
378,401,429
379,401,429
380,401,429
381,401,429
382,401,429
383,401,430
384,401,430
385,401,430
386,401,430
387,401,430
388,400,430
389,400,430
390,400,430
391,400,430
392,400,430
393,400,430
394,400,430
395,400,430
396,400,430
397,400,430
398,400,431
399,400,431
400,400,431
401,400,431
402,399,431
403,399,431
404,399,431
405,399,431
406,399,431
407,398,431
408,398,431
409,398,431
410,397,431
411,397,431
412,396,431
413,396,431
414,394,431
415,392,431
415,383,385
415,392,431
416,383,389
416,389,431
416,383,431
417,383,431
418,384,431
419,384,431
420,384,431
421,384,431
422,385,431
423,385,430
424,385,430
425,385,430
426,386,430
427,386,429
428,386,429
429,387,429
430,387,429
431,387,428
432,387,428
433,388,427
434,388,427
435,388,427
436,388,426
437,389,426
438,389,425
439,389,425
440,390,424
441,390,424
442,390,423
443,390,423
444,391,422
445,391,422
446,391,421
447,391,421
448,392,420
449,392,419
450,393,419
451,394,418
452,394,418
453,395,417
454,396,416
455,397,416
456,398,415
457,400,414
458,401,413
459,403,411
460,406,409
1,49
392,447,449
391,443,448
390,439,447
389,436,446
388,432,445
387,428,444
386,425,443
385,421,442
384,417,442
383,415,441
382,415,440
381,415,439
380,414,438
379,414,437
378,414,436
377,414,436
376,414,435
375,413,434
374,413,433
373,413,432
372,413,432
371,413,431
370,412,430
369,412,429
368,412,428
367,412,428
366,412,427
365,411,426
364,411,425
363,411,424
362,411,424
361,411,423
360,410,422
359,410,421
358,410,421
357,410,420
356,410,419
355,409,418
354,409,418
353,409,417
352,409,416
351,408,415
350,408,415
349,407,414
348,408,413
347,408,412
346,408,412
345,409,411
344,409,410
0,0
0,46
259,326,332
260,325,336
261,325,339
262,325,342
263,325,345
264,325,347
265,325,350
266,325,352
267,325,354
268,326,357
269,326,358
270,327,360
271,328,362
272,329,363
273,329,364
274,330,366
275,331,367
276,332,367
277,333,368
278,334,369
279,335,369
280,336,370
281,337,370
282,338,370
283,339,370
284,340,370
285,341,371
286,342,371
287,343,371
288,343,371
289,344,371
290,345,371
291,346,371
292,347,371
293,348,371
294,349,371
295,350,371
296,350,371
297,351,370
298,352,370
299,353,370
300,354,369
301,355,368
302,357,367
303,360,364
304,362,362
0,0
0,69
381,339,339
380,334,341
379,331,342
378,328,343
377,326,344
376,324,345
375,322,345
374,320,346
373,319,346
372,317,346
371,316,347
370,315,348
369,314,348
368,313,349
367,312,350
366,312,350
365,311,351
364,311,352
363,311,352
362,311,353
361,311,354
360,311,354
359,311,355
358,311,356
357,312,357
356,314,357
355,318,358
354,325,359
353,328,360
352,331,360
351,332,361
350,334,362
349,336,363
348,337,364
347,339,364
346,340,365
345,342,366
344,343,367
343,344,368
342,345,368
341,347,369
340,348,370
339,349,370
338,351,371
337,352,372
336,353,373
335,355,374
334,356,374
333,358,375
332,359,376
331,360,377
330,362,378
329,363,378
328,364,379
327,366,380
326,367,381
325,368,382
324,370,382
323,371,383
322,372,384
321,374,385
320,375,386
319,376,386
318,378,387
317,379,388
316,380,388
315,382,387
314,384,386
313,385,385
0,0
