1,119
195,92,93
196,91,95
197,91,95
198,90,96
199,90,96
200,90,97
201,89,97
202,89,98
203,89,98
204,89,99
205,88,99
206,88,100
207,88,100
208,88,100
209,88,101
210,88,101
211,88,101
212,88,102
213,88,102
214,87,102
215,87,102
216,87,102
217,87,103
218,87,103
219,87,103
220,86,103
221,86,103
222,86,103
223,86,104
224,86,103
225,86,103
226,85,103
227,85,103
228,85,103
229,85,103
230,85,103
231,85,103
232,84,103
233,84,103
234,84,102
235,84,102
236,83,102
237,83,102
238,83,102
239,83,101
240,83,101
241,82,101
242,82,101
243,82,100
244,82,100
245,81,100
246,81,100
247,81,100
248,80,99
249,80,99
250,80,99
251,80,99
252,79,98
253,79,98
254,79,98
255,78,98
256,78,98
257,78,97
258,78,97
259,77,97
260,77,97
261,77,96
262,76,96
263,76,96
264,76,96
265,75,96
266,75,95
267,75,95
268,74,95
269,74,95
270,74,94
271,73,94
272,73,94
273,72,94
274,72,93
275,72,93
276,71,93
277,71,93
278,71,93
279,71,92
280,70,92
281,70,92
282,70,92
283,70,91
284,70,91
285,70,91
286,70,91
287,69,90
288,69,90
289,69,90
290,69,90
291,69,90
292,69,89
293,70,89
294,70,89
295,70,89
296,70,88
297,70,88
298,70,88
299,71,88
300,71,87
301,71,87
302,71,87
303,72,87
304,72,86
305,72,86
306,73,86
307,73,85
308,74,85
309,74,85
310,75,84
311,76,84
312,77,83
313,79,80
0,0
0,103
139,174,181
140,173,187
141,172,191
142,172,195
143,172,197
144,172,199
145,172,200
146,173,200
147,173,201
148,174,201
149,174,202
150,175,202
151,175,202
152,176,202
153,176,202
154,177,202
155,177,202
156,178,202
157,178,203
158,178,203
159,179,203
160,179,203
161,180,203
162,180,203
163,180,203
164,181,204
165,181,204
166,182,204
167,182,204
168,182,204
169,183,204
170,183,205
171,183,205
172,184,205
173,184,205
174,184,205
175,185,205
176,185,206
177,185,206
178,186,206
179,186,206
180,186,206
181,187,206
182,187,207
183,187,207
184,187,207
185,188,207
186,188,207
187,188,207
188,188,208
189,189,208
190,189,208
191,189,208
192,189,208
193,189,209
194,190,209
195,190,209
196,190,209
197,190,209
198,190,209
199,191,210
200,191,210
201,191,210
202,191,210
203,191,210
204,191,210
205,192,211
206,192,211
207,192,211
208,192,211
209,192,211
210,193,211
211,193,212
212,193,212
213,193,212
214,193,212
215,194,212
216,194,212
217,194,212
218,195,212
219,195,212
220,195,213
221,195,213
222,196,213
223,196,213
224,196,213
225,197,213
226,197,213
227,198,213
228,198,213
229,198,213
230,199,213
231,199,213
232,200,213
233,200,213
234,201,213
235,202,213
236,203,212
237,204,212
238,204,212
239,206,212
240,207,211
241,210,210
0,0
1,120
180,145,148
181,145,150
182,144,151
183,144,152
184,144,152
185,144,153
186,144,153
187,143,154
188,143,154
189,143,155
190,143,155
191,143,155
192,143,155
193,143,155
194,142,156
195,142,156
196,142,156
197,142,155
198,142,155
199,141,155
200,141,155
201,141,155
202,141,155
203,141,154
204,140,154
205,140,154
206,140,154
207,140,153
208,140,153
209,139,153
210,139,152
211,139,152
212,139,152
213,139,152
214,138,151
215,138,151
216,138,151
217,138,151
218,138,150
219,137,150
220,137,150
221,137,150
222,137,149
223,137,149
224,136,149
225,136,149
226,136,148
227,136,148
228,135,148
229,135,148
230,135,147
231,135,147
232,134,147
233,134,147
234,134,147
235,134,146
236,134,146
237,133,146
238,133,146
239,133,145
240,133,145
241,132,145
242,132,145
243,132,145
244,132,144
245,132,144
246,131,144
247,131,144
248,131,144
249,131,143
250,131,143
251,130,143
252,130,143
253,130,143
254,130,143
255,130,142
256,129,142
257,129,142
258,129,142
259,129,142
260,129,142
261,128,141
262,128,141
263,128,141
264,128,141
265,128,141
266,127,141
267,127,141
268,127,140
269,127,140
270,127,140
271,126,140
272,126,140
273,126,140
274,126,140
275,126,139
276,125,139
277,125,139
278,125,139
279,125,139
280,124,139
281,124,139
282,124,139
283,124,139
284,123,139
285,123,139
286,123,139
287,123,139
288,122,139
289,122,139
290,122,139
291,122,139
292,121,139
293,121,139
294,139,139
294,121,140
295,139,139
295,121,140
296,139,139
296,120,141
0,114
119,299,299
120,296,305
121,296,309
122,296,311
123,296,313
124,296,315
125,296,317
126,296,319
127,296,320
128,296,322
129,296,324
130,296,325
131,296,327
132,296,328
133,296,329
134,296,330
135,296,331
136,296,332
137,296,333
138,296,334
139,296,334
140,296,334
141,296,334
142,297,334
143,298,334
144,298,334
145,298,333
146,299,333
147,299,332
148,299,331
149,299,331
150,299,330
151,299,329
152,299,328
153,299,327
154,299,327
155,299,326
156,299,326
157,299,325
158,299,325
159,299,324
160,299,324
161,299,323
162,299,323
163,299,323
164,299,322
165,299,322
166,299,322
167,298,321
168,298,321
169,298,321
170,298,321
171,298,321
172,298,321
173,298,320
174,298,320
175,297,320
176,297,320
177,297,319
178,297,319
179,297,319
180,297,319
181,297,319
182,297,318
183,296,318
184,296,318
185,296,318
186,296,318
187,296,317
188,296,317
189,295,317
190,295,317
191,295,317
192,295,316
193,295,316
194,294,316
195,294,316
196,294,316
197,294,315
198,293,315
199,293,315
200,293,315
201,293,315
202,292,314
203,292,314
204,291,314
205,291,314
206,290,313
207,289,313
208,288,313
209,286,313
210,283,312
211,282,312
212,282,312
213,282,312
214,282,311
215,282,311
216,283,311
217,283,310
218,284,310
219,285,310
220,285,310
221,286,309
222,287,309
223,288,308
224,289,308
225,289,308
226,290,307
227,291,306
228,292,306
229,293,305
230,295,304
231,296,302
232,299,299
0,0
1,102
201,183,184
202,183,186
203,182,187
204,182,187
205,182,188
206,182,188
207,182,189
208,181,189
209,181,189
210,181,189
211,181,189
212,180,189
213,180,189
214,180,189
215,180,190
216,180,189
217,179,189
218,179,189
219,179,189
220,179,189
221,178,189
222,178,189
223,178,188
224,178,188
225,178,188
226,177,188
227,177,188
228,177,188
229,177,188
230,177,188
231,176,187
232,176,187
233,176,187
234,176,187
235,175,187
236,175,187
237,175,187
238,175,186
239,174,186
240,174,186
241,174,186
242,174,186
243,174,185
244,173,185
245,173,185
246,173,185
247,173,185
248,172,185
249,172,184
250,172,184
251,172,184
252,172,184
253,171,184
254,171,184
255,171,184
256,171,183
257,170,183
258,170,183
259,170,183
260,170,183
261,169,183
262,169,182
263,169,182
264,169,182
265,168,182
266,168,182
267,168,182
268,168,182
269,168,181
270,167,181
271,167,181
272,167,181
273,167,181
274,167,181
275,166,181
276,166,180
277,166,180
278,166,180
279,166,180
280,166,180
281,166,180
282,166,180
283,166,179
284,166,179
285,165,179
286,166,179
287,166,179
288,166,179
289,166,179
290,166,179
291,167,178
292,167,178
293,167,178
294,167,178
295,168,178
296,168,178
297,169,178
298,170,177
299,170,177
300,171,177
301,172,176
302,174,175
0,0
1,92
203,224,225
204,223,226
205,223,227
206,223,228
207,222,229
208,222,229
209,222,229
210,222,230
211,221,230
212,221,230
213,221,230
214,221,230
215,220,230
216,220,230
217,220,230
218,220,230
219,219,230
220,219,230
221,219,229
222,219,229
223,218,229
224,218,229
225,218,229
226,218,229
227,217,229
228,217,229
229,217,228
230,217,228
231,216,228
232,216,228
233,216,228
234,215,228
235,215,228
236,215,227
237,215,227
238,214,227
239,214,227
240,214,227
241,214,227
242,213,226
243,213,226
244,213,226
245,213,226
246,212,226
247,212,226
248,212,225
249,212,225
250,211,225
251,211,225
252,211,225
253,210,225
254,210,225
255,210,224
256,210,224
257,209,224
258,209,224
259,209,224
260,209,224
261,208,223
262,208,223
263,208,223
264,208,223
265,208,223
266,208,223
267,207,223
268,207,222
269,207,222
270,207,222
271,207,222
272,207,222
273,207,222
274,207,222
275,206,221
276,207,221
277,207,221
278,207,221
279,207,221
280,207,221
281,207,221
282,208,220
283,208,220
284,208,220
285,208,220
286,209,220
287,209,220
288,209,220
289,210,219
290,211,219
291,211,219
292,212,219
293,213,218
294,215,217
0,0
1,131
182,273,276
183,273,277
184,273,278
185,272,279
186,272,280
187,272,280
188,272,280
189,271,281
190,271,281
191,271,281
192,271,281
193,271,282
194,270,282
195,270,282
196,270,282
197,270,282
198,270,282
199,269,282
200,269,282
201,269,282
202,269,282
203,269,282
204,268,281
205,268,281
206,268,281
207,268,281
208,268,281
209,267,281
210,267,281
211,267,281
212,267,281
213,267,281
214,266,281
215,266,280
216,266,280
217,266,280
218,265,280
219,265,280
220,265,280
221,265,280
222,265,280
223,264,279
224,264,279
225,264,279
226,264,279
227,263,279
228,263,279
229,263,279
230,263,278
231,263,278
232,262,278
233,262,278
234,262,278
235,262,278
236,261,277
237,261,277
238,261,277
239,261,277
240,261,277
241,260,277
242,260,277
243,260,276
244,260,276
245,259,276
246,259,276
247,259,276
248,259,276
249,259,275
250,258,275
251,258,275
252,258,275
253,258,275
254,257,275
255,257,275
256,257,275
257,257,274
258,257,274
259,256,274
260,256,274
261,256,274
262,256,274
263,255,274
264,255,273
265,255,273
266,255,273
267,255,273
268,254,273
269,254,273
270,254,273
271,254,272
272,253,272
273,253,272
274,253,272
275,253,272
276,253,272
277,253,272
278,253,272
279,253,271
280,252,271
281,252,271
282,252,271
283,252,271
284,252,271
285,252,271
286,252,271
287,252,270
288,252,270
289,251,270
290,252,270
291,252,270
292,252,270
293,252,270
294,253,270
295,253,269
296,253,269
297,253,269
298,253,269
299,254,269
300,254,269
301,254,269
302,255,269
303,255,269
304,256,268
305,256,268
306,257,268
307,257,268
308,258,268
309,259,267
310,260,267
311,261,266
312,264,265
0,0
0,299
24,234,243
25,231,245
26,229,248
27,228,251
28,228,254
29,227,256
30,227,258
31,227,260
32,227,262
33,228,263
34,229,265
35,230,266
36,231,267
37,232,268
38,232,269
39,233,270
40,234,271
41,234,271
42,235,272
43,235,272
44,236,272
45,236,272
46,237,272
47,237,272
48,237,271
49,237,271
50,238,270
51,238,270
52,238,269
53,238,269
54,239,269
55,239,268
56,239,268
57,239,268
58,239,267
59,239,267
60,240,267
61,240,267
62,240,266
63,240,266
64,240,266
65,240,266
66,240,266
67,240,265
68,240,265
69,240,265
70,240,265
71,240,265
72,240,265
73,240,265
74,240,264
75,240,264
76,240,264
77,240,264
78,240,264
79,240,264
80,240,264
81,240,264
82,240,264
83,240,264
84,240,264
85,240,263
86,240,263
87,240,263
88,240,263
89,240,263
90,240,263
91,240,263
92,240,263
93,240,263
94,240,263
95,240,263
96,240,263
97,240,263
98,240,263
99,240,263
100,240,263
101,240,263
102,240,263
103,240,263
104,240,263
105,240,263
106,240,263
107,240,263
108,240,263
109,240,262
110,240,262
111,240,262
112,240,262
113,240,262
114,240,262
115,240,262
116,240,262
117,240,262
118,240,262
119,240,262
120,240,262
121,240,262
122,240,262
123,240,262
124,240,262
125,240,262
126,240,262
127,240,262
128,240,262
129,240,262
130,240,262
131,240,262
132,240,262
133,240,262
134,240,262
135,240,262
136,240,262
137,240,262
138,240,262
139,240,262
140,240,262
141,240,262
142,240,262
143,240,262
144,240,262
145,240,262
146,240,262
147,240,262
148,240,261
149,240,261
150,240,261
151,240,261
152,240,261
153,240,261
154,240,261
155,240,261
156,240,261
157,240,261
158,240,261
159,240,261
160,240,261
161,240,261
162,240,261
163,240,261
164,240,261
165,240,261
166,240,261
167,240,261
168,240,261
169,240,261
170,240,261
171,240,261
172,240,261
173,240,261
174,240,261
175,240,261
176,240,261
177,240,261
178,240,261
179,240,261
180,240,261
181,240,261
182,240,261
183,240,261
184,240,261
185,240,261
186,240,261
187,240,261
188,240,261
189,240,261
190,240,261
191,240,261
192,240,261
193,240,261
194,240,261
195,240,261
196,240,261
197,240,261
198,240,261
199,240,261
200,240,261
201,240,261
202,240,261
203,240,261
204,240,261
205,240,261
206,240,261
207,239,261
208,239,261
209,239,261
210,239,261
211,239,260
212,239,260
213,239,260
214,239,260
215,239,260
216,239,260
217,239,260
218,239,260
219,239,260
220,239,260
221,239,260
222,239,260
223,239,260
224,239,260
225,239,260
226,239,260
227,239,260
228,239,260
229,239,260
230,239,260
231,239,260
232,239,260
233,239,260
234,239,260
235,239,260
236,239,260
237,239,260
238,239,260
239,239,260
240,239,260
241,239,260
242,239,260
243,239,260
244,239,260
245,239,260
246,239,260
247,239,260
248,238,260
249,238,260
250,238,260
251,238,260
252,238,260
253,238,260
254,238,260
255,238,259
256,238,259
257,238,259
258,238,259
259,238,259
260,238,259
261,238,259
262,238,259
263,238,259
264,238,259
265,238,259
266,238,259
267,238,259
268,238,259
269,238,259
270,238,259
271,238,259
272,238,259
273,238,259
274,238,259
275,238,259
276,238,259
277,238,259
278,238,259
279,238,258
280,238,258
281,238,258
282,238,258
283,238,258
284,238,258
285,238,258
286,238,258
287,238,258
288,238,258
289,238,258
290,238,258
291,239,258
292,239,257
293,239,257
294,239,257
295,239,257
296,239,257
297,239,257
298,239,257
299,239,256
300,239,256
301,239,256
302,239,256
303,239,256
304,240,256
305,240,256
306,240,255
307,240,255
308,240,255
309,240,255
310,240,255
311,241,254
312,241,254
313,241,254
314,241,254
315,242,253
316,242,253
317,242,253
318,243,252
319,243,252
320,244,251
321,245,250
322,247,247
0,0
0,83
84,148,148
85,144,153
86,142,156
87,142,159
88,141,161
89,141,163
90,141,165
91,141,167
92,142,168
93,142,170
94,142,171
95,142,173
96,142,174
97,142,175
98,142,176
99,142,177
100,142,178
101,141,179
102,141,180
103,141,181
104,140,181
105,140,182
106,139,182
107,139,182
108,138,182
109,138,181
110,137,181
111,136,180
112,136,179
113,135,177
114,135,176
115,134,174
116,134,172
117,133,170
118,133,169
119,132,167
120,131,166
121,131,164
122,130,163
123,129,162
124,129,161
125,128,160
126,127,159
127,127,158
128,126,156
129,125,155
130,125,154
131,124,152
132,123,151
133,122,150
134,122,149
135,121,147
136,120,146
137,119,145
138,119,144
139,118,142
140,117,141
141,116,140
142,116,139
143,115,138
144,114,136
145,113,135
146,113,134
147,112,133
148,111,131
149,110,130
150,110,128
151,109,127
152,108,126
153,108,124
154,107,123
155,106,121
156,105,120
157,104,118
158,104,117
159,103,116
160,102,114
161,102,113
162,101,111
163,101,110
164,101,108
165,101,107
166,103,103
0,0
0,197
143,86,86
144,81,90
145,79,95
146,77,98
147,76,100
148,76,103
149,75,105
150,75,107
151,75,108
152,76,110
153,76,111
154,77,113
155,78,114
156,79,115
157,79,115
158,80,116
159,81,116
160,82,117
161,82,117
162,83,118
163,84,118
164,85,118
165,85,118
166,86,118
167,87,118
168,87,118
169,88,118
170,88,118
171,89,118
172,89,119
173,90,119
174,90,119
175,91,119
176,91,119
177,91,119
178,92,120
179,92,120
180,92,120
181,93,120
182,93,120
183,93,121
184,94,121
185,94,121
186,94,121
187,94,121
188,95,122
189,95,122
190,95,122
191,95,122
192,96,122
193,96,122
194,96,123
195,96,123
196,97,123
197,97,123
198,97,123
199,97,124
200,98,124
201,98,124
202,98,124
203,98,124
204,98,125
205,99,125
206,99,125
207,99,125
208,99,125
209,100,126
210,100,126
211,100,126
212,100,126
213,101,126
214,101,127
215,101,127
216,101,127
217,101,127
218,102,127
219,102,128
220,102,128
221,102,128
222,103,128
223,103,128
224,103,128
225,103,129
226,104,129
227,104,129
228,104,129
229,104,130
230,105,130
231,105,130
232,105,130
233,105,130
234,105,130
235,106,131
236,106,131
237,106,131
238,106,131
239,106,131
240,107,132
241,107,132
242,107,132
243,107,132
244,108,132
245,108,133
246,108,133
247,108,133
248,108,133
249,109,133
250,109,134
251,109,134
252,109,134
253,110,134
254,110,134
255,110,135
256,110,135
257,110,135
258,111,135
259,111,135
260,111,136
261,111,136
262,112,136
263,112,136
264,112,136
265,112,136
266,113,137
267,113,137
268,113,137
269,113,137
270,113,137
271,114,138
272,114,138
273,114,138
274,114,138
275,115,138
276,115,139
277,115,139
278,115,139
279,115,139
280,116,139
281,116,140
282,116,140
283,116,140
284,117,140
285,117,140
286,117,141
287,117,141
288,117,141
289,118,141
290,118,141
291,118,142
292,118,142
293,119,142
294,119,142
295,119,142
296,119,143
297,119,143
298,120,143
299,120,143
300,120,143
301,120,144
302,121,144
303,121,144
304,121,144
305,121,144
306,121,145
307,122,145
308,122,145
309,122,145
310,122,145
311,123,146
312,123,146
313,123,146
314,123,146
315,123,146
316,124,147
317,124,147
318,124,147
319,124,147
320,125,147
321,125,148
322,125,148
323,125,148
324,125,148
325,126,148
326,126,149
327,126,149
328,126,149
329,127,149
330,127,149
331,127,150
332,127,150
333,127,150
334,128,150
335,128,150
336,128,145
337,128,140
338,129,135
339,129,131
0,0
1,76
106,207,207
107,206,208
108,205,209
109,204,209
110,204,210
111,204,210
112,203,211
113,203,211
114,203,211
115,202,212
116,202,212
117,202,212
118,202,213
119,202,213
120,202,213
121,201,213
122,201,213
123,201,214
124,201,214
125,201,214
126,200,214
127,200,214
128,200,214
129,200,214
130,199,214
131,199,215
132,199,214
133,198,214
134,198,214
135,198,214
136,197,214
137,197,214
138,197,214
139,196,214
140,196,214
141,196,213
142,195,213
143,195,213
144,194,213
145,194,212
146,193,212
147,193,212
148,193,211
149,192,211
150,192,211
151,192,210
152,191,210
153,191,210
154,191,210
155,191,209
156,191,209
157,191,209
158,191,208
159,190,208
160,191,208
161,191,208
162,191,207
163,191,207
164,191,207
165,191,206
166,191,206
167,191,206
168,191,206
169,191,205
170,192,205
171,192,205
172,192,205
173,192,204
174,192,204
175,193,204
176,193,203
177,194,203
178,194,202
179,195,202
180,197,201
180,197,198
0,0
1,76
116,256,256
117,254,257
118,254,258
119,253,258
120,253,259
121,252,259
122,252,260
123,252,260
124,252,260
125,251,261
126,251,261
127,251,261
128,251,262
129,251,262
130,251,262
131,251,263
132,250,263
133,250,263
134,250,263
135,250,263
136,250,263
137,249,264
138,249,264
139,249,264
140,249,264
141,248,264
142,248,264
143,248,264
144,248,264
145,247,264
146,247,264
147,247,264
148,246,263
149,246,263
150,246,263
151,245,263
152,245,263
153,244,263
154,244,262
155,244,262
156,243,262
157,243,262
158,243,261
159,242,261
160,242,261
161,242,260
162,242,260
163,241,260
164,241,260
165,241,259
166,241,259
167,241,259
168,240,259
169,241,258
170,241,258
171,241,258
172,241,258
173,241,257
174,241,257
175,241,257
176,241,257
177,242,256
178,242,256
179,242,256
180,242,256
181,242,255
182,243,255
183,243,255
184,243,254
185,244,254
186,244,254
187,245,253
188,245,253
189,246,252
190,248,251
190,248,248
0,0
1,57
327,104,108
328,103,110
329,103,111
330,103,112
331,103,113
332,103,114
333,103,115
334,102,115
335,102,116
336,102,117
337,102,117
338,102,118
339,102,118
340,102,118
341,102,118
342,102,119
343,102,119
344,102,119
345,102,119
346,102,119
347,101,120
348,101,119
349,101,119
350,101,119
351,101,119
352,101,118
353,101,118
354,100,118
355,100,118
356,100,118
357,100,118
358,100,117
359,99,117
360,99,117
361,99,117
362,99,117
363,99,117
364,98,117
365,98,117
366,98,117
367,98,117
368,97,117
369,97,117
370,97,117
371,97,117
372,96,117
373,96,117
374,96,117
375,96,117
376,95,117
377,95,117
378,101,117
378,95,118
379,101,117
379,94,119
380,94,111
380,94,94
0,231
92,388,395
93,383,399
94,380,402
95,380,405
96,380,406
97,380,408
98,380,410
99,380,411
100,380,412
101,380,414
102,380,415
103,380,416
104,380,418
105,380,419
106,380,420
107,380,421
108,380,422
109,380,423
110,380,424
111,379,425
112,379,426
113,379,427
114,379,428
115,379,428
116,379,429
117,379,429
118,379,430
119,379,430
120,380,431
121,380,431
122,380,431
123,380,431
124,381,431
125,381,430
126,381,430
127,381,429
128,381,428
129,381,428
130,381,427
131,381,426
132,381,424
133,381,423
134,381,423
135,381,422
136,381,421
137,381,420
138,380,420
139,380,419
140,380,418
141,380,418
142,380,417
143,380,417
144,380,416
145,380,416
146,380,415
147,380,415
148,380,414
149,380,414
150,380,413
151,379,413
152,379,413
153,379,412
154,379,412
155,379,411
156,379,411
157,379,410
158,379,410
159,378,410
160,378,409
161,378,409
162,378,409
163,378,408
164,378,408
165,378,408
166,378,407
167,377,407
168,377,406
169,377,406
170,377,406
171,377,405
172,377,405
173,377,405
174,377,404
175,376,404
176,376,404
177,376,403
178,376,403
179,376,403
180,376,402
181,376,402
182,375,402
183,375,401
184,375,401
185,375,401
186,375,400
187,374,400
188,374,400
189,374,400
190,374,399
191,374,399
192,374,399
193,373,398
194,373,398
195,373,398
196,373,397
197,373,397
198,373,397
199,372,397
200,372,396
201,372,396
202,372,396
203,372,395
204,371,395
205,371,395
206,371,395
207,371,394
208,371,394
209,370,394
210,370,393
211,370,393
212,370,393
213,370,393
214,369,392
215,369,392
216,369,392
217,369,392
218,369,391
219,368,391
220,368,391
221,368,390
222,368,390
223,368,390
224,367,390
225,367,389
226,367,389
227,367,389
228,367,389
229,366,388
230,366,388
231,366,388
232,366,388
233,365,387
234,365,387
235,365,387
236,365,387
237,365,386
238,364,386
239,364,386
240,364,386
241,364,385
242,363,385
243,363,385
244,363,385
245,363,384
246,363,384
247,362,384
248,362,384
249,362,383
250,362,383
251,361,383
252,361,383
253,361,383
254,361,382
255,361,382
256,360,382
257,360,382
258,360,381
259,360,381
260,359,381
261,359,381
262,359,380
263,359,380
264,358,380
265,358,380
266,358,380
267,358,379
268,357,379
269,357,379
270,357,379
271,357,378
272,356,378
273,356,378
274,356,378
275,356,378
276,355,377
277,355,377
278,355,377
279,355,377
280,355,376
281,354,376
282,354,376
283,354,376
284,354,376
285,353,375
286,353,375
287,353,375
288,353,375
289,352,375
290,352,374
291,352,374
292,352,374
293,351,374
294,351,373
295,351,373
296,351,373
297,350,373
298,350,373
299,350,372
300,350,372
301,349,372
302,349,372
303,349,372
304,349,372
305,348,371
306,348,371
307,348,371
308,348,371
309,347,370
310,347,370
311,347,370
312,347,370
313,346,370
314,346,370
315,346,369
316,345,369
317,345,369
318,345,369
319,345,369
320,345,368
321,344,368
322,357,368
0,0
1,74
322,184,186
323,183,187
324,183,188
325,183,189
326,182,189
327,182,190
328,181,190
329,181,190
330,181,190
331,180,190
332,180,191
333,180,191
334,179,191
335,179,191
336,179,191
337,178,190
338,178,190
339,177,190
340,177,190
341,177,190
342,176,190
343,176,190
344,175,190
345,175,190
346,175,190
347,174,189
348,174,189
349,174,189
350,173,189
351,173,189
352,173,189
353,172,189
354,172,188
355,172,188
356,172,188
357,171,188
358,171,188
359,171,188
360,171,187
361,171,187
362,170,187
363,170,187
364,170,187
365,170,187
366,170,187
367,170,187
368,170,186
369,170,186
370,170,186
371,170,186
372,169,186
373,170,186
374,170,186
375,170,185
376,170,185
377,170,185
378,170,185
379,170,185
380,170,185
381,170,185
382,171,185
383,171,184
384,171,184
385,172,184
386,172,184
387,172,184
388,173,184
389,173,184
390,174,183
391,175,183
392,176,183
393,177,182
394,179,181
394,179,179
0,0
1,75
309,238,241
310,238,242
311,238,243
312,237,244
313,237,245
314,237,245
315,237,245
316,236,245
317,236,246
318,236,246
319,235,246
320,235,247
321,235,246
322,235,246
323,234,246
324,234,246
325,234,246
326,233,246
327,233,246
328,233,246
329,232,246
330,232,246
331,232,246
332,232,245
333,231,245
334,231,245
335,231,245
336,230,245
337,230,245
338,230,245
339,230,245
340,229,245
341,229,245
342,229,245
343,229,245
344,228,244
345,228,244
346,228,244
347,228,244
348,228,244
349,228,244
350,228,244
351,227,244
352,227,244
353,227,244
354,227,244
355,227,244
356,227,243
357,227,243
358,227,243
359,227,243
360,227,243
361,226,243
362,227,243
363,227,243
364,227,243
365,227,243
366,228,243
367,228,243
368,228,243
369,228,243
370,228,242
371,229,242
372,229,242
373,229,242
374,230,242
375,230,242
376,231,242
377,232,242
378,232,242
379,233,241
380,234,241
381,235,240
382,237,239
382,237,237
0,0
1,438
34,338,342
35,338,343
36,337,345
37,337,346
38,337,347
39,337,348
40,337,349
41,336,349
42,336,350
43,336,351
44,336,352
45,336,352
46,336,353
47,336,354
48,336,354
49,336,355
50,336,355
51,335,356
52,335,356
53,335,356
54,335,357
55,335,357
56,335,357
57,335,358
58,335,358
59,335,358
60,335,358
61,335,358
62,334,358
63,334,359
64,334,359
65,334,359
66,334,359
67,334,359
68,334,359
69,334,359
70,334,359
71,334,359
72,333,358
73,333,358
74,333,358
75,333,358
76,333,358
77,333,357
78,333,357
79,333,357
80,333,357
81,333,356
82,333,356
83,332,356
84,332,356
85,332,355
86,332,355
87,332,355
88,332,355
89,332,354
90,332,354
91,332,354
92,332,354
93,332,354
94,331,353
95,331,353
96,331,353
97,331,353
98,331,352
99,331,352
100,331,352
101,331,352
102,331,352
103,331,351
104,330,351
105,330,351
106,330,351
107,330,351
108,330,350
109,330,350
110,330,350
111,330,350
112,330,349
113,330,349
114,329,349
115,329,349
116,329,349
117,329,348
118,329,348
119,329,348
120,329,348
121,329,348
122,329,347
123,329,347
124,329,347
125,328,347
126,328,347
127,328,346
128,328,346
129,328,346
130,328,346
131,328,346
132,328,345
133,328,345
134,328,345
135,327,345
136,327,345
137,327,345
138,327,344
139,327,344
140,327,344
141,327,344
142,327,344
143,327,344
144,327,343
145,326,343
146,326,343
147,326,343
148,326,343
149,326,343
150,326,342
151,326,342
152,326,342
153,326,342
154,326,342
155,325,341
156,325,341
157,325,341
158,325,341
159,325,341
160,325,341
161,325,341
162,325,340
163,325,340
164,325,340
165,324,340
166,324,340
167,324,340
168,324,339
169,324,339
170,324,339
171,324,339
172,324,339
173,324,339
174,324,339
175,323,338
176,323,338
177,323,338
178,323,338
179,323,338
180,323,338
181,323,338
182,323,337
183,323,337
184,323,337
185,322,337
186,322,337
187,322,337
188,322,337
189,322,336
190,322,336
191,322,336
192,322,336
193,322,336
194,322,336
195,321,336
196,321,336
197,321,335
198,321,335
199,321,335
200,321,335
201,321,335
202,321,335
203,321,335
204,320,335
205,320,334
206,320,334
207,320,334
208,320,334
209,320,334
210,320,334
211,320,334
212,320,334
213,320,334
214,319,333
215,319,333
216,319,333
217,319,333
218,319,333
219,319,333
220,319,333
221,319,333
222,319,333
223,318,332
224,318,332
225,318,332
226,318,332
227,318,332
228,318,332
229,318,332
230,318,332
231,318,332
232,317,331
233,317,331
234,317,331
235,317,331
236,317,331
237,317,331
238,317,331
239,317,331
240,317,331
241,317,331
242,316,331
243,316,331
244,316,330
245,316,330
246,316,330
247,316,330
248,316,330
249,316,330
250,316,330
251,315,330
252,315,330
253,315,330
254,315,330
255,315,330
256,315,329
257,315,329
258,315,329
259,315,329
260,314,329
261,314,329
262,314,329
263,314,329
264,314,329
265,314,329
266,314,329
267,314,329
268,314,329
269,313,329
270,313,328
271,313,328
272,313,328
273,313,328
274,313,328
275,313,328
276,313,328
277,313,328
278,312,328
279,312,328
280,312,328
281,312,328
282,312,328
283,312,328
284,312,328
285,312,328
286,311,328
287,311,327
288,311,327
289,311,327
290,311,327
291,311,327
292,311,327
293,311,327
294,311,327
295,310,327
296,310,327
297,310,327
298,310,327
299,310,327
300,310,327
301,310,327
302,310,327
303,309,327
304,309,327
305,309,327
306,309,327
307,309,327
308,309,327
309,309,327
310,309,327
311,308,327
312,308,327
313,308,327
314,308,327
315,308,327
316,308,327
317,308,327
318,308,327
319,307,327
320,307,327
321,307,327
322,307,327
323,307,327
324,307,327
325,307,327
326,306,327
327,306,327
328,306,327
329,306,327
330,306,327
331,306,327
332,306,327
333,306,327
334,305,327
335,305,327
336,305,327
337,305,327
338,305,327
339,305,327
340,305,327
341,305,327
342,304,327
343,304,327
344,304,327
345,304,327
346,304,327
347,304,327
348,304,327
349,303,327
350,303,327
351,303,327
352,303,327
353,303,327
354,303,327
355,303,327
356,302,327
357,302,327
358,302,327
359,302,327
360,302,327
361,302,327
362,302,327
363,301,327
364,301,327
365,301,327
366,301,327
367,301,327
368,301,327
369,301,327
370,300,327
371,300,327
372,300,327
373,300,327
374,300,327
375,300,327
376,299,327
377,299,327
378,299,327
379,299,327
380,299,327
381,299,327
382,299,327
383,298,327
384,298,327
385,298,327
386,298,327
387,298,327
388,298,327
389,297,327
390,297,327
391,297,327
392,297,327
393,297,327
394,297,327
395,296,327
396,296,327
397,296,327
398,296,327
399,296,327
400,296,327
401,295,327
402,295,327
403,295,327
404,295,327
405,295,327
406,295,327
407,294,327
408,294,327
409,294,327
410,294,327
411,294,327
412,294,327
413,293,327
414,293,328
415,293,328
416,293,328
417,293,328
418,293,328
419,292,328
420,292,328
421,292,328
422,292,328
423,292,328
424,292,328
425,292,328
426,292,328
427,292,328
428,292,328
429,293,328
430,293,328
431,293,328
432,293,328
433,293,328
434,293,328
435,294,328
436,294,328
437,294,328
438,295,328
439,295,328
440,295,328
441,296,328
442,296,328
443,297,328
444,297,328
445,298,328
446,298,328
447,299,328
448,299,328
449,300,328
450,300,328
451,301,328
452,302,328
453,302,328
454,303,328
455,304,328
456,304,329
457,305,328
458,306,328
459,307,328
460,307,328
461,308,328
462,309,328
463,310,328
464,311,327
465,312,327
466,313,327
467,314,327
468,315,326
469,316,325
470,317,324
471,319,323
0,0
0,111
349,175,175
350,170,180
351,169,184
352,167,187
353,167,189
354,166,192
355,166,194
356,165,197
357,165,198
358,165,200
359,164,202
360,164,203
361,164,204
362,163,205
363,163,206
364,163,206
365,162,207
366,162,207
367,161,207
368,161,207
369,160,207
370,160,206
371,159,206
372,158,206
373,158,205
374,157,204
375,157,204
376,156,203
377,155,202
378,155,201
379,154,200
380,153,199
381,153,197
382,152,196
383,151,195
384,150,194
385,150,193
386,149,192
387,148,191
388,147,190
389,147,189
390,146,188
391,145,187
392,144,186
393,144,185
394,143,183
395,142,183
396,141,181
397,140,180
398,139,179
399,138,178
400,137,177
401,136,176
402,136,175
403,135,174
404,134,173
405,133,172
406,132,171
407,131,170
408,130,169
409,129,168
410,128,166
411,127,165
412,126,164
413,125,163
414,124,162
415,122,161
416,121,159
417,120,158
418,119,157
419,118,156
420,117,154
421,116,153
422,114,152
423,113,151
424,112,149
425,111,148
426,110,146
427,108,145
428,107,144
429,106,142
430,105,141
431,103,140
432,102,138
433,101,137
434,100,135
435,98,134
436,97,132
437,96,131
438,95,129
439,93,128
440,92,126
441,91,125
442,89,123
443,88,121
444,87,120
445,86,118
446,84,116
447,83,114
448,82,112
449,80,111
450,79,109
451,78,106
452,76,104
453,75,102
454,73,99
455,72,96
456,71,93
457,70,90
458,70,86
459,72,79
0,0
1,101
310,352,359
311,349,362
312,348,363
313,348,365
314,348,366
315,347,367
316,348,368
317,349,370
318,351,359
318,350,371
319,351,359
319,350,372
320,351,373
321,351,374
322,352,376
323,352,377
324,353,378
325,354,380
326,354,381
327,355,382
328,356,383
329,356,385
330,357,386
331,357,387
332,358,389
333,359,390
334,359,391
335,360,392
336,361,394
337,361,395
338,362,396
339,362,398
340,363,399
341,364,400
342,364,402
343,365,403
344,366,404
345,366,406
346,367,407
347,368,408
348,368,410
349,369,411
350,370,412
351,370,414
352,371,415
353,372,417
354,373,418
355,373,419
356,374,421
357,375,422
358,375,424
359,376,425
360,377,426
361,377,428
362,378,429
363,379,430
364,379,432
365,380,433
366,381,435
367,382,436
368,382,438
369,383,439
370,384,440
371,384,442
372,385,443
373,386,445
374,387,446
375,387,448
376,388,449
377,389,451
378,390,453
379,390,454
380,391,455
381,392,457
382,393,458
383,394,459
384,394,460
385,395,461
386,396,462
387,397,462
388,398,463
389,399,464
390,400,464
391,401,464
392,402,464
393,403,465
394,404,465
395,405,464
396,406,464
397,407,464
398,408,464
399,410,463
400,412,463
401,413,462
402,416,462
403,418,461
404,421,460
405,424,459
406,428,457
407,433,454
408,442,449
0,0
