1,137
238,50,53
237,48,54
236,47,55
235,46,55
234,45,56
233,44,56
232,43,57
231,43,57
230,42,58
229,41,58
228,41,58
227,40,58
226,40,58
225,39,59
224,38,59
223,38,59
222,37,59
221,37,60
220,37,60
219,36,60
218,36,60
217,35,61
216,35,61
215,34,61
214,34,62
213,34,62
212,33,62
211,33,63
210,32,63
209,32,63
208,32,64
207,31,64
206,31,64
205,31,65
204,30,65
203,30,66
202,30,66
201,30,66
200,29,67
199,29,67
198,29,68
197,29,68
196,29,69
195,28,69
194,29,70
193,29,70
192,29,70
191,29,71
190,30,71
189,30,72
188,31,72
187,34,73
186,41,73
185,43,74
184,44,74
183,45,75
182,46,75
181,47,76
180,48,76
179,50,53
179,49,77
178,50,77
177,51,78
176,51,78
175,52,78
174,53,79
173,54,79
172,55,80
171,56,80
170,56,81
169,57,81
168,58,81
167,58,82
166,59,82
165,60,83
164,61,83
163,61,83
162,62,84
161,63,84
160,64,85
159,64,85
158,65,85
157,66,86
156,66,86
155,67,86
154,68,87
153,68,87
152,69,88
151,70,88
150,70,88
149,71,89
148,72,89
147,72,89
146,73,90
145,74,90
144,74,90
143,75,91
142,75,91
141,76,91
140,77,92
139,77,92
138,78,92
137,78,93
136,79,93
135,80,93
134,80,93
133,81,94
132,81,94
131,82,94
130,82,95
129,83,95
128,84,95
127,84,96
126,85,96
125,85,96
124,86,96
123,86,97
122,87,97
121,87,97
120,88,97
119,89,98
118,89,98
117,90,98
116,90,98
115,91,99
114,91,99
113,92,99
112,92,99
111,93,100
110,93,100
109,94,100
108,94,100
107,95,101
106,95,101
105,96,101
104,96,101
103,97,100
0,0
0,46
116,91,94
117,89,98
118,89,101
119,88,104
120,88,107
121,88,110
122,88,112
123,88,115
124,89,117
125,89,119
126,90,121
127,90,123
128,91,125
129,92,126
130,93,128
131,94,129
132,95,130
133,96,131
134,97,131
135,98,132
136,99,133
137,100,133
138,101,133
139,101,134
140,102,134
141,103,134
142,104,134
143,105,134
144,106,134
145,107,135
146,108,135
147,109,135
148,109,135
149,110,135
150,111,135
151,112,135
152,113,135
153,114,134
154,115,134
155,115,134
156,116,134
157,117,133
158,118,132
159,120,131
160,122,130
161,125,126
0,0
0,59
81,238,238
82,233,243
83,232,245
84,231,247
85,231,248
86,231,250
87,231,251
88,231,252
89,231,253
90,231,254
91,231,255
92,230,256
93,230,257
94,230,258
95,230,258
96,229,259
97,229,260
98,229,261
99,228,261
100,228,262
101,227,262
102,226,263
103,226,263
104,225,263
105,224,263
106,224,263
107,223,263
108,222,262
109,222,260
110,221,258
111,220,255
112,220,253
113,219,251
114,218,250
115,217,248
116,217,246
117,216,244
118,215,242
119,214,240
120,214,239
121,213,237
122,212,235
123,211,234
124,211,232
125,210,230
126,209,229
127,208,227
128,207,225
129,206,224
130,206,222
131,205,220
132,204,219
133,203,217
134,203,216
135,202,214
136,202,212
137,202,211
138,203,209
139,206,206
0,0
1,202
56,186,191
57,185,192
58,184,193
59,184,194
60,184,195
61,183,196
62,183,197
63,183,197
64,183,198
65,183,199
66,183,199
67,183,200
68,182,200
69,182,201
70,182,201
71,182,201
72,182,202
73,182,202
74,182,203
75,182,203
76,182,203
77,182,204
78,182,204
79,182,204
80,181,204
81,181,204
82,181,204
83,181,204
84,181,204
85,181,204
86,181,204
87,181,205
88,181,204
89,181,204
90,180,204
91,180,204
92,180,204
93,180,203
94,180,203
95,180,203
96,180,203
97,180,203
98,180,202
99,179,202
100,179,202
101,179,201
102,179,201
103,179,201
104,179,200
105,179,200
106,179,200
107,178,199
108,178,199
109,178,199
110,178,199
111,178,198
112,178,198
113,177,198
114,177,197
115,177,197
116,177,197
117,177,196
118,177,196
119,176,196
120,176,196
121,176,195
122,176,195
123,176,195
124,175,194
125,175,194
126,175,194
127,175,194
128,175,193
129,175,193
130,174,193
131,174,192
132,174,192
133,174,192
134,174,192
135,173,191
136,173,191
137,173,191
138,173,191
139,173,190
140,172,190
141,172,190
142,172,189
143,172,189
144,172,189
145,172,189
146,171,188
147,171,188
148,171,188
149,171,188
150,170,187
151,170,187
152,170,187
153,170,187
154,170,187
155,169,186
156,169,186
157,169,186
158,169,186
159,169,185
160,168,185
161,168,185
162,168,185
163,168,184
164,168,184
165,167,184
166,167,184
167,167,184
168,167,183
169,167,183
170,166,183
171,166,183
172,166,183
173,166,182
174,166,182
175,165,182
176,165,182
177,165,181
178,165,181
179,165,181
180,164,181
181,164,181
182,164,180
183,164,180
184,163,180
185,163,180
186,163,180
187,163,180
188,163,179
189,162,179
190,162,179
191,162,179
192,162,179
193,162,178
194,161,178
195,161,178
196,161,178
197,161,178
198,161,178
199,160,177
200,160,177
201,160,177
202,160,177
203,159,177
204,159,177
205,159,177
206,159,176
207,159,176
208,158,176
209,158,176
210,158,176
211,158,176
212,158,175
213,157,175
214,157,175
215,157,175
216,157,175
217,156,175
218,156,175
219,156,174
220,156,174
221,156,174
222,155,174
223,155,174
224,155,174
225,155,173
226,155,173
227,154,173
228,154,173
229,154,173
230,154,173
231,154,173
232,154,173
233,153,172
234,154,172
235,154,172
236,154,172
237,154,172
238,154,172
239,154,172
240,154,172
241,154,171
242,155,171
243,155,171
244,155,171
245,156,171
246,156,171
247,156,171
248,157,171
249,157,170
250,158,170
251,158,170
252,159,170
253,160,169
254,160,169
255,161,169
256,162,168
257,164,166
0,0
0,196
78,160,160
79,157,166
80,155,170
81,154,172
82,153,174
83,153,176
84,153,178
85,153,180
86,153,181
87,154,183
88,154,184
89,155,186
90,155,187
91,156,188
92,156,189
93,156,190
94,157,191
95,157,192
96,158,193
97,158,193
98,158,194
99,159,194
100,159,194
101,159,194
102,159,194
103,159,194
104,160,193
105,160,193
106,160,192
107,160,192
108,161,191
109,161,191
110,161,191
111,161,190
112,161,190
113,161,189
114,162,189
115,162,189
116,162,188
117,162,188
118,162,188
119,162,187
120,162,187
121,163,187
122,163,187
123,163,186
124,163,186
125,163,186
126,163,185
127,163,185
128,163,185
129,163,185
130,163,185
131,163,184
132,164,184
133,164,184
134,164,184
135,164,184
136,164,183
137,164,183
138,164,183
139,164,183
140,164,183
141,164,183
142,164,183
143,164,182
144,164,182
145,164,182
146,164,182
147,164,182
148,164,182
149,164,182
150,164,181
151,164,181
152,164,181
153,164,181
154,164,181
155,164,181
156,164,181
157,164,181
158,164,181
159,164,181
160,164,180
161,164,180
162,164,180
163,164,180
164,164,180
165,164,180
166,164,180
167,164,180
168,164,180
169,164,180
170,164,180
171,164,180
172,164,180
173,164,180
174,164,179
175,164,179
176,164,179
177,164,179
178,164,179
179,164,179
180,164,179
181,164,179
182,164,179
183,164,179
184,164,179
185,164,179
186,164,179
187,164,179
188,164,179
189,164,179
190,164,179
191,164,179
192,164,179
193,164,179
194,164,179
195,164,179
196,164,179
197,164,179
198,163,179
199,163,179
200,163,179
201,163,179
202,163,179
203,163,179
204,163,179
205,163,179
206,163,179
207,163,179
208,163,179
209,163,179
210,163,179
211,163,179
212,162,179
213,162,179
214,162,179
215,162,179
216,162,179
217,162,179
218,162,179
219,162,179
220,162,179
221,162,179
222,161,179
223,161,179
224,161,179
225,161,179
226,161,179
227,161,179
228,161,179
229,161,179
230,160,179
231,160,179
232,160,179
233,160,179
234,160,179
235,160,179
236,159,179
237,159,179
238,159,179
239,159,179
240,159,179
241,158,179
242,158,179
243,158,179
244,158,179
245,157,179
246,157,179
247,157,179
248,157,179
249,157,179
250,157,179
251,157,179
252,157,179
253,157,179
254,157,179
255,158,179
256,158,179
257,158,179
258,159,179
259,159,179
260,159,179
261,160,179
262,160,179
263,161,179
264,161,179
265,162,178
266,162,178
267,163,178
268,163,177
269,164,176
270,164,176
271,165,174
272,166,173
273,168,171
0,0
0,122
179,151,158
180,149,163
181,148,166
182,147,168
183,147,170
184,147,171
185,147,173
186,146,174
187,146,174
188,146,174
189,145,174
190,145,174
191,144,173
192,144,172
193,143,171
194,143,170
195,143,169
196,142,168
197,141,167
198,141,166
199,140,165
200,140,165
201,139,164
202,138,163
203,138,163
204,137,162
205,136,161
206,136,161
207,135,160
208,134,159
209,134,159
210,133,158
211,132,157
212,131,157
213,131,156
214,130,155
215,129,154
216,128,154
217,128,153
218,127,152
219,126,152
220,125,151
221,124,150
222,123,149
223,123,148
224,122,148
225,121,147
226,120,146
227,119,145
228,118,144
229,117,143
230,116,143
231,115,142
232,114,141
233,114,140
234,113,139
235,112,138
236,110,137
237,109,136
238,109,135
239,107,134
240,106,133
241,105,132
242,104,131
243,103,131
244,102,129
245,101,129
246,100,127
247,99,126
248,98,125
249,97,124
250,95,123
251,94,122
252,93,121
253,92,120
254,91,119
255,89,118
256,88,117
257,87,116
258,86,114
259,84,113
260,83,112
261,82,111
262,80,110
263,79,109
264,78,107
265,76,106
266,75,105
267,74,104
268,72,103
269,71,101
270,69,100
271,68,99
272,67,97
273,65,96
274,64,95
275,62,93
276,61,92
277,59,90
278,58,89
279,56,87
280,54,86
281,53,84
282,51,82
283,50,80
284,48,79
285,47,77
286,45,75
287,44,73
288,42,71
289,40,69
290,39,66
291,37,64
292,36,61
293,34,58
294,32,55
295,31,53
296,30,50
297,28,47
298,28,43
299,28,40
300,30,34
0,0
1,100
174,187,193
175,187,195
176,187,196
177,187,197
178,187,197
179,188,198
180,188,199
181,188,199
182,188,200
183,189,200
184,189,201
185,189,201
186,189,202
187,190,203
188,190,203
189,190,204
190,190,204
191,191,205
192,191,206
193,191,206
194,191,207
195,192,207
196,192,208
197,192,208
198,193,209
199,193,210
200,193,210
201,193,211
202,194,212
203,194,212
204,194,213
205,195,213
206,195,214
207,195,215
208,195,215
209,196,216
210,196,217
211,196,217
212,197,218
213,197,218
214,197,219
215,198,220
216,198,220
217,198,221
218,199,221
219,199,222
220,199,223
221,200,223
222,200,224
223,200,225
224,200,225
225,201,226
226,201,227
227,201,227
228,202,228
229,202,229
230,202,229
231,203,230
232,203,231
233,203,231
234,204,232
235,204,233
236,205,233
237,205,234
238,205,235
239,206,235
240,206,236
241,207,237
242,207,237
243,207,238
244,208,239
245,208,239
246,209,240
247,209,241
248,210,241
249,210,242
250,211,243
251,211,243
252,212,244
253,212,245
254,213,246
255,213,246
256,214,247
257,215,248
258,215,248
259,216,249
260,217,249
261,218,250
262,219,250
263,220,250
264,221,251
265,222,251
266,224,251
267,225,251
268,227,250
269,229,250
270,231,249
271,233,248
272,235,247
273,238,246
0,0
0,127
281,82,88
282,80,94
283,79,97
284,79,100
285,79,103
286,79,105
287,79,107
288,80,108
289,80,109
290,81,109
291,81,110
292,82,110
293,82,110
294,82,110
295,83,110
296,83,110
297,83,110
298,84,110
299,84,111
300,84,111
301,85,111
302,85,111
303,86,111
304,86,111
305,86,111
306,87,111
307,87,111
308,87,111
309,88,111
310,88,112
311,88,112
312,89,112
313,89,112
314,89,112
315,89,112
316,90,112
317,90,112
318,90,112
319,90,113
320,91,113
321,91,113
322,91,113
323,92,113
324,92,113
325,92,113
326,92,113
327,93,114
328,93,114
329,93,114
330,93,114
331,93,114
332,94,114
333,94,114
334,94,115
335,94,115
336,94,115
337,95,115
338,95,115
339,95,115
340,95,115
341,95,116
342,95,116
343,96,116
344,96,116
345,96,116
346,96,116
347,96,116
348,96,117
349,96,117
350,97,117
351,97,117
352,97,117
353,97,117
354,97,117
355,97,118
356,97,118
357,97,118
358,97,118
359,98,118
360,98,118
361,98,118
362,98,118
363,98,119
364,98,119
365,98,119
366,98,119
367,98,119
368,99,119
369,99,119
370,99,119
371,99,119
372,99,119
373,99,120
374,100,120
375,100,120
376,100,120
377,100,120
378,100,120
379,100,120
380,101,120
381,101,120
382,101,120
383,101,120
384,102,120
385,102,120
386,102,120
387,102,120
388,103,120
389,103,120
390,103,120
391,104,120
392,104,120
393,104,120
394,105,120
395,105,120
396,106,120
397,106,120
398,107,120
399,107,120
400,108,120
401,108,119
402,109,119
403,110,119
404,111,119
405,112,118
406,113,117
407,116,116
0,0
1,145
88,287,290
89,287,292
90,286,293
91,286,294
92,286,295
93,286,295
94,286,296
95,286,296
96,285,297
97,285,297
98,285,298
99,285,298
100,285,298
101,285,298
102,285,298
103,284,299
104,284,299
105,284,299
106,284,299
107,284,298
108,284,298
109,283,298
110,283,298
111,283,298
112,283,298
113,283,297
114,283,297
115,282,297
116,282,296
117,282,296
118,282,296
119,282,296
120,281,295
121,281,295
122,281,295
123,281,294
124,281,294
125,281,294
126,280,294
127,280,293
128,280,293
129,280,293
130,280,293
131,279,292
132,279,292
133,279,292
134,279,292
135,279,291
136,278,291
137,278,291
138,278,291
139,278,291
140,278,290
141,277,290
142,277,290
143,277,290
144,277,289
145,277,289
146,276,289
147,276,289
148,276,289
149,276,288
150,276,288
151,275,288
152,275,288
153,275,288
154,275,287
155,274,287
156,274,287
157,274,287
158,274,287
159,274,286
160,273,286
161,273,286
162,273,286
163,273,286
164,273,285
165,272,285
166,272,285
167,272,285
168,272,285
169,272,285
170,272,284
171,271,284
172,271,284
173,271,284
174,271,284
175,271,284
176,270,283
177,270,283
178,270,283
179,270,283
180,270,283
181,270,283
182,269,282
183,269,282
184,269,282
185,269,282
186,269,282
187,268,282
188,268,281
189,268,281
190,268,281
191,268,281
192,267,281
193,267,281
194,267,281
195,267,281
196,267,281
197,267,280
198,266,280
199,266,280
200,266,280
201,266,280
202,266,280
203,265,280
204,265,280
205,265,280
206,265,280
207,265,280
208,264,280
209,264,280
210,264,280
211,264,280
212,264,280
213,263,280
214,263,280
215,263,280
216,263,280
217,262,280
218,262,280
219,262,280
220,262,280
221,261,280
222,280,280
222,261,281
223,280,280
223,261,281
224,280,280
224,261,281
225,280,280
225,260,282
226,260,274
227,259,265
227,259,259
0,145
259,229,234
260,227,239
261,227,241
262,227,243
263,227,245
264,227,247
265,227,249
266,226,251
267,226,253
268,226,254
269,226,256
270,226,257
271,226,259
272,226,260
273,226,262
274,226,263
275,225,264
276,225,265
277,225,267
278,225,268
279,225,269
280,225,270
281,225,270
282,225,271
283,225,271
284,226,272
285,226,272
286,227,272
287,227,272
288,227,272
289,227,272
290,228,271
291,228,271
292,228,270
293,228,270
294,228,269
295,228,268
296,228,267
297,228,266
298,228,265
299,228,265
300,228,264
301,228,263
302,228,262
303,228,262
304,228,261
305,228,261
306,228,260
307,228,260
308,228,259
309,227,259
310,227,258
311,227,258
312,227,257
313,227,257
314,227,256
315,227,256
316,227,256
317,227,256
318,226,255
319,226,255
320,226,255
321,226,255
322,226,254
323,226,254
324,226,254
325,225,254
326,225,254
327,225,253
328,225,253
329,225,253
330,225,253
331,225,253
332,224,252
333,224,252
334,224,252
335,224,252
336,224,252
337,223,251
338,223,251
339,223,251
340,223,251
341,223,250
342,223,250
343,222,250
344,222,250
345,222,250
346,222,249
347,221,249
348,221,249
349,221,249
350,221,248
351,221,248
352,220,248
353,220,248
354,220,248
355,220,247
356,219,247
357,219,247
358,219,247
359,219,246
360,218,246
361,218,246
362,218,246
363,217,246
364,217,245
365,216,245
366,216,245
367,216,244
368,215,244
369,215,244
370,214,244
371,213,244
372,211,243
373,210,243
374,206,243
375,204,242
376,203,242
377,203,242
378,203,242
379,203,241
380,203,241
381,204,241
382,204,240
383,205,240
384,205,240
385,206,240
386,207,239
387,207,239
388,208,238
389,209,238
390,209,238
391,210,237
392,211,237
393,212,236
394,213,236
395,214,236
396,215,235
397,216,234
398,216,233
399,218,232
400,219,231
401,220,230
402,222,229
403,225,225
0,0
1,129
104,332,335
105,332,336
106,332,337
107,331,338
108,331,339
109,331,339
110,331,339
111,331,340
112,330,340
113,330,340
114,330,340
115,330,340
116,330,340
117,329,340
118,329,340
119,329,340
120,329,340
121,329,341
122,328,340
123,328,340
124,328,340
125,328,340
126,328,340
127,328,340
128,327,340
129,327,340
130,327,340
131,327,340
132,327,340
133,326,340
134,326,340
135,326,339
136,326,339
137,326,339
138,325,339
139,325,339
140,325,339
141,325,339
142,325,339
143,324,338
144,324,338
145,324,338
146,324,338
147,324,338
148,323,338
149,323,338
150,323,338
151,323,337
152,323,337
153,322,337
154,322,337
155,322,337
156,322,337
157,322,336
158,321,336
159,321,336
160,321,336
161,321,336
162,321,336
163,320,336
164,320,336
165,320,335
166,320,335
167,320,335
168,319,335
169,319,335
170,319,335
171,319,335
172,318,334
173,318,334
174,318,334
175,318,334
176,318,334
177,317,334
178,317,334
179,317,334
180,317,333
181,317,333
182,316,333
183,316,333
184,316,333
185,316,333
186,316,333
187,315,333
188,315,332
189,315,332
190,315,332
191,315,332
192,314,332
193,314,332
194,314,332
195,314,331
196,314,331
197,314,331
198,313,331
199,313,331
200,313,331
201,313,331
202,313,331
203,313,331
204,313,330
205,313,330
206,313,330
207,313,330
208,313,330
209,313,330
210,312,330
211,312,330
212,313,329
213,313,329
214,313,329
215,313,329
216,313,329
217,314,329
218,314,329
219,314,329
220,314,329
221,315,328
222,315,328
223,315,328
224,316,328
225,316,328
226,317,328
227,318,328
228,318,327
229,319,327
230,320,327
231,322,326
232,324,324
0,0
0,100
280,156,157
281,153,161
282,152,165
283,151,167
284,151,168
285,151,170
286,151,172
287,151,173
288,152,174
289,152,175
290,153,176
291,153,177
292,154,178
293,154,179
294,155,180
295,155,181
296,155,181
297,155,182
298,156,182
299,156,183
300,156,183
301,156,183
302,156,183
303,156,183
304,156,183
305,157,183
306,157,183
307,157,182
308,157,182
309,157,182
310,157,182
311,157,182
312,157,182
313,157,182
314,157,182
315,157,182
316,157,182
317,157,181
318,157,181
319,157,181
320,157,181
321,157,181
322,157,181
323,157,181
324,157,181
325,157,181
326,157,181
327,157,181
328,157,181
329,158,181
330,158,181
331,158,180
332,158,180
333,158,180
334,158,180
335,158,180
336,158,180
337,158,180
338,158,180
339,158,180
340,158,180
341,158,180
342,158,180
343,158,180
344,158,180
345,158,180
346,158,180
347,158,180
348,158,180
349,158,179
350,158,179
351,158,179
352,158,179
353,158,179
354,158,179
355,158,179
356,158,179
357,159,179
358,159,179
359,159,179
360,159,179
361,159,179
362,159,179
363,159,179
364,159,179
365,159,179
366,159,178
367,159,178
368,159,178
369,159,178
370,159,178
371,159,178
372,159,178
373,159,178
374,159,178
375,159,178
376,159,178
377,159,178
378,164,178
379,178,178
0,0
1,109
110,383,386
111,383,387
112,383,388
113,382,389
114,382,390
115,382,390
116,382,390
117,382,391
118,381,391
119,381,391
120,381,391
121,381,391
122,381,391
123,381,391
124,380,391
125,380,391
126,380,391
127,380,391
128,380,391
129,379,391
130,379,391
131,379,391
132,379,391
133,379,391
134,378,391
135,378,390
136,378,390
137,378,390
138,378,390
139,378,390
140,377,390
141,377,390
142,377,390
143,377,390
144,377,389
145,376,389
146,376,389
147,376,389
148,376,389
149,375,389
150,375,389
151,375,389
152,375,389
153,375,388
154,374,388
155,374,388
156,374,388
157,374,388
158,374,388
159,374,388
160,373,388
161,373,387
162,373,387
163,373,387
164,372,387
165,372,387
166,372,387
167,372,387
168,372,387
169,371,386
170,371,386
171,371,386
172,371,386
173,371,386
174,370,386
175,370,386
176,370,386
177,370,386
178,370,385
179,369,385
180,369,385
181,369,385
182,369,385
183,369,385
184,368,385
185,368,385
186,368,385
187,368,384
188,368,384
189,368,384
190,368,384
191,368,384
192,368,384
193,368,384
194,368,384
195,368,384
196,368,383
197,367,383
198,367,383
199,368,383
200,368,383
201,368,383
202,368,383
203,368,383
204,368,383
205,369,383
206,369,382
207,369,382
208,370,382
209,370,382
210,370,382
211,371,382
212,371,382
213,372,382
214,373,381
215,374,381
216,375,381
217,376,380
218,378,379
0,0
1,85
297,129,132
298,128,133
299,127,134
300,127,135
301,126,135
302,126,136
303,125,136
304,125,137
305,125,137
306,125,138
307,124,138
308,124,138
309,124,138
310,124,139
311,123,139
312,123,139
313,123,139
314,122,139
315,122,139
316,122,139
317,121,139
318,121,138
319,121,138
320,120,138
321,120,138
322,120,137
323,119,137
324,119,137
325,119,137
326,118,136
327,118,136
328,117,135
329,117,135
330,117,135
331,116,134
332,116,134
333,116,133
334,115,133
335,115,132
336,115,132
337,114,131
338,114,131
339,113,131
340,113,130
341,113,130
342,112,129
343,112,129
344,112,129
345,111,128
346,111,128
347,110,127
348,110,127
349,110,127
350,109,126
351,109,126
352,109,126
353,108,125
354,108,125
355,108,124
356,107,124
357,107,124
358,106,123
359,106,123
360,105,122
361,105,122
362,105,122
363,104,121
364,104,121
365,103,121
366,102,120
367,102,120
368,101,120
369,101,119
370,100,119
371,99,118
372,99,118
373,98,116
374,97,113
375,97,110
376,96,107
377,95,104
378,94,101
379,93,98
380,92,95
381,92,92
0,123
89,388,395
90,384,397
91,382,399
92,381,402
93,380,404
94,380,406
95,380,407
96,379,409
97,379,411
98,379,412
99,378,414
100,378,415
101,378,417
102,377,418
103,377,420
104,377,421
105,376,423
106,376,424
107,376,425
108,375,426
109,375,428
110,375,429
111,374,430
112,374,431
113,374,432
114,373,432
115,373,433
116,373,433
117,372,434
118,372,434
118,372,373
118,373,434
119,372,372
119,377,434
119,377,434
120,379,434
121,380,434
122,381,434
123,382,433
124,382,433
125,382,432
126,383,431
127,383,430
128,383,429
129,382,427
130,382,425
131,382,423
132,382,422
133,381,420
134,381,419
135,381,417
136,380,416
137,380,415
138,379,414
139,379,413
140,379,412
141,378,411
142,378,410
143,378,409
144,377,408
145,377,408
146,376,407
147,376,406
148,376,405
149,375,404
150,375,404
151,375,403
152,374,402
153,374,402
154,374,401
155,373,400
156,373,400
157,372,399
158,372,398
159,372,397
160,371,397
161,371,396
162,370,395
163,370,395
164,370,394
165,369,393
166,369,393
167,369,392
168,368,391
169,368,391
170,367,390
171,367,389
172,367,389
173,366,388
174,366,387
175,365,387
176,365,386
177,365,385
178,364,384
179,364,384
180,363,383
181,363,383
182,362,382
183,362,382
184,361,381
185,361,381
186,360,380
187,360,380
188,359,380
189,359,380
190,358,380
191,358,380
192,358,380
193,357,380
194,357,381
195,357,382
196,357,383
197,357,384
198,357,385
199,357,386
200,357,387
201,358,389
202,359,387
203,360,383
204,362,379
205,364,375
206,366,371
207,368,368
0,145
201,390,390
202,387,390
203,383,392
204,379,393
205,375,394
206,371,395
207,368,396
208,370,397
209,371,399
210,372,400
211,373,401
212,374,402
213,376,403
214,377,404
215,378,405
216,379,406
217,380,407
218,381,408
219,382,409
220,383,410
221,384,411
222,385,412
223,386,413
224,387,414
225,388,415
226,389,416
227,390,416
228,391,417
229,391,418
230,392,419
231,393,420
232,394,421
233,395,421
234,395,422
235,396,423
236,397,424
237,398,425
238,398,426
239,399,426
240,400,427
241,400,428
242,401,428
243,402,429
244,402,430
245,403,430
246,404,431
247,404,432
248,405,433
249,405,433
250,406,434
251,406,434
252,407,435
253,408,436
254,408,436
255,409,437
256,409,437
257,410,438
258,410,438
259,411,439
260,411,439
261,411,440
262,412,440
263,412,441
264,413,441
265,413,442
266,414,442
267,414,442
268,414,443
269,414,443
270,415,443
271,415,444
272,415,444
273,416,444
274,416,445
275,416,445
276,416,445
277,416,445
278,416,446
279,416,446
280,416,446
281,416,446
282,416,446
283,416,447
284,416,447
285,416,447
286,416,447
287,416,447
288,416,447
289,415,447
290,415,447
291,415,447
292,415,447
293,414,447
294,414,447
295,413,447
296,413,447
297,412,447
298,412,447
299,411,447
300,410,447
301,410,447
302,411,447
303,411,447
304,411,447
305,412,447
306,412,446
307,412,446
308,413,446
309,413,446
310,414,446
311,414,445
312,414,445
313,415,445
314,415,445
315,416,444
316,416,444
317,416,444
318,417,443
319,417,443
320,417,442
321,418,442
322,418,442
323,419,441
324,419,441
325,419,440
326,420,440
327,420,439
328,420,439
329,421,438
330,421,438
331,422,437
332,422,436
333,422,436
334,423,435
335,423,435
336,424,434
337,424,433
338,424,432
339,425,432
340,425,431
341,425,430
342,426,430
343,426,429
344,427,428
345,427,427
1,77
427,344,345
426,341,346
425,339,346
424,336,347
423,333,348
422,331,348
421,328,349
420,326,349
419,323,349
418,320,350
417,318,350
416,315,350
415,313,350
414,310,350
413,307,350
412,305,350
411,302,349
410,300,349
409,301,348
408,302,348
407,302,347
406,303,346
405,303,344
404,303,343
403,303,341
402,304,340
401,304,339
400,304,338
399,304,337
398,304,336
397,304,335
396,304,334
395,304,333
394,304,332
393,304,331
392,304,331
391,304,330
390,304,329
389,303,328
388,303,328
387,303,327
386,303,326
385,303,326
384,303,325
383,303,324
382,302,324
381,302,323
380,302,322
379,302,322
378,302,321
377,302,320
376,302,320
375,302,319
374,301,319
373,301,318
372,301,317
371,301,317
370,301,316
369,301,316
368,301,315
367,301,315
366,301,314
365,301,313
364,300,313
363,300,312
362,300,312
361,300,311
360,300,311
359,300,310
358,300,309
357,300,309
356,300,308
355,300,307
354,299,306
353,299,305
352,300,304
351,301,301
0,0
0,372
109,293,293
110,289,296
111,285,299
112,284,302
113,282,304
114,281,306
115,280,308
116,280,309
117,279,311
118,279,313
119,279,314
120,279,316
121,280,317
122,280,318
123,281,320
124,281,321
125,282,322
126,282,322
127,283,323
128,284,324
129,284,324
130,285,325
131,285,325
132,286,325
133,286,325
134,287,325
135,288,325
136,288,325
137,289,325
138,289,325
139,289,325
140,290,325
141,290,324
142,290,324
143,291,324
144,291,324
145,291,324
146,291,323
147,291,323
148,292,323
149,292,323
150,292,323
151,292,323
152,292,322
153,292,322
154,292,322
155,292,322
156,293,322
157,293,322
158,293,321
159,293,321
160,293,321
161,293,321
162,293,321
163,293,321
164,293,321
165,293,321
166,293,321
167,293,321
168,293,321
169,293,321
170,293,321
171,294,321
172,294,320
173,294,320
174,294,320
175,294,320
176,294,320
177,294,320
178,294,320
179,294,320
180,294,320
181,294,320
182,294,320
183,294,320
184,294,320
185,294,320
186,294,320
187,294,320
188,294,320
189,294,320
190,294,320
191,294,320
192,294,320
193,294,320
194,294,320
195,294,320
196,294,320
197,294,320
198,294,320
199,294,320
200,294,319
201,294,319
202,294,319
203,294,319
204,294,319
205,294,319
206,294,319
207,294,319
208,294,319
209,294,319
210,294,319
211,294,319
212,294,319
213,294,319
214,294,319
215,294,319
216,294,319
217,294,319
218,294,319
219,294,319
220,294,319
221,294,319
222,294,319
223,294,319
224,294,319
225,294,319
226,294,319
227,294,319
228,294,319
229,294,319
230,294,319
231,294,319
232,294,319
233,294,319
234,294,319
235,294,319
236,294,319
237,294,319
238,294,319
239,294,319
240,294,319
241,294,319
242,294,319
243,294,319
244,294,319
245,294,319
246,294,319
247,294,319
248,294,319
249,294,319
250,294,319
251,294,319
252,294,319
253,294,319
254,294,319
255,294,319
256,294,319
257,294,319
258,294,319
259,294,319
260,294,319
261,294,319
262,294,319
263,294,319
264,294,319
265,294,319
266,294,318
267,294,318
268,294,318
269,294,318
270,294,318
271,294,318
272,294,318
273,294,318
274,294,318
275,294,318
276,294,318
277,294,318
278,294,318
279,294,318
280,294,318
281,294,318
282,294,318
283,294,318
284,294,318
285,294,318
286,294,318
287,294,318
288,294,318
289,294,318
290,294,318
291,294,318
292,294,318
293,294,318
294,294,318
295,294,318
296,294,318
297,294,318
298,294,318
299,294,318
300,294,318
301,294,318
302,294,318
303,294,318
304,294,318
305,294,318
306,293,318
307,293,318
308,293,318
309,293,318
310,293,318
311,293,318
312,293,318
313,293,318
314,293,318
315,293,318
316,293,318
317,293,318
318,293,318
319,293,318
320,293,318
321,293,318
322,293,318
323,293,318
324,293,318
325,293,318
326,293,318
327,293,319
328,293,319
329,293,319
330,293,319
331,293,319
332,293,319
333,293,319
334,293,319
335,293,319
336,293,319
337,293,319
338,293,319
339,293,319
340,293,319
341,293,319
342,293,319
343,293,319
344,293,319
345,293,319
346,293,319
347,293,319
348,293,319
349,293,319
350,293,319
351,293,319
352,293,319
353,293,319
354,293,319
355,293,319
356,292,319
357,292,319
358,292,319
359,292,319
360,292,319
361,292,319
362,292,320
363,292,320
364,292,320
365,292,320
366,292,320
367,292,320
368,292,320
369,292,320
370,292,320
371,292,320
372,292,320
373,292,320
374,292,320
375,292,320
376,292,320
377,292,320
378,292,320
379,292,320
380,292,320
381,292,320
382,292,320
383,292,320
384,292,320
385,292,320
386,292,320
387,292,320
388,292,320
389,292,320
390,292,320
391,292,320
392,292,320
393,292,320
394,292,320
395,292,320
396,292,320
397,292,320
398,292,320
399,292,320
400,292,320
401,292,320
402,292,320
403,292,320
404,292,320
405,292,320
406,292,320
407,292,320
408,292,319
409,292,319
410,292,319
411,292,319
412,292,319
413,292,319
414,292,319
415,292,319
416,292,319
417,292,319
418,292,319
419,292,319
420,292,319
421,292,319
422,292,319
423,292,319
424,292,319
425,292,319
426,292,318
427,292,318
428,292,318
429,292,318
430,292,318
431,292,318
432,292,318
433,292,318
434,292,318
435,292,318
436,292,318
437,292,318
438,292,318
439,292,317
440,292,317
441,292,317
442,292,317
443,293,317
444,293,317
445,293,317
446,293,317
447,293,317
448,293,317
449,293,317
450,293,316
451,293,316
452,293,316
453,293,316
454,293,316
455,293,316
456,293,316
457,293,316
458,293,316
459,293,316
460,294,315
461,294,315
462,294,315
463,294,315
464,295,315
465,295,314
466,295,314
467,295,314
468,296,314
469,296,313
470,296,313
471,297,313
472,297,312
473,297,312
474,298,311
475,298,311
476,299,310
477,300,309
478,301,308
479,302,307
480,305,305
0,0
