0,58
51,172,173
52,168,178
53,167,182
54,166,186
55,166,189
56,166,192
57,166,195
58,166,198
59,167,200
60,167,203
61,167,205
62,168,208
63,168,210
64,169,212
65,170,214
66,170,216
67,171,217
68,172,219
69,173,220
70,174,221
71,175,222
72,176,223
73,177,224
74,178,225
75,180,226
76,181,226
77,182,227
78,183,227
79,184,227
80,185,228
81,186,228
82,187,228
83,188,229
84,189,229
85,190,229
86,191,229
87,192,229
88,193,229
89,194,230
90,195,230
91,197,230
92,197,230
93,198,230
94,199,230
95,200,230
96,201,230
97,202,230
98,203,230
99,204,230
100,205,229
101,206,229
102,207,229
103,208,228
104,210,228
105,211,227
106,213,226
107,215,224
108,220,220
0,0
0,90
20,306,308
21,301,313
22,300,316
23,299,318
24,299,320
25,298,322
26,298,324
27,299,326
28,299,328
29,299,330
30,299,331
31,299,333
32,300,334
33,300,335
34,300,337
35,300,338
36,300,339
37,299,340
38,299,341
39,299,342
40,299,342
41,298,343
42,298,344
43,298,345
44,297,345
45,296,345
46,296,346
47,295,346
48,295,345
49,294,345
50,293,345
51,293,344
52,292,343
53,292,342
54,291,341
55,291,339
56,290,337
57,289,335
58,289,333
59,288,331
60,288,330
61,287,328
62,286,327
63,286,325
64,285,324
65,284,323
66,284,322
67,283,320
68,282,319
69,282,318
70,281,317
71,280,316
72,280,314
73,279,313
74,278,312
75,277,310
76,277,309
77,276,308
78,275,306
79,274,305
80,274,303
81,273,302
82,272,301
83,271,300
84,271,298
85,270,297
86,269,296
87,268,294
88,268,293
89,267,291
90,266,290
91,265,289
92,264,287
93,264,286
94,263,284
95,262,283
96,261,282
97,261,280
98,260,278
99,259,277
100,258,275
101,258,274
102,257,272
103,256,271
104,256,269
105,256,267
106,255,266
107,255,264
108,255,262
109,257,259
0,0
1,410
47,151,156
48,150,158
49,149,160
50,149,161
51,149,162
52,148,163
53,148,163
54,148,164
55,148,165
56,148,166
57,148,166
58,148,167
59,148,168
60,148,168
61,148,169
62,148,169
63,148,170
64,148,170
65,148,171
66,148,172
67,148,172
68,148,173
69,148,173
70,148,173
71,148,174
72,148,174
73,147,175
74,147,175
75,147,175
76,147,175
77,147,176
78,147,176
79,147,176
80,147,176
81,147,176
82,147,176
83,147,177
84,147,176
85,147,176
86,147,176
87,147,176
88,147,176
89,147,175
90,147,175
91,147,175
92,147,174
93,146,174
94,146,174
95,146,173
96,146,173
97,146,173
98,146,172
99,146,172
100,146,172
101,146,171
102,146,171
103,146,171
104,146,171
105,146,170
106,146,170
107,146,170
108,146,170
109,145,170
110,145,169
111,145,169
112,145,169
113,145,169
114,145,168
115,145,168
116,145,168
117,145,168
118,145,167
119,145,167
120,144,167
121,144,167
122,144,167
123,144,166
124,144,166
125,144,166
126,144,166
127,144,165
128,144,165
129,143,165
130,143,165
131,143,165
132,143,164
133,143,164
134,143,164
135,143,164
136,143,163
137,142,163
138,142,163
139,142,163
140,142,163
141,142,162
142,142,162
143,142,162
144,141,162
145,141,162
146,141,161
147,141,161
148,141,161
149,141,161
150,140,160
151,140,160
152,140,160
153,140,160
154,140,160
155,140,160
156,140,159
157,140,159
158,139,159
159,139,159
160,139,159
161,139,158
162,139,158
163,139,158
164,139,158
165,138,158
166,138,157
167,138,157
168,138,157
169,138,157
170,138,157
171,138,157
172,137,156
173,137,156
174,137,156
175,137,156
176,137,156
177,137,156
178,137,155
179,137,155
180,137,155
181,136,155
182,136,155
183,136,155
184,136,155
185,136,154
186,136,154
187,136,154
188,135,154
189,135,154
190,135,154
191,135,153
192,135,153
193,135,153
194,135,153
195,135,153
196,134,153
197,134,153
198,134,152
199,134,152
200,134,152
201,134,152
202,134,152
203,134,152
204,134,152
205,133,151
206,133,151
207,133,151
208,133,151
209,133,151
210,133,151
211,133,151
212,133,150
213,133,150
214,132,150
215,132,150
216,132,150
217,132,150
218,132,150
219,132,150
220,132,150
221,132,149
222,131,149
223,131,149
224,131,149
225,131,149
226,131,149
227,131,149
228,131,149
229,131,149
230,131,148
231,130,148
232,130,148
233,130,148
234,130,148
235,130,148
236,130,148
237,130,148
238,130,148
239,130,147
240,129,147
241,129,147
242,129,147
243,129,147
244,129,147
245,129,147
246,129,147
247,129,147
248,128,147
249,128,146
250,128,146
251,128,146
252,128,146
253,128,146
254,128,146
255,128,146
256,127,146
257,127,146
258,127,146
259,127,146
260,127,146
261,127,145
262,127,145
263,127,145
264,126,145
265,126,145
266,126,145
267,126,145
268,126,145
269,126,145
270,126,145
271,126,145
272,125,145
273,125,144
274,125,144
275,125,144
276,125,144
277,125,144
278,125,144
279,125,144
280,124,144
281,124,144
282,124,144
283,124,143
284,124,143
285,124,143
286,124,143
287,123,143
288,123,143
289,123,143
290,123,143
291,123,143
292,123,142
293,123,142
294,123,142
295,123,142
296,122,142
297,122,142
298,122,142
299,122,142
300,122,142
301,122,142
302,122,141
303,122,141
304,121,141
305,121,141
306,121,141
307,121,141
308,121,141
309,121,141
310,121,141
311,121,141
312,120,140
313,120,140
314,120,140
315,120,140
316,120,140
317,120,140
318,120,140
319,120,140
320,119,140
321,119,140
322,119,140
323,119,140
324,119,140
325,119,140
326,119,140
327,118,139
328,118,139
329,118,139
330,118,139
331,118,139
332,118,139
333,118,139
334,117,139
335,117,139
336,117,139
337,117,139
338,117,139
339,117,139
340,117,139
341,116,139
342,116,139
343,116,139
344,116,139
345,116,139
346,116,139
347,116,139
348,115,139
349,115,139
350,115,139
351,115,139
352,115,139
353,115,139
354,114,139
355,114,139
356,114,139
357,114,139
358,114,139
359,114,139
360,113,139
361,113,139
362,113,139
363,113,139
364,113,139
365,113,139
366,112,139
367,112,139
368,112,139
369,112,139
370,112,139
371,111,139
372,111,139
373,111,139
374,111,139
375,111,139
376,111,139
377,110,139
378,110,139
379,110,139
380,110,139
381,110,139
382,109,139
383,109,139
384,109,139
385,109,139
386,109,139
387,108,139
388,108,139
389,108,139
390,108,139
391,107,139
392,107,139
393,107,139
394,107,139
395,107,139
396,106,139
397,106,139
398,106,139
399,106,139
400,106,139
401,105,139
402,105,139
403,105,139
404,105,139
405,104,139
406,104,139
407,104,139
408,104,139
409,104,139
410,104,139
411,104,139
412,104,139
413,105,139
414,105,139
415,105,139
416,105,139
417,105,139
418,105,139
419,106,139
420,106,139
421,106,139
422,107,139
423,107,139
424,107,139
425,108,140
426,108,140
427,109,140
428,109,140
429,110,140
430,110,140
431,111,140
432,111,140
433,112,140
434,112,140
435,113,140
436,114,140
437,114,140
438,115,140
439,115,140
440,116,140
441,117,140
442,117,140
443,118,141
444,119,141
445,120,141
446,121,141
447,121,140
448,122,140
449,123,140
450,124,140
451,125,140
452,126,139
453,127,139
454,129,138
455,130,137
456,133,135
0,0
0,229
206,130,130
207,127,135
208,124,138
209,123,140
210,123,142
211,122,144
212,122,145
213,122,147
214,123,149
215,123,151
216,124,152
217,124,153
218,124,155
219,125,156
220,125,156
221,125,157
222,126,158
223,126,159
224,127,159
225,127,159
226,128,159
227,128,160
228,129,160
229,129,160
230,129,160
231,130,160
232,130,160
233,130,160
234,130,160
235,130,159
236,131,159
237,131,159
238,131,159
239,131,159
240,131,159
241,131,159
242,132,159
243,132,159
244,132,159
245,132,159
246,132,158
247,132,158
248,132,158
249,132,158
250,132,158
251,132,158
252,133,158
253,133,158
254,133,158
255,133,158
256,133,158
257,133,158
258,133,158
259,133,158
260,133,158
261,133,158
262,133,158
263,133,158
264,133,158
265,133,158
266,133,158
267,133,158
268,133,158
269,133,158
270,133,158
271,134,158
272,134,158
273,134,158
274,134,158
275,134,158
276,134,158
277,134,158
278,134,158
279,134,158
280,134,158
281,134,158
282,134,158
283,134,158
284,134,158
285,134,158
286,134,158
287,134,158
288,134,158
289,134,158
290,134,158
291,134,157
292,134,157
293,134,157
294,134,157
295,134,157
296,134,157
297,134,157
298,134,157
299,134,157
300,134,157
301,134,157
302,134,157
303,134,157
304,134,157
305,134,157
306,134,157
307,134,157
308,134,157
309,134,157
310,134,157
311,134,157
312,134,157
313,134,157
314,134,157
315,133,157
316,133,157
317,133,157
318,133,157
319,133,157
320,133,157
321,133,157
322,133,157
323,133,157
324,133,157
325,133,157
326,133,157
327,133,157
328,133,157
329,133,157
330,133,157
331,133,157
332,133,157
333,133,157
334,133,157
335,133,157
336,133,157
337,132,157
338,132,157
339,132,157
340,132,157
341,132,157
342,132,157
343,132,157
344,132,157
345,132,157
346,132,157
347,132,157
348,132,157
349,131,157
350,131,157
351,131,157
352,131,157
353,131,157
354,131,157
355,131,157
356,131,157
357,130,157
358,130,157
359,130,157
360,130,157
361,130,157
362,130,156
363,130,156
364,129,156
365,129,156
366,129,156
367,129,156
368,129,156
369,129,156
370,128,156
371,128,156
372,128,156
373,128,156
374,128,156
375,127,156
376,127,156
377,127,156
378,127,156
379,127,156
380,126,156
381,126,156
382,126,156
383,126,156
384,125,156
385,125,156
386,125,156
387,125,156
388,125,156
389,125,156
390,124,156
391,124,156
392,124,156
393,124,156
394,124,156
395,124,156
396,124,156
397,124,155
398,124,155
399,124,155
400,124,155
401,124,155
402,124,155
403,124,155
404,125,155
405,125,155
406,125,155
407,125,155
408,125,155
409,126,155
410,126,155
411,126,155
412,127,154
413,127,154
414,127,154
415,128,154
416,128,154
417,129,154
418,129,154
419,129,154
420,130,154
421,130,153
422,131,153
423,131,153
424,132,152
425,133,152
426,133,151
427,134,151
428,135,150
429,135,150
430,136,149
431,137,148
432,138,147
433,139,146
434,142,143
0,0
1,287
130,217,217
131,216,220
132,215,222
133,215,223
134,215,224
135,214,225
136,214,225
137,214,226
138,214,227
139,214,228
140,214,228
141,214,229
142,214,230
143,214,230
144,214,231
145,214,231
146,214,231
147,214,232
148,214,232
149,214,232
150,214,232
151,214,232
152,214,232
153,214,232
154,214,232
155,214,232
156,214,232
157,214,233
158,214,232
159,214,232
160,214,232
161,214,232
162,214,232
163,213,232
164,213,232
165,213,231
166,213,231
167,213,231
168,213,231
169,213,231
170,213,231
171,213,231
172,213,230
173,213,230
174,212,230
175,212,230
176,212,229
177,212,229
178,212,229
179,212,229
180,212,228
181,212,228
182,212,228
183,211,228
184,211,227
185,211,227
186,211,227
187,211,227
188,211,227
189,211,226
190,211,226
191,210,226
192,210,226
193,210,226
194,210,225
195,210,225
196,210,225
197,210,225
198,210,225
199,209,225
200,209,224
201,209,224
202,209,224
203,209,224
204,209,224
205,209,223
206,209,223
207,208,223
208,208,223
209,208,223
210,208,222
211,208,222
212,208,222
213,208,222
214,207,222
215,207,222
216,207,221
217,207,221
218,207,221
219,207,221
220,207,221
221,206,220
222,206,220
223,206,220
224,206,220
225,206,220
226,206,219
227,206,219
228,205,219
229,205,219
230,205,219
231,205,219
232,205,218
233,205,218
234,204,218
235,204,218
236,204,218
237,204,217
238,204,217
239,204,217
240,204,217
241,203,217
242,203,217
243,203,216
244,203,216
245,203,216
246,203,216
247,202,216
248,202,215
249,202,215
250,202,215
251,202,215
252,201,215
253,201,215
254,201,215
255,201,214
256,201,214
257,201,214
258,200,214
259,200,214
260,200,214
261,200,213
262,200,213
263,199,213
264,199,213
265,199,213
266,199,213
267,199,212
268,198,212
269,198,212
270,198,212
271,198,212
272,198,212
273,197,211
274,197,211
275,197,211
276,197,211
277,197,211
278,196,211
279,196,210
280,196,210
281,196,210
282,195,210
283,195,210
284,195,210
285,195,210
286,194,209
287,194,209
288,194,209
289,194,209
290,193,208
291,193,208
292,193,208
293,193,208
294,193,208
295,192,207
296,192,207
297,192,207
298,191,207
299,191,207
300,191,207
301,191,207
302,190,207
303,190,207
304,190,207
305,190,207
306,189,207
307,189,207
308,189,207
309,188,207
310,188,207
311,188,207
312,188,207
313,187,207
314,187,207
315,187,207
316,186,207
317,186,207
318,186,207
319,207,207
319,185,208
320,207,207
320,185,208
321,207,207
321,185,208
322,207,207
322,184,208
323,207,207
323,184,208
324,207,207
324,184,208
325,207,207
325,183,208
326,207,207
326,183,209
327,207,207
327,182,209
328,207,207
328,182,209
329,207,207
329,182,210
330,207,207
330,182,210
331,207,207
331,182,210
332,207,207
332,182,211
333,207,207
333,181,211
334,207,207
334,182,212
335,207,207
335,182,213
336,207,207
336,182,214
337,207,207
337,182,215
338,207,207
338,182,216
339,207,207
339,182,217
340,207,207
340,183,218
341,207,207
341,183,219
342,207,207
342,183,220
343,207,207
343,184,221
344,207,207
344,184,222
345,207,207
345,184,222
346,207,207
346,185,223
347,207,207
347,185,224
348,207,207
348,185,225
349,207,207
349,186,226
350,207,207
350,186,227
351,187,228
352,187,229
353,188,230
354,188,231
355,189,232
356,189,233
357,190,234
358,190,235
359,191,236
360,191,237
361,192,238
362,192,239
363,193,240
364,194,241
365,194,242
366,195,243
367,195,243
368,196,244
369,197,245
370,197,246
371,198,247
372,199,248
373,199,249
374,200,238
375,201,234
376,202,231
377,203,229
378,204,227
379,205,225
380,206,223
381,207,222
382,209,219
383,211,217
383,212,217
0,239
213,335,335
214,336,336
215,336,337
216,337,338
217,337,339
218,337,341
219,337,342
220,337,343
221,338,344
222,338,345
223,338,346
224,338,347
225,338,348
226,339,349
227,339,350
228,339,351
229,339,352
230,339,353
231,339,354
232,339,355
233,339,356
234,339,357
235,339,358
236,340,359
237,340,360
238,340,361
239,340,362
240,340,364
241,340,365
242,340,366
243,340,367
244,340,368
245,340,369
246,340,370
247,340,371
248,340,372
249,340,373
250,340,373
251,341,373
252,341,373
253,341,373
254,341,373
255,341,373
256,341,373
257,341,373
258,341,373
259,341,373
260,341,373
261,341,373
262,341,373
263,341,373
264,341,373
265,341,373
266,341,373
267,341,373
268,341,373
269,341,373
270,341,373
271,341,373
272,341,373
273,341,373
274,341,373
275,341,373
276,341,373
277,341,373
278,341,373
279,341,373
280,341,373
281,341,373
282,341,373
283,341,373
284,342,373
285,342,373
286,342,373
287,342,373
288,342,373
289,342,373
290,342,373
291,342,373
292,342,373
293,342,373
294,342,373
295,342,373
296,342,373
297,342,373
298,342,373
299,342,373
300,342,373
301,342,373
302,342,373
303,342,373
304,342,374
305,342,374
306,342,374
307,342,374
308,342,374
309,342,374
310,342,374
311,342,374
312,342,374
313,342,374
314,342,374
315,342,374
316,342,374
317,342,374
318,342,374
319,342,374
320,342,374
321,342,374
322,341,374
323,341,374
324,341,374
325,341,374
326,341,374
327,341,374
328,341,374
329,341,374
330,341,374
331,341,374
332,341,374
333,341,374
334,341,374
335,341,374
336,341,374
337,341,374
338,341,374
339,341,374
340,341,374
341,341,374
342,341,375
343,341,375
344,341,375
345,341,375
346,341,375
347,341,375
348,341,375
349,341,375
350,341,375
351,341,375
352,341,375
353,341,375
354,341,375
355,341,375
356,341,375
357,341,375
358,341,375
359,340,375
360,340,375
361,340,375
362,340,375
363,340,375
364,340,375
365,340,375
366,340,375
367,340,375
368,340,375
369,340,375
370,340,375
371,340,375
372,340,375
373,340,376
374,340,376
375,340,376
376,340,376
377,340,376
378,339,376
379,339,376
380,339,376
381,339,376
382,339,376
383,339,376
384,339,376
385,338,376
386,338,376
387,337,376
387,328,328
387,337,376
388,324,332
388,332,376
388,324,376
389,322,376
390,321,376
391,321,376
392,320,376
393,320,376
394,319,376
395,319,376
396,319,376
397,320,376
398,320,376
399,320,375
400,321,375
401,321,375
402,321,375
403,322,375
404,322,375
405,323,375
406,323,375
407,324,374
408,325,374
409,325,374
410,326,374
411,326,374
412,327,373
413,327,373
414,328,373
415,328,373
416,329,372
417,329,372
418,330,372
419,330,372
420,331,371
421,332,371
422,332,370
423,333,370
424,333,370
425,334,369
426,335,369
427,335,368
428,336,368
429,336,368
430,337,367
431,337,367
432,338,366
433,339,365
434,339,365
435,340,364
436,340,364
437,341,363
438,342,363
439,342,362
440,343,361
441,344,360
442,345,360
443,345,359
444,346,358
445,347,357
446,349,356
447,352,353
0,0
0,177
142,201,201
143,196,204
144,195,208
145,194,211
146,194,213
147,194,215
148,194,218
149,195,220
150,195,221
151,196,223
152,197,224
153,197,225
154,198,226
155,198,227
156,199,228
157,199,228
158,200,228
159,200,228
160,201,228
161,201,228
162,201,228
163,201,228
164,202,227
165,202,227
166,202,227
167,202,227
168,202,227
169,203,226
170,203,226
171,203,226
172,203,226
173,203,226
174,203,225
175,203,225
176,203,225
177,203,225
178,203,225
179,203,225
180,204,225
181,204,225
182,204,225
183,204,225
184,204,225
185,204,225
186,204,225
187,204,225
188,204,225
189,204,225
190,204,225
191,204,224
192,204,224
193,204,224
194,204,224
195,204,224
196,203,224
197,203,224
198,203,224
199,203,224
200,203,224
201,203,224
202,203,224
203,203,224
204,203,224
205,203,223
206,203,223
207,203,223
208,203,223
209,203,223
210,203,223
211,203,223
212,203,223
213,203,223
214,203,223
215,203,222
216,203,222
217,202,222
218,202,222
219,202,222
220,202,222
221,202,222
222,202,221
223,202,221
224,202,221
225,202,221
226,202,221
227,201,221
228,201,221
229,201,221
230,201,220
231,201,220
232,201,220
233,200,220
234,200,220
235,200,220
236,200,219
237,200,219
238,200,219
239,199,219
240,199,218
241,199,218
242,199,218
243,198,218
244,198,218
245,198,217
246,198,217
247,197,217
248,197,217
249,197,216
250,196,216
251,196,216
252,196,215
253,196,215
254,195,215
255,195,215
256,195,214
257,194,214
258,194,214
259,193,213
260,193,213
261,193,213
262,192,212
263,192,212
264,191,211
265,191,211
266,191,211
267,190,210
268,190,210
269,189,209
270,189,209
271,188,208
272,188,208
273,187,207
274,187,207
275,186,206
276,186,206
277,185,205
278,185,204
279,184,204
280,184,203
281,183,203
282,182,202
283,182,201
284,181,201
285,180,200
286,180,199
287,179,198
288,178,198
289,177,197
290,177,196
291,176,195
292,175,194
293,174,194
294,173,193
295,172,192
296,171,191
297,170,190
298,169,189
299,168,188
300,167,186
301,166,185
302,165,184
303,165,183
304,164,182
305,163,181
306,162,179
307,161,178
308,160,177
309,159,175
310,158,174
311,157,173
312,156,171
313,155,170
314,154,168
315,153,167
316,153,165
317,153,163
318,153,160
0,0
0,154
136,260,260
137,251,265
138,249,268
139,249,272
140,248,275
141,248,278
142,248,280
143,248,282
144,249,283
145,249,285
146,250,286
147,250,286
148,251,287
149,252,287
150,253,287
151,254,287
152,254,288
153,255,287
154,255,287
155,256,287
156,256,287
157,256,287
158,257,286
159,257,286
160,257,286
161,258,286
162,258,285
163,258,285
164,258,285
165,258,285
166,258,284
167,259,284
168,259,284
169,259,284
170,259,284
171,259,283
172,259,283
173,259,283
174,259,283
175,259,283
176,259,282
177,259,282
178,259,282
179,259,282
180,259,281
181,259,281
182,259,281
183,259,281
184,259,281
185,259,280
186,259,280
187,259,280
188,259,280
189,259,280
190,259,280
191,259,279
192,259,279
193,259,279
194,259,279
195,259,279
196,259,279
197,259,278
198,259,278
199,259,278
200,259,278
201,259,278
202,259,278
203,259,278
204,259,278
205,259,277
206,259,277
207,259,277
208,259,277
209,259,277
210,259,277
211,259,277
212,259,276
213,259,276
214,259,276
215,259,276
216,259,276
217,259,276
218,259,276
219,259,276
220,259,276
221,259,276
222,259,276
223,259,276
224,259,276
225,259,276
226,259,276
227,259,276
228,259,276
229,259,276
230,259,276
231,259,276
232,259,276
233,259,276
234,259,276
235,259,276
236,259,276
237,259,276
238,259,276
239,258,276
240,258,277
241,258,277
242,258,277
243,258,277
244,258,277
245,258,277
246,258,277
247,258,278
248,258,278
249,258,278
250,258,278
251,258,278
252,258,278
253,258,279
254,258,279
255,258,279
256,258,279
257,258,280
258,259,280
259,259,280
260,259,281
261,259,281
262,259,281
263,259,282
264,259,282
265,259,283
266,260,283
267,260,284
268,260,285
269,260,286
270,261,285
271,261,285
272,261,284
273,261,283
274,262,283
275,262,282
276,263,281
277,263,281
278,263,280
279,264,280
280,264,279
281,265,278
282,266,278
283,266,277
284,267,276
285,268,276
286,269,275
287,270,274
288,271,274
289,272,273
1,79
273,289,290
274,288,290
275,286,291
276,284,291
277,283,292
278,281,292
279,280,293
280,278,293
281,277,293
282,275,294
283,273,294
284,272,294
285,270,294
286,269,294
287,270,295
288,270,295
289,271,295
290,272,295
291,272,295
292,272,295
293,273,295
294,273,295
295,273,295
296,274,295
297,274,295
298,274,295
299,274,296
300,274,296
301,274,296
302,275,296
303,275,296
304,275,296
305,275,296
306,275,296
307,275,296
308,275,296
309,275,296
310,275,296
311,275,296
312,275,296
313,275,296
314,275,296
315,275,295
316,275,295
317,275,295
318,275,295
319,275,295
320,275,295
321,275,295
322,275,295
323,275,295
324,275,295
325,275,295
326,275,295
327,275,295
328,275,295
329,275,295
330,275,295
331,275,294
332,275,294
333,275,294
334,276,294
335,276,294
336,276,294
337,276,293
338,276,293
339,276,293
340,276,293
341,276,292
342,276,292
343,276,292
344,276,291
345,277,290
346,277,290
347,277,289
348,278,288
349,279,286
350,280,284
350,280,282
0,0
1,116
188,337,340
189,337,341
190,336,342
191,336,343
192,336,344
193,335,345
194,335,345
195,335,345
196,335,346
197,335,346
198,334,346
199,334,346
200,334,346
201,334,346
202,333,346
203,333,346
204,333,347
205,333,346
206,333,346
207,332,346
208,332,346
209,332,346
210,332,346
211,331,346
212,331,346
213,331,346
214,331,346
215,331,346
216,330,346
217,330,346
218,330,346
219,330,345
220,329,345
221,329,345
222,329,345
223,329,345
224,328,345
225,328,345
226,328,345
227,328,345
228,328,345
229,327,345
230,327,345
231,327,344
232,327,344
233,326,344
234,326,344
235,326,344
236,326,344
237,325,344
238,325,344
239,325,343
240,325,343
241,324,343
242,324,343
243,324,343
244,324,343
245,323,343
246,323,343
247,323,342
248,323,342
249,323,342
250,322,342
251,322,342
252,322,342
253,322,342
254,321,342
255,321,342
256,321,341
257,321,341
258,321,341
259,321,341
260,320,341
261,320,341
262,320,341
263,320,341
264,320,341
265,320,341
266,320,340
267,320,340
268,320,340
269,319,340
270,319,340
271,319,340
272,319,340
273,319,340
274,319,340
275,319,340
276,319,340
277,319,339
278,319,339
279,319,339
280,320,339
281,320,339
282,320,339
283,320,339
284,320,339
285,320,339
286,321,339
287,321,339
288,321,338
289,322,338
290,322,338
291,322,338
292,323,338
293,323,338
294,324,338
295,324,338
296,325,337
297,326,337
298,326,337
299,327,337
300,328,336
301,330,336
302,332,335
302,332,332
0,0
1,189
140,394,397
141,393,399
142,393,400
143,392,401
144,392,403
145,392,404
146,392,405
147,392,405
148,392,406
149,392,407
150,392,407
151,392,408
152,391,408
153,391,408
154,391,408
155,391,408
156,391,409
157,391,409
158,391,409
159,391,409
160,391,409
161,391,409
162,391,408
163,391,408
164,391,408
165,391,408
166,391,408
167,391,408
168,391,408
169,391,407
170,390,407
171,390,407
172,390,407
173,390,407
174,390,407
175,390,407
176,390,406
177,390,406
178,390,406
179,390,406
180,390,406
181,390,406
182,390,406
183,390,406
184,389,405
185,389,405
186,389,405
187,389,405
188,389,405
189,389,405
190,389,405
191,389,405
192,389,405
193,389,404
194,389,404
195,388,404
196,388,404
197,388,404
198,388,404
199,388,404
200,388,404
201,388,404
202,388,403
203,388,403
204,387,403
205,387,403
206,387,403
207,387,403
208,387,403
209,387,403
210,387,403
211,387,403
212,387,403
213,387,403
214,386,402
215,386,402
216,386,402
217,386,402
218,386,402
219,386,402
220,386,402
221,386,402
222,386,402
223,385,402
224,385,402
225,385,402
226,385,402
227,385,402
228,385,401
229,385,401
230,385,401
231,384,401
232,384,401
233,384,401
234,384,401
235,384,401
236,384,401
237,384,401
238,383,401
239,383,401
240,383,401
241,383,401
242,383,401
243,383,401
244,383,400
245,383,400
246,382,400
247,382,400
248,382,400
249,382,400
250,382,400
251,382,400
252,382,400
253,381,400
254,381,400
255,381,400
256,381,400
257,381,400
258,381,400
259,380,400
260,380,400
261,380,400
262,380,400
263,380,400
264,380,400
265,380,399
266,379,399
267,379,399
268,379,399
269,379,399
270,379,399
271,379,399
272,378,399
273,378,399
274,378,399
275,378,399
276,378,399
277,378,399
278,378,399
279,377,399
280,377,399
281,377,399
282,377,399
283,377,399
284,377,399
285,376,399
286,376,399
287,376,399
288,376,399
289,376,399
290,376,399
291,376,399
292,375,398
293,375,398
294,375,398
295,375,398
296,375,398
297,375,398
298,375,398
299,375,398
300,375,398
301,375,398
302,375,398
303,376,398
304,376,398
305,376,398
306,376,398
307,376,398
308,377,398
309,377,398
310,377,398
311,378,398
312,378,398
313,379,398
314,379,398
315,380,398
316,381,398
317,381,398
318,382,398
319,383,398
320,384,398
321,384,398
322,385,398
323,386,397
324,387,397
325,388,397
326,390,396
327,391,395
327,391,391
0,0
