1,119
120,95,97
121,95,98
122,94,99
123,94,99
124,93,100
125,93,100
126,93,101
127,93,101
128,93,102
129,93,102
130,92,103
131,92,103
132,92,103
133,92,104
134,92,104
135,92,104
136,92,105
137,92,105
138,92,105
139,92,105
140,91,105
141,91,106
142,91,106
143,91,106
144,91,106
145,91,106
146,91,106
147,91,106
148,91,106
149,90,106
150,90,106
151,90,106
152,90,106
153,90,106
154,90,105
155,89,105
156,89,105
157,89,105
158,89,105
159,89,105
160,89,104
161,88,104
162,88,104
163,88,104
164,88,104
165,88,103
166,87,103
167,87,103
168,87,103
169,87,103
170,86,102
171,86,102
172,86,102
173,86,102
174,86,102
175,85,101
176,85,101
177,85,101
178,85,101
179,84,101
180,84,100
181,84,100
182,84,100
183,83,100
184,83,100
185,83,99
186,83,99
187,82,99
188,82,99
189,82,99
190,81,99
191,81,98
192,81,98
193,80,98
194,80,98
195,80,98
196,80,97
197,79,97
198,79,97
199,79,97
200,78,97
201,78,96
202,78,96
203,77,96
204,77,96
205,77,96
206,76,95
207,76,95
208,76,95
209,76,95
210,76,95
211,75,94
212,75,94
213,75,94
214,75,94
215,75,94
216,75,93
217,75,93
218,75,93
219,74,93
220,75,93
221,75,92
222,75,92
223,76,92
224,76,92
225,76,91
226,76,91
227,77,91
228,77,91
229,77,90
230,78,90
231,78,90
232,78,90
233,79,89
234,79,89
235,80,89
236,81,88
237,82,87
238,83,86
0,0
1,173
73,151,151
74,149,154
75,148,155
76,147,156
77,147,156
78,147,157
79,146,158
80,146,159
81,146,159
82,146,160
83,146,160
84,146,161
85,146,161
86,146,161
87,146,162
88,145,162
89,145,163
90,145,163
91,145,163
92,145,163
93,145,164
94,145,164
95,145,164
96,144,164
97,144,164
98,144,164
99,144,164
100,144,164
101,144,164
102,144,164
103,144,164
104,143,163
105,143,163
106,143,163
107,143,163
108,143,162
109,143,162
110,143,162
111,142,161
112,142,161
113,142,161
114,142,160
115,142,160
116,142,160
117,142,159
118,141,159
119,141,159
120,141,158
121,141,158
122,141,158
123,140,157
124,140,157
125,140,157
126,140,156
127,140,156
128,139,156
129,139,155
130,139,155
131,139,155
132,139,155
133,138,154
134,138,154
135,138,154
136,138,153
137,138,153
138,137,153
139,137,152
140,137,152
141,137,152
142,136,152
143,136,151
144,136,151
145,136,151
146,136,150
147,135,150
148,135,150
149,135,150
150,135,149
151,134,149
152,134,149
153,134,148
154,134,148
155,134,148
156,133,148
157,133,147
158,133,147
159,133,147
160,132,146
161,132,146
162,132,146
163,132,146
164,132,145
165,131,145
166,131,145
167,131,145
168,131,144
169,130,144
170,130,144
171,130,144
172,130,144
173,129,143
174,129,143
175,129,143
176,129,143
177,128,142
178,128,142
179,128,142
180,128,142
181,128,141
182,127,141
183,127,141
184,127,141
185,127,141
186,126,140
187,126,140
188,126,140
189,126,140
190,125,140
191,125,139
192,125,139
193,125,139
194,124,139
195,124,139
196,124,138
197,124,138
198,124,138
199,123,138
200,123,138
201,123,138
202,123,137
203,122,137
204,122,137
205,122,137
206,122,137
207,121,136
208,121,136
209,121,136
210,121,136
211,120,136
212,120,136
213,120,135
214,120,135
215,119,135
216,119,135
217,119,135
218,119,135
219,119,134
220,118,134
221,118,134
222,118,134
223,118,134
224,118,134
225,118,133
226,117,133
227,118,133
228,118,133
229,118,133
230,118,133
231,118,133
232,118,132
233,119,132
234,119,132
235,119,132
236,120,132
237,120,132
238,120,132
239,121,131
240,121,131
241,122,131
242,123,130
243,123,130
244,124,130
245,126,128
0,0
0,209
24,173,173
25,168,177
26,166,180
27,164,183
28,163,185
29,162,187
30,161,189
31,161,191
32,161,193
33,162,194
34,162,196
35,163,197
36,164,198
37,164,200
38,165,200
39,166,201
40,166,202
41,167,202
42,167,203
43,168,203
44,169,203
45,169,203
46,170,203
47,170,203
48,171,203
49,171,202
50,171,202
51,172,202
52,172,201
53,172,201
54,172,201
55,173,201
56,173,201
57,173,200
58,173,200
59,173,200
60,173,200
61,174,200
62,174,200
63,174,200
64,174,199
65,174,199
66,174,199
67,174,199
68,175,199
69,175,199
70,175,199
71,175,199
72,175,199
73,175,199
74,175,198
75,175,198
76,175,198
77,176,198
78,176,198
79,176,198
80,176,198
81,176,198
82,176,198
83,176,198
84,176,198
85,176,198
86,176,198
87,176,198
88,176,197
89,176,197
90,176,197
91,177,197
92,177,197
93,177,197
94,177,197
95,177,197
96,177,197
97,177,197
98,177,197
99,177,197
100,177,197
101,177,197
102,177,197
103,177,197
104,177,197
105,177,197
106,177,197
107,177,197
108,177,196
109,177,196
110,177,196
111,177,196
112,177,196
113,177,196
114,177,196
115,177,196
116,177,196
117,177,196
118,177,196
119,177,196
120,177,196
121,177,196
122,177,196
123,177,196
124,177,196
125,177,196
126,177,196
127,177,195
128,177,195
129,177,195
130,177,195
131,177,195
132,177,195
133,177,195
134,177,195
135,177,195
136,177,195
137,177,195
138,177,195
139,177,195
140,177,195
141,177,195
142,177,195
143,177,195
144,177,195
145,177,195
146,176,194
147,176,194
148,176,194
149,176,194
150,176,194
151,176,194
152,176,194
153,176,194
154,176,194
155,176,194
156,176,194
157,176,194
158,176,194
159,176,194
160,176,194
161,176,194
162,176,194
163,176,193
164,176,193
165,176,193
166,176,193
167,176,193
168,176,193
169,175,193
170,175,193
171,175,193
172,175,193
173,175,193
174,175,193
175,175,193
176,175,193
177,175,193
178,175,193
179,175,193
180,175,192
181,175,192
182,175,192
183,175,192
184,175,192
185,175,192
186,175,192
187,175,192
188,175,192
189,174,192
190,174,192
191,174,192
192,174,192
193,174,192
194,174,192
195,174,192
196,174,192
197,174,192
198,174,192
199,174,191
200,174,191
201,174,191
202,174,191
203,174,191
204,173,191
205,173,191
206,173,191
207,173,191
208,173,191
209,173,190
210,173,190
211,173,190
212,173,190
213,173,190
214,173,189
215,173,189
216,174,189
217,174,189
218,174,189
219,174,188
220,174,188
221,174,188
222,175,187
223,175,187
224,175,187
225,175,186
226,176,186
227,176,186
228,176,185
229,177,184
230,177,184
231,178,183
232,179,182
0,0
0,95
138,172,172
139,168,178
140,166,181
141,165,183
142,165,185
143,165,186
144,164,187
145,164,188
146,164,188
147,163,188
148,163,187
149,162,186
150,162,185
151,162,184
152,161,183
153,160,183
154,160,182
155,159,181
156,159,180
157,158,179
158,157,179
159,157,178
160,156,177
161,155,177
162,155,176
163,154,176
164,153,175
165,152,174
166,152,173
167,151,173
168,150,172
169,149,171
170,148,170
171,148,170
172,147,169
173,146,168
174,145,167
175,144,167
176,143,166
177,142,165
178,141,164
179,141,163
180,140,162
181,139,161
182,138,160
183,137,159
184,136,158
185,135,157
186,134,156
187,133,155
188,132,155
189,131,154
190,129,153
191,128,152
192,127,151
193,126,149
194,125,148
195,124,147
196,122,146
197,121,145
198,120,144
199,119,143
200,117,142
201,116,141
202,115,139
203,114,138
204,112,137
205,111,136
206,109,134
207,108,133
208,107,132
209,105,131
210,104,129
211,102,128
212,101,127
213,99,125
214,98,124
215,96,122
216,95,120
217,93,119
218,92,117
219,90,115
220,89,113
221,87,111
222,86,109
223,84,107
224,82,104
225,81,102
226,79,99
227,78,96
228,76,93
229,76,90
230,75,87
231,76,83
232,78,78
0,0
0,37
157,189,191
158,187,197
159,187,202
160,187,206
161,187,210
162,187,213
163,188,216
164,189,219
165,190,222
166,191,224
167,192,226
168,194,228
169,195,230
170,197,231
171,198,232
172,200,233
173,201,234
174,203,235
175,204,236
176,206,236
177,208,237
178,209,237
179,211,238
180,212,238
181,214,238
182,215,239
183,216,239
184,218,239
185,219,239
186,221,240
187,222,240
188,223,240
189,225,239
190,226,239
191,228,239
192,229,238
193,231,236
0,0
0,128
27,294,300
28,291,304
29,290,306
30,290,308
31,290,310
32,290,312
33,290,314
34,290,315
35,291,317
36,291,318
37,292,320
38,292,321
39,292,322
40,293,323
41,293,324
42,293,325
43,293,326
44,293,326
45,294,327
46,294,327
47,294,327
48,293,327
49,293,327
50,293,327
51,293,327
52,293,327
53,293,326
54,293,326
55,292,325
56,292,324
57,292,323
58,292,322
59,292,322
60,291,321
61,291,320
62,291,320
63,290,319
64,290,318
65,290,318
66,289,317
67,289,317
68,289,316
69,288,315
70,288,315
71,288,314
72,287,314
73,287,313
74,286,313
75,286,312
76,286,312
77,285,311
78,285,310
79,284,310
80,284,310
81,284,309
82,283,308
83,283,308
84,282,307
85,282,307
86,281,306
87,281,306
88,280,305
89,280,304
90,279,304
91,279,303
92,279,303
93,278,302
94,278,301
95,277,301
96,277,300
97,276,300
98,276,299
99,275,298
100,275,298
101,274,297
102,274,296
103,273,296
104,273,295
105,272,294
106,272,294
107,271,293
108,271,292
109,270,292
110,270,291
111,269,290
112,268,290
113,268,289
114,267,288
115,267,288
116,266,287
117,266,286
118,265,285
119,265,285
120,264,284
121,263,283
122,263,282
123,262,281
124,262,281
125,261,280
126,261,279
127,260,278
128,259,277
129,259,276
130,258,276
131,258,275
132,257,274
133,256,273
134,256,272
135,255,271
136,255,270
137,254,269
138,253,269
139,253,268
140,252,267
141,252,266
142,251,265
143,250,264
144,250,263
145,249,262
146,248,261
147,247,260
148,247,258
149,246,257
150,246,256
151,245,255
152,245,253
153,245,252
154,246,250
0,0
1,118
293,85,86
294,84,87
295,84,88
296,83,89
297,83,89
298,83,90
299,83,90
300,82,91
301,82,91
302,82,92
303,82,92
304,82,92
305,82,93
306,81,93
307,81,93
308,81,94
309,81,94
310,81,94
311,81,95
312,81,95
313,81,95
314,80,95
315,80,95
316,80,95
317,80,95
318,80,96
319,80,96
320,80,96
321,79,96
322,79,96
323,79,96
324,79,96
325,79,96
326,79,96
327,78,95
328,78,95
329,78,95
330,78,95
331,78,95
332,78,95
333,77,94
334,77,94
335,77,94
336,77,94
337,77,94
338,76,93
339,76,93
340,76,93
341,76,93
342,75,92
343,75,92
344,75,92
345,75,92
346,74,92
347,74,91
348,74,91
349,74,91
350,73,91
351,73,91
352,73,90
353,72,90
354,72,90
355,72,90
356,72,90
357,71,89
358,71,89
359,71,89
360,71,89
361,70,88
362,70,88
363,70,88
364,69,88
365,69,88
366,69,87
367,68,87
368,68,87
369,68,87
370,67,87
371,67,86
372,67,86
373,66,86
374,66,86
375,65,86
376,65,85
377,65,85
378,65,85
379,65,85
380,64,84
381,64,84
382,64,84
383,64,84
384,64,84
385,64,83
386,64,83
387,63,83
388,63,83
389,63,83
390,63,82
391,64,82
392,64,82
393,64,82
394,64,81
395,64,81
396,65,81
397,65,81
398,65,80
399,65,80
400,65,80
401,66,80
402,66,79
403,66,79
404,67,79
405,67,78
406,68,78
407,68,78
408,69,77
409,70,77
410,72,75
0,0
0,119
89,347,349
90,345,352
91,344,354
92,343,356
93,343,358
94,343,359
95,343,361
96,343,362
97,343,363
98,343,364
99,343,365
100,343,367
101,343,368
102,342,369
103,342,369
104,342,370
105,342,371
106,342,371
107,342,371
108,342,371
109,341,371
110,341,371
111,341,371
112,341,370
113,340,369
114,340,368
115,340,367
116,339,367
117,339,366
118,339,365
119,338,365
120,338,364
121,338,363
122,337,363
123,337,362
124,336,361
125,336,361
126,336,360
127,335,360
128,334,359
129,334,358
130,333,358
131,333,357
132,332,357
133,332,356
134,331,356
135,331,355
136,330,354
137,329,354
138,329,353
139,328,353
140,328,352
141,327,351
142,326,351
143,326,350
144,325,350
145,324,349
146,324,348
147,323,347
148,322,347
149,321,346
150,321,345
151,320,345
152,319,344
153,318,343
154,318,342
155,317,342
156,316,341
157,315,340
158,314,339
159,313,339
160,312,338
161,312,337
162,311,336
163,310,335
164,309,334
165,308,334
166,307,333
167,306,332
168,305,331
169,304,330
170,303,329
171,302,328
172,301,327
173,299,326
174,298,325
175,297,324
176,296,323
177,295,321
178,294,320
179,292,319
180,291,318
181,290,317
182,288,315
183,287,314
184,286,313
185,284,311
186,283,310
187,282,308
188,280,307
189,279,305
190,277,304
191,276,302
192,274,300
193,273,298
194,271,296
195,270,294
196,268,292
197,267,290
198,265,288
199,264,286
200,262,284
201,261,281
202,259,278
203,258,276
204,257,273
205,257,269
206,257,266
207,261,261
0,0
1,133
279,120,125
280,119,127
281,119,128
282,119,129
283,120,130
284,120,130
285,120,131
286,121,132
287,121,133
288,122,133
289,122,134
290,123,135
291,123,135
292,124,136
293,124,137
294,125,137
295,125,138
296,125,139
297,126,139
298,126,140
299,127,141
300,127,142
301,128,142
302,128,143
303,129,144
304,129,144
305,130,145
306,130,146
307,131,147
308,131,147
309,132,148
310,132,149
311,133,150
312,133,150
313,134,151
314,134,152
315,135,152
316,135,153
317,135,154
318,136,155
319,136,155
320,137,156
321,137,157
322,138,158
323,138,158
324,139,159
325,139,160
326,140,161
327,140,161
328,141,162
329,141,163
330,142,164
331,143,164
332,143,165
333,144,166
334,144,167
335,145,167
336,145,168
337,146,169
338,146,170
339,147,170
340,147,171
341,148,172
342,148,173
343,149,174
344,149,174
345,150,175
346,150,176
347,151,177
348,151,178
349,152,178
350,152,179
351,153,180
352,153,181
353,154,181
354,155,182
355,155,183
356,156,184
357,156,185
358,157,185
359,157,186
360,158,187
361,159,188
362,159,188
363,160,189
364,160,190
365,161,191
366,161,192
367,162,193
368,163,193
369,163,194
370,164,195
371,164,196
372,165,197
373,166,197
374,166,198
375,167,199
376,167,200
377,168,201
378,169,201
379,169,202
380,170,203
381,171,204
382,171,205
383,172,206
384,173,206
385,174,207
386,174,208
387,175,209
388,176,210
389,176,211
390,177,211
391,178,212
392,179,213
393,180,214
394,181,215
395,181,216
396,182,216
397,183,217
398,184,218
399,185,218
400,186,218
401,187,219
402,188,219
403,190,219
404,191,219
405,193,219
406,194,218
407,197,218
408,199,217
409,201,216
410,204,215
411,209,212
0,0
1,200
138,243,245
139,242,246
140,242,247
141,241,247
142,241,248
143,241,249
144,241,249
145,241,250
146,241,250
147,241,251
148,240,251
149,240,252
150,240,252
151,240,253
152,240,253
153,240,253
154,240,254
155,240,254
156,240,254
157,240,255
158,240,255
159,240,255
160,240,255
161,240,255
162,240,255
163,240,255
164,239,255
165,239,256
166,239,256
167,239,256
168,239,256
169,239,256
170,239,256
171,239,256
172,239,256
173,239,255
174,239,255
175,239,255
176,238,255
177,238,255
178,238,255
179,238,255
180,238,255
181,238,255
182,238,254
183,238,254
184,238,254
185,238,254
186,238,254
187,237,254
188,237,253
189,237,253
190,237,253
191,237,253
192,237,253
193,237,253
194,237,253
195,237,252
196,236,252
197,236,252
198,236,252
199,236,252
200,236,252
201,236,251
202,236,251
203,235,251
204,235,251
205,235,251
206,235,251
207,235,251
208,235,250
209,235,250
210,235,250
211,234,250
212,234,250
213,234,250
214,234,249
215,234,249
216,234,249
217,233,249
218,233,249
219,233,249
220,233,249
221,233,248
222,233,248
223,232,248
224,232,248
225,232,248
226,232,248
227,232,247
228,232,247
229,231,247
230,231,247
231,231,247
232,231,247
233,231,247
234,230,246
235,230,246
236,230,246
237,230,246
238,230,246
239,229,246
240,229,245
241,229,245
242,229,245
243,229,245
244,228,245
245,228,245
246,228,245
247,228,244
248,228,244
249,227,244
250,227,244
251,227,244
252,227,244
253,227,243
254,226,243
255,226,243
256,226,243
257,226,243
258,225,243
259,225,242
260,225,242
261,225,242
262,224,242
263,224,242
264,224,242
265,224,241
266,223,241
267,223,241
268,223,241
269,223,241
270,222,241
271,222,240
272,222,240
273,222,240
274,222,240
275,221,240
276,221,240
277,221,240
278,220,239
279,220,239
280,220,239
281,220,239
282,219,239
283,219,239
284,219,238
285,219,238
286,218,238
287,218,238
288,218,238
289,218,238
290,217,237
291,217,237
292,217,237
293,216,237
294,216,237
295,216,237
296,216,236
297,215,236
298,215,236
299,215,236
300,214,236
301,214,236
302,214,235
303,213,235
304,213,235
305,213,235
306,213,235
307,213,234
308,213,234
309,213,234
310,213,234
311,212,234
312,212,234
313,212,233
314,212,233
315,212,233
316,212,233
317,212,233
318,212,232
319,212,232
320,213,232
321,213,232
322,213,231
323,214,231
324,214,231
325,214,231
326,215,231
327,215,230
328,215,230
329,216,230
330,216,229
331,217,229
332,217,229
333,218,228
334,218,228
335,219,228
336,220,227
337,221,226
0,0
0,207
242,146,151
243,144,154
244,143,156
245,143,158
246,142,159
247,142,160
248,142,162
249,143,163
250,143,164
251,143,165
252,143,166
253,144,167
254,144,168
255,144,169
256,145,169
257,145,170
258,145,171
259,145,172
260,146,172
261,146,173
262,146,173
263,145,174
264,145,174
265,145,175
266,145,175
267,145,175
268,145,175
269,144,175
270,144,175
271,144,175
272,143,174
273,143,174
274,143,173
275,143,172
276,142,172
277,142,171
278,142,171
279,142,170
280,141,170
281,141,169
282,141,169
283,140,168
284,140,168
285,140,168
286,140,167
287,139,167
288,139,166
289,139,166
290,139,166
291,138,165
292,138,165
293,138,165
294,137,164
295,137,164
296,137,163
297,137,163
298,136,163
299,136,162
300,136,162
301,135,161
302,135,161
303,135,161
304,134,160
305,134,160
306,134,160
307,134,159
308,133,159
309,133,159
310,133,158
311,132,158
312,132,158
313,132,157
314,131,157
315,131,157
316,131,156
317,130,156
318,130,155
319,129,155
320,129,155
321,129,154
322,128,154
323,128,153
324,128,153
325,127,153
326,127,152
327,126,152
328,126,151
329,126,151
330,125,151
331,125,150
332,124,150
333,124,149
334,124,149
335,123,148
336,123,148
337,122,147
338,122,147
339,122,146
340,121,146
341,121,145
342,120,145
343,120,144
344,119,144
345,119,144
346,119,143
347,118,143
348,118,142
349,117,141
350,117,141
351,116,140
352,116,140
353,115,139
354,115,139
355,114,138
356,114,138
357,113,137
358,113,137
359,112,136
360,112,136
361,111,135
362,110,135
363,110,134
364,110,133
365,109,133
366,108,132
367,108,132
368,107,131
369,107,131
370,106,130
371,105,129
372,105,129
373,104,128
374,104,127
375,103,127
376,102,126
377,102,126
378,101,125
379,101,124
380,100,124
381,99,123
382,99,123
383,98,122
384,97,121
385,97,120
386,96,120
387,95,119
388,95,118
389,94,118
390,93,117
391,93,116
392,92,116
393,91,115
394,91,114
395,90,113
396,89,113
397,88,112
398,88,111
399,87,110
400,86,110
401,85,109
402,85,108
403,84,107
404,83,106
405,82,105
406,81,105
407,81,104
408,80,103
409,79,102
410,78,101
411,77,100
412,76,99
413,75,99
414,74,98
415,73,97
416,73,96
417,72,95
418,71,94
419,70,93
420,69,92
421,68,91
422,67,90
423,66,89
424,65,88
425,64,87
426,63,86
427,62,84
428,61,83
429,60,82
430,59,81
431,58,79
432,57,78
433,56,76
434,55,75
435,54,73
436,53,72
437,52,70
438,51,69
439,50,67
440,49,66
441,48,64
442,47,62
443,47,61
444,46,59
445,46,58
446,45,56
447,45,54
448,48,49
0,0
0,97
278,169,175
279,166,181
280,166,186
281,165,189
282,165,190
283,165,192
284,166,192
285,166,193
286,167,193
287,167,193
288,168,194
289,168,194
290,169,194
291,170,194
292,170,194
293,171,194
294,171,195
295,172,195
296,172,195
297,172,195
298,173,195
299,173,196
300,174,196
301,174,196
302,175,196
303,175,196
304,176,197
305,176,197
306,177,197
307,177,197
308,177,197
309,178,198
310,178,198
311,179,198
312,179,198
313,179,199
314,180,199
315,180,199
316,180,199
317,181,199
318,181,200
319,181,200
320,182,200
321,182,200
322,182,201
323,183,201
324,183,201
325,183,201
326,183,202
327,184,202
328,184,202
329,184,202
330,185,203
331,185,203
332,185,203
333,185,203
334,186,204
335,186,204
336,186,204
337,186,204
338,187,204
339,187,205
340,187,205
341,187,205
342,187,205
343,188,205
344,188,206
345,188,206
346,188,206
347,189,206
348,189,206
349,189,207
350,190,207
351,190,207
352,190,207
353,191,207
354,191,207
355,191,208
356,192,208
357,192,208
358,192,208
359,193,208
360,193,208
361,194,208
362,194,208
363,195,208
364,195,208
365,196,208
366,196,208
367,197,208
368,198,208
369,199,208
370,200,208
371,201,208
372,202,207
373,203,207
374,205,205
0,0
1,145
172,282,284
173,282,285
174,281,286
175,281,287
176,281,287
177,281,288
178,281,289
179,281,290
180,280,290
181,280,291
182,280,291
183,280,292
184,280,292
185,280,293
186,280,293
187,280,293
188,280,294
189,280,294
190,280,294
191,280,294
192,280,294
193,280,294
194,280,294
195,279,295
196,279,294
197,279,294
198,279,294
199,279,294
200,279,293
201,279,293
202,279,293
203,278,293
204,278,292
205,278,292
206,278,292
207,278,292
208,278,291
209,277,291
210,277,291
211,277,291
212,277,290
213,277,290
214,277,290
215,277,290
216,276,290
217,276,289
218,276,289
219,276,289
220,276,289
221,275,288
222,275,288
223,275,288
224,275,288
225,275,288
226,275,287
227,274,287
228,274,287
229,274,287
230,274,287
231,274,287
232,274,286
233,273,286
234,273,286
235,273,286
236,273,286
237,273,286
238,272,285
239,272,285
240,272,285
241,272,285
242,272,285
243,272,285
244,271,284
245,271,284
246,271,284
247,271,284
248,271,284
249,271,284
250,271,284
251,270,284
252,270,283
253,270,283
254,270,283
255,270,283
256,270,283
257,270,283
258,269,283
259,269,283
260,269,282
261,269,282
262,269,282
263,269,282
264,269,282
265,268,282
266,268,282
267,268,282
268,268,282
269,268,282
270,268,281
271,268,281
272,268,281
273,267,281
274,267,281
275,267,281
276,267,281
277,267,281
278,267,281
279,267,281
280,267,281
281,266,281
282,266,280
283,266,280
284,266,280
285,266,280
286,266,280
287,266,280
288,266,280
289,266,280
290,265,280
291,265,280
292,265,280
293,265,280
294,265,280
295,265,280
296,265,280
297,264,280
298,264,280
299,264,280
300,264,280
301,264,280
302,264,280
303,264,280
304,263,280
305,263,280
306,263,280
307,263,280
308,263,280
309,263,280
310,262,280
311,262,280
312,262,280
313,262,280
314,261,280
315,268,281
315,281,281
0,106
260,318,318
261,315,325
262,314,328
263,314,330
264,314,332
265,314,334
266,314,336
267,314,338
268,314,340
269,315,341
270,315,343
271,315,344
272,315,346
273,315,347
274,315,349
275,315,350
276,315,351
277,315,353
278,315,354
279,315,355
280,315,356
281,315,357
282,316,358
283,316,359
284,317,359
285,317,359
286,317,360
287,317,360
288,317,359
289,317,359
290,317,359
291,317,358
292,316,357
293,316,357
294,316,355
295,316,355
296,316,353
297,316,352
298,316,351
299,315,350
300,315,349
301,315,348
302,315,347
303,315,346
304,314,345
305,314,344
306,314,344
307,314,343
308,314,342
309,313,342
310,313,341
311,313,341
312,313,340
313,313,340
314,312,339
315,312,338
316,312,338
317,312,337
318,311,337
319,311,337
320,311,336
321,311,336
322,311,335
323,310,335
324,310,335
325,310,334
326,310,334
327,309,333
328,309,333
329,309,333
330,309,332
331,308,332
332,308,332
333,308,331
334,307,331
335,307,330
336,307,330
337,307,330
338,306,329
339,306,329
340,306,328
341,305,328
342,305,328
343,305,327
344,304,327
345,304,326
346,303,326
347,303,325
348,303,325
349,302,325
350,302,324
351,302,324
352,302,323
353,302,323
354,302,322
355,302,322
356,302,321
357,302,320
358,303,320
359,303,319
360,303,318
361,304,317
362,304,316
363,305,315
364,307,314
365,311,311
0,0
1,121
197,322,322
198,321,324
199,320,325
200,320,326
201,320,326
202,320,327
203,319,327
204,319,328
205,319,328
206,319,328
207,319,328
208,319,328
209,319,328
210,318,328
211,318,328
212,318,328
213,318,329
214,318,329
215,317,329
216,317,328
217,317,328
218,317,328
219,317,328
220,316,328
221,316,328
222,316,328
223,316,328
224,316,328
225,316,328
226,315,328
227,315,328
228,315,328
229,315,327
230,315,327
231,314,327
232,314,327
233,314,327
234,314,327
235,314,327
236,314,327
237,313,326
238,313,326
239,313,326
240,313,326
241,313,326
242,312,326
243,312,326
244,312,326
245,312,325
246,312,325
247,311,325
248,311,325
249,311,325
250,311,325
251,311,325
252,310,325
253,310,324
254,310,324
255,310,324
256,310,324
257,309,324
258,309,324
259,309,324
260,309,323
261,309,323
262,308,323
263,308,323
264,308,323
265,308,323
266,308,323
267,307,323
268,307,322
269,307,322
270,307,322
271,307,322
272,306,322
273,306,322
274,306,322
275,306,322
276,306,321
277,305,321
278,305,321
279,305,321
280,305,321
281,305,321
282,304,321
283,304,321
284,304,320
285,304,320
286,304,320
287,304,320
288,304,320
289,304,320
290,303,320
291,303,320
292,303,320
293,303,320
294,303,319
295,303,319
296,303,319
297,303,319
298,303,319
299,303,319
300,303,319
301,304,319
302,304,319
303,304,318
304,304,318
305,304,318
306,305,318
307,305,318
308,305,318
309,306,318
310,306,318
311,307,318
312,307,317
313,308,317
314,309,317
315,309,317
316,311,316
317,312,316
0,0
1,116
194,357,359
195,356,361
196,356,362
197,356,363
198,355,364
199,355,365
200,355,365
201,355,366
202,355,366
203,355,366
204,355,367
205,355,367
206,355,367
207,354,367
208,354,367
209,354,367
210,354,367
211,354,367
212,354,367
213,354,366
214,354,366
215,353,366
216,353,366
217,353,366
218,353,365
219,353,365
220,353,365
221,353,365
222,353,365
223,352,365
224,352,364
225,352,364
226,352,364
227,352,364
228,352,364
229,352,364
230,351,363
231,351,363
232,351,363
233,351,363
234,351,363
235,351,363
236,350,363
237,350,362
238,350,362
239,350,362
240,350,362
241,349,362
242,349,362
243,349,362
244,349,362
245,349,362
246,349,361
247,348,361
248,348,361
249,348,361
250,348,361
251,348,361
252,348,361
253,347,361
254,347,361
255,347,360
256,347,360
257,347,360
258,346,360
259,346,360
260,346,360
261,346,360
262,346,360
263,345,360
264,345,360
265,345,359
266,345,359
267,345,359
268,344,359
269,344,359
270,344,359
271,344,359
272,343,359
273,343,359
274,343,359
275,343,359
276,343,359
277,342,359
278,342,358
279,342,358
280,342,358
281,342,358
282,342,358
283,341,358
284,341,358
285,341,358
286,341,358
287,341,358
288,341,358
289,341,358
290,341,358
291,342,357
292,342,357
293,342,357
294,342,357
295,343,357
296,343,357
297,343,357
298,344,357
299,344,357
300,345,357
301,346,357
302,346,357
303,347,357
304,348,357
305,349,356
306,349,356
307,351,356
308,352,355
308,352,354
0,0
1,123
188,400,401
189,400,402
190,399,403
191,399,404
192,398,404
193,398,405
194,398,405
195,398,406
196,398,406
197,398,407
198,397,407
199,397,408
200,397,408
201,397,409
202,397,409
203,397,409
204,397,410
205,397,410
206,397,410
207,397,410
208,397,410
209,397,411
210,396,411
211,396,411
212,396,411
213,396,411
214,396,411
215,396,411
216,396,411
217,396,412
218,396,411
219,396,411
220,395,411
221,395,411
222,395,411
223,395,411
224,395,410
225,395,410
226,395,410
227,394,410
228,394,410
229,394,410
230,394,410
231,394,409
232,394,409
233,393,409
234,393,409
235,393,409
236,393,409
237,393,408
238,393,408
239,392,408
240,392,408
241,392,408
242,392,408
243,392,407
244,391,407
245,391,407
246,391,407
247,391,407
248,390,407
249,390,406
250,390,406
251,390,406
252,389,406
253,389,406
254,389,406
255,389,405
256,389,405
257,388,405
258,388,405
259,388,405
260,387,404
261,387,404
262,387,404
263,387,404
264,386,404
265,386,404
266,386,403
267,386,403
268,385,403
269,385,403
270,385,403
271,384,403
272,384,402
273,384,402
274,384,402
275,383,402
276,383,402
277,383,402
278,382,401
279,382,401
280,382,401
281,382,401
282,382,401
283,381,401
284,381,400
285,381,400
286,381,400
287,381,400
288,381,400
289,381,399
290,381,399
291,381,399
292,381,399
293,381,399
294,382,398
295,382,398
296,382,398
297,382,398
298,383,398
299,383,397
300,383,397
301,384,397
302,384,397
303,384,396
304,385,396
305,385,396
306,386,396
307,386,395
308,387,395
309,388,394
310,390,393
0,0
0,172
276,238,238
277,235,242
278,233,245
279,233,248
280,232,250
281,232,251
282,232,253
283,232,254
284,232,256
285,233,257
286,233,258
287,234,259
288,234,260
289,235,261
290,235,262
291,236,263
292,236,264
293,237,264
294,237,265
295,237,265
296,238,266
297,238,266
298,239,266
299,239,266
300,239,266
301,239,266
302,239,266
303,240,266
304,240,265
305,240,265
306,240,265
307,240,265
308,240,265
309,240,265
310,240,265
311,241,265
312,241,265
313,241,265
314,241,265
315,241,265
316,241,265
317,241,265
318,241,265
319,241,265
320,241,265
321,241,264
322,241,264
323,241,264
324,241,264
325,241,264
326,241,264
327,241,264
328,241,264
329,241,264
330,241,264
331,241,264
332,241,264
333,241,264
334,241,264
335,241,264
336,241,264
337,241,264
338,241,264
339,241,264
340,241,264
341,241,264
342,241,264
343,241,264
344,241,264
345,241,264
346,241,264
347,241,264
348,241,263
349,241,263
350,241,263
351,241,263
352,241,263
353,241,263
354,241,263
355,241,263
356,241,263
357,241,263
358,241,263
359,241,263
360,241,263
361,241,263
362,241,263
363,241,263
364,241,263
365,241,263
366,241,263
367,241,263
368,241,263
369,241,263
370,241,263
371,241,263
372,241,263
373,241,263
374,241,263
375,241,263
376,241,263
377,241,263
378,241,262
379,241,262
380,241,262
381,241,262
382,241,262
383,241,262
384,241,262
385,241,262
386,241,262
387,241,262
388,241,262
389,241,262
390,241,262
391,241,262
392,241,262
393,241,262
394,241,262
395,241,262
396,241,262
397,241,262
398,241,262
399,241,262
400,241,262
401,241,262
402,241,262
403,241,262
404,241,262
405,241,262
406,241,262
407,241,262
408,241,261
409,241,261
410,241,261
411,241,261
412,241,261
413,241,261
414,241,261
415,241,261
416,241,261
417,241,261
418,241,261
419,241,261
420,241,261
421,241,261
422,241,261
423,241,261
424,241,261
425,241,261
426,241,261
427,241,261
428,241,261
429,241,261
430,241,261
431,241,261
432,241,261
433,241,261
434,241,261
435,241,261
436,241,261
437,241,261
438,241,261
439,241,260
440,241,260
441,241,260
442,241,260
443,241,260
444,241,260
445,241,260
446,241,260
447,260,260
0,0
1,385
108,445,447
109,444,449
110,444,450
111,443,451
112,443,453
113,443,454
114,443,455
115,443,455
116,443,456
117,443,457
118,443,458
119,443,458
120,442,459
121,442,460
122,442,460
123,442,461
124,442,461
125,442,462
126,442,462
127,442,462
128,442,463
129,442,463
130,442,463
131,442,463
132,442,464
133,442,464
134,442,464
135,442,464
136,441,464
137,441,464
138,441,464
139,441,465
140,441,464
141,441,464
142,441,464
143,441,464
144,441,464
145,441,464
146,441,464
147,441,464
148,441,464
149,441,463
150,441,463
151,440,463
152,440,463
153,440,462
154,440,462
155,440,462
156,440,462
157,440,462
158,440,462
159,440,461
160,440,461
161,440,461
162,440,461
163,440,461
164,440,460
165,439,460
166,439,460
167,439,460
168,439,460
169,439,460
170,439,459
171,439,459
172,439,459
173,439,459
174,439,459
175,439,459
176,439,458
177,439,458
178,439,458
179,438,458
180,438,458
181,438,458
182,438,458
183,438,457
184,438,457
185,438,457
186,438,457
187,438,457
188,438,457
189,438,457
190,438,457
191,438,456
192,437,456
193,437,456
194,437,456
195,437,456
196,437,456
197,437,456
198,437,455
199,437,455
200,437,455
201,437,455
202,437,455
203,437,455
204,437,455
205,437,455
206,437,455
207,436,454
208,436,454
209,436,454
210,436,454
211,436,454
212,436,454
213,436,454
214,436,454
215,436,454
216,436,453
217,436,453
218,436,453
219,436,453
220,435,453
221,435,453
222,435,453
223,435,453
224,435,453
225,435,453
226,435,453
227,435,453
228,435,452
229,435,452
230,435,452
231,435,452
232,435,452
233,434,452
234,434,452
235,434,452
236,434,452
237,434,452
238,434,452
239,434,452
240,434,452
241,434,452
242,434,451
243,434,451
244,434,451
245,434,451
246,433,451
247,433,451
248,433,451
249,433,451
250,433,451
251,433,451
252,433,451
253,433,451
254,433,451
255,433,451
256,433,451
257,433,451
258,432,451
259,432,451
260,432,450
261,432,450
262,432,450
263,432,450
264,432,450
265,432,450
266,432,450
267,432,450
268,432,450
269,431,450
270,431,450
271,431,450
272,431,450
273,431,450
274,431,450
275,431,450
276,431,450
277,431,450
278,431,450
279,431,450
280,430,450
281,430,450
282,430,450
283,430,450
284,430,450
285,430,450
286,430,450
287,430,450
288,430,450
289,430,450
290,430,450
291,429,450
292,429,450
293,429,450
294,429,450
295,429,450
296,429,450
297,429,450
298,429,450
299,429,450
300,429,450
301,428,450
302,428,450
303,428,450
304,428,450
305,428,450
306,428,450
307,428,450
308,428,450
309,428,450
310,427,450
311,441,450
311,427,451
312,441,450
312,427,451
313,441,450
313,427,451
314,441,450
314,427,451
315,441,450
315,427,451
316,441,450
316,427,451
317,441,450
317,427,451
318,441,450
318,427,451
319,441,450
319,426,451
320,441,450
320,426,451
321,441,450
321,426,451
322,441,450
322,426,451
323,441,450
323,426,451
324,441,450
324,426,451
325,441,450
325,426,451
326,441,450
326,426,451
327,441,450
327,426,451
328,441,450
328,425,451
329,441,450
329,425,451
330,441,450
330,425,451
331,441,450
331,425,451
332,441,450
332,425,451
333,441,450
333,425,451
334,441,450
334,425,451
335,441,450
335,425,451
336,441,450
336,424,451
337,441,450
337,424,451
338,441,450
338,424,451
339,441,450
339,424,451
340,441,450
340,424,452
341,441,450
341,424,452
342,441,450
342,424,452
343,441,450
343,424,452
344,441,450
344,423,452
345,441,450
345,423,452
346,441,450
346,423,452
347,441,450
347,423,452
348,441,450
348,423,452
349,441,450
349,423,452
350,441,450
350,423,452
351,441,450
351,422,452
352,441,450
352,422,452
353,441,450
353,422,452
354,441,450
354,422,452
355,441,450
355,422,453
356,441,450
356,422,453
357,441,450
357,422,453
358,441,450
358,421,453
359,441,450
359,421,453
360,441,450
360,421,453
361,441,450
361,421,453
362,441,450
362,421,453
363,441,450
363,421,453
364,441,450
364,421,453
365,441,450
365,421,453
366,441,450
366,420,453
367,441,450
367,421,453
368,441,450
368,421,453
369,441,450
369,421,453
370,441,450
370,421,454
371,441,450
371,421,454
372,441,450
372,421,454
373,441,450
373,421,454
374,441,450
374,421,454
375,441,450
375,421,454
376,441,450
376,422,454
377,441,450
377,422,454
378,441,450
378,422,454
379,441,450
379,422,454
380,441,450
380,423,454
381,441,450
381,423,454
382,441,450
382,423,454
383,441,450
383,424,454
384,441,450
384,424,454
385,441,450
385,425,454
386,441,450
386,425,455
387,441,450
387,426,455
388,441,450
388,426,455
389,441,450
389,427,455
390,441,450
390,427,455
391,428,455
392,429,455
393,429,455
394,430,455
395,431,455
396,431,455
397,432,455
398,433,456
399,434,455
400,434,455
401,435,455
402,436,455
403,437,455
404,438,455
405,438,455
406,439,454
407,440,454
408,441,454
409,443,453
410,444,452
411,446,451
412,448,449
0,0
