0,228
29,143,152
30,140,158
31,140,161
32,139,164
33,139,167
34,139,169
35,139,171
36,139,172
37,139,174
38,139,175
39,139,176
40,140,178
41,140,179
42,140,180
43,140,181
44,140,181
45,140,182
46,140,183
47,140,183
48,140,184
49,140,184
50,140,184
51,140,185
52,140,185
53,139,185
54,139,184
55,139,184
56,139,183
57,139,182
58,139,182
59,139,181
60,138,180
61,138,179
62,138,179
63,138,178
64,138,178
65,138,177
66,137,177
67,137,176
68,137,175
69,137,175
70,137,174
71,136,174
72,136,173
73,136,173
74,136,172
75,135,172
76,135,171
77,135,170
78,135,170
79,134,169
80,134,169
81,134,168
82,133,168
83,133,167
84,133,167
85,132,166
86,132,166
87,132,165
88,131,165
89,131,164
90,131,164
91,130,163
92,130,163
93,130,162
94,129,162
95,129,161
96,129,161
97,128,160
98,128,159
99,127,159
100,127,158
101,126,158
102,126,157
103,126,157
104,125,156
105,125,156
106,124,155
107,124,155
108,123,154
109,123,154
110,123,153
111,122,152
112,122,152
113,121,151
114,121,151
115,120,150
116,120,150
117,119,149
118,119,148
119,118,148
120,118,147
121,117,147
122,117,146
123,116,145
124,116,145
125,115,144
126,115,144
127,114,143
128,114,143
129,113,142
130,113,141
131,112,141
132,111,140
133,111,139
134,110,139
135,110,138
136,109,138
137,109,137
138,108,136
139,107,136
140,107,135
141,106,134
142,106,134
143,105,133
144,105,132
145,104,132
146,103,131
147,103,131
148,102,130
149,101,129
150,101,129
151,100,128
152,99,127
153,99,127
154,98,126
155,97,125
156,97,125
157,96,124
158,96,123
159,95,123
160,94,122
161,93,121
162,93,120
163,92,120
164,91,119
165,91,118
166,90,118
167,89,117
168,89,116
169,88,115
170,87,115
171,86,114
172,86,113
173,85,112
174,84,112
175,83,111
176,83,110
177,82,109
178,81,109
179,80,108
180,79,107
181,78,106
182,78,106
183,77,105
184,76,104
185,75,103
186,75,102
187,74,102
188,73,101
189,72,100
190,71,99
191,70,98
192,69,97
193,69,97
194,68,96
195,67,95
196,66,94
197,65,93
198,64,92
199,63,91
200,62,90
201,61,89
202,61,88
203,60,87
204,59,86
205,58,86
206,57,85
207,56,83
208,55,82
209,54,81
210,53,80
211,52,79
212,51,78
213,51,77
214,50,76
215,49,75
216,48,74
217,47,73
218,46,71
219,45,70
220,44,69
221,43,68
222,42,67
223,41,66
224,40,64
225,39,63
226,38,62
227,38,61
228,37,59
229,36,58
230,35,57
231,34,56
232,33,54
233,32,53
234,31,52
235,30,50
236,29,49
237,28,48
238,27,46
239,26,45
240,25,43
241,24,42
242,23,41
243,22,39
244,21,38
245,20,36
246,20,34
247,19,33
248,18,31
249,17,29
250,16,28
251,15,26
252,14,24
253,13,22
254,12,20
255,13,18
256,15,15
0,0
0,49
84,162,162
85,159,166
86,157,170
87,157,174
88,157,178
89,157,181
90,157,184
91,157,186
92,158,189
93,158,192
94,159,194
95,159,197
96,160,199
97,161,201
98,162,202
99,163,204
100,164,205
101,165,206
102,166,207
103,168,208
104,169,209
105,170,210
106,171,211
107,173,211
108,174,211
109,175,212
110,176,212
111,177,212
112,178,213
113,179,213
114,181,213
115,182,213
116,183,214
117,184,214
118,185,214
119,186,214
120,187,214
121,188,214
122,189,214
123,191,214
124,192,214
125,193,214
126,194,214
127,195,213
128,196,213
129,197,212
130,199,212
131,200,211
132,204,209
0,0
1,119
90,195,196
91,194,197
92,194,198
93,193,199
94,193,199
95,192,199
96,192,200
97,191,200
98,191,201
99,191,201
100,191,201
101,190,202
102,190,202
103,190,202
104,190,203
105,190,203
106,189,203
107,189,203
108,189,203
109,189,203
110,188,204
111,188,204
112,188,204
113,188,204
114,187,204
115,187,204
116,187,204
117,187,205
118,187,205
119,186,205
120,186,205
121,186,205
122,185,204
123,185,204
124,185,204
125,185,204
126,184,204
127,184,204
128,184,204
129,183,204
130,183,203
131,183,203
132,183,203
133,182,203
134,182,202
135,182,202
136,181,202
137,181,201
138,181,201
139,180,201
140,180,200
141,180,200
142,179,200
143,179,199
144,178,199
145,178,199
146,178,199
147,177,198
148,177,198
149,177,198
150,176,197
151,176,197
152,175,197
153,175,196
154,175,196
155,174,196
156,174,195
157,173,195
158,173,195
159,172,194
160,172,194
161,172,194
162,171,194
163,171,193
164,170,193
165,170,193
166,169,192
167,169,192
168,168,192
169,168,191
170,168,191
171,167,191
172,167,190
173,167,190
174,166,190
175,166,189
176,166,189
177,166,189
178,166,188
179,165,188
180,165,188
181,165,188
182,165,187
183,165,187
184,165,187
185,165,186
186,165,186
187,165,186
188,165,185
189,165,185
190,165,185
191,165,184
192,165,184
193,166,184
194,166,183
195,166,183
196,166,183
197,166,182
198,167,182
199,167,182
200,167,181
201,167,181
202,168,180
203,168,180
204,169,180
205,169,179
206,170,179
207,171,178
208,172,176
0,0
1,130
85,257,260
86,256,260
87,256,261
88,255,262
89,255,262
90,254,262
91,254,263
92,254,263
93,254,264
94,253,264
95,253,264
96,253,265
97,253,265
98,252,265
99,252,266
100,252,266
101,252,266
102,252,266
103,252,266
104,251,267
105,251,267
106,251,267
107,251,267
108,250,267
109,250,267
110,250,267
111,250,267
112,250,267
113,249,267
114,249,268
115,249,268
116,249,268
117,248,267
118,248,267
119,248,267
120,248,267
121,247,267
122,247,267
123,247,267
124,247,266
125,246,266
126,246,266
127,246,266
128,245,266
129,245,265
130,245,265
131,244,265
132,244,265
133,244,264
134,244,264
135,243,264
136,243,263
137,243,263
138,242,263
139,242,262
140,242,262
141,241,262
142,241,262
143,241,261
144,240,261
145,240,261
146,239,260
147,239,260
148,239,260
149,238,259
150,238,259
151,238,259
152,237,258
153,237,258
154,237,258
155,236,258
156,236,257
157,235,257
158,235,257
159,235,256
160,234,256
161,234,256
162,233,255
163,233,255
164,232,255
165,232,255
166,232,254
167,231,254
168,231,254
169,230,253
170,230,253
171,229,253
172,229,252
173,229,252
174,228,252
175,228,252
176,227,251
177,227,251
178,227,251
179,226,250
180,226,250
181,226,250
182,226,249
183,226,249
184,226,249
185,225,249
186,225,248
187,225,248
188,225,248
189,225,247
190,225,247
191,225,247
192,225,246
193,225,246
194,225,246
195,225,245
196,225,245
197,226,245
198,226,244
199,226,244
200,226,244
201,226,243
202,226,243
203,227,243
204,227,242
205,227,242
206,228,242
207,228,241
208,228,241
209,229,241
210,229,240
211,230,240
212,231,239
213,232,238
214,234,236
0,0
0,165
187,140,146
188,138,149
189,137,152
190,136,154
191,136,156
192,136,157
193,136,159
194,137,160
195,137,161
196,138,162
197,138,163
198,139,164
199,139,166
200,139,166
201,140,167
202,140,168
203,141,169
204,141,169
205,142,170
206,142,170
207,142,170
208,143,170
209,143,170
210,143,170
211,143,170
212,144,170
213,144,170
214,144,170
215,144,170
216,144,169
217,144,169
218,144,169
219,144,169
220,145,169
221,145,169
222,145,169
223,145,169
224,145,169
225,145,169
226,145,169
227,145,169
228,145,169
229,145,169
230,145,169
231,145,169
232,145,169
233,145,169
234,145,169
235,145,169
236,145,169
237,145,169
238,145,169
239,145,168
240,145,168
241,145,168
242,145,168
243,145,168
244,145,168
245,145,168
246,145,168
247,145,168
248,145,168
249,145,168
250,145,168
251,145,168
252,145,168
253,145,168
254,145,168
255,145,168
256,145,168
257,145,168
258,145,168
259,145,168
260,145,168
261,145,168
262,145,168
263,145,168
264,145,167
265,145,167
266,145,167
267,145,167
268,145,167
269,145,167
270,145,167
271,145,167
272,145,167
273,145,167
274,145,167
275,145,167
276,145,167
277,145,167
278,145,167
279,145,167
280,145,167
281,145,167
282,145,167
283,145,167
284,145,167
285,145,167
286,145,167
287,145,167
288,145,167
289,145,167
290,145,167
291,145,167
292,145,167
293,145,166
294,145,166
295,145,166
296,145,166
297,145,166
298,145,166
299,145,166
300,145,166
301,145,166
302,145,166
303,145,166
304,145,166
305,145,166
306,145,166
307,145,166
308,145,166
309,145,166
310,145,166
311,145,166
312,145,166
313,145,166
314,145,166
315,145,166
316,145,166
317,145,166
318,145,166
319,145,166
320,145,165
321,145,165
322,145,165
323,145,165
324,145,165
325,145,165
326,145,165
327,145,165
328,145,165
329,145,165
330,145,165
331,145,165
332,145,165
333,145,165
334,145,165
335,145,165
336,145,165
337,145,165
338,145,165
339,145,165
340,145,165
341,145,165
342,145,165
343,145,165
344,145,165
345,145,165
346,145,165
347,145,165
348,145,165
349,145,165
350,145,165
351,159,165
0,0
0,44
288,79,83
289,78,87
290,77,91
291,77,94
292,77,97
293,77,100
294,77,103
295,77,105
296,77,107
297,77,110
298,78,111
299,79,113
300,79,114
301,80,115
302,81,117
303,82,117
304,83,118
305,84,119
306,85,119
307,86,120
308,87,120
309,88,120
310,89,120
311,90,120
312,90,120
313,91,121
314,92,121
315,93,121
316,94,121
317,94,121
318,95,121
319,96,121
320,97,121
321,98,121
322,98,121
323,99,121
324,100,120
325,101,120
326,102,120
327,103,119
328,104,118
329,105,118
330,107,116
331,110,114
0,0
0,51
262,194,200
263,192,203
264,190,205
265,190,207
266,190,209
267,190,210
268,190,211
269,190,213
270,190,214
271,190,215
272,191,216
273,191,217
274,191,218
275,190,219
276,190,219
277,190,220
278,190,221
279,190,221
280,189,221
281,189,221
282,188,221
283,188,220
284,187,218
285,187,217
286,186,215
287,186,213
288,185,212
289,185,210
290,184,209
291,184,207
292,183,206
293,183,205
294,182,203
295,182,202
296,181,201
297,181,199
298,180,198
299,180,197
300,179,195
301,179,194
302,178,193
303,178,192
304,177,190
305,176,189
306,176,188
307,175,186
308,175,185
309,174,184
310,174,182
311,174,181
312,176,179
0,0
1,177
43,369,375
44,368,377
45,366,378
46,366,379
47,365,380
48,365,381
49,365,382
50,365,382
51,365,383
52,365,384
53,365,385
54,365,385
55,365,386
56,365,387
57,365,387
58,365,388
59,364,389
60,364,389
61,364,390
62,364,390
63,364,391
64,364,392
65,364,392
66,364,393
67,363,393
68,363,394
69,363,394
70,363,395
71,363,395
72,363,396
73,363,396
74,362,396
75,362,396
76,362,397
77,362,397
78,362,397
79,361,397
80,361,397
81,361,396
82,361,396
83,361,396
84,360,395
85,360,395
86,360,394
87,360,393
88,359,392
89,359,392
90,359,391
91,359,390
92,359,390
93,358,389
94,358,389
95,358,388
96,358,387
97,357,387
98,357,386
99,357,386
100,357,385
101,356,385
102,356,384
103,356,383
104,356,383
105,355,382
106,355,382
107,355,381
108,355,381
109,354,380
110,354,380
111,354,379
112,354,379
113,353,378
114,353,378
115,353,377
116,353,377
117,352,376
118,352,376
119,352,375
120,351,375
121,351,374
122,351,374
123,351,374
124,350,373
125,350,373
126,350,372
127,350,372
128,349,372
129,349,371
130,349,371
131,349,370
132,348,370
133,348,370
134,348,369
135,347,369
136,347,368
137,347,368
138,347,367
139,346,367
140,346,367
141,346,366
142,346,366
143,345,365
144,345,365
145,345,365
146,344,364
147,344,364
148,344,363
149,344,363
150,343,363
151,343,362
152,343,362
153,342,361
154,342,361
155,342,361
156,342,360
157,341,360
158,341,359
159,341,359
160,340,359
161,340,358
162,340,358
163,340,357
164,339,357
165,339,357
166,339,356
167,338,356
168,338,355
169,338,355
170,337,355
171,337,354
172,337,354
173,337,353
174,336,353
175,336,352
176,336,352
177,335,352
178,335,351
179,335,351
180,335,351
181,334,350
182,334,350
183,334,349
184,333,349
185,333,348
186,333,348
187,332,348
188,332,347
189,332,347
190,332,346
191,331,346
192,331,345
193,331,345
194,330,344
195,330,344
196,330,344
197,329,343
198,329,343
199,329,342
200,329,342
201,328,341
202,328,341
203,328,340
204,327,340
205,327,339
206,327,339
207,326,338
208,326,337
209,326,337
210,326,336
211,325,336
212,325,335
213,325,334
214,325,334
215,325,333
216,325,332
217,326,332
218,326,331
219,327,329
0,0
0,309
98,236,236
99,230,239
100,228,242
101,228,245
102,227,247
103,227,250
104,227,251
105,227,253
106,228,255
107,228,256
108,229,258
109,229,259
110,230,261
111,230,262
112,231,263
113,231,264
114,231,265
115,232,265
116,232,266
117,233,267
118,233,267
119,233,267
120,234,268
121,234,268
122,235,268
123,235,268
124,235,268
125,236,268
126,236,268
127,236,268
128,237,268
129,237,267
130,237,267
131,237,267
132,238,267
133,238,267
134,238,267
135,239,267
136,239,267
137,239,266
138,239,266
139,239,266
140,240,266
141,240,266
142,240,266
143,240,266
144,240,266
145,240,266
146,241,266
147,241,266
148,241,266
149,241,265
150,241,265
151,241,265
152,241,265
153,241,265
154,241,265
155,241,265
156,242,265
157,242,265
158,242,265
159,242,265
160,242,265
161,242,265
162,242,265
163,242,265
164,242,265
165,242,265
166,242,265
167,242,265
168,242,264
169,242,264
170,243,264
171,243,264
172,243,264
173,243,264
174,243,264
175,243,264
176,243,264
177,243,264
178,243,264
179,243,264
180,243,264
181,243,264
182,243,264
183,243,264
184,243,264
185,243,264
186,243,264
187,243,264
188,243,264
189,243,264
190,243,264
191,243,264
192,243,264
193,243,264
194,244,264
195,244,264
196,244,264
197,244,264
198,244,264
199,244,264
200,244,264
201,244,264
202,244,264
203,244,264
204,244,264
205,244,264
206,244,264
207,244,264
208,244,264
209,244,264
210,244,264
211,244,264
212,244,264
213,244,264
214,244,264
215,244,264
216,244,264
217,244,264
218,244,264
219,244,264
220,244,264
221,244,264
222,244,264
223,244,264
224,244,263
225,244,263
226,244,263
227,244,263
228,244,263
229,244,263
230,244,263
231,244,263
232,244,263
233,244,263
234,244,263
235,244,263
236,244,263
237,244,263
238,244,263
239,244,263
240,244,263
241,244,263
242,244,263
243,244,263
244,244,263
245,244,263
246,244,263
247,244,263
248,244,263
249,243,263
250,243,263
251,243,263
252,243,263
253,243,263
254,243,263
255,243,263
256,243,263
257,243,263
258,243,263
259,243,263
260,243,263
261,243,263
262,243,263
263,243,263
264,243,263
265,243,263
266,243,263
267,243,263
268,243,263
269,243,263
270,243,263
271,242,263
272,242,263
273,242,263
274,242,263
275,242,263
276,242,263
277,242,263
278,242,263
279,242,263
280,242,263
281,242,263
282,242,263
283,242,263
284,242,263
285,241,263
286,241,263
287,241,263
288,241,263
289,241,263
290,241,263
291,241,263
292,241,263
293,241,263
294,240,263
295,240,263
296,240,263
297,240,263
298,240,263
299,240,263
300,240,263
301,240,263
302,239,263
303,239,263
304,239,263
305,239,263
306,239,263
307,239,263
308,238,263
309,238,263
310,238,263
311,238,263
312,238,263
313,238,263
314,237,263
315,237,263
316,237,263
317,237,263
318,237,263
319,237,263
320,236,263
321,236,263
322,236,263
323,236,263
324,235,263
325,235,263
326,235,263
327,235,263
328,235,263
329,234,263
330,234,263
331,234,262
332,234,262
333,233,262
334,233,262
335,233,262
336,233,262
337,232,262
338,232,262
339,232,262
340,231,262
341,231,262
342,231,262
343,231,262
344,230,262
345,230,262
346,230,261
347,230,261
348,229,261
349,229,261
350,229,261
351,228,261
352,228,261
353,228,261
354,227,261
355,227,261
356,227,260
357,227,260
358,226,260
359,226,260
360,226,260
361,226,260
362,226,260
363,225,259
364,225,259
365,225,259
366,225,259
367,225,259
368,225,259
369,225,259
370,225,258
371,225,258
372,225,258
373,225,258
374,225,258
375,225,257
376,225,257
377,226,257
378,226,257
379,226,257
380,226,256
381,226,256
382,227,256
383,227,256
384,227,256
385,228,255
386,228,255
387,228,255
388,228,255
389,229,254
390,229,254
391,230,254
392,230,253
393,231,253
394,231,253
395,231,252
396,232,252
397,233,251
398,233,251
399,234,250
400,234,249
401,235,249
402,236,248
403,237,247
404,238,246
405,239,245
406,242,242
0,0
1,159
237,113,115
238,112,116
239,112,118
240,112,119
241,111,120
242,111,121
243,111,122
244,111,122
245,111,123
246,111,124
247,111,124
248,110,125
249,110,125
250,110,126
251,110,126
252,110,127
253,110,127
254,110,127
255,110,128
256,109,128
257,109,128
258,109,128
259,109,128
260,109,128
261,109,128
262,109,129
263,109,128
264,108,128
265,108,128
266,108,128
267,108,128
268,108,128
269,108,128
270,108,128
271,107,127
272,107,127
273,107,127
274,107,126
275,107,126
276,107,126
277,107,126
278,107,125
279,106,125
280,106,125
281,106,125
282,106,124
283,106,124
284,106,124
285,105,124
286,105,123
287,105,123
288,105,123
289,105,122
290,105,122
291,105,122
292,104,122
293,104,121
294,104,121
295,104,121
296,104,121
297,103,120
298,103,120
299,103,120
300,103,120
301,103,119
302,103,119
303,102,119
304,102,119
305,102,118
306,102,118
307,102,118
308,102,118
309,101,117
310,101,117
311,101,117
312,101,117
313,101,117
314,100,116
315,100,116
316,100,116
317,100,116
318,100,115
319,99,115
320,99,115
321,99,115
322,99,115
323,99,114
324,98,114
325,98,114
326,98,114
327,98,113
328,98,113
329,97,113
330,97,113
331,97,113
332,97,112
333,96,112
334,96,112
335,96,112
336,96,112
337,96,111
338,95,111
339,95,111
340,95,111
341,95,110
342,94,110
343,94,110
344,94,110
345,94,110
346,93,109
347,93,109
348,93,109
349,93,109
350,93,109
351,92,108
352,92,108
353,92,108
354,92,108
355,91,108
356,91,107
357,91,107
358,91,107
359,90,107
360,90,107
361,90,106
362,90,106
363,89,106
364,89,106
365,89,106
366,89,106
367,88,105
368,88,105
369,88,105
370,88,105
371,87,105
372,87,104
373,87,104
374,86,104
375,86,104
376,86,104
377,86,104
378,85,103
379,85,103
380,85,103
381,84,103
382,84,103
383,84,103
384,84,102
385,83,100
386,83,98
387,83,96
388,82,94
389,82,92
390,82,90
391,81,88
392,81,86
393,81,85
394,80,83
395,80,81
0,361
79,401,401
80,395,407
81,394,411
82,394,414
83,393,416
84,393,419
85,392,421
86,392,423
87,391,425
88,391,427
89,390,428
90,390,430
91,389,432
92,389,433
93,388,435
94,388,436
95,387,438
96,387,439
97,386,440
98,385,441
99,385,443
100,384,443
101,384,444
102,383,445
103,383,446
104,394,446
105,396,447
106,397,447
107,398,447
108,398,447
109,399,447
110,400,447
111,400,447
112,401,447
113,401,447
114,401,446
115,402,446
116,402,446
117,402,445
118,402,445
119,403,444
120,403,444
121,403,443
122,403,443
123,403,442
124,404,442
125,404,442
126,404,441
127,404,441
128,404,441
129,405,440
130,405,440
131,405,440
132,405,440
133,405,439
134,405,439
135,405,439
136,406,439
137,406,439
138,406,438
139,406,438
140,406,438
141,406,438
142,406,438
143,407,438
144,407,438
145,407,438
146,407,438
147,407,438
148,407,437
149,407,437
150,407,437
151,407,437
152,408,437
153,408,437
154,408,437
155,408,437
156,408,437
157,408,437
158,408,437
159,408,437
160,408,437
161,408,437
162,409,437
163,409,437
164,409,437
165,409,437
166,409,437
167,409,437
168,409,437
169,409,437
170,409,437
171,409,437
172,409,437
173,410,437
174,410,437
175,410,437
176,410,437
177,410,437
178,410,437
179,410,437
180,410,437
181,410,437
182,410,437
183,410,438
184,410,438
185,410,438
186,411,438
187,411,438
188,411,438
189,411,438
190,411,438
191,411,438
192,411,438
193,411,438
194,411,438
195,411,438
196,411,438
197,411,438
198,411,438
199,411,438
200,412,438
201,412,438
202,412,438
203,412,438
204,412,438
205,412,438
206,412,438
207,412,438
208,412,438
209,412,438
210,412,438
211,412,438
212,412,438
213,412,438
214,412,438
215,412,438
216,412,438
217,412,438
218,412,438
219,412,438
220,412,438
221,413,438
222,413,439
223,413,439
224,413,439
225,413,439
226,413,439
227,413,439
228,413,439
229,413,439
230,413,439
231,413,439
232,413,439
233,413,439
234,413,439
235,413,439
236,413,439
237,413,439
238,413,439
239,413,439
240,413,439
241,413,439
242,413,439
243,413,439
244,413,439
245,413,439
246,413,439
247,413,439
248,413,440
249,413,440
250,413,440
251,413,440
252,413,440
253,413,440
254,413,440
255,413,440
256,413,440
257,413,440
258,413,440
259,413,440
260,414,440
261,414,440
262,414,440
263,414,440
264,414,440
265,414,440
266,414,440
267,414,440
268,414,440
269,414,440
270,414,440
271,414,440
272,414,441
273,414,441
274,414,441
275,414,441
276,414,441
277,413,441
278,413,441
279,413,441
280,413,441
281,413,441
282,413,441
283,413,441
284,413,441
285,413,441
286,413,441
287,413,441
288,413,441
289,413,441
290,413,441
291,413,441
292,413,442
293,413,442
294,413,442
295,413,442
296,413,442
297,413,442
298,413,442
299,413,442
300,413,442
301,413,442
302,413,442
303,413,442
304,413,442
305,413,442
306,413,442
307,413,442
308,413,442
309,413,442
310,413,442
311,413,442
312,413,442
313,413,443
314,413,443
315,412,443
316,412,443
317,412,443
318,412,443
319,412,443
320,412,443
321,412,443
322,412,443
323,412,443
324,412,443
325,412,443
326,412,443
327,412,443
328,412,443
329,412,443
330,412,443
331,412,443
332,412,444
333,412,444
334,411,444
335,411,444
336,411,444
337,411,444
338,411,444
339,411,444
340,411,444
341,411,444
342,411,444
343,411,444
344,411,444
345,411,444
346,411,444
347,411,444
348,410,444
349,410,444
350,410,444
351,410,445
352,410,445
353,410,445
354,410,445
355,410,445
356,410,445
357,410,445
358,410,445
359,409,445
360,409,445
361,409,445
362,409,445
363,409,445
364,409,445
365,409,445
366,408,445
367,408,445
368,408,445
369,408,445
370,408,445
371,407,445
372,407,445
373,407,445
374,407,445
375,407,445
376,406,445
377,406,445
378,405,445
379,405,445
380,404,445
381,404,445
382,404,444
383,404,444
384,404,444
385,404,444
386,404,444
387,404,444
388,404,444
389,404,444
390,404,444
391,404,443
392,404,443
393,404,443
394,404,443
395,404,443
396,404,443
397,404,443
398,404,442
399,404,442
400,404,442
401,404,442
402,404,442
403,404,441
404,404,441
405,404,441
406,404,441
407,404,441
408,404,440
409,404,440
410,404,440
411,404,439
412,404,439
413,404,439
414,404,438
415,404,438
416,404,438
417,404,437
418,404,437
419,404,437
420,404,436
421,404,436
422,404,435
423,404,435
424,404,434
425,404,434
426,404,433
427,405,433
428,405,432
429,405,432
430,405,431
431,406,431
432,407,430
433,408,429
434,409,429
435,411,428
436,412,427
437,414,426
438,415,425
439,418,423
1,40
405,421,430
404,381,429
403,381,427
402,381,426
401,382,424
400,382,423
399,382,421
398,382,420
397,382,418
396,382,417
395,382,415
394,382,414
393,382,413
392,381,411
391,381,410
390,381,409
389,381,407
388,381,406
387,381,405
386,380,404
385,380,402
384,380,401
383,380,400
382,380,399
381,379,398
380,379,396
379,379,395
378,379,394
377,378,393
376,378,392
375,378,391
374,377,389
373,377,388
372,377,387
371,376,387
370,377,386
369,377,385
368,377,384
367,377,383
366,378,380
0,0
1,102
281,176,178
282,175,179
283,174,180
284,174,180
285,173,181
286,173,181
287,172,181
288,172,182
289,172,182
290,171,183
291,171,183
292,171,183
293,171,184
294,171,184
295,170,184
296,170,184
297,170,185
298,170,185
299,170,185
300,169,185
301,169,186
302,169,186
303,169,186
304,169,186
305,168,186
306,168,186
307,168,186
308,168,186
309,167,187
310,167,187
311,167,187
312,167,187
313,166,187
314,166,187
315,166,187
316,165,187
317,165,186
318,165,186
319,164,186
320,164,186
321,164,186
322,163,186
323,163,186
324,163,186
325,162,185
326,162,185
327,162,185
328,161,185
329,161,184
330,161,184
331,160,184
332,160,183
333,159,183
334,159,183
335,158,182
336,158,182
337,157,182
338,157,181
339,156,181
340,156,181
341,156,180
342,155,180
343,155,180
344,155,180
345,155,179
346,154,179
347,154,179
348,154,178
349,154,178
350,154,178
351,154,178
352,154,177
353,153,177
354,153,177
355,153,176
356,153,176
357,153,176
358,153,176
359,153,175
360,153,175
361,153,175
362,153,174
363,154,174
364,154,174
365,154,173
366,154,173
367,154,173
368,154,173
369,154,172
370,155,172
371,155,172
372,155,171
373,155,171
374,156,171
375,156,170
376,156,170
377,157,170
378,157,169
379,158,169
380,158,168
381,160,168
382,161,166
0,0
0,96
230,276,280
231,273,286
232,273,290
233,273,293
234,272,296
235,273,298
236,273,300
237,273,301
238,273,302
239,274,303
240,274,303
241,275,303
242,275,304
243,276,304
244,276,304
245,277,304
246,277,304
247,277,304
248,278,304
249,278,304
250,279,304
251,279,304
252,279,304
253,280,304
254,280,304
255,280,305
256,281,305
257,281,305
258,282,305
259,282,305
260,282,305
261,282,305
262,283,305
263,283,305
264,283,305
265,284,306
266,284,306
267,284,306
268,284,306
269,285,306
270,285,306
271,285,306
272,285,306
273,286,306
274,286,306
275,286,307
276,286,307
277,287,307
278,287,307
279,287,307
280,287,307
281,287,307
282,288,307
283,288,308
284,288,308
285,288,308
286,288,308
287,288,308
288,289,308
289,289,308
290,289,308
291,289,308
292,289,309
293,289,309
294,289,309
295,290,309
296,290,309
297,290,309
298,290,309
299,290,309
300,291,309
301,291,309
302,291,309
303,291,309
304,291,309
305,292,309
306,292,309
307,292,310
308,293,310
309,293,310
310,293,310
311,294,310
312,294,309
313,294,309
314,295,309
315,295,309
316,296,309
317,297,309
318,297,309
319,298,309
320,299,309
321,299,308
322,300,308
323,301,308
324,303,307
325,305,305
0,0
1,74
278,238,240
279,237,241
280,237,242
281,237,243
282,237,244
283,237,244
284,237,245
285,237,245
286,237,246
287,236,246
288,236,246
289,236,247
290,236,247
291,236,247
292,236,247
293,236,247
294,235,248
295,235,247
296,235,247
297,235,247
298,235,247
299,235,247
300,234,246
301,234,246
302,234,246
303,234,246
304,234,246
305,234,246
306,233,246
307,233,246
308,233,245
309,233,245
310,233,245
311,232,245
312,232,244
313,232,244
314,232,244
315,231,244
316,231,244
317,231,243
318,231,243
319,230,243
320,230,243
321,230,242
322,229,242
323,229,242
324,229,242
325,229,242
326,228,241
327,228,241
328,228,241
329,227,241
330,227,241
331,226,240
332,226,240
333,226,240
334,225,240
335,225,240
336,224,240
337,224,239
338,223,239
339,223,239
340,222,239
341,222,239
342,221,239
343,221,239
344,220,239
345,220,239
346,219,239
347,235,239
347,218,240
348,223,240
349,233,241
350,242,242
0,80
216,356,356
217,350,359
218,348,362
219,347,364
220,347,366
221,347,367
222,347,369
223,347,370
224,348,372
225,348,374
226,348,375
227,348,377
228,348,379
229,348,380
230,348,382
231,348,383
232,348,385
233,349,386
234,349,387
235,349,388
236,349,388
237,349,388
238,349,388
239,349,388
240,349,388
241,349,388
242,350,387
243,350,387
244,351,386
245,351,386
246,351,385
247,351,384
248,351,383
249,351,382
250,351,382
251,351,381
252,351,380
253,351,380
254,350,379
255,350,378
256,350,378
257,350,377
258,350,377
259,350,376
260,350,376
261,349,375
262,349,375
263,349,374
264,349,374
265,348,374
266,348,373
267,348,373
268,348,372
269,348,372
270,348,372
271,347,371
272,347,371
273,347,371
274,347,370
275,347,370
276,346,370
277,346,369
278,346,369
279,346,369
280,345,369
281,345,368
282,345,368
283,345,368
284,345,367
285,345,367
286,344,367
287,344,367
288,344,367
289,344,366
290,343,366
291,343,366
292,343,366
293,343,365
294,343,365
295,348,365
0,0
1,81
295,300,300
296,299,302
297,298,304
298,297,305
299,297,306
300,297,307
301,297,308
302,297,308
303,297,309
304,296,309
305,296,310
306,296,310
307,296,310
308,296,310
309,295,310
310,295,311
311,295,311
312,295,310
313,295,310
314,294,310
315,294,310
316,294,310
317,294,310
318,294,310
319,293,309
320,293,309
321,293,309
322,293,309
323,292,309
324,292,309
325,292,308
326,292,308
327,291,308
328,291,308
329,291,308
330,291,308
331,290,308
332,290,307
333,290,307
334,290,307
335,289,307
336,289,307
337,289,307
338,289,307
339,288,307
340,288,307
341,288,306
342,288,306
343,287,306
344,287,306
345,287,306
346,287,306
347,287,306
348,287,306
349,287,306
350,286,306
351,287,306
352,287,306
353,287,305
354,287,305
355,287,305
356,287,305
357,288,305
358,288,305
359,288,305
360,288,305
361,289,305
362,289,305
363,289,305
364,290,305
365,291,305
366,291,305
367,292,305
368,292,305
369,293,304
370,294,304
371,295,304
372,295,304
373,296,303
374,297,303
375,299,302
0,0
