0,369
67,77,83
68,75,86
69,74,89
70,73,91
71,73,94
72,73,95
73,73,97
74,73,99
75,73,101
76,74,102
77,74,104
78,75,105
79,76,106
80,76,107
81,76,108
82,77,109
83,77,110
84,77,111
85,78,111
86,78,112
87,79,112
88,79,113
89,79,113
90,80,113
91,80,113
92,80,113
93,81,113
94,81,113
95,81,113
96,82,113
97,82,113
98,82,112
99,83,112
100,83,112
101,83,112
102,84,112
103,84,112
104,84,112
105,84,111
106,85,111
107,85,111
108,85,111
109,85,111
110,86,111
111,86,111
112,86,111
113,86,111
114,87,110
115,87,110
116,87,110
117,87,110
118,87,110
119,87,110
120,88,110
121,88,110
122,88,110
123,88,110
124,88,110
125,88,110
126,88,109
127,88,109
128,88,109
129,88,109
130,89,109
131,89,109
132,89,109
133,89,109
134,89,109
135,89,109
136,89,109
137,89,109
138,89,109
139,89,109
140,89,109
141,89,108
142,89,108
143,89,108
144,89,108
145,89,108
146,89,108
147,89,108
148,89,108
149,90,108
150,90,108
151,90,108
152,90,108
153,90,108
154,90,108
155,90,108
156,90,108
157,90,108
158,90,108
159,90,108
160,90,107
161,90,107
162,90,107
163,90,107
164,90,107
165,90,107
166,90,107
167,90,107
168,90,107
169,90,107
170,90,107
171,90,107
172,90,107
173,90,107
174,90,107
175,90,107
176,90,107
177,90,107
178,90,107
179,90,107
180,90,107
181,90,107
182,90,107
183,90,107
184,90,107
185,90,107
186,90,107
187,90,107
188,90,107
189,90,107
190,90,107
191,90,106
192,90,106
193,90,106
194,90,106
195,90,106
196,90,106
197,90,106
198,90,106
199,90,106
200,90,106
201,90,106
202,90,106
203,90,106
204,90,106
205,90,106
206,90,106
207,90,106
208,90,106
209,90,106
210,90,106
211,90,106
212,90,106
213,90,106
214,90,106
215,90,106
216,90,106
217,90,106
218,90,106
219,90,106
220,90,106
221,90,106
222,90,106
223,90,106
224,90,106
225,90,106
226,90,106
227,90,106
228,90,106
229,90,106
230,90,106
231,90,106
232,90,106
233,90,106
234,90,106
235,90,106
236,90,106
237,90,106
238,90,105
239,90,105
240,90,105
241,89,105
242,89,105
243,89,105
244,89,105
245,89,105
246,89,105
247,89,105
248,89,105
249,89,105
250,89,105
251,89,105
252,89,105
253,89,105
254,89,105
255,89,105
256,89,105
257,89,105
258,89,105
259,89,105
260,89,105
261,88,105
262,88,105
263,88,105
264,88,105
265,88,105
266,88,105
267,88,105
268,88,105
269,88,105
270,88,105
271,88,105
272,88,105
273,88,105
274,88,105
275,87,105
276,87,105
277,87,105
278,87,105
279,87,105
280,87,105
281,87,105
282,87,105
283,87,105
284,87,105
285,87,105
286,87,105
287,87,105
288,87,105
289,86,104
290,86,104
291,86,104
292,86,104
293,86,104
294,86,104
295,86,104
296,86,104
297,86,104
298,85,104
299,85,104
300,85,104
301,85,104
302,85,104
303,85,104
304,85,104
305,84,104
306,84,104
307,84,104
308,84,104
309,84,104
310,84,104
311,84,104
312,84,104
313,83,104
314,83,104
315,83,104
316,83,104
317,83,104
318,83,104
319,82,104
320,82,104
321,82,104
322,82,104
323,82,104
324,82,104
325,81,104
326,81,104
327,81,104
328,81,104
329,81,104
330,80,104
331,80,104
332,80,104
333,80,104
334,80,104
335,79,104
336,79,104
337,79,104
338,79,104
339,79,104
340,78,104
341,78,103
342,78,103
343,78,103
344,77,103
345,77,103
346,77,103
347,77,103
348,76,103
349,76,103
350,76,103
351,76,103
352,75,103
353,75,103
354,75,103
355,75,103
356,74,103
357,74,102
358,74,102
359,74,102
360,73,102
361,73,102
362,73,102
363,72,102
364,72,102
365,72,102
366,72,102
367,71,102
368,71,102
369,71,101
370,70,101
371,70,101
372,70,101
373,70,101
374,69,101
375,69,101
376,69,101
377,68,100
378,68,100
379,68,100
380,67,100
381,67,100
382,67,100
383,66,100
384,66,99
385,66,99
386,65,99
387,65,99
388,65,99
389,65,99
390,64,99
391,64,98
392,64,98
393,64,98
394,64,98
395,64,98
396,64,97
397,64,97
398,64,97
399,64,97
400,64,97
401,64,97
402,64,96
403,64,96
404,64,96
405,64,96
406,64,96
407,64,95
408,64,95
409,65,95
410,65,95
411,65,94
412,65,94
413,66,94
414,66,94
415,66,93
416,67,93
417,67,93
418,67,93
419,68,92
420,68,92
421,68,92
422,69,91
423,69,91
424,70,90
425,70,90
426,70,89
427,71,89
428,72,88
429,72,88
430,73,87
431,74,86
432,75,85
433,76,84
434,77,83
435,80,80
0,0
1,76
91,85,87
92,84,89
93,83,89
94,83,90
95,83,91
96,82,91
97,82,92
98,82,92
99,82,92
100,82,92
101,81,92
102,81,93
103,81,92
104,81,92
105,81,92
106,80,92
107,80,92
108,80,92
109,80,92
110,80,92
111,79,91
112,79,91
113,79,91
114,79,91
115,78,91
116,78,90
117,78,90
118,78,90
119,77,89
120,77,89
121,77,89
122,77,88
123,76,88
124,76,88
125,76,87
126,76,87
127,75,87
128,75,87
129,75,86
130,74,86
131,74,86
132,74,85
133,74,85
134,73,85
135,73,84
136,73,84
137,72,84
138,72,84
139,72,83
140,71,83
141,71,83
142,71,82
143,70,82
144,70,82
145,70,82
146,69,81
147,69,81
148,69,81
149,68,80
150,68,80
151,68,80
152,67,80
153,67,80
154,66,80
155,66,80
156,66,80
157,65,80
158,65,80
159,64,80
160,64,80
161,64,80
162,63,80
163,80,80
163,63,81
164,80,80
164,62,81
0,132
61,169,169
62,165,175
63,164,178
64,164,180
65,164,183
66,164,185
67,164,186
68,164,188
69,164,189
70,164,191
71,164,192
72,164,194
73,164,195
74,164,196
75,164,197
76,164,198
77,164,199
78,164,200
79,164,200
80,164,201
81,164,201
82,165,201
83,165,201
84,166,201
85,166,201
86,166,201
87,166,200
88,167,200
89,167,200
90,167,199
91,167,198
92,167,198
93,167,197
94,167,197
95,167,196
96,167,196
97,167,195
98,167,195
99,167,194
100,167,194
101,167,193
102,167,193
103,167,193
104,167,192
105,167,192
106,167,192
107,167,192
108,167,191
109,166,191
110,166,191
111,166,191
112,166,190
113,166,190
114,166,190
115,166,190
116,166,190
117,166,190
118,166,190
119,166,189
120,166,189
121,166,189
122,166,189
123,165,189
124,165,189
125,165,189
126,165,189
127,165,189
128,165,189
129,165,188
130,165,188
131,165,188
132,165,188
133,165,188
134,165,188
135,165,188
136,164,188
137,164,188
138,164,187
139,164,187
140,164,187
141,164,187
142,164,187
143,164,187
144,164,187
145,164,187
146,164,187
147,164,187
148,163,187
149,163,186
150,163,186
151,163,186
152,163,186
153,163,186
154,163,186
155,163,186
156,163,186
157,163,186
158,163,186
159,163,186
160,162,185
161,162,185
162,162,185
163,162,185
164,162,185
165,162,185
166,162,185
167,161,185
168,161,185
169,161,185
170,160,185
171,159,185
172,157,184
173,155,184
174,154,184
175,154,184
176,154,183
177,155,183
178,155,182
179,155,182
180,156,181
181,157,181
182,157,180
183,158,180
184,158,179
185,159,178
186,160,178
187,161,177
188,161,176
189,162,175
190,163,174
191,165,173
192,167,171
0,0
1,71
101,134,134
102,133,136
103,133,137
104,132,138
105,132,138
106,131,139
107,131,139
108,131,139
109,130,139
110,130,139
111,129,139
112,129,139
113,129,140
114,128,139
115,128,139
116,128,139
117,127,139
118,127,139
119,126,139
120,126,138
121,126,138
122,125,138
123,125,138
124,124,138
125,124,138
126,124,137
127,123,137
128,123,137
129,122,137
130,122,137
131,122,136
132,121,136
133,121,136
134,121,136
135,120,136
136,120,136
137,120,135
138,120,135
139,119,135
140,119,135
141,119,135
142,119,135
143,119,134
144,118,134
145,118,134
146,118,134
147,118,134
148,118,134
149,118,133
150,118,133
151,117,133
152,118,133
153,118,133
154,118,133
155,118,132
156,118,132
157,118,132
158,118,132
159,118,132
160,119,132
161,119,131
162,119,131
163,119,131
164,120,131
165,120,131
166,120,131
167,121,130
168,122,130
169,123,130
170,123,129
171,125,128
0,0
1,64
97,179,179
98,178,181
99,178,182
100,177,183
101,177,184
102,177,185
103,176,186
104,176,186
105,176,187
106,176,187
107,175,187
108,175,187
109,175,188
110,174,187
111,174,187
112,174,187
113,174,187
114,173,187
115,173,187
116,173,187
117,172,186
118,172,186
119,171,186
120,171,186
121,171,185
122,170,185
123,170,185
124,170,185
125,169,184
126,169,184
127,169,184
128,168,184
129,168,184
130,168,183
131,167,183
132,167,183
133,167,183
134,167,183
135,167,183
136,166,182
137,166,182
138,166,182
139,166,182
140,166,182
141,166,182
142,166,181
143,167,181
144,167,181
145,167,181
146,167,181
147,167,181
148,168,181
149,168,180
150,169,180
151,169,180
152,170,180
153,170,180
154,171,180
155,171,180
156,172,179
157,173,179
158,174,178
159,175,177
159,175,175
0,0
0,124
41,275,275
42,271,278
43,270,281
44,270,283
45,270,285
46,270,286
47,271,288
48,271,289
49,272,291
50,272,292
51,273,293
52,273,294
53,273,295
54,274,296
55,274,297
56,274,298
57,275,299
58,275,299
59,275,300
60,276,301
61,276,301
62,276,301
63,276,301
64,277,302
65,277,302
66,277,301
67,277,301
68,278,301
69,278,301
70,278,301
71,278,301
72,278,301
73,278,301
74,278,301
75,279,301
76,279,301
77,279,300
78,279,300
79,279,300
80,279,300
81,279,300
82,279,300
83,279,300
84,280,300
85,280,300
86,280,300
87,280,300
88,280,300
89,280,300
90,280,300
91,280,300
92,280,300
93,280,300
94,280,300
95,280,300
96,280,300
97,280,300
98,280,300
99,280,300
100,280,300
101,280,300
102,280,300
103,280,300
104,280,300
105,280,300
106,280,300
107,280,300
108,280,299
109,280,299
110,280,299
111,280,299
112,280,299
113,280,299
114,280,299
115,280,299
116,280,299
117,280,299
118,280,299
119,280,299
120,280,299
121,279,299
122,279,299
123,279,299
124,279,299
125,279,299
126,279,299
127,279,299
128,279,299
129,279,300
130,279,300
131,279,300
132,279,300
133,279,300
134,279,300
135,279,300
136,279,300
137,279,300
138,279,300
139,280,300
140,280,300
141,280,300
142,280,300
143,280,300
144,281,300
145,281,300
146,281,300
147,281,300
148,282,300
149,282,300
150,283,300
151,283,300
152,283,300
153,284,300
154,284,300
155,285,299
156,286,299
157,286,299
158,287,299
159,288,298
160,288,298
161,289,298
162,290,297
163,292,296
164,294,294
0,0
1,85
278,54,57
279,54,58
280,53,59
281,53,60
282,53,61
283,53,61
284,53,62
285,53,63
286,53,63
287,53,64
288,53,64
289,52,65
290,52,65
291,52,65
292,52,66
293,52,66
294,52,66
295,52,66
296,52,66
297,52,67
298,52,67
299,51,67
300,51,67
301,51,67
302,51,67
303,51,67
304,51,67
305,51,66
306,51,66
307,51,66
308,50,66
309,50,66
310,50,66
311,50,66
312,50,65
313,50,65
314,50,65
315,49,65
316,49,64
317,49,64
318,49,64
319,49,64
320,48,63
321,48,63
322,48,63
323,48,63
324,48,63
325,47,62
326,47,62
327,47,62
328,47,62
329,46,61
330,46,61
331,46,61
332,46,61
333,45,60
334,45,60
335,45,60
336,44,60
337,44,59
338,43,59
339,43,59
340,43,59
341,42,59
342,42,58
343,41,58
344,41,58
345,41,58
346,40,57
347,40,57
348,39,57
349,39,57
350,38,57
351,38,56
352,37,56
353,37,56
354,36,56
355,36,55
356,35,55
357,35,53
358,34,49
359,33,45
360,33,41
361,32,37
362,32,33
0,461
30,369,369
31,364,374
32,362,378
33,362,381
34,361,384
35,361,386
36,361,389
37,361,391
38,360,393
39,360,395
40,360,396
41,360,398
42,359,400
43,359,401
44,359,403
45,358,404
46,358,405
47,358,406
48,358,407
49,357,408
50,357,409
51,357,410
52,357,410
53,356,411
54,356,411
55,356,411
55,356,363
55,363,411
56,356,356
56,366,411
56,366,411
57,368,411
58,368,411
59,369,411
60,369,411
61,370,411
62,370,410
63,370,410
64,370,409
65,370,409
66,371,408
67,371,408
68,371,407
69,371,407
70,371,406
71,371,406
72,371,406
73,372,405
74,372,405
75,372,405
76,372,405
77,372,404
78,372,404
79,372,404
80,372,404
81,372,404
82,372,403
83,373,403
84,373,403
85,373,403
86,373,403
87,373,403
88,373,403
89,373,403
90,373,403
91,373,402
92,373,402
93,373,402
94,373,402
95,374,402
96,374,402
97,374,402
98,374,402
99,374,402
100,374,402
101,374,402
102,374,402
103,374,402
104,374,402
105,374,402
106,374,402
107,374,402
108,374,402
109,374,402
110,375,402
111,375,402
112,375,402
113,375,402
114,375,402
115,375,402
116,375,402
117,375,402
118,375,402
119,375,402
120,375,402
121,375,402
122,375,402
123,375,402
124,375,402
125,375,402
126,375,402
127,376,402
128,376,402
129,376,402
130,376,402
131,376,402
132,376,402
133,376,402
134,376,402
135,376,402
136,376,402
137,376,402
138,376,402
139,376,402
140,376,402
141,376,402
142,376,402
143,376,402
144,376,402
145,376,402
146,376,402
147,377,402
148,377,402
149,377,402
150,377,402
151,377,402
152,377,402
153,377,402
154,377,402
155,377,402
156,377,402
157,377,402
158,377,402
159,377,402
160,377,402
161,377,402
162,377,402
163,377,402
164,377,402
165,377,402
166,377,402
167,377,402
168,377,402
169,378,402
170,378,402
171,378,402
172,378,402
173,378,402
174,378,402
175,378,402
176,378,402
177,378,402
178,378,402
179,378,402
180,378,402
181,378,402
182,378,402
183,378,402
184,378,402
185,378,402
186,378,402
187,378,402
188,378,402
189,378,402
190,378,402
191,378,402
192,378,402
193,378,402
194,378,402
195,378,402
196,379,402
197,379,402
198,379,402
199,379,402
200,379,402
201,379,402
202,379,402
203,379,402
204,379,402
205,379,402
206,379,402
207,379,402
208,379,402
209,379,402
210,379,402
211,379,402
212,379,403
213,379,403
214,379,403
215,379,403
216,379,403
217,379,403
218,379,403
219,379,403
220,379,403
221,379,403
222,379,403
223,379,403
224,379,403
225,379,403
226,379,403
227,379,403
228,379,403
229,379,403
230,379,403
231,379,403
232,379,403
233,379,403
234,379,403
235,379,403
236,379,403
237,379,403
238,379,403
239,379,403
240,379,403
241,379,403
242,379,403
243,379,403
244,379,403
245,379,403
246,379,403
247,379,403
248,379,403
249,379,403
250,379,403
251,379,403
252,379,403
253,379,403
254,379,403
255,379,403
256,379,403
257,379,403
258,379,403
259,379,403
260,379,403
261,379,403
262,379,403
263,379,403
264,379,403
265,379,403
266,379,403
267,379,403
268,379,403
269,379,403
270,379,403
271,379,403
272,379,403
273,379,403
274,379,403
275,379,403
276,379,403
277,379,403
278,379,403
279,379,403
280,379,403
281,379,403
282,379,403
283,379,403
284,379,403
285,379,403
286,379,403
287,379,403
288,379,403
289,379,403
290,379,404
291,379,404
292,379,404
293,379,404
294,379,404
295,379,404
296,379,404
297,379,404
298,379,404
299,379,404
300,379,404
301,379,404
302,379,404
303,379,404
304,379,404
305,379,404
306,379,404
307,379,404
308,379,404
309,378,404
310,378,404
311,378,404
312,378,404
313,378,404
314,378,404
315,378,404
316,378,404
317,378,404
318,378,404
319,378,404
320,378,404
321,378,404
322,378,404
323,378,404
324,378,404
325,378,404
326,378,404
327,378,404
328,378,404
329,378,404
330,378,404
331,378,404
332,378,404
333,378,404
334,378,404
335,378,405
336,378,405
337,377,405
338,377,405
339,377,405
340,377,405
341,377,405
342,377,405
343,377,405
344,377,405
345,377,405
346,377,405
347,377,405
348,377,405
349,377,405
350,377,405
351,377,405
352,377,405
353,377,405
354,377,405
355,377,405
356,377,405
357,376,405
358,376,405
359,376,405
360,376,405
361,376,405
362,376,405
363,376,405
364,376,405
365,376,405
366,376,405
367,376,405
368,376,406
369,376,406
370,376,406
371,376,406
372,376,406
373,376,406
374,376,406
375,375,406
376,375,406
377,375,406
378,375,406
379,375,406
380,375,406
381,375,406
382,375,406
383,375,406
384,375,406
385,375,406
386,375,406
387,375,406
388,375,406
389,375,406
390,375,406
391,374,406
392,374,406
393,374,406
394,374,406
395,374,407
396,374,407
397,374,407
398,374,407
399,374,407
400,374,407
401,374,407
402,374,407
403,374,407
404,374,407
405,373,407
406,373,407
407,373,407
408,373,407
409,373,407
410,373,407
411,373,407
412,373,407
413,373,407
414,373,407
415,373,407
416,373,407
417,372,408
418,372,408
419,372,408
420,372,408
421,372,408
422,372,408
423,371,408
424,371,408
425,371,408
426,370,408
427,370,408
428,369,408
429,369,408
430,367,408
431,365,408
431,356,357
431,365,408
432,356,362
432,362,408
432,356,408
433,356,408
434,356,408
435,356,408
436,357,408
437,357,408
438,357,407
439,357,407
440,358,407
441,358,407
442,358,407
443,358,406
444,359,406
445,359,406
446,359,406
447,359,405
448,359,405
449,360,405
450,360,404
451,360,404
452,360,403
453,361,403
454,361,403
455,361,402
456,361,402
457,362,401
458,362,401
459,362,400
460,362,400
461,362,399
462,363,399
463,363,398
464,363,398
465,363,397
466,364,396
467,364,396
468,364,395
469,364,395
470,365,394
471,366,394
472,366,393
473,367,392
474,368,392
475,369,391
476,370,390
477,371,390
478,372,389
479,373,387
480,375,386
481,377,385
482,381,381
1,49
365,469,469
364,465,469
363,461,468
362,456,467
361,452,466
360,448,465
359,443,464
358,439,463
357,435,462
356,431,461
355,431,460
354,431,459
353,431,458
352,430,457
351,430,456
350,430,455
349,430,454
348,430,453
347,429,452
346,429,451
345,429,450
344,429,450
343,429,449
342,428,448
341,428,447
340,428,446
339,428,445
338,427,444
337,427,443
336,427,442
335,427,442
334,427,441
333,426,440
332,426,439
331,426,438
330,426,437
329,425,437
328,425,436
327,425,435
326,425,434
325,424,433
324,424,432
323,424,431
322,423,431
321,424,430
320,424,429
319,424,428
318,424,427
317,425,427
0,0
1,94
287,106,108
288,106,109
289,105,110
290,105,111
291,105,112
292,104,112
293,104,112
294,104,112
295,104,113
296,103,113
297,103,113
298,103,113
299,102,113
300,102,113
301,102,113
302,102,113
303,101,112
304,101,112
305,101,112
306,100,112
307,100,112
308,100,112
309,100,112
310,99,112
311,99,112
312,99,111
313,99,111
314,98,111
315,98,111
316,98,111
317,97,111
318,97,110
319,97,110
320,96,110
321,96,110
322,96,110
323,96,110
324,95,109
325,95,109
326,95,109
327,95,109
328,94,109
329,94,108
330,94,108
331,93,108
332,93,108
333,93,108
334,92,107
335,92,107
336,92,107
337,92,107
338,91,107
339,91,107
340,91,106
341,90,106
342,90,106
343,90,106
344,90,106
345,89,106
346,89,106
347,89,105
348,89,105
349,89,105
350,89,105
351,88,105
352,88,105
353,88,104
354,88,104
355,88,104
356,88,104
357,88,104
358,88,104
359,88,103
360,87,103
361,88,103
362,88,103
363,88,103
364,88,103
365,88,103
366,88,102
367,88,102
368,89,102
369,89,102
370,89,102
371,89,102
372,90,101
373,90,101
374,90,101
375,91,101
376,92,101
377,92,100
378,93,100
379,94,100
380,96,99
0,0
1,94
291,146,147
292,145,149
293,145,150
294,145,151
295,144,152
296,144,153
297,144,154
298,144,154
299,144,155
300,144,155
301,143,155
302,143,155
303,143,155
304,143,156
305,143,156
306,143,155
307,142,155
308,142,155
309,142,155
310,142,155
311,142,155
312,141,154
313,141,154
314,141,154
315,141,154
316,141,154
317,141,153
318,140,153
319,140,153
320,140,153
321,140,153
322,140,153
323,139,152
324,139,152
325,139,152
326,139,152
327,138,152
328,138,152
329,138,151
330,138,151
331,138,151
332,137,151
333,137,151
334,137,151
335,137,151
336,136,150
337,136,150
338,136,150
339,136,150
340,135,150
341,135,150
342,135,150
343,135,150
344,134,149
345,134,149
346,134,149
347,134,149
348,133,149
349,133,149
350,133,149
351,133,149
352,132,148
353,132,148
354,132,148
355,132,148
356,132,148
357,131,148
358,131,148
359,131,148
360,131,148
361,131,148
362,131,147
363,131,147
364,131,147
365,131,147
366,131,147
367,132,147
368,132,147
369,132,147
370,132,147
371,133,147
372,133,147
373,134,146
374,134,146
375,135,146
376,135,146
377,136,146
378,137,146
379,137,146
380,138,145
381,139,145
382,140,145
383,142,143
383,142,142
0,0
1,96
188,190,191
189,189,192
190,189,193
191,188,193
192,188,194
193,188,194
194,188,195
195,188,195
196,187,196
197,187,196
198,187,197
199,187,197
200,187,197
201,187,198
202,187,198
203,187,198
204,186,198
205,186,199
206,186,199
207,186,199
208,186,199
209,186,199
210,186,199
211,186,200
212,185,199
213,185,199
214,185,199
215,185,199
216,185,199
217,185,199
218,184,199
219,184,199
220,184,199
221,184,198
222,184,198
223,183,198
224,183,198
225,183,198
226,183,197
227,182,197
228,182,197
229,182,197
230,182,197
231,181,196
232,181,196
233,181,196
234,181,196
235,180,196
236,180,195
237,180,195
238,180,195
239,179,195
240,179,194
241,179,194
242,178,194
243,178,194
244,178,194
245,178,193
246,177,193
247,177,193
248,177,193
249,176,193
250,176,192
251,176,192
252,175,192
253,175,192
254,175,192
255,174,191
256,174,191
257,174,191
258,174,191
259,174,191
260,173,190
261,173,190
262,173,190
263,173,190
264,173,190
265,173,189
266,173,189
267,173,189
268,174,189
269,174,188
270,174,188
271,174,188
272,174,188
273,175,187
274,175,187
275,175,187
276,176,187
277,176,186
278,176,186
279,177,186
280,177,186
281,178,185
282,179,184
283,181,183
0,0
0,98
133,219,221
134,216,226
135,214,229
136,213,232
137,213,234
138,213,236
139,213,238
140,213,239
141,213,241
142,214,243
143,215,244
144,215,245
145,216,246
146,216,247
147,217,247
148,217,248
149,218,248
150,218,247
151,218,247
152,219,247
153,219,246
154,219,246
155,219,246
156,220,246
157,220,245
158,220,245
159,220,245
160,221,245
161,221,245
162,221,245
163,221,244
164,221,244
165,221,244
166,221,244
167,222,244
168,222,244
169,222,244
170,222,244
171,222,243
172,222,243
173,222,243
174,222,243
175,222,243
176,222,243
177,223,243
178,223,243
179,223,243
180,223,243
181,223,243
182,223,242
183,223,242
184,223,242
185,223,242
186,223,242
187,223,242
188,223,242
189,223,242
190,223,242
191,223,241
192,223,241
193,223,241
194,224,241
195,224,241
196,224,241
197,224,241
198,224,241
199,224,241
200,224,241
201,224,241
202,224,240
203,224,240
204,224,240
205,224,240
206,224,240
207,224,240
208,224,240
209,224,240
210,224,240
211,224,240
212,224,240
213,224,239
214,224,239
215,224,239
216,224,239
217,224,239
218,224,239
219,224,239
220,224,239
221,224,239
222,224,239
223,224,238
224,224,238
225,224,238
226,224,238
227,224,236
228,224,233
229,224,229
230,224,226
0,0
1,186
145,238,241
146,238,242
147,238,243
148,237,244
149,237,245
150,237,245
151,237,246
152,237,247
153,237,247
154,236,248
155,236,248
156,236,248
157,236,249
158,236,249
159,236,249
160,236,249
161,235,249
162,235,249
163,235,250
164,235,250
165,235,250
166,235,249
167,235,249
168,234,249
169,234,249
170,234,249
171,234,249
172,234,248
173,234,248
174,233,248
175,233,248
176,233,247
177,233,247
178,233,247
179,233,246
180,233,246
181,232,246
182,232,246
183,232,245
184,232,245
185,232,245
186,232,245
187,232,245
188,231,244
189,231,244
190,231,244
191,231,244
192,231,243
193,231,243
194,231,243
195,230,243
196,230,242
197,230,242
198,230,242
199,230,242
200,230,242
201,229,241
202,229,241
203,229,241
204,229,241
205,229,241
206,229,240
207,228,240
208,228,240
209,228,240
210,228,240
211,228,240
212,228,239
213,228,239
214,227,239
215,227,239
216,227,239
217,227,239
218,227,238
219,227,238
220,227,238
221,226,238
222,226,238
223,226,238
224,226,238
225,226,237
226,226,237
227,225,237
228,225,237
229,225,237
230,225,237
231,225,237
232,225,236
233,224,236
234,224,236
235,224,236
236,224,236
237,224,236
238,224,236
239,223,236
240,223,235
241,223,235
242,223,235
243,223,235
244,223,235
245,222,235
246,222,235
247,222,235
248,222,235
249,222,235
250,222,234
251,221,234
252,221,234
253,221,234
254,221,234
255,221,234
256,221,234
257,220,234
258,220,234
259,220,234
260,220,234
261,220,234
262,219,234
263,219,234
264,219,234
265,219,234
266,219,233
267,219,233
268,218,233
269,218,233
270,218,233
271,218,233
272,218,233
273,217,233
274,217,233
275,217,233
276,217,233
277,217,233
278,216,233
279,216,233
280,216,233
281,216,233
282,216,233
283,215,233
284,215,233
285,215,233
286,215,233
287,214,233
288,214,233
289,214,233
290,214,233
291,214,233
292,213,233
293,213,233
294,213,233
295,213,233
296,213,233
297,212,233
298,212,233
299,212,233
300,212,233
301,212,233
302,212,233
303,211,233
304,212,233
305,212,232
306,212,232
307,213,232
308,213,232
309,213,232
310,213,232
311,214,232
312,214,232
313,214,232
314,215,232
315,215,232
316,216,232
317,216,232
318,217,232
319,217,232
320,218,232
321,219,232
322,219,232
323,220,232
324,221,232
325,221,232
326,222,232
327,223,231
328,224,231
329,225,230
330,227,229
0,0
0,72
238,210,210
239,207,218
240,207,222
241,206,225
242,206,227
243,206,229
244,206,230
245,206,231
246,206,232
247,206,232
248,206,232
249,206,231
250,206,231
251,206,230
252,206,229
253,205,228
254,205,227
255,205,226
256,205,224
257,204,223
258,204,223
259,203,222
260,203,221
261,202,220
262,202,219
263,201,218
264,200,217
265,200,216
266,199,215
267,198,214
268,197,213
269,196,212
270,196,212
271,195,211
272,194,210
273,193,209
274,192,208
275,190,208
276,189,207
277,188,206
278,186,206
279,184,205
280,183,204
281,180,204
282,178,203
283,176,202
284,174,201
285,172,201
286,171,200
287,170,199
288,169,199
289,169,198
290,169,197
291,169,197
292,169,196
293,169,195
294,169,195
295,169,194
296,170,193
297,170,192
298,170,192
299,171,191
300,171,190
301,172,190
302,172,189
303,173,188
304,173,188
305,174,187
306,175,186
307,176,185
308,177,185
309,181,182
1,104
185,307,308
186,306,307
187,305,307
188,303,306
189,302,305
190,300,305
191,299,304
192,297,304
193,296,303
194,294,303
195,293,302
196,292,302
197,290,301
198,289,301
199,287,300
200,286,300
201,284,299
202,283,299
203,282,299
204,280,298
205,278,298
206,278,297
207,278,297
208,278,296
209,278,296
210,278,296
211,278,295
212,278,295
213,278,295
214,278,294
215,278,294
216,278,293
217,278,293
218,278,293
219,278,292
220,277,292
221,277,292
222,277,291
223,277,291
224,277,291
225,277,290
226,277,290
227,276,290
228,276,289
229,276,289
230,276,289
231,276,288
232,276,288
233,276,288
234,275,287
235,275,287
236,275,287
237,275,287
238,275,286
239,275,286
240,274,286
241,274,285
242,274,285
243,274,285
244,274,285
245,274,284
246,274,284
247,273,284
248,273,283
249,273,283
250,273,283
251,273,283
252,273,282
253,273,282
254,272,282
255,272,282
256,272,281
257,272,281
258,272,281
259,272,281
260,272,280
261,271,280
262,271,280
263,271,279
264,271,279
265,271,279
266,271,279
267,271,278
268,270,278
269,270,278
270,270,278
271,270,277
272,270,277
273,270,277
274,270,276
275,269,276
276,269,276
277,269,276
278,269,275
279,269,275
280,269,275
281,269,274
282,269,274
283,268,273
284,269,273
285,269,272
286,269,272
287,269,271
288,270,270
0,0
0,43
247,271,271
248,269,273
249,268,275
250,268,277
251,268,278
252,268,280
253,268,281
254,268,283
255,268,284
256,269,286
257,269,287
258,270,288
259,270,290
260,271,291
261,272,292
262,272,293
263,273,295
264,274,295
265,274,296
266,275,297
267,276,298
268,276,299
269,277,299
270,278,300
271,278,300
272,279,300
273,279,300
274,280,301
275,281,301
276,281,300
277,282,300
278,282,300
279,283,300
280,284,300
281,284,300
282,285,300
283,285,300
284,286,299
285,287,299
286,287,298
287,288,298
288,290,297
289,292,294
0,0
0,74
322,155,157
323,152,163
324,151,167
325,151,171
326,151,173
327,152,175
328,152,176
329,152,177
330,153,178
331,153,178
332,154,179
333,154,179
334,154,179
335,155,179
336,155,179
337,156,179
338,156,179
339,157,179
340,157,179
341,157,179
342,158,179
343,158,179
344,158,179
345,159,179
346,159,180
347,160,180
348,160,180
349,160,180
350,160,180
351,161,180
352,161,180
353,161,180
354,162,180
355,162,180
356,162,180
357,162,180
358,163,180
359,163,181
360,163,181
361,163,181
362,163,181
363,164,181
364,164,181
365,164,181
366,164,181
367,164,181
368,164,181
369,165,181
370,165,182
371,165,182
372,165,182
373,165,182
374,166,182
375,166,182
376,166,182
377,166,182
378,166,182
379,167,182
380,167,182
381,167,182
382,168,182
383,168,182
384,168,182
385,169,182
386,169,182
387,170,182
388,170,182
389,171,182
390,172,181
391,173,181
392,173,181
393,174,180
394,176,180
395,178,178
0,0
1,127
157,329,331
158,328,332
159,328,333
160,328,334
161,327,335
162,327,335
163,327,336
164,327,336
165,327,337
166,327,337
167,327,338
168,327,338
169,327,338
170,326,338
171,326,339
172,326,339
173,326,339
174,326,339
175,326,339
176,326,339
177,326,339
178,326,339
179,326,339
180,326,338
181,325,338
182,325,338
183,325,338
184,325,338
185,325,338
186,325,337
187,325,337
188,325,337
189,324,337
190,324,336
191,324,336
192,324,336
193,324,336
194,324,336
195,324,335
196,324,335
197,323,335
198,323,335
199,323,335
200,323,335
201,323,334
202,323,334
203,323,334
204,322,334
205,322,334
206,322,333
207,322,333
208,322,333
209,322,333
210,321,333
211,321,333
212,321,332
213,321,332
214,321,332
215,321,332
216,320,332
217,320,331
218,320,331
219,320,331
220,320,331
221,319,331
222,319,331
223,319,330
224,319,330
225,319,330
226,318,330
227,318,330
228,318,330
229,318,329
230,318,329
231,317,329
232,317,329
233,317,329
234,317,328
235,316,328
236,316,328
237,316,328
238,316,328
239,315,327
240,315,327
241,315,327
242,315,327
243,314,327
244,314,326
245,314,326
246,314,326
247,313,326
248,313,326
249,313,325
250,313,325
251,312,325
252,312,325
253,312,325
254,311,325
255,311,324
256,311,324
257,310,324
258,310,324
259,310,324
260,310,323
261,309,323
262,309,323
263,309,323
264,308,323
265,308,323
266,308,323
267,307,323
268,307,323
269,307,323
270,306,323
271,306,323
272,305,323
273,305,323
274,305,323
275,304,323
276,304,323
277,304,323
278,303,323
279,307,323
280,312,324
281,318,324
282,323,325
282,324,325
0,82
302,283,286
303,278,291
304,278,294
305,278,297
306,278,299
307,279,301
308,279,303
309,279,305
310,279,306
311,279,308
312,279,310
313,280,311
314,280,313
315,280,314
316,280,315
317,280,317
318,281,318
319,281,319
320,281,319
321,281,320
322,281,320
323,281,320
324,282,320
325,282,320
326,283,320
327,283,320
328,283,319
329,284,318
330,284,318
331,284,317
332,284,315
333,284,314
334,284,313
335,284,312
336,284,311
337,284,311
338,284,310
339,284,309
340,283,308
341,283,308
342,283,307
343,283,306
344,283,306
345,283,305
346,283,304
347,282,304
348,282,303
349,282,303
350,282,302
351,282,302
352,281,301
353,281,301
354,281,301
355,281,300
356,281,300
357,280,300
358,280,299
359,280,299
360,280,298
361,279,298
362,279,298
363,279,297
364,279,297
365,279,297
366,278,296
367,278,296
368,278,296
369,278,295
370,277,295
371,277,295
372,277,294
373,276,294
374,276,294
375,276,293
376,275,293
377,275,293
378,275,292
379,275,292
380,274,292
381,274,291
382,274,291
383,273,283
0,0
0,60
330,200,204
331,198,208
332,197,210
333,197,212
334,197,214
335,198,215
336,198,217
337,199,218
338,199,219
339,200,219
340,200,220
341,201,220
342,201,220
343,202,220
344,202,221
345,203,221
346,203,221
347,204,220
348,204,220
349,204,220
350,205,220
351,205,220
352,205,220
353,205,220
354,206,220
355,206,220
356,206,220
357,206,221
358,206,221
359,207,221
360,207,221
361,207,221
362,207,221
363,207,221
364,208,221
365,208,221
366,208,221
367,208,221
368,208,221
369,209,221
370,209,221
371,209,221
372,209,221
373,209,221
374,210,221
375,210,222
376,210,222
377,210,222
378,210,222
379,210,222
380,211,222
381,211,222
382,211,222
383,211,222
384,211,222
385,212,222
386,212,222
387,212,223
388,212,218
389,212,212
0,0
0,65
322,244,246
323,241,252
324,240,254
325,239,257
326,239,259
327,239,260
328,240,262
329,241,263
330,241,264
331,242,264
332,242,264
333,242,264
334,243,264
335,243,263
336,243,263
337,243,262
338,243,262
339,244,262
340,244,261
341,244,261
342,244,261
343,244,260
344,244,260
345,244,260
346,244,259
347,244,259
348,244,259
349,244,259
350,244,258
351,244,258
352,244,258
353,244,258
354,244,257
355,244,257
356,244,257
357,244,257
358,243,256
359,243,256
360,243,256
361,243,256
362,243,255
363,243,255
364,243,255
365,243,255
366,243,254
367,243,254
368,243,254
369,243,253
370,242,253
371,242,253
372,242,253
373,242,252
374,242,252
375,242,252
376,242,251
377,242,251
378,242,250
379,242,250
380,242,249
381,242,249
382,242,248
383,242,248
384,242,247
385,243,246
386,244,244
0,0
1,246
117,393,393
118,391,395
119,391,396
120,391,397
121,390,398
122,390,399
123,390,400
124,390,401
125,390,401
126,390,402
127,390,403
128,390,403
129,390,404
130,389,404
131,389,404
132,389,405
133,389,405
134,389,405
135,389,405
136,389,406
137,389,406
138,389,406
139,389,406
140,388,406
141,388,407
142,388,406
143,388,406
144,388,406
145,388,406
146,388,406
147,388,406
148,388,406
149,388,406
150,387,405
151,387,405
152,387,405
153,387,405
154,387,404
155,387,404
156,387,404
157,387,404
158,387,403
159,387,403
160,386,403
161,386,403
162,386,403
163,386,402
164,386,402
165,386,402
166,386,402
167,386,402
168,386,401
169,386,401
170,385,401
171,385,401
172,385,401
173,385,400
174,385,400
175,385,400
176,385,400
177,385,400
178,385,400
179,385,399
180,384,399
181,384,399
182,384,399
183,384,399
184,384,398
185,384,398
186,384,398
187,384,398
188,384,398
189,383,398
190,383,398
191,383,397
192,383,397
193,383,397
194,383,397
195,383,397
196,383,397
197,383,396
198,382,396
199,382,396
200,382,396
201,382,396
202,382,396
203,382,396
204,382,396
205,382,395
206,382,395
207,381,395
208,381,395
209,381,395
210,381,395
211,381,395
212,381,394
213,381,394
214,381,394
215,381,394
216,380,394
217,380,394
218,380,394
219,380,394
220,380,394
221,380,394
222,380,393
223,380,393
224,380,393
225,379,393
226,379,393
227,379,393
228,379,393
229,379,393
230,379,393
231,379,393
232,379,392
233,379,392
234,378,392
235,378,392
236,378,392
237,378,392
238,378,392
239,378,392
240,378,392
241,378,392
242,377,392
243,377,392
244,377,391
245,377,391
246,377,391
247,377,391
248,377,391
249,377,391
250,376,391
251,376,391
252,376,391
253,376,391
254,376,391
255,376,391
256,376,391
257,376,391
258,375,391
259,375,391
260,375,391
261,375,391
262,375,391
263,375,391
264,375,391
265,375,391
266,374,391
267,374,391
268,374,391
269,374,391
270,374,391
271,374,391
272,374,391
273,373,391
274,373,391
275,373,391
276,373,391
277,373,391
278,373,391
279,373,391
280,373,391
281,372,391
282,372,391
283,372,391
284,372,391
285,372,391
286,372,391
287,371,391
288,371,391
289,371,391
290,371,391
291,371,391
292,371,391
293,371,391
294,370,391
295,370,391
296,370,391
297,370,391
298,370,391
299,370,391
300,370,391
301,369,391
302,369,391
303,369,391
304,369,391
305,369,391
306,368,391
307,368,391
308,368,391
309,368,391
310,368,391
311,368,391
312,367,391
313,367,391
314,367,391
315,367,391
316,367,391
317,367,391
318,366,391
319,366,391
320,366,391
321,366,391
322,366,391
323,366,391
324,366,391
325,365,391
326,366,391
327,366,391
328,366,391
329,366,391
330,366,391
331,366,391
332,366,391
333,367,391
334,367,391
335,367,391
336,367,391
337,367,391
338,368,392
339,368,392
340,369,392
341,369,392
342,370,392
343,370,392
344,371,392
345,371,392
346,372,392
347,372,392
348,373,392
349,374,392
350,374,392
351,375,392
352,376,392
353,377,392
354,377,391
355,378,391
356,379,391
357,380,391
358,381,391
359,382,390
360,383,389
361,385,388
361,385,387
0,0
