1,83
76,106,107
77,105,109
78,105,110
79,104,112
80,104,113
81,104,114
82,104,114
83,104,115
84,104,116
85,104,116
86,104,117
87,103,117
88,103,117
89,103,118
90,103,118
91,103,118
92,103,118
93,103,118
94,102,118
95,102,117
96,102,117
97,102,117
98,102,117
99,102,117
100,101,117
101,101,116
102,101,116
103,101,116
104,101,116
105,100,116
106,100,115
107,100,115
108,100,115
109,99,115
110,99,114
111,99,114
112,98,114
113,98,114
114,98,113
115,98,113
116,97,113
117,97,112
118,97,112
119,96,112
120,96,112
121,96,111
122,95,111
123,95,111
124,94,110
125,94,110
126,93,109
127,93,109
128,93,109
129,92,108
130,92,108
131,91,107
132,90,107
133,90,106
134,89,106
135,89,105
136,88,105
137,88,104
138,87,104
139,87,103
140,86,103
141,85,102
142,85,102
143,84,102
144,83,101
145,82,101
146,82,101
147,81,100
148,80,100
149,80,100
150,79,100
151,78,100
152,77,100
153,76,100
154,76,101
155,75,101
156,74,103
157,73,94
157,73,73
0,93
71,162,169
72,159,173
73,157,176
74,157,179
75,157,181
76,157,183
77,157,185
78,157,187
79,157,189
80,157,190
81,157,192
82,157,193
83,157,194
84,157,195
85,157,196
86,157,198
87,157,198
88,157,199
89,157,200
90,157,200
91,157,201
92,157,201
93,157,201
94,157,201
95,157,201
96,157,201
97,157,201
98,157,200
99,156,199
100,156,198
101,156,197
102,156,196
103,157,194
104,157,193
105,157,192
106,157,191
107,158,190
108,157,189
109,157,188
110,157,187
111,157,186
112,157,185
113,156,185
114,156,184
115,156,183
116,156,182
117,155,181
118,155,181
119,155,180
120,154,179
121,154,179
122,153,178
123,153,177
124,153,177
125,152,176
126,152,175
127,152,175
128,151,174
129,151,173
130,151,173
131,150,172
132,150,172
133,150,171
134,150,170
135,149,170
136,149,169
137,149,169
138,148,168
139,148,168
140,148,167
141,147,166
142,147,166
143,147,165
144,146,165
145,146,164
146,146,164
147,146,164
148,145,163
149,145,163
150,145,162
151,144,162
152,144,161
153,144,161
154,145,161
155,147,160
156,148,160
157,150,160
158,151,160
159,153,159
160,155,159
161,156,159
162,158,159
163,159,160
0,111
153,144,144
154,144,145
155,143,147
156,143,149
157,142,150
158,142,152
159,142,153
160,141,155
161,141,156
162,141,158
163,141,160
164,141,160
165,141,160
166,141,161
167,142,161
168,142,162
169,142,163
170,143,163
171,143,164
172,144,165
173,144,165
174,145,166
175,146,167
176,146,168
177,147,169
178,148,170
179,148,170
180,149,171
181,149,172
182,150,173
183,151,174
184,151,175
185,152,175
186,152,176
187,153,177
188,153,177
189,154,178
190,155,179
191,155,179
192,156,180
193,156,181
194,157,181
195,157,182
196,158,182
197,158,183
198,159,183
199,159,184
200,160,184
201,160,185
202,161,185
203,161,186
204,162,186
205,162,187
206,162,187
207,163,188
208,163,188
209,163,188
210,164,189
211,164,189
212,164,189
213,164,190
214,164,190
215,165,190
216,165,191
217,165,191
218,165,192
219,164,192
220,164,192
221,163,192
222,163,193
223,163,193
224,163,193
225,164,193
226,164,194
227,164,194
228,164,194
229,165,194
230,165,194
231,165,194
232,165,195
233,165,195
234,166,195
235,166,195
236,166,195
237,166,195
238,167,195
239,167,195
240,167,195
241,167,195
242,167,194
243,168,194
244,168,194
245,168,194
246,168,193
247,169,193
248,169,193
249,169,192
250,169,192
251,169,191
252,170,191
253,170,190
254,170,190
255,170,189
256,171,188
257,171,188
258,171,187
259,171,186
260,172,185
261,173,183
262,176,181
263,178,178
1,49
171,255,259
170,251,258
169,246,257
168,242,257
167,237,256
166,233,255
165,228,254
164,224,253
163,222,253
162,223,252
161,224,251
160,224,250
159,225,250
158,225,249
157,225,248
156,225,247
155,225,246
154,225,246
153,225,245
152,225,244
151,225,244
150,225,243
149,225,242
148,225,242
147,224,241
146,224,240
145,224,239
144,224,239
143,224,238
142,224,237
141,224,237
140,224,236
139,224,235
138,224,235
137,224,234
136,224,233
135,223,233
134,223,232
133,223,231
132,223,231
131,223,230
130,223,229
129,223,229
128,223,228
127,223,228
126,223,227
125,224,226
124,224,226
124,224,225
0,0
0,340
91,78,78
92,75,81
93,72,85
94,70,87
95,70,89
96,69,91
97,69,93
98,69,95
99,69,97
100,69,99
101,70,100
102,70,102
103,71,103
104,71,104
105,71,106
106,72,107
107,72,107
108,72,108
109,73,109
110,73,109
111,74,110
112,74,110
113,74,110
114,75,110
115,75,111
116,76,111
117,76,111
118,77,111
119,77,111
120,78,111
121,78,111
122,79,111
123,79,110
124,79,110
125,80,110
126,80,110
127,80,110
128,80,110
129,81,110
130,81,110
131,81,110
132,81,110
133,82,110
134,82,109
135,82,109
136,82,109
137,82,109
138,83,109
139,83,109
140,83,109
141,83,109
142,83,109
143,83,109
144,83,109
145,84,109
146,84,109
147,84,109
148,84,109
149,84,109
150,84,109
151,84,109
152,84,109
153,84,109
154,85,109
155,85,109
156,85,109
157,85,109
158,85,109
159,85,109
160,85,109
161,85,109
162,85,109
163,85,109
164,85,109
165,85,109
166,85,109
167,86,109
168,86,109
169,86,109
170,86,109
171,86,109
172,86,109
173,86,109
174,86,109
175,86,109
176,86,109
177,86,109
178,86,109
179,86,109
180,86,109
181,86,109
182,86,109
183,86,109
184,86,109
185,86,109
186,87,109
187,87,109
188,87,109
189,87,109
190,87,109
191,87,109
192,87,109
193,87,109
194,87,109
195,87,109
196,87,109
197,87,109
198,87,109
199,87,109
200,87,109
201,87,109
202,87,109
203,87,109
204,87,109
205,87,109
206,87,109
207,87,109
208,87,109
209,87,109
210,87,109
211,87,109
212,87,109
213,87,109
214,87,109
215,87,109
216,87,109
217,87,109
218,87,109
219,87,109
220,87,109
221,87,109
222,87,109
223,87,109
224,87,109
225,87,109
226,87,109
227,87,109
228,87,109
229,87,109
230,87,109
231,87,109
232,87,109
233,87,109
234,87,109
235,87,109
236,87,109
237,87,109
238,87,109
239,87,109
240,87,109
241,87,109
242,87,109
243,87,109
244,87,109
245,87,109
246,87,109
247,87,109
248,87,109
249,87,109
250,87,109
251,87,109
252,87,109
253,87,109
254,87,109
255,87,109
256,87,109
257,87,109
258,87,109
259,87,109
260,87,109
261,87,109
262,87,109
263,87,109
264,87,109
265,87,109
266,87,109
267,87,109
268,87,109
269,87,109
270,87,109
271,87,109
272,87,109
273,87,109
274,86,109
275,86,109
276,86,109
277,86,109
278,86,109
279,86,109
280,86,109
281,86,109
282,86,109
283,86,109
284,86,109
285,86,109
286,86,109
287,86,109
288,86,109
289,86,109
290,86,109
291,86,109
292,86,109
293,86,109
294,86,109
295,86,109
296,85,109
297,85,109
298,85,109
299,85,109
300,85,109
301,85,109
302,85,109
303,85,109
304,85,109
305,85,109
306,85,109
307,85,109
308,85,109
309,84,109
310,84,109
311,84,109
312,84,109
313,84,109
314,84,109
315,84,109
316,84,109
317,84,109
318,84,109
319,84,109
320,83,109
321,83,109
322,83,109
323,83,109
324,83,109
325,83,109
326,83,109
327,83,109
328,83,109
329,82,109
330,82,109
331,82,109
332,82,109
333,82,109
334,82,109
335,82,109
336,81,109
337,81,109
338,81,109
339,81,109
340,81,109
341,81,109
342,81,109
343,80,109
344,80,109
345,80,109
346,80,109
347,80,109
348,80,109
349,79,109
350,79,109
351,79,109
352,79,109
353,79,109
354,79,109
355,78,109
356,78,109
357,78,109
358,78,109
359,78,109
360,77,109
361,77,109
362,77,109
363,77,108
364,76,108
365,76,108
366,76,108
367,76,108
368,76,108
369,75,108
370,75,108
371,75,108
372,75,108
373,75,108
374,74,108
375,74,108
376,74,108
377,74,108
378,74,108
379,73,108
380,73,108
381,73,108
382,73,108
383,73,108
384,73,108
385,73,108
386,73,108
387,73,108
388,73,108
389,73,108
390,73,108
391,73,108
392,73,108
393,73,108
394,73,107
395,73,107
396,73,107
397,73,107
398,74,107
399,74,107
400,74,107
401,74,107
402,75,107
403,75,107
404,75,107
405,75,107
406,76,107
407,76,106
408,77,106
409,77,106
410,77,106
411,78,106
412,78,106
413,79,106
414,79,106
415,80,106
416,80,105
417,81,105
418,81,105
419,82,104
420,82,104
421,83,104
422,84,103
423,84,103
424,85,102
425,86,101
426,87,101
427,87,100
428,88,99
429,90,97
430,92,95
0,0
0,85
63,243,244
64,237,253
65,235,259
66,235,262
67,235,265
68,235,266
69,235,267
70,235,268
71,235,268
72,236,269
73,237,269
74,237,269
75,238,269
76,239,269
77,239,270
78,240,270
79,241,270
80,241,270
81,242,270
82,242,270
83,243,271
84,243,271
85,244,271
86,244,271
87,245,271
88,246,272
89,246,272
90,247,272
91,247,272
92,248,272
93,248,273
94,249,273
95,249,273
96,249,273
97,250,274
98,250,274
99,251,274
100,251,274
101,252,274
102,252,275
103,252,275
104,253,275
105,253,275
106,254,276
107,254,276
108,254,276
109,255,276
110,255,277
111,255,277
112,256,277
113,256,277
114,256,277
115,257,278
116,257,278
117,257,278
118,258,278
119,258,279
120,258,279
121,259,279
122,259,279
123,259,279
124,260,279
125,260,280
126,260,280
127,261,280
128,261,280
129,262,280
130,262,280
131,262,281
132,263,281
133,263,281
134,264,281
135,264,281
136,265,281
137,266,281
138,266,281
139,267,281
140,268,281
141,268,281
142,270,281
143,271,281
144,272,280
145,273,280
146,274,280
147,276,278
0,0
1,122
243,68,72
244,68,73
245,68,74
246,67,74
247,67,75
248,67,76
249,67,76
250,67,77
251,66,77
252,66,78
253,66,78
254,66,78
255,66,78
256,66,79
257,66,79
258,66,79
259,66,79
260,66,79
261,65,79
262,65,79
263,65,80
264,65,79
265,65,79
266,65,79
267,65,79
268,65,79
269,65,78
270,64,78
271,64,78
272,64,78
273,64,78
274,64,77
275,64,77
276,64,77
277,64,77
278,63,76
279,63,76
280,63,76
281,63,76
282,63,76
283,63,75
284,62,75
285,62,75
286,62,75
287,62,75
288,62,75
289,62,74
290,62,74
291,61,74
292,61,74
293,61,74
294,61,73
295,61,73
296,60,73
297,60,73
298,60,73
299,60,73
300,60,72
301,60,72
302,59,72
303,59,72
304,59,72
305,59,71
306,59,71
307,58,71
308,58,71
309,58,71
310,58,71
311,57,70
312,57,70
313,57,70
314,57,70
315,56,70
316,56,69
317,56,69
318,56,69
319,56,69
320,55,69
321,55,69
322,55,68
323,54,68
324,54,68
325,54,68
326,54,68
327,53,67
328,53,67
329,53,67
330,53,67
331,52,67
332,52,66
333,52,66
334,51,66
335,51,66
336,51,66
337,51,66
338,50,65
339,50,65
340,50,65
341,49,65
342,49,65
343,49,64
344,48,64
345,48,64
346,48,64
347,47,64
348,47,64
349,46,64
350,46,64
351,46,64
352,45,64
353,45,64
354,45,64
355,44,64
356,44,64
357,44,64
358,43,64
359,43,64
360,48,64
361,53,64
362,58,65
363,64,66
363,65,66
0,74
42,362,366
43,358,373
44,359,376
45,359,378
46,359,381
47,359,383
48,359,384
49,360,386
50,360,388
51,360,390
52,360,391
53,360,393
54,361,395
55,361,396
56,361,397
57,361,399
58,361,400
59,361,401
60,362,403
61,362,403
62,362,405
63,362,405
64,362,406
65,363,407
66,363,407
67,364,408
68,364,408
69,364,408
70,364,408
71,364,408
72,364,408
73,364,407
74,364,407
75,364,406
76,364,406
77,364,405
78,363,404
79,363,402
80,363,401
81,363,399
82,363,398
83,363,397
84,362,396
85,362,395
86,362,394
87,362,393
88,361,392
89,361,391
90,361,391
91,361,390
92,360,389
93,360,389
94,360,388
95,359,387
96,359,387
97,359,386
98,358,386
99,358,385
100,358,385
101,357,384
102,357,383
103,357,383
104,356,382
105,356,382
106,356,381
107,355,381
108,355,380
109,355,380
110,354,379
111,354,379
112,353,378
113,353,378
114,353,377
115,352,352
0,0
1,116
270,126,128
271,125,130
272,125,131
273,124,132
274,124,133
275,124,134
276,124,134
277,124,135
278,123,135
279,123,136
280,123,136
281,123,136
282,123,136
283,123,136
284,123,137
285,122,137
286,122,136
287,122,136
288,122,136
289,122,136
290,122,136
291,122,136
292,121,135
293,121,135
294,121,135
295,121,135
296,121,135
297,120,134
298,120,134
299,120,134
300,120,134
301,120,134
302,120,133
303,119,133
304,119,133
305,119,133
306,119,133
307,119,132
308,118,132
309,118,132
310,118,132
311,118,132
312,118,132
313,117,131
314,117,131
315,117,131
316,117,131
317,117,131
318,116,131
319,116,130
320,116,130
321,116,130
322,116,130
323,115,130
324,115,130
325,115,130
326,115,130
327,114,129
328,114,129
329,114,129
330,114,129
331,114,129
332,113,129
333,113,129
334,113,128
335,113,128
336,112,128
337,112,128
338,112,128
339,112,128
340,111,128
341,111,128
342,111,127
343,111,127
344,110,127
345,110,127
346,110,127
347,110,127
348,109,127
349,109,127
350,109,127
351,109,126
352,108,126
353,108,126
354,108,126
355,108,126
356,108,126
357,107,126
358,107,126
359,107,126
360,107,126
361,107,125
362,107,125
363,107,125
364,107,125
365,107,125
366,107,125
367,108,125
368,108,125
369,108,125
370,108,124
371,109,124
372,109,124
373,109,124
374,110,124
375,111,124
376,111,124
377,112,124
378,112,124
379,113,124
380,114,124
381,115,123
382,116,123
383,116,123
384,118,122
385,119,120
0,0
0,182
163,233,236
164,230,240
165,228,242
166,228,244
167,228,246
168,228,248
169,228,250
170,228,251
171,229,253
172,229,254
173,229,255
174,230,256
175,230,257
176,231,258
177,231,258
178,231,259
179,232,259
180,233,259
181,233,259
182,233,259
183,233,259
184,234,259
185,234,259
186,234,259
187,234,259
188,235,259
189,235,259
190,235,259
191,235,259
192,235,259
193,235,259
194,235,259
195,236,258
196,236,258
197,236,258
198,236,258
199,236,258
200,236,258
201,236,258
202,236,258
203,236,258
204,236,258
205,237,258
206,237,258
207,237,258
208,237,258
209,237,258
210,237,258
211,237,258
212,237,258
213,237,258
214,237,258
215,237,258
216,237,258
217,237,258
218,237,258
219,237,258
220,237,258
221,237,258
222,237,258
223,237,258
224,237,258
225,237,258
226,237,258
227,237,258
228,237,258
229,237,258
230,237,258
231,237,258
232,237,258
233,237,258
234,237,258
235,237,258
236,237,258
237,237,258
238,237,258
239,237,258
240,237,258
241,237,258
242,237,258
243,237,258
244,237,258
245,237,258
246,237,258
247,237,258
248,237,258
249,237,258
250,237,258
251,237,258
252,237,258
253,237,258
254,237,258
255,237,258
256,237,258
257,237,258
258,237,258
259,237,258
260,237,258
261,237,258
262,237,258
263,237,258
264,237,258
265,237,258
266,237,258
267,237,258
268,237,258
269,236,258
270,236,258
271,236,258
272,236,258
273,236,258
274,236,258
275,236,258
276,236,258
277,236,258
278,236,258
279,236,258
280,235,258
281,235,258
282,235,258
283,235,258
284,235,258
285,235,258
286,235,258
287,234,258
288,234,258
289,234,258
290,234,258
291,234,257
292,234,257
293,233,257
294,233,257
295,233,257
296,233,257
297,233,257
298,233,257
299,232,257
300,232,257
301,232,257
302,232,257
303,231,257
304,231,257
305,231,257
306,231,257
307,231,257
308,231,257
309,231,257
310,231,257
311,231,257
312,231,257
313,231,257
314,231,257
315,231,257
316,231,257
317,231,257
318,231,257
319,231,257
320,231,257
321,231,257
322,232,257
323,232,257
324,232,256
325,233,256
326,233,256
327,233,256
328,234,256
329,234,256
330,235,256
331,235,256
332,235,256
333,236,255
334,236,255
335,237,255
336,238,254
337,238,254
338,239,254
339,240,253
340,240,252
341,241,252
342,242,251
343,243,250
344,246,247
0,0
1,133
235,176,179
236,176,180
237,175,181
238,175,182
239,175,182
240,175,183
241,175,183
242,175,184
243,175,185
244,175,185
245,175,185
246,175,186
247,174,186
248,174,187
249,174,187
250,174,187
251,174,187
252,174,188
253,174,188
254,174,188
255,174,188
256,173,188
257,173,188
258,173,188
259,173,188
260,173,189
261,173,188
262,173,188
263,173,188
264,172,188
265,172,188
266,172,187
267,172,187
268,172,187
269,172,187
270,172,187
271,171,186
272,171,186
273,171,186
274,171,186
275,171,186
276,171,185
277,170,185
278,170,185
279,170,185
280,170,185
281,170,184
282,170,184
283,169,184
284,169,184
285,169,184
286,169,184
287,169,183
288,169,183
289,168,183
290,168,183
291,168,183
292,168,182
293,168,182
294,168,182
295,167,182
296,167,182
297,167,181
298,167,181
299,167,181
300,167,181
301,166,181
302,166,180
303,166,180
304,166,180
305,166,180
306,165,180
307,165,180
308,165,179
309,165,179
310,165,179
311,164,179
312,164,179
313,164,178
314,164,178
315,164,178
316,163,178
317,163,178
318,163,177
319,163,177
320,162,177
321,162,177
322,162,177
323,162,176
324,161,176
325,161,176
326,161,176
327,161,176
328,161,176
329,160,175
330,160,175
331,160,175
332,160,175
333,159,175
334,159,174
335,159,174
336,159,174
337,158,174
338,158,174
339,158,174
340,157,173
341,157,173
342,157,173
343,157,173
344,156,173
345,156,173
346,156,172
347,155,172
348,155,172
349,155,172
350,154,172
351,154,172
352,154,172
353,153,172
354,153,172
355,153,172
356,153,172
357,152,172
358,152,172
359,153,172
360,156,172
361,158,172
362,161,172
363,163,173
364,166,173
365,169,173
366,171,174
367,174,175
0,196
150,365,370
151,360,376
152,358,380
153,359,382
154,359,385
155,359,387
156,360,389
157,360,391
158,361,393
159,361,395
160,361,397
161,362,399
162,362,400
163,362,402
164,363,403
165,363,404
166,364,405
167,364,406
168,364,408
169,365,408
170,365,409
171,365,410
172,366,411
173,366,411
174,367,412
175,367,412
176,368,412
177,369,412
178,369,412
179,370,412
180,370,412
181,370,412
182,371,411
183,371,411
184,371,410
185,372,409
186,372,409
187,372,408
188,372,408
189,372,407
190,373,407
191,373,407
192,373,406
193,373,406
194,373,406
195,374,405
196,374,405
197,374,405
198,374,405
199,374,404
200,374,404
201,374,404
202,374,404
203,374,404
204,375,403
205,375,403
206,375,403
207,375,403
208,375,403
209,375,403
210,375,402
211,375,402
212,375,402
213,375,402
214,375,402
215,375,402
216,375,402
217,375,402
218,375,402
219,376,402
220,376,402
221,376,402
222,376,401
223,376,401
224,376,401
225,376,401
226,376,401
227,376,401
228,376,401
229,376,401
230,376,401
231,376,401
232,376,401
233,376,401
234,376,401
235,376,401
236,376,401
237,376,401
238,376,401
239,376,401
240,376,401
241,376,401
242,376,401
243,376,401
244,376,401
245,376,401
246,376,401
247,376,401
248,376,401
249,376,401
250,376,401
251,376,401
252,376,401
253,376,401
254,376,401
255,376,401
256,376,402
257,376,402
258,376,402
259,376,402
260,376,402
261,376,402
262,376,402
263,376,402
264,376,402
265,376,402
266,376,402
267,376,402
268,376,402
269,376,402
270,376,402
271,376,402
272,376,402
273,376,403
274,376,403
275,376,403
276,375,403
277,375,403
278,375,403
279,375,403
280,375,403
281,375,403
282,375,403
283,375,403
284,375,403
285,375,403
286,375,404
287,375,404
288,375,404
289,375,404
290,375,404
291,375,404
292,375,404
293,374,404
294,374,404
295,374,405
296,374,405
297,374,405
298,374,405
299,374,405
300,374,405
301,374,405
302,373,405
303,373,406
304,373,406
305,373,406
306,373,406
307,373,406
308,372,406
309,372,406
310,372,406
311,372,406
312,372,406
313,371,406
314,371,406
315,371,406
316,371,405
317,371,405
318,371,405
319,371,405
320,371,404
321,371,404
322,371,404
323,371,403
324,371,403
325,371,402
326,372,402
327,372,402
328,372,401
329,373,401
330,373,400
331,374,400
332,374,399
333,375,398
334,375,398
335,376,397
336,376,397
337,377,396
338,378,395
339,378,395
340,379,394
341,380,393
342,381,392
343,382,391
344,384,389
345,387,387
0,0
1,137
244,227,228
245,226,230
246,226,231
247,226,232
248,225,233
249,225,233
250,225,234
251,225,234
252,225,234
253,224,235
254,224,235
255,224,235
256,224,235
257,224,235
258,223,235
259,223,235
260,223,235
261,223,235
262,223,235
263,222,236
264,222,235
265,222,235
266,222,235
267,222,235
268,221,235
269,221,235
270,221,235
271,221,235
272,221,234
273,220,234
274,220,234
275,220,234
276,220,234
277,220,234
278,220,234
279,219,234
280,219,234
281,219,234
282,219,233
283,218,233
284,218,233
285,218,233
286,218,233
287,218,233
288,218,233
289,217,232
290,217,232
291,217,232
292,217,232
293,216,232
294,216,232
295,216,232
296,216,231
297,216,231
298,215,231
299,215,231
300,215,231
301,215,231
302,215,230
303,214,230
304,214,230
305,214,230
306,214,230
307,213,230
308,213,230
309,213,229
310,213,229
311,213,229
312,212,229
313,212,229
314,212,229
315,212,229
316,212,228
317,211,228
318,211,228
319,211,228
320,211,228
321,210,228
322,210,228
323,210,228
324,210,227
325,210,227
326,209,227
327,209,227
328,209,227
329,209,227
330,209,227
331,208,227
332,208,226
333,208,226
334,208,226
335,207,226
336,207,226
337,207,226
338,207,226
339,207,225
340,206,225
341,206,225
342,206,225
343,206,225
344,206,225
345,206,225
346,206,225
347,206,224
348,205,224
349,205,224
350,205,224
351,205,224
352,205,224
353,205,224
354,205,224
355,205,223
356,205,223
357,205,223
358,204,223
359,205,223
360,205,223
361,205,223
362,206,223
363,206,223
364,206,222
365,206,222
366,206,222
367,207,222
368,207,222
369,207,222
370,208,222
371,208,222
372,208,222
373,209,221
374,210,221
375,210,221
376,211,221
377,212,221
378,213,220
379,214,219
380,216,219
0,0
1,140
246,272,272
247,271,274
248,271,275
249,270,276
250,270,277
251,270,278
252,270,279
253,269,279
254,269,280
255,269,280
256,269,280
257,269,280
258,269,280
259,269,280
260,268,280
261,268,280
262,268,280
263,268,281
264,268,281
265,268,281
266,267,281
267,267,281
268,267,281
269,267,281
270,267,281
271,267,280
272,266,280
273,266,280
274,266,280
275,266,280
276,266,280
277,266,280
278,265,280
279,265,280
280,265,280
281,265,280
282,265,280
283,264,280
284,264,280
285,264,280
286,264,279
287,264,279
288,264,279
289,263,279
290,263,279
291,263,279
292,263,279
293,263,279
294,263,279
295,262,279
296,262,278
297,262,278
298,262,278
299,262,278
300,261,278
301,261,278
302,261,278
303,261,278
304,261,278
305,261,277
306,260,277
307,260,277
308,260,277
309,260,277
310,260,277
311,259,277
312,259,277
313,259,277
314,259,276
315,259,276
316,259,276
317,258,276
318,258,276
319,258,276
320,258,276
321,258,276
322,257,276
323,257,276
324,257,275
325,257,275
326,257,275
327,257,275
328,256,275
329,256,275
330,256,275
331,256,275
332,256,275
333,255,275
334,255,274
335,255,274
336,255,274
337,255,274
338,255,274
339,254,274
340,254,274
341,254,274
342,254,274
343,254,274
344,254,273
345,253,273
346,253,273
347,253,273
348,253,273
349,253,273
350,253,273
351,253,273
352,253,273
353,253,273
354,253,273
355,253,272
356,253,272
357,253,272
358,253,272
359,253,272
360,252,272
361,253,272
362,253,272
363,253,272
364,253,272
365,253,272
366,254,271
367,254,271
368,254,271
369,254,271
370,255,271
371,255,271
372,255,271
373,256,271
374,256,271
375,256,271
376,257,271
377,258,271
378,258,270
379,259,270
380,260,270
381,261,270
382,262,269
383,263,269
384,265,268
384,265,267
0,0
1,137
241,321,323
242,320,325
243,319,326
244,319,327
245,319,328
246,319,329
247,319,330
248,319,331
249,319,331
250,318,332
251,318,332
252,318,332
253,318,332
254,318,333
255,318,333
256,318,333
257,318,333
258,318,333
259,318,333
260,317,332
261,317,332
262,317,332
263,317,332
264,317,332
265,317,332
266,317,332
267,317,331
268,317,331
269,316,331
270,316,331
271,316,331
272,316,331
273,316,330
274,316,330
275,316,330
276,315,330
277,315,330
278,315,330
279,315,330
280,315,329
281,315,329
282,315,329
283,315,329
284,314,329
285,314,329
286,314,329
287,314,328
288,314,328
289,314,328
290,314,328
291,313,328
292,313,328
293,313,328
294,313,328
295,313,327
296,313,327
297,312,327
298,312,327
299,312,327
300,312,327
301,312,327
302,312,327
303,311,327
304,311,326
305,311,326
306,311,326
307,311,326
308,311,326
309,310,326
310,310,326
311,310,326
312,310,326
313,310,326
314,309,326
315,309,325
316,309,325
317,309,325
318,309,325
319,309,325
320,308,325
321,308,325
322,308,325
323,308,325
324,308,325
325,307,325
326,307,324
327,307,324
328,307,324
329,307,324
330,306,324
331,306,324
332,306,324
333,306,324
334,306,324
335,305,324
336,305,324
337,305,324
338,305,324
339,305,324
340,304,323
341,304,323
342,304,323
343,304,323
344,304,323
345,304,323
346,303,323
347,303,323
348,303,323
349,303,323
350,303,323
351,303,323
352,302,323
353,303,323
354,303,323
355,303,323
356,303,322
357,304,322
358,304,322
359,304,322
360,304,322
361,305,322
362,305,322
363,305,322
364,306,322
365,306,322
366,307,322
367,308,322
368,308,322
369,309,322
370,310,322
371,310,322
372,311,322
373,312,321
374,313,321
375,314,320
376,315,320
376,315,317
0,0
0,110
323,280,280
324,279,285
325,277,287
326,276,290
327,276,292
328,276,294
329,276,295
330,276,297
331,276,298
332,276,299
333,276,300
334,275,301
335,275,302
336,275,303
337,275,304
338,274,305
339,274,305
340,273,306
341,273,307
342,273,307
343,272,308
344,272,308
345,271,308
346,271,308
347,270,309
348,270,309
349,269,308
350,269,308
351,268,308
352,268,307
353,267,305
354,267,304
355,266,303
356,265,302
357,265,301
358,264,300
359,264,299
360,263,298
361,262,296
362,261,295
363,261,294
364,260,293
365,259,292
366,258,291
367,258,290
368,257,289
369,256,289
370,255,288
371,254,287
372,254,286
373,253,285
374,252,284
375,251,283
376,250,282
377,249,281
378,248,280
379,247,278
380,246,277
381,246,276
382,245,275
383,244,274
384,243,273
385,242,272
386,241,271
387,240,270
388,239,269
389,238,267
390,236,266
391,236,265
392,234,264
393,233,263
394,232,261
395,231,260
396,230,259
397,229,258
398,227,257
399,226,255
400,225,254
401,223,253
402,222,251
403,221,250
404,219,248
405,218,247
406,217,246
407,215,244
408,214,243
409,212,242
410,211,240
411,210,239
412,208,237
413,207,235
414,205,234
415,204,232
416,202,230
417,201,228
418,200,226
419,198,224
420,197,222
421,195,220
422,194,218
423,192,215
424,191,213
425,189,210
426,187,208
427,186,206
428,185,202
429,183,199
430,182,196
431,181,192
432,183,187
0,0
1,94
330,355,362
331,354,365
332,353,366
333,353,368
334,353,369
335,354,370
336,354,371
337,355,372
338,355,373
339,355,374
340,356,375
341,356,376
342,357,377
343,357,378
344,358,379
345,358,379
346,359,380
347,359,382
348,359,383
349,360,384
350,360,385
351,361,386
352,361,387
353,362,388
354,362,389
355,363,390
356,363,391
357,364,392
358,364,393
359,365,394
360,365,395
361,366,396
362,366,397
363,367,398
364,367,399
365,367,400
366,368,401
367,369,403
368,369,404
369,370,405
370,370,406
371,371,407
372,371,408
373,372,409
374,372,410
375,373,411
376,373,412
377,374,413
378,374,415
379,375,416
380,375,417
381,376,418
382,376,419
383,377,420
384,377,421
385,378,422
386,378,423
387,379,425
388,380,426
389,380,427
390,381,428
391,381,429
392,382,430
393,383,431
394,383,433
395,384,434
396,384,435
397,385,436
398,386,438
399,386,439
400,387,440
401,388,441
402,388,442
403,389,442
404,390,443
405,390,444
406,391,444
407,392,445
408,393,445
409,394,445
410,395,445
411,396,445
412,397,446
413,399,445
414,400,445
415,402,445
416,404,444
417,406,444
418,408,443
419,411,442
420,414,441
421,417,440
422,421,439
423,427,436
0,0
