0,204
75,87,88
76,84,93
77,82,96
78,82,98
79,81,100
80,81,101
81,81,103
82,82,105
83,82,106
84,83,108
85,83,109
86,83,110
87,84,111
88,84,112
89,84,112
90,85,113
91,85,113
92,86,113
93,86,113
94,87,113
95,87,113
96,88,113
97,88,113
98,88,113
99,89,113
100,89,113
101,89,113
102,89,113
103,89,113
104,90,112
105,90,112
106,90,112
107,90,112
108,90,112
109,90,112
110,90,112
111,90,112
112,91,112
113,91,112
114,91,112
115,91,112
116,91,112
117,91,112
118,91,112
119,91,112
120,91,112
121,92,112
122,92,112
123,92,112
124,92,112
125,92,112
126,92,112
127,92,112
128,92,112
129,92,112
130,92,112
131,92,112
132,92,112
133,92,112
134,92,112
135,92,112
136,92,112
137,92,112
138,92,112
139,92,112
140,93,112
141,93,112
142,93,112
143,93,112
144,93,112
145,93,112
146,93,112
147,93,112
148,93,112
149,93,112
150,93,112
151,93,112
152,93,112
153,93,112
154,93,112
155,93,112
156,93,112
157,93,112
158,93,112
159,93,112
160,93,112
161,93,112
162,93,112
163,93,112
164,93,112
165,93,112
166,93,112
167,93,112
168,93,112
169,93,112
170,93,112
171,93,112
172,93,112
173,93,112
174,93,112
175,93,112
176,93,112
177,93,112
178,93,112
179,93,112
180,93,112
181,93,112
182,93,112
183,93,112
184,93,112
185,93,112
186,93,112
187,93,112
188,93,112
189,93,112
190,93,112
191,92,112
192,92,112
193,92,112
194,92,112
195,92,113
196,92,113
197,92,113
198,92,113
199,92,113
200,92,113
201,92,113
202,92,113
203,92,113
204,92,113
205,92,113
206,91,113
207,91,113
208,91,113
209,91,113
210,91,113
211,91,113
212,91,113
213,91,113
214,91,113
215,90,113
216,90,113
217,90,113
218,90,113
219,90,113
220,90,113
221,90,113
222,89,113
223,89,113
224,89,113
225,89,113
226,89,113
227,89,113
228,88,113
229,88,113
230,88,113
231,88,113
232,88,113
233,87,113
234,87,113
235,87,112
236,87,112
237,86,112
238,86,112
239,86,112
240,86,112
241,86,112
242,86,112
243,86,112
244,86,112
245,86,112
246,86,112
247,86,112
248,86,112
249,86,112
250,86,112
251,86,112
252,86,112
253,86,112
254,87,112
255,87,112
256,87,112
257,87,112
258,88,112
259,88,112
260,88,112
261,89,111
262,89,111
263,90,111
264,90,111
265,91,111
266,91,111
267,92,111
268,92,110
269,93,110
270,93,110
271,94,109
272,95,109
273,95,108
274,96,107
275,97,107
276,98,106
277,99,104
278,102,102
0,0
1,137
95,88,89
96,87,91
97,87,91
98,86,92
99,86,92
100,86,93
101,85,93
102,85,94
103,85,94
104,85,95
105,84,95
106,84,96
107,84,96
108,84,96
109,84,96
110,84,97
111,84,97
112,83,97
113,83,97
114,83,98
115,83,98
116,83,98
117,83,98
118,82,98
119,82,98
120,82,99
121,82,99
122,82,99
123,82,99
124,81,99
125,81,99
126,81,99
127,81,99
128,81,99
129,80,99
130,80,99
131,80,98
132,80,98
133,79,98
134,79,98
135,79,98
136,79,98
137,79,97
138,78,97
139,78,97
140,78,96
141,78,96
142,77,96
143,77,96
144,77,95
145,77,95
146,76,95
147,76,95
148,76,94
149,76,94
150,75,94
151,75,94
152,75,93
153,74,93
154,74,93
155,74,93
156,74,92
157,73,92
158,73,92
159,73,92
160,72,91
161,72,91
162,72,91
163,71,91
164,71,90
165,71,90
166,70,90
167,70,90
168,70,89
169,70,89
170,69,89
171,69,89
172,69,88
173,68,88
174,68,88
175,67,88
176,67,87
177,67,87
178,66,87
179,66,86
180,66,86
181,65,86
182,65,86
183,65,85
184,64,85
185,64,85
186,63,85
187,63,84
188,63,84
189,62,84
190,62,84
191,61,83
192,61,83
193,61,83
194,60,83
195,60,82
196,60,82
197,59,82
198,59,82
199,59,81
200,59,81
201,59,81
202,58,81
203,58,80
204,58,80
205,58,80
206,58,80
207,58,79
208,57,79
209,58,79
210,58,78
211,58,78
212,58,78
213,59,78
214,59,77
215,59,77
216,59,77
217,59,76
218,59,76
219,60,76
220,60,75
221,60,75
222,60,75
223,61,75
224,61,74
225,61,74
226,62,73
227,62,73
228,63,73
229,64,72
230,65,71
231,67,69
0,0
1,116
104,146,148
105,145,149
106,145,150
107,144,150
108,144,151
109,144,151
110,144,152
111,144,152
112,143,152
113,143,153
114,143,153
115,143,153
116,143,154
117,143,154
118,142,154
119,142,155
120,142,155
121,142,155
122,142,155
123,142,155
124,142,155
125,141,156
126,141,156
127,141,156
128,141,156
129,141,156
130,141,156
131,140,156
132,140,156
133,140,156
134,140,156
135,140,155
136,139,155
137,139,155
138,139,155
139,139,155
140,139,155
141,139,154
142,138,154
143,138,154
144,138,154
145,138,153
146,137,153
147,137,153
148,137,153
149,137,152
150,136,152
151,136,152
152,136,152
153,136,151
154,135,151
155,135,151
156,135,151
157,134,151
158,134,150
159,134,150
160,134,150
161,133,150
162,133,149
163,133,149
164,132,149
165,132,149
166,132,148
167,131,148
168,131,148
169,131,148
170,130,147
171,130,147
172,130,147
173,129,147
174,129,147
175,129,146
176,128,146
177,128,146
178,128,146
179,127,145
180,127,145
181,127,145
182,126,145
183,126,144
184,126,144
185,125,144
186,125,144
187,124,143
188,124,143
189,124,143
190,124,143
191,124,143
192,123,142
193,123,142
194,123,142
195,123,142
196,123,141
197,123,141
198,123,141
199,122,141
200,123,140
201,123,140
202,123,140
203,123,140
204,123,139
205,123,139
206,124,139
207,124,138
208,124,138
209,124,138
210,125,138
211,125,137
212,125,137
213,126,137
214,126,136
215,127,136
216,127,135
217,128,135
218,129,134
219,131,132
0,0
1,112
104,197,199
105,196,199
106,196,200
107,195,201
108,195,201
109,195,202
110,194,202
111,194,203
112,194,203
113,194,204
114,194,204
115,194,204
116,194,205
117,193,205
118,193,205
119,193,205
120,193,206
121,193,206
122,193,206
123,193,206
124,193,206
125,192,207
126,192,207
127,192,207
128,192,207
129,192,207
130,192,207
131,191,207
132,191,207
133,191,207
134,191,207
135,191,206
136,190,206
137,190,206
138,190,206
139,190,206
140,190,206
141,189,205
142,189,205
143,189,205
144,189,205
145,189,205
146,188,204
147,188,204
148,188,204
149,188,204
150,187,203
151,187,203
152,187,203
153,186,203
154,186,202
155,186,202
156,186,202
157,185,202
158,185,202
159,185,201
160,185,201
161,184,201
162,184,201
163,184,200
164,183,200
165,183,200
166,183,200
167,182,199
168,182,199
169,182,199
170,181,199
171,181,199
172,181,198
173,180,198
174,180,198
175,180,198
176,179,197
177,179,197
178,179,197
179,178,197
180,178,197
181,178,196
182,177,196
183,177,196
184,177,196
185,176,195
186,176,195
187,176,195
188,176,195
189,176,194
190,176,194
191,175,194
192,175,194
193,175,193
194,175,193
195,175,193
196,175,193
197,175,193
198,175,192
199,176,192
200,176,192
201,176,192
202,176,191
203,176,191
204,177,191
205,177,190
206,177,190
207,177,190
208,178,190
209,178,189
210,179,189
211,179,189
212,180,188
213,180,188
214,182,186
215,184,185
0,0
0,160
85,157,157
86,154,162
87,152,165
88,151,168
89,151,170
90,151,171
91,151,173
92,151,174
93,151,176
94,152,177
95,152,178
96,153,179
97,153,180
98,154,181
99,154,182
100,155,183
101,155,184
102,156,185
103,156,185
104,157,186
105,157,186
106,157,186
107,157,186
108,158,187
109,158,187
110,158,187
111,158,186
112,158,186
113,159,186
114,159,186
115,159,186
116,159,186
117,159,185
118,159,185
119,159,185
120,159,185
121,159,185
122,159,185
123,159,185
124,159,185
125,159,185
126,159,185
127,159,185
128,159,185
129,160,185
130,160,185
131,160,185
132,160,185
133,160,185
134,160,185
135,160,185
136,160,185
137,160,185
138,160,185
139,160,184
140,160,184
141,160,184
142,160,184
143,160,184
144,160,184
145,160,184
146,160,184
147,160,184
148,160,184
149,160,184
150,160,184
151,160,184
152,160,184
153,160,184
154,160,184
155,160,184
156,160,184
157,160,184
158,160,184
159,160,184
160,160,184
161,160,184
162,160,184
163,160,183
164,160,183
165,160,183
166,160,183
167,160,183
168,160,183
169,160,183
170,160,183
171,160,183
172,160,183
173,160,183
174,160,183
175,160,183
176,160,183
177,160,183
178,160,183
179,160,183
180,160,183
181,160,183
182,160,183
183,160,183
184,160,183
185,160,183
186,160,183
187,160,183
188,160,183
189,160,183
190,160,183
191,160,182
192,160,182
193,160,182
194,160,182
195,160,182
196,160,182
197,160,182
198,160,182
199,160,182
200,160,182
201,160,182
202,160,182
203,160,182
204,160,182
205,160,182
206,160,182
207,160,182
208,160,182
209,160,182
210,160,182
211,160,182
212,160,182
213,160,182
214,160,182
215,160,182
216,160,181
217,160,181
218,160,181
219,160,181
220,160,181
221,160,181
222,160,181
223,160,181
224,160,181
225,160,181
226,160,181
227,160,181
228,160,181
229,160,181
230,160,181
231,160,181
232,160,181
233,160,181
234,160,181
235,160,181
236,160,181
237,160,181
238,160,181
239,160,181
240,160,181
241,160,181
242,160,181
243,160,181
244,181,181
0,0
1,114
92,253,255
93,253,257
94,253,258
95,252,258
96,252,259
97,252,260
98,252,261
99,251,261
100,251,262
101,251,263
102,251,263
103,250,264
104,250,264
105,250,264
106,250,264
107,249,265
108,249,265
109,249,265
110,248,266
111,248,265
112,248,265
113,248,265
114,247,265
115,247,265
116,247,264
117,247,264
118,246,264
119,246,263
120,246,263
121,245,263
122,245,262
123,245,262
124,245,262
125,244,261
126,244,261
127,244,261
128,243,260
129,243,260
130,243,260
131,242,260
132,242,259
133,242,259
134,242,259
135,241,258
136,241,258
137,241,258
138,240,258
139,240,258
140,240,257
141,239,257
142,239,257
143,239,257
144,239,256
145,238,256
146,238,256
147,238,256
148,238,255
149,237,255
150,237,255
151,237,255
152,237,255
153,236,254
154,236,254
155,236,254
156,236,254
157,236,253
158,235,253
159,235,253
160,235,253
161,235,253
162,234,253
163,234,252
164,234,252
165,234,252
166,234,252
167,233,252
168,233,252
169,233,251
170,233,251
171,233,251
172,232,251
173,232,251
174,232,250
175,232,250
176,232,250
177,231,250
178,231,250
179,231,250
180,231,249
181,230,249
182,230,249
183,230,249
184,230,249
185,230,249
186,229,249
187,229,249
188,229,248
189,229,248
190,228,248
191,228,248
192,228,248
193,227,248
194,227,248
195,227,248
196,226,248
197,226,248
198,229,248
199,232,248
200,235,248
201,238,248
202,241,248
203,244,248
204,247,248
204,247,247
0,206
224,205,205
225,199,212
226,197,215
227,197,218
228,197,220
229,198,222
230,198,224
231,198,226
232,199,227
233,199,229
234,199,231
235,200,233
236,200,234
237,200,236
238,201,238
239,201,239
240,201,240
241,202,241
242,202,241
243,202,242
244,203,242
245,203,242
246,203,242
247,204,241
248,204,241
249,204,240
250,205,240
251,205,239
252,205,238
253,205,238
254,205,237
255,206,237
256,206,236
257,206,236
258,206,236
259,206,235
260,206,235
261,206,235
262,206,235
263,206,234
264,206,234
265,206,234
266,206,234
267,206,233
268,206,233
269,206,233
270,206,233
271,206,233
272,206,232
273,206,232
274,206,232
275,206,232
276,206,232
277,206,232
278,206,231
279,206,231
280,206,231
281,206,231
282,206,231
283,206,231
284,205,231
285,205,230
286,205,230
287,205,230
288,205,230
289,205,230
290,205,230
291,205,230
292,205,229
293,205,229
294,205,229
295,205,229
296,205,229
297,205,229
298,205,229
299,205,229
300,205,228
301,205,228
302,204,228
303,204,228
304,204,228
305,204,228
306,204,228
307,204,228
308,204,228
309,204,227
310,204,227
311,204,227
312,204,227
313,203,227
314,203,227
315,203,227
316,203,227
317,203,227
318,203,226
319,203,226
320,203,226
321,202,226
322,202,226
323,202,226
324,202,226
325,202,226
326,202,225
327,202,225
328,201,225
329,201,225
330,201,225
331,201,225
332,201,225
333,201,225
334,200,225
335,200,224
336,200,224
337,200,224
338,200,224
339,200,224
340,199,224
341,199,224
342,199,223
343,199,223
344,198,223
345,198,223
346,198,223
347,198,223
348,198,223
349,197,222
350,197,222
351,197,222
352,197,222
353,197,222
354,196,222
355,196,222
356,196,221
357,196,221
358,195,221
359,195,221
360,195,221
361,195,221
362,194,220
363,194,220
364,194,220
365,193,220
366,193,220
367,193,219
368,193,219
369,192,219
370,192,219
371,192,219
372,191,218
373,191,218
374,191,218
375,190,218
376,190,218
377,189,217
378,189,217
379,188,217
380,187,217
381,187,216
382,185,216
383,184,216
384,175,216
385,175,215
386,176,215
387,176,215
388,176,214
389,176,214
390,176,214
391,176,213
392,176,213
393,176,213
394,177,212
395,177,212
396,177,212
397,177,211
398,177,211
399,177,211
400,177,210
401,178,210
402,178,210
403,178,209
404,178,209
405,178,208
406,178,208
407,178,207
408,178,207
409,179,206
410,179,206
411,179,205
412,179,205
413,179,204
414,179,204
415,179,203
416,180,202
417,180,202
418,180,201
419,180,200
420,180,199
421,180,199
422,180,198
423,180,197
424,181,196
425,182,195
426,182,194
427,183,193
428,184,192
429,187,190
1,46
181,422,423
180,415,423
179,407,421
178,400,420
177,392,418
176,385,417
175,384,416
174,384,414
173,383,413
172,383,412
171,382,411
170,382,410
169,382,409
168,381,407
167,381,406
166,381,405
165,380,404
164,380,403
163,380,402
162,379,401
161,379,400
160,379,399
159,378,398
158,378,397
157,378,396
156,377,395
155,377,394
154,377,393
153,376,392
152,376,392
151,376,391
150,375,390
149,375,389
148,375,388
147,374,387
146,374,386
145,374,385
144,373,384
143,373,383
142,373,383
141,372,382
140,372,381
139,372,380
138,372,379
137,371,377
136,372,375
0,0
0,86
295,46,46
296,44,48
297,43,50
298,42,51
299,42,51
300,42,52
301,42,53
302,41,53
303,41,54
304,41,54
305,41,55
306,41,55
307,41,56
308,41,56
309,40,56
310,40,56
311,40,57
312,40,57
313,40,57
314,40,57
315,39,57
316,39,58
317,39,58
318,39,58
319,39,58
320,39,58
321,38,58
322,38,59
323,38,59
324,38,59
325,37,59
326,37,59
327,37,59
328,37,59
329,37,59
330,36,60
331,36,60
332,36,60
333,36,60
334,35,60
335,35,60
336,35,60
337,35,60
338,34,60
339,34,60
340,34,60
341,34,59
342,33,59
343,33,59
344,33,59
345,33,59
346,32,59
347,32,59
348,32,59
349,31,59
350,31,59
351,31,58
352,31,58
353,30,58
354,30,58
355,30,58
356,30,58
357,30,57
358,30,57
359,30,57
360,30,57
361,30,56
362,31,56
363,31,56
364,31,55
365,31,55
366,31,55
367,32,54
368,32,54
369,32,53
370,33,53
371,33,52
372,34,51
373,34,51
374,35,50
375,35,49
376,36,48
377,37,47
378,38,46
379,39,45
380,41,41
0,0
0,53
291,83,83
292,82,86
293,81,87
294,80,87
295,80,88
296,79,89
297,79,90
298,79,90
299,79,91
300,79,91
301,79,92
302,79,92
303,79,93
304,79,94
305,79,94
306,79,95
307,79,95
308,79,96
309,79,96
310,79,97
311,79,97
312,79,98
313,79,98
314,80,99
315,80,99
316,80,99
317,80,100
318,80,100
319,80,100
320,80,100
321,80,101
322,80,101
323,80,101
324,81,101
325,81,101
326,81,102
327,81,102
328,81,102
329,82,102
330,82,101
331,82,101
332,82,101
333,82,101
334,83,100
335,83,100
336,84,99
337,84,99
338,84,98
339,85,97
340,85,96
341,86,95
342,87,93
343,90,90
0,0
0,48
283,123,123
284,121,125
285,120,126
286,119,128
287,119,129
288,119,130
289,119,130
290,119,131
291,119,132
292,119,133
293,119,134
294,120,135
295,120,136
296,120,137
297,120,137
298,120,138
299,121,139
300,121,140
301,121,140
302,121,141
303,122,141
304,122,142
305,122,142
306,122,143
307,123,143
308,123,144
309,123,144
310,123,145
311,124,145
312,124,145
313,124,145
314,125,146
315,125,146
316,125,146
317,126,146
318,126,146
319,126,145
320,127,145
321,127,145
322,128,144
323,128,144
324,129,144
325,130,143
326,130,142
327,131,142
328,132,141
329,133,139
330,135,135
0,0
0,45
269,162,162
270,160,164
271,159,166
272,159,167
273,158,168
274,158,169
275,158,170
276,158,171
277,158,172
278,159,173
279,159,174
280,159,175
281,159,177
282,160,177
283,160,178
284,160,179
285,161,180
286,161,181
287,161,181
288,161,182
289,162,182
290,162,183
291,162,184
292,163,184
293,163,185
294,163,185
295,164,185
296,164,185
297,164,186
298,165,186
299,165,186
300,166,186
301,166,186
302,166,185
303,167,185
304,167,185
305,168,185
306,169,184
307,169,184
308,170,183
309,171,183
310,172,182
311,173,181
312,175,179
313,176,176
0,0
1,155
262,106,108
263,106,109
264,105,110
265,105,110
266,104,111
267,104,111
268,104,112
269,104,112
270,104,113
271,103,113
272,103,114
273,103,114
274,103,114
275,103,115
276,103,115
277,103,116
278,103,116
279,103,116
280,102,116
281,102,117
282,102,117
283,102,117
284,102,117
285,102,117
286,102,117
287,102,117
288,101,118
289,101,118
290,101,118
291,101,118
292,101,118
293,101,118
294,101,118
295,100,117
296,100,117
297,100,117
298,100,117
299,100,117
300,100,117
301,100,117
302,99,116
303,99,116
304,99,116
305,99,116
306,99,116
307,99,115
308,98,115
309,98,115
310,98,115
311,98,114
312,98,114
313,98,114
314,97,114
315,97,114
316,97,113
317,97,113
318,96,113
319,96,113
320,96,113
321,96,112
322,96,112
323,95,112
324,95,112
325,95,112
326,95,111
327,95,111
328,94,111
329,94,111
330,94,111
331,94,110
332,93,110
333,93,110
334,93,110
335,93,110
336,92,109
337,92,109
338,92,109
339,92,109
340,91,108
341,91,108
342,91,108
343,91,108
344,90,108
345,90,107
346,90,107
347,89,107
348,89,107
349,89,107
350,89,106
351,88,106
352,88,106
353,88,106
354,87,106
355,87,105
356,87,105
357,87,105
358,86,105
359,86,104
360,86,104
361,85,104
362,85,104
363,85,104
364,84,103
365,84,103
366,84,103
367,83,103
368,83,102
369,83,102
370,82,102
371,82,102
372,82,102
373,81,101
374,81,101
375,81,101
376,80,101
377,80,101
378,80,100
379,79,100
380,79,100
381,79,100
382,78,100
383,78,99
384,78,99
385,78,99
386,78,99
387,77,98
388,77,98
389,77,98
390,77,98
391,77,98
392,77,97
393,77,97
394,77,97
395,76,97
396,77,96
397,77,96
398,77,96
399,77,96
400,78,95
401,78,95
402,78,95
403,78,95
404,79,94
405,79,94
406,79,94
407,79,93
408,80,93
409,80,93
410,80,93
411,81,92
412,82,92
413,82,91
414,83,91
415,84,90
416,86,88
0,0
0,164
27,324,329
28,320,333
29,318,335
30,317,337
31,316,339
32,316,341
33,316,343
34,316,345
35,316,347
36,317,349
37,317,351
38,318,352
39,318,353
40,319,354
41,319,355
42,320,355
43,320,355
44,321,355
45,321,355
46,321,355
47,322,355
48,322,354
49,322,354
50,322,354
51,322,353
52,322,353
53,322,352
54,322,352
55,322,352
56,322,351
57,322,351
58,323,351
59,323,350
60,323,350
61,323,350
62,323,350
63,323,349
64,323,349
65,323,349
66,323,349
67,323,349
68,323,349
69,323,348
70,323,348
71,323,348
72,323,348
73,323,348
74,323,348
75,323,347
76,323,347
77,323,347
78,323,347
79,323,347
80,323,347
81,323,347
82,323,347
83,323,346
84,322,346
85,322,346
86,322,346
87,322,346
88,322,346
89,322,346
90,322,346
91,321,345
92,321,345
93,321,345
94,321,345
95,321,345
96,320,345
97,320,345
98,320,344
99,320,344
100,320,344
101,319,344
102,319,344
103,319,343
104,319,343
105,318,343
106,318,343
107,318,342
108,318,342
109,317,342
110,317,342
111,317,341
112,317,341
113,316,341
114,316,340
115,316,340
116,315,339
117,315,339
118,315,339
119,314,338
120,314,338
121,314,337
122,313,337
123,313,336
124,313,336
125,312,335
126,312,335
127,311,334
128,311,334
129,310,334
130,310,333
131,310,333
132,309,332
133,309,332
134,308,331
135,308,331
136,307,330
137,307,330
138,306,329
139,306,329
140,305,328
141,304,328
142,304,327
143,303,327
144,302,326
145,302,326
146,301,325
147,301,325
148,300,324
149,299,323
150,298,322
151,298,322
152,297,321
153,296,320
154,295,319
155,295,318
156,294,317
157,293,317
158,292,316
159,291,315
160,290,314
161,289,313
162,288,312
163,287,311
164,286,310
165,285,309
166,284,307
167,283,306
168,282,305
169,281,304
170,279,303
171,278,301
172,277,300
173,276,299
174,275,297
175,274,296
176,272,294
177,271,293
178,270,291
179,269,290
180,268,288
181,266,286
182,265,284
183,264,283
184,262,280
185,261,278
186,260,276
187,259,273
188,259,270
189,260,266
190,262,262
0,0
0,56
116,328,330
117,326,335
118,325,339
119,325,342
120,325,345
121,325,348
122,325,350
123,326,353
124,327,356
125,327,358
126,328,360
127,329,363
128,330,365
129,331,367
130,332,369
131,334,371
132,335,373
133,336,375
134,338,377
135,339,379
136,340,380
137,341,382
138,343,383
139,344,384
140,346,385
141,347,386
142,348,387
143,349,388
144,351,388
145,352,389
146,353,390
147,355,390
148,356,391
149,357,391
150,358,392
151,359,392
152,361,392
153,362,392
154,363,393
155,364,393
156,366,393
157,367,393
158,368,394
159,369,394
160,371,394
161,372,394
162,373,394
163,374,394
164,375,394
165,377,394
166,378,393
167,379,393
168,380,392
169,382,392
170,384,389
171,388,388
0,0
1,244
234,209,209
235,207,211
236,207,212
237,207,213
238,207,214
239,206,215
240,206,216
241,206,216
242,206,217
243,206,218
244,206,218
245,205,219
246,205,219
247,205,220
248,205,220
249,205,220
250,205,221
251,205,221
252,204,221
253,204,221
254,204,221
255,204,221
256,204,221
257,204,222
258,204,222
259,203,222
260,203,222
261,203,221
262,203,221
263,203,221
264,203,221
265,202,221
266,202,221
267,202,220
268,202,220
269,202,220
270,202,219
271,202,219
272,201,219
273,201,219
274,201,218
275,201,218
276,201,218
277,201,217
278,200,217
279,200,217
280,200,217
281,200,216
282,200,216
283,200,216
284,200,216
285,199,215
286,199,215
287,199,215
288,199,215
289,199,214
290,199,214
291,198,214
292,198,214
293,198,213
294,198,213
295,198,213
296,198,213
297,198,213
298,197,212
299,197,212
300,197,212
301,197,212
302,197,211
303,197,211
304,196,211
305,196,211
306,196,211
307,196,210
308,196,210
309,196,210
310,195,210
311,195,210
312,195,209
313,195,209
314,195,209
315,195,209
316,195,209
317,194,208
318,194,208
319,194,208
320,194,208
321,194,208
322,194,207
323,194,207
324,193,207
325,193,207
326,193,207
327,193,207
328,193,206
329,192,206
330,192,206
331,192,206
332,192,206
333,192,206
334,192,205
335,192,205
336,191,205
337,191,205
338,191,205
339,191,205
340,191,205
341,191,204
342,190,204
343,190,204
344,190,204
345,190,204
346,190,204
347,190,203
348,189,203
349,189,203
350,189,203
351,189,203
352,189,203
353,189,203
354,188,203
355,188,202
356,188,202
357,188,202
358,188,202
359,188,202
360,187,202
361,187,202
362,187,202
363,187,201
364,187,201
365,187,201
366,186,201
367,186,201
368,186,201
369,186,201
370,186,201
371,186,201
372,185,200
373,185,200
374,185,200
375,185,200
376,185,200
377,184,200
378,184,200
379,184,200
380,184,200
381,184,200
382,184,200
383,183,199
384,183,199
385,183,199
386,183,199
387,183,199
388,182,199
389,182,199
390,182,199
391,182,199
392,182,199
393,181,199
394,181,199
395,181,199
396,181,199
397,181,199
398,181,198
399,180,198
400,180,198
401,180,198
402,180,198
403,180,198
404,179,198
405,179,198
406,179,198
407,179,198
408,179,198
409,178,198
410,178,198
411,178,198
412,178,198
413,178,198
414,177,198
415,177,198
416,177,198
417,177,198
418,176,198
419,176,198
420,176,198
421,176,198
422,176,198
423,175,198
424,175,198
425,175,198
426,175,198
427,174,198
428,174,198
429,174,198
430,174,198
431,174,198
432,173,197
433,173,197
434,173,197
435,173,197
436,173,197
437,172,197
438,172,197
439,172,197
440,172,197
441,172,197
442,172,197
443,172,197
444,171,197
445,172,197
446,172,197
447,172,197
448,172,197
449,173,197
450,173,197
451,173,197
452,173,197
453,173,197
454,174,197
455,174,197
456,175,197
457,175,197
458,175,197
459,176,197
460,176,197
461,177,197
462,178,197
463,178,197
464,179,197
465,179,197
466,180,197
467,181,197
468,181,197
469,182,196
470,183,196
471,183,196
472,184,196
473,185,196
474,186,195
475,187,195
476,188,194
477,190,193
0,0
0,82
248,260,260
249,258,267
250,256,272
251,256,275
252,256,278
253,256,279
254,257,280
255,257,281
256,257,281
257,258,282
258,258,282
259,259,282
260,259,282
261,260,282
262,260,282
263,261,282
264,261,283
265,262,283
266,262,283
267,263,283
268,263,283
269,263,283
270,264,283
271,264,284
272,265,284
273,265,284
274,265,284
275,266,284
276,266,284
277,267,285
278,267,285
279,267,285
280,267,285
281,268,285
282,268,285
283,268,286
284,269,286
285,269,286
286,269,286
287,269,286
288,270,287
289,270,287
290,270,287
291,271,287
292,271,287
293,271,287
294,271,288
295,271,288
296,272,288
297,272,288
298,272,288
299,272,288
300,272,289
301,273,289
302,273,289
303,273,289
304,273,289
305,273,289
306,274,289
307,274,290
308,274,290
309,274,290
310,275,290
311,275,290
312,275,290
313,276,290
314,276,290
315,276,290
316,277,290
317,277,290
318,277,290
319,278,290
320,278,290
321,279,290
322,280,290
323,280,290
324,281,290
325,282,290
326,283,290
327,284,289
328,286,289
329,288,288
0,0
1,67
260,256,257
261,256,259
262,256,259
263,255,260
264,255,261
265,255,262
266,255,262
267,255,263
268,255,263
269,254,263
270,254,263
271,254,264
272,254,264
273,254,264
274,254,264
275,254,264
276,253,265
277,253,264
278,253,264
279,253,264
280,253,264
281,252,264
282,252,264
283,252,263
284,252,263
285,252,263
286,251,263
287,251,263
288,251,263
289,251,262
290,250,262
291,250,262
292,250,262
293,250,261
294,249,261
295,249,261
296,249,261
297,249,260
298,248,260
299,248,260
300,248,260
301,247,260
302,247,259
303,246,259
304,246,259
305,246,259
306,245,259
307,245,258
308,245,258
309,244,258
310,244,258
311,243,258
312,243,257
313,242,257
314,242,257
315,241,257
316,241,257
317,240,257
318,240,257
319,239,257
320,238,257
321,238,257
322,237,257
323,237,257
324,245,257
325,252,259
325,258,259
0,68
235,328,330
236,324,335
237,323,337
238,323,339
239,323,340
240,323,342
241,323,343
242,323,345
243,323,347
244,323,348
245,324,350
246,324,351
247,324,353
248,324,355
249,324,356
250,324,358
251,324,358
252,324,359
253,325,360
254,325,360
255,325,360
256,325,360
257,325,359
258,325,359
259,325,359
260,326,358
261,326,357
262,326,357
263,326,356
264,326,355
265,326,354
266,326,353
267,326,352
268,326,352
269,326,351
270,326,350
271,325,350
272,325,349
273,325,349
274,325,348
275,324,348
276,324,347
277,324,347
278,324,346
279,324,346
280,323,345
281,323,345
282,323,345
283,323,344
284,322,344
285,322,343
286,322,343
287,322,343
288,321,342
289,321,342
290,321,342
291,321,341
292,320,341
293,320,341
294,320,340
295,320,340
296,319,340
297,319,339
298,319,339
299,319,339
300,319,339
301,329,338
302,338,338
0,0
1,75
280,303,306
281,302,308
282,302,309
283,302,310
284,302,311
285,301,311
286,301,312
287,301,313
288,301,313
289,301,313
290,300,313
291,300,314
292,300,314
293,300,314
294,300,314
295,299,314
296,299,314
297,299,313
298,299,313
299,299,313
300,298,313
301,298,313
302,298,313
303,298,312
304,297,312
305,297,312
306,297,312
307,297,312
308,296,312
309,296,311
310,296,311
311,296,311
312,295,311
313,295,311
314,295,311
315,294,311
316,294,310
317,294,310
318,294,310
319,293,310
320,293,310
321,293,310
322,293,310
323,292,310
324,292,309
325,292,309
326,292,309
327,292,309
328,291,309
329,291,309
330,291,309
331,291,309
332,291,309
333,291,309
334,291,308
335,292,308
336,292,308
337,292,308
338,292,308
339,292,308
340,293,308
341,293,308
342,294,308
343,294,308
344,295,308
345,295,308
346,296,308
347,296,307
348,297,307
349,298,307
350,299,307
351,299,307
352,300,306
353,301,306
354,303,304
0,0
0,267
194,379,379
195,375,383
196,373,386
197,372,388
198,372,390
199,371,392
200,371,394
201,371,395
202,371,397
203,371,399
204,371,400
205,372,402
206,372,403
207,372,404
208,373,405
209,373,407
210,374,407
211,374,408
212,375,409
213,375,410
214,375,410
215,376,410
216,376,411
217,377,411
218,377,411
219,377,411
220,377,411
221,378,411
222,378,411
223,378,411
224,378,411
225,378,411
226,379,411
227,379,411
228,379,410
229,379,410
230,379,410
231,379,410
232,379,410
233,379,410
234,379,409
235,379,409
236,379,409
237,379,409
238,379,409
239,379,409
240,379,409
241,379,409
242,380,409
243,380,409
244,380,409
245,380,409
246,380,409
247,380,409
248,380,408
249,380,408
250,380,408
251,380,408
252,380,408
253,380,408
254,380,408
255,380,408
256,380,408
257,380,408
258,380,408
259,380,408
260,380,408
261,380,408
262,380,408
263,380,408
264,380,408
265,380,408
266,380,408
267,380,407
268,380,407
269,380,407
270,380,407
271,380,407
272,380,407
273,380,407
274,380,407
275,380,407
276,380,407
277,380,407
278,380,407
279,380,407
280,380,407
281,380,407
282,380,407
283,380,407
284,380,407
285,380,407
286,380,407
287,380,407
288,380,407
289,380,407
290,380,407
291,380,407
292,380,407
293,380,407
294,380,407
295,380,407
296,380,407
297,380,407
298,380,407
299,380,407
300,380,407
301,380,407
302,380,407
303,380,407
304,380,407
305,380,407
306,380,407
307,380,407
308,380,407
309,380,407
310,380,407
311,380,407
312,380,407
313,380,407
314,380,407
315,380,407
316,380,407
317,379,407
318,379,407
319,379,407
320,379,407
321,379,407
322,379,407
323,379,407
324,379,407
325,379,407
326,379,407
327,379,407
328,379,407
329,379,407
330,379,407
331,379,407
332,379,407
333,379,407
334,379,407
335,379,407
336,379,407
337,379,407
338,379,407
339,379,407
340,379,407
341,379,407
342,379,407
343,379,408
344,379,408
345,379,408
346,379,408
347,379,408
348,379,408
349,379,408
350,379,408
351,379,408
352,379,408
353,379,408
354,379,408
355,379,408
356,379,408
357,379,408
358,379,408
359,379,408
360,379,408
361,379,408
362,379,408
363,379,408
364,379,408
365,379,408
366,379,408
367,379,408
368,379,408
369,379,408
370,379,408
371,379,408
372,379,408
373,379,408
374,379,408
375,379,409
376,379,409
377,379,409
378,379,409
379,379,409
380,379,409
381,379,409
382,379,409
383,379,409
384,379,409
385,379,409
386,379,409
387,379,409
388,378,409
389,378,409
390,378,409
391,378,409
392,378,409
393,378,409
394,378,409
395,377,409
396,377,409
397,377,409
398,377,409
399,376,409
400,376,409
401,375,409
402,375,409
403,374,409
404,373,409
405,373,409
406,371,409
406,352,352
406,371,409
407,352,356
407,369,409
408,353,365
408,365,408
408,353,408
409,354,408
410,354,408
411,355,408
412,355,408
413,356,408
414,357,407
415,357,407
416,358,407
417,358,407
418,359,406
419,360,406
420,360,406
421,361,406
422,361,405
423,362,405
424,363,405
425,363,404
426,364,404
427,364,404
428,365,403
429,366,403
430,366,402
431,367,402
432,367,402
433,368,401
434,369,401
435,369,400
436,370,400
437,370,399
438,371,399
439,372,398
440,372,398
441,373,397
442,374,397
443,374,396
444,375,396
445,375,395
446,376,395
447,377,394
448,377,393
449,378,393
450,378,392
451,379,391
452,380,390
453,380,389
454,382,387
455,385,385
1,52
380,452,453
379,451,452
378,449,451
377,447,450
376,446,449
375,444,448
374,442,447
373,441,446
372,439,445
371,437,445
370,436,444
369,434,443
368,432,442
367,431,441
366,429,440
365,427,439
364,426,438
363,424,437
362,422,437
361,421,436
360,419,435
359,417,434
358,416,433
357,414,432
356,412,431
355,411,431
354,409,430
353,407,429
352,406,428
351,406,427
350,406,427
349,406,426
348,406,425
347,406,424
346,406,423
345,406,423
344,406,422
343,406,421
342,405,420
341,405,419
340,405,419
339,405,418
338,405,417
337,405,416
336,405,415
335,405,415
334,405,414
333,404,413
332,404,412
331,404,411
330,404,410
329,405,408
0,0
