1,173
326,56,58
325,54,59
324,52,60
323,51,61
322,49,61
321,48,62
320,47,62
319,46,62
318,46,63
317,45,63
316,44,63
315,43,63
314,42,63
313,41,63
312,41,63
311,40,63
310,39,64
309,39,64
308,38,64
307,37,64
306,37,64
305,36,64
304,36,64
303,35,64
302,35,64
301,34,64
300,33,65
299,33,65
298,32,65
297,32,65
296,31,65
295,31,65
294,30,66
293,30,66
292,29,66
291,29,66
290,28,66
289,28,67
288,28,67
287,27,67
286,27,67
285,27,68
284,27,68
283,26,68
282,26,68
281,26,69
280,26,69
279,26,69
278,27,69
277,27,70
276,28,70
275,29,70
274,31,71
273,35,71
272,38,71
271,39,71
270,40,72
269,41,72
268,42,73
267,43,73
266,44,73
265,44,74
264,45,74
263,46,74
262,46,75
261,47,75
260,48,75
259,48,76
258,49,76
257,49,76
256,50,76
255,51,77
254,51,77
253,52,77
252,52,78
251,54,59
251,53,78
250,54,59
250,53,78
249,54,79
248,54,79
247,55,79
246,55,79
245,56,80
244,56,80
243,57,80
242,57,81
241,58,81
240,58,81
239,59,81
238,59,82
237,60,82
236,60,82
235,61,82
234,61,83
233,62,83
232,62,83
231,63,83
230,63,84
229,64,84
228,64,84
227,65,84
226,65,84
225,66,85
224,66,85
223,66,85
222,67,85
221,67,86
220,68,86
219,68,86
218,69,86
217,69,87
216,69,87
215,70,87
214,70,87
213,71,87
212,71,88
211,71,88
210,72,88
209,72,88
208,73,88
207,73,89
206,73,89
205,74,89
204,74,89
203,75,89
202,75,89
201,75,90
200,76,90
199,76,90
198,77,90
197,77,90
196,77,91
195,78,91
194,78,91
193,78,91
192,79,91
191,79,91
190,79,92
189,80,92
188,80,92
187,80,92
186,81,92
185,81,92
184,82,92
183,82,93
182,82,93
181,83,93
180,83,93
179,83,93
178,84,93
177,84,93
176,84,94
175,85,94
174,85,94
173,85,94
172,86,94
171,86,94
170,86,94
169,87,94
168,87,94
167,87,94
166,88,94
165,88,95
164,88,95
163,89,95
162,89,95
161,89,95
160,90,96
159,90,95
158,90,95
157,91,95
156,92,95
0,0
1,320
90,146,149
91,145,150
92,145,151
93,145,152
94,144,153
95,144,154
96,144,155
97,144,156
98,144,156
99,143,157
100,143,158
101,143,158
102,143,159
103,143,159
104,143,160
105,143,160
106,142,161
107,142,161
108,142,161
109,142,162
110,142,162
111,142,162
112,142,162
113,141,162
114,141,162
115,141,162
116,141,163
117,141,163
118,141,163
119,141,163
120,140,163
121,140,163
122,140,163
123,140,163
124,140,162
125,140,162
126,140,162
127,139,162
128,139,162
129,139,162
130,139,161
131,139,161
132,139,161
133,139,160
134,139,160
135,138,160
136,138,160
137,138,159
138,138,159
139,138,159
140,138,158
141,137,158
142,137,158
143,137,158
144,137,157
145,137,157
146,137,157
147,137,157
148,136,156
149,136,156
150,136,156
151,136,156
152,136,155
153,136,155
154,136,155
155,135,155
156,135,154
157,135,154
158,135,154
159,135,154
160,135,153
161,135,153
162,134,153
163,134,153
164,134,152
165,134,152
166,134,152
167,134,152
168,134,151
169,133,151
170,133,151
171,133,151
172,133,151
173,133,150
174,133,150
175,133,150
176,132,150
177,132,150
178,132,149
179,132,149
180,132,149
181,132,149
182,131,148
183,131,148
184,131,148
185,131,148
186,131,148
187,131,147
188,131,147
189,130,147
190,130,147
191,130,147
192,130,146
193,130,146
194,130,146
195,129,146
196,129,146
197,129,146
198,129,145
199,129,145
200,129,145
201,129,145
202,128,145
203,128,144
204,128,144
205,128,144
206,128,144
207,128,144
208,128,144
209,127,143
210,127,143
211,127,143
212,127,143
213,127,143
214,127,143
215,126,142
216,126,142
217,126,142
218,126,142
219,126,142
220,126,142
221,126,141
222,125,141
223,125,141
224,125,141
225,125,141
226,125,141
227,125,141
228,124,140
229,124,140
230,124,140
231,124,140
232,124,140
233,124,140
234,124,140
235,123,139
236,123,139
237,123,139
238,123,139
239,123,139
240,123,139
241,122,139
242,122,139
243,122,138
244,122,138
245,122,138
246,122,138
247,121,138
248,121,138
249,121,138
250,121,137
251,121,137
252,121,137
253,120,137
254,120,137
255,120,137
256,120,137
257,120,137
258,120,137
259,120,137
260,119,136
261,119,136
262,119,136
263,119,136
264,119,136
265,119,136
266,118,136
267,118,136
268,118,136
269,118,135
270,118,135
271,117,135
272,117,135
273,117,135
274,117,135
275,117,135
276,117,135
277,117,135
278,116,135
279,116,135
280,116,134
281,116,134
282,116,134
283,115,134
284,115,134
285,115,134
286,115,134
287,115,134
288,115,134
289,114,134
290,114,134
291,114,134
292,114,134
293,114,134
294,114,134
295,113,133
296,113,133
297,113,133
298,113,133
299,113,133
300,112,133
301,112,133
302,112,133
303,112,133
304,112,133
305,112,133
306,111,133
307,111,133
308,111,133
309,111,133
310,111,133
311,110,133
312,110,133
313,110,133
314,110,133
315,110,133
316,109,132
317,109,132
318,109,132
319,109,132
320,109,132
321,108,132
322,108,132
323,108,132
324,108,132
325,108,132
326,107,132
327,107,132
328,107,132
329,107,132
330,107,132
331,107,132
332,106,132
333,106,132
334,106,132
335,106,132
336,105,132
337,105,132
338,105,132
339,105,132
340,105,132
341,104,132
342,104,132
343,104,132
344,104,132
345,104,132
346,103,132
347,103,132
348,103,132
349,103,132
350,102,132
351,102,132
352,102,132
353,102,132
354,102,132
355,101,132
356,101,132
357,101,132
358,101,132
359,101,132
360,100,132
361,100,132
362,100,132
363,100,132
364,100,132
365,100,131
366,100,131
367,100,131
368,99,131
369,100,131
370,100,131
371,100,131
372,100,131
373,100,131
374,100,131
375,101,131
376,101,131
377,101,131
378,101,131
379,102,131
380,102,131
381,102,131
382,103,131
383,103,131
384,104,131
385,104,131
386,105,131
387,105,131
388,106,131
389,106,131
390,107,131
391,107,131
392,108,131
393,108,131
394,109,131
395,110,131
396,110,131
397,111,131
398,112,131
399,112,131
400,113,131
401,114,131
402,115,130
403,116,130
404,116,130
405,117,129
406,118,129
407,120,128
408,121,127
409,123,126
0,0
0,394
71,230,230
72,226,232
73,224,235
74,223,238
75,222,240
76,221,242
77,221,244
78,221,245
79,220,247
80,220,249
81,220,250
82,220,252
83,221,253
84,221,255
85,222,256
86,222,257
87,223,259
88,224,260
89,224,261
90,225,263
91,225,264
92,226,265
93,227,266
94,227,267
95,227,267
96,228,268
97,229,268
98,229,268
99,229,269
100,230,269
101,230,268
102,231,268
103,231,268
104,231,268
105,232,268
106,232,267
107,233,267
108,233,266
109,233,266
110,234,266
111,234,265
112,234,265
113,234,265
114,235,265
115,235,265
116,235,264
117,235,264
118,236,264
119,236,264
120,236,264
121,236,263
122,236,263
123,237,263
124,237,263
125,237,263
126,237,263
127,237,263
128,237,263
129,237,263
130,237,262
131,237,262
132,237,262
133,237,262
134,238,262
135,238,262
136,238,262
137,238,262
138,238,262
139,238,261
140,238,261
141,238,261
142,238,261
143,238,261
144,238,261
145,238,261
146,238,261
147,238,261
148,238,261
149,238,261
150,238,261
151,238,261
152,238,260
153,238,260
154,238,260
155,238,260
156,238,260
157,238,260
158,238,260
159,238,260
160,238,260
161,238,260
162,238,260
163,238,260
164,238,260
165,238,260
166,238,260
167,238,260
168,238,260
169,238,260
170,238,259
171,238,259
172,238,259
173,238,259
174,238,259
175,238,259
176,238,259
177,238,259
178,238,259
179,238,259
180,238,259
181,238,259
182,238,259
183,238,259
184,238,259
185,238,259
186,238,259
187,238,259
188,238,259
189,238,259
190,238,259
191,238,259
192,238,259
193,238,259
194,238,259
195,238,259
196,238,258
197,238,258
198,238,258
199,238,258
200,238,258
201,238,258
202,238,258
203,238,258
204,238,258
205,238,258
206,238,258
207,238,258
208,238,258
209,238,258
210,238,258
211,238,258
212,238,258
213,238,258
214,238,258
215,238,258
216,238,258
217,238,258
218,238,258
219,238,258
220,238,258
221,238,258
222,238,258
223,238,258
224,238,258
225,238,258
226,238,258
227,238,258
228,238,258
229,238,258
230,238,258
231,238,258
232,238,258
233,238,258
234,238,258
235,238,258
236,238,258
237,238,258
238,238,258
239,238,258
240,238,258
241,238,258
242,238,258
243,238,258
244,238,258
245,238,258
246,238,258
247,238,258
248,238,258
249,238,258
250,238,258
251,238,258
252,238,258
253,238,258
254,238,258
255,238,257
256,238,257
257,238,257
258,238,257
259,238,257
260,238,257
261,238,257
262,238,257
263,238,257
264,238,257
265,238,257
266,238,257
267,238,257
268,238,257
269,238,257
270,238,257
271,238,257
272,238,257
273,238,257
274,238,257
275,238,257
276,238,257
277,238,257
278,238,257
279,238,257
280,238,257
281,238,257
282,238,257
283,238,257
284,238,257
285,238,257
286,238,257
287,238,257
288,237,257
289,237,257
290,237,257
291,237,257
292,237,257
293,237,257
294,237,257
295,237,257
296,237,257
297,237,257
298,237,257
299,237,257
300,237,257
301,237,257
302,237,257
303,237,257
304,237,257
305,237,257
306,237,257
307,237,257
308,237,257
309,237,257
310,237,257
311,237,257
312,237,257
313,237,257
314,237,257
315,237,257
316,237,257
317,237,257
318,237,257
319,237,257
320,237,257
321,237,257
322,237,257
323,237,257
324,237,257
325,237,257
326,237,257
327,237,257
328,237,257
329,237,257
330,237,257
331,237,257
332,237,257
333,236,257
334,236,257
335,236,257
336,236,257
337,236,257
338,236,257
339,236,257
340,236,257
341,236,257
342,236,257
343,236,257
344,236,257
345,236,257
346,236,257
347,236,257
348,236,257
349,236,257
350,235,257
351,235,257
352,235,257
353,235,257
354,235,257
355,235,257
356,235,257
357,235,257
358,235,257
359,235,257
360,235,257
361,235,257
362,234,257
363,234,257
364,234,257
365,234,257
366,234,257
367,234,257
368,234,257
369,234,257
370,234,257
371,233,257
372,233,257
373,233,257
374,233,257
375,233,257
376,233,257
377,233,257
378,232,257
379,232,257
380,232,257
381,232,257
382,232,257
383,232,257
384,231,257
385,231,257
386,231,257
387,231,257
388,231,257
389,231,257
390,231,257
391,230,257
392,230,257
393,230,257
394,230,257
395,229,257
396,229,257
397,229,257
398,229,257
399,229,258
400,228,258
401,228,258
402,228,258
403,228,258
404,227,258
405,227,258
406,227,258
407,227,258
408,227,258
409,226,258
410,226,258
411,226,258
412,225,258
413,225,258
414,225,258
415,225,258
416,225,258
417,225,258
418,224,258
419,224,258
420,224,258
421,224,258
422,224,258
423,224,258
424,224,258
425,224,258
426,224,258
427,224,258
428,225,258
429,225,258
430,225,258
431,225,258
432,225,258
433,226,258
434,226,258
435,226,258
436,227,257
437,227,257
438,227,257
439,228,257
440,228,257
441,228,257
442,229,256
443,229,256
444,230,256
445,230,256
446,230,255
447,231,255
448,231,255
449,231,254
450,232,254
451,232,253
452,233,253
453,233,252
454,234,252
455,234,251
456,234,251
457,235,250
458,235,250
459,236,249
460,237,249
461,237,248
462,238,247
463,239,246
464,241,244
0,0
0,129
160,177,180
161,174,183
162,172,186
163,172,188
164,171,190
165,171,192
166,171,194
167,171,195
168,171,197
169,172,199
170,172,200
171,172,201
172,173,201
173,173,202
174,174,202
175,174,202
176,174,203
177,175,203
178,175,203
179,175,202
180,175,202
181,176,202
182,176,202
183,176,202
184,176,202
185,176,201
186,177,201
187,177,201
188,177,201
189,177,201
190,177,201
191,177,201
192,178,201
193,178,201
194,178,200
195,178,200
196,178,200
197,178,200
198,178,200
199,178,200
200,178,200
201,178,200
202,179,200
203,179,200
204,179,200
205,179,200
206,179,200
207,179,200
208,179,200
209,179,200
210,179,200
211,179,200
212,179,200
213,179,200
214,179,200
215,179,200
216,179,200
217,179,200
218,179,200
219,179,200
220,179,200
221,179,200
222,179,199
223,179,199
224,179,199
225,179,199
226,179,199
227,179,199
228,179,199
229,179,199
230,178,199
231,178,199
232,178,199
233,178,199
234,178,199
235,178,199
236,178,199
237,178,199
238,178,199
239,178,199
240,178,199
241,178,199
242,177,199
243,177,199
244,177,200
245,177,200
246,177,200
247,177,200
248,177,200
249,177,200
250,177,200
251,176,200
252,176,200
253,176,200
254,176,200
255,176,200
256,176,200
257,176,200
258,176,200
259,176,200
260,176,200
261,176,200
262,176,200
263,176,200
264,176,200
265,176,199
266,176,199
267,176,199
268,176,199
269,176,199
270,176,198
271,177,198
272,177,198
273,177,198
274,178,197
275,178,197
276,179,197
277,179,196
278,179,196
279,180,196
280,180,195
281,181,195
282,181,194
283,182,194
284,183,193
285,184,193
286,184,192
287,186,191
288,187,190
0,0
1,102
95,218,218
96,217,219
97,216,220
98,215,221
99,215,221
100,215,222
101,215,222
102,214,223
103,214,223
104,214,224
105,214,224
106,214,225
107,213,225
108,213,225
109,213,226
110,213,226
111,213,226
112,213,227
113,213,227
114,213,227
115,213,227
116,212,228
117,212,228
118,212,228
119,212,228
120,212,228
121,212,228
122,212,228
123,211,229
124,211,229
125,211,228
126,211,228
127,211,228
128,211,228
129,210,228
130,210,228
131,210,228
132,210,228
133,210,228
134,209,228
135,209,228
136,209,228
137,209,227
138,208,227
139,208,227
140,208,227
141,208,226
142,207,226
143,207,226
144,207,226
145,206,226
146,206,225
147,206,225
148,206,225
149,205,225
150,205,224
151,205,224
152,204,224
153,204,224
154,204,224
155,203,223
156,203,223
157,203,223
158,202,223
159,202,223
160,202,222
161,201,222
162,201,222
163,201,222
164,201,222
165,201,221
166,200,221
167,200,221
168,200,221
169,200,221
170,200,220
171,200,220
172,200,220
173,199,220
174,200,220
175,200,219
176,200,219
177,201,219
178,201,219
179,201,218
180,201,218
181,201,218
182,202,218
183,202,218
184,202,217
185,202,217
186,203,217
187,203,217
188,203,216
189,204,216
190,204,216
191,205,215
192,205,215
193,206,215
194,207,214
195,208,213
195,208,210
0,0
1,168
91,278,279
92,275,281
93,273,282
94,273,283
95,273,284
96,272,285
97,272,286
98,271,287
99,272,287
100,272,288
101,272,288
102,272,289
103,272,290
104,272,290
105,272,291
106,272,291
107,272,286
107,272,292
108,273,284
108,272,286
108,272,292
109,273,284
109,272,286
109,272,293
110,273,284
110,272,286
110,272,293
111,273,284
111,272,286
111,272,294
112,273,284
112,272,286
112,272,294
113,273,284
113,272,286
113,272,295
114,273,284
114,272,286
114,271,295
115,273,284
115,272,286
115,271,295
116,273,284
116,272,286
116,271,296
117,273,284
117,272,286
117,271,296
118,273,284
118,272,286
118,270,297
119,273,284
119,272,286
119,270,297
120,273,284
120,272,286
120,270,297
121,273,284
121,272,286
121,270,297
122,273,284
122,272,286
122,270,298
123,273,284
123,272,286
123,269,297
124,273,284
124,272,286
124,269,297
125,273,284
125,272,286
125,269,297
126,273,284
126,272,286
126,269,297
127,273,284
127,272,286
127,268,297
128,273,284
128,272,286
128,268,296
129,273,284
129,272,286
129,268,296
130,273,284
130,272,286
130,268,296
131,273,284
131,272,286
131,267,295
132,273,284
132,272,286
132,267,295
133,273,284
133,272,286
133,267,294
134,273,284
134,272,286
134,266,294
135,273,284
135,272,286
135,266,293
136,273,284
136,272,286
136,266,292
137,273,284
137,272,286
137,266,291
138,273,284
138,265,290
139,273,284
139,265,290
140,273,284
140,265,289
141,273,284
141,265,288
142,273,284
142,264,287
143,273,284
143,264,287
144,273,284
144,264,286
145,273,284
145,263,285
146,273,284
146,263,285
147,263,284
148,263,283
149,262,283
150,262,282
151,262,281
152,261,280
153,261,280
154,261,279
155,261,278
156,260,278
157,260,277
158,260,276
159,260,276
160,259,275
161,259,275
162,259,274
163,259,273
164,258,272
165,258,272
166,258,271
167,257,271
168,257,270
169,257,269
170,257,269
171,256,268
172,256,267
173,256,267
174,256,266
175,255,265
176,255,265
177,255,264
178,255,264
179,254,263
180,254,263
181,254,262
182,254,261
183,253,261
184,254,260
185,254,259
186,254,258
187,255,257
188,255,256
0,0
0,63
155,376,376
156,373,379
157,372,381
158,371,383
159,371,384
160,371,385
161,371,387
162,371,388
163,371,389
164,370,390
165,370,391
166,369,392
167,369,392
168,368,393
169,367,394
170,367,395
171,366,396
172,364,396
173,363,397
174,362,398
175,361,398
176,360,399
177,359,399
178,358,399
179,356,400
180,355,400
181,354,400
182,353,400
183,352,400
184,350,400
185,349,400
186,348,398
187,346,397
188,345,394
189,344,388
190,342,385
191,341,382
192,339,379
193,338,377
194,336,374
195,335,372
196,333,369
197,332,367
198,330,364
199,328,362
200,327,359
201,325,357
202,324,354
203,322,352
204,321,350
205,319,347
206,318,345
207,316,342
208,315,339
209,313,337
210,312,334
211,310,331
212,309,328
213,308,325
214,307,322
215,307,318
216,307,315
217,308,312
0,0
0,106
151,296,299
152,294,304
153,293,306
154,293,309
155,293,311
156,293,313
157,293,314
158,293,316
159,293,317
160,293,318
161,294,319
162,294,320
163,294,320
164,294,321
165,295,321
166,295,321
167,295,322
168,296,322
169,296,322
170,296,322
171,297,321
172,297,321
173,297,321
174,297,321
175,297,321
176,297,321
177,298,320
178,298,320
179,298,320
180,298,320
181,298,320
182,298,320
183,298,319
184,298,319
185,298,319
186,298,319
187,298,319
188,298,319
189,298,319
190,298,318
191,298,318
192,298,318
193,298,318
194,298,318
195,298,318
196,298,318
197,298,318
198,298,318
199,298,317
200,298,317
201,298,317
202,297,317
203,297,317
204,297,317
205,297,317
206,297,317
207,297,317
208,297,317
209,297,317
210,297,316
211,297,316
212,297,316
213,297,316
214,297,316
215,297,316
216,297,316
217,297,316
218,297,316
219,297,316
220,297,316
221,297,316
222,297,316
223,297,316
224,297,316
225,297,316
226,297,316
227,297,316
228,297,316
229,297,316
230,297,316
231,297,316
232,297,316
233,297,317
234,297,317
235,297,317
236,297,317
237,297,317
238,298,317
239,298,317
240,298,318
241,298,318
242,298,318
243,298,318
244,298,319
245,298,319
246,298,319
247,298,320
248,298,320
249,299,318
250,299,316
251,299,314
252,299,311
253,299,309
254,299,306
255,300,304
256,300,301
1,141
300,257,257
301,256,260
302,256,262
303,256,263
304,255,265
305,255,266
306,254,267
307,254,268
308,254,270
309,253,270
310,253,271
311,252,272
312,252,273
313,252,274
314,251,274
315,251,275
316,250,275
317,250,276
318,249,276
319,249,277
320,248,277
321,250,278
322,251,278
323,252,279
324,253,279
325,254,279
326,255,280
327,255,280
328,256,280
329,256,281
330,257,281
331,257,281
332,258,282
333,258,282
334,259,282
335,259,282
336,259,282
337,260,283
338,260,283
339,260,283
340,260,283
341,261,283
342,261,284
343,261,284
344,261,284
345,261,284
346,262,284
347,262,284
348,262,284
349,262,284
350,262,285
351,262,285
352,262,285
353,262,285
354,262,285
355,262,285
356,262,285
357,262,277
357,262,285
358,262,277
358,262,285
359,262,277
359,262,285
360,262,277
360,262,285
361,262,277
361,262,285
362,262,277
362,262,285
363,262,277
363,262,285
364,262,277
364,262,285
365,262,277
365,262,286
366,262,277
366,262,285
367,262,277
367,261,285
368,262,277
368,261,285
369,262,277
369,261,285
370,262,277
370,261,285
371,262,277
371,261,285
372,262,277
372,260,285
373,262,277
373,260,285
374,262,277
374,259,285
375,262,277
375,259,285
376,262,277
376,258,285
377,262,277
377,258,285
378,257,284
379,256,284
380,255,284
381,255,284
382,255,284
383,255,284
384,256,284
385,256,283
386,256,283
387,256,283
388,256,283
389,256,282
390,256,282
391,256,282
392,256,282
393,256,281
394,256,281
395,256,281
396,256,280
397,256,280
398,256,279
399,256,279
400,256,279
401,256,278
402,256,278
403,256,277
404,256,277
405,256,276
406,256,276
407,256,275
408,256,274
409,256,274
410,256,273
411,256,273
412,256,272
413,256,271
414,256,271
415,257,270
416,257,269
417,258,267
418,262,264
418,262,262
0,45
256,412,416
255,382,415
254,381,415
253,381,414
252,382,414
251,383,414
250,383,413
249,384,413
248,384,413
247,385,412
246,385,412
245,386,412
244,387,411
243,387,411
242,388,411
241,388,411
240,389,410
239,389,410
238,389,410
237,390,409
236,390,409
235,391,409
234,391,409
233,392,408
232,392,408
231,393,408
230,393,408
229,394,407
228,394,407
227,394,407
226,395,407
225,395,407
224,396,406
223,396,406
222,397,406
221,397,406
220,398,406
219,398,405
218,398,405
217,399,405
216,399,405
215,399,405
214,400,404
213,400,404
212,402,402
0,0
0,171
249,243,243
250,240,244
251,239,246
252,238,247
253,237,248
254,236,248
255,235,249
256,235,249
257,234,250
258,234,250
259,233,251
260,233,251
261,232,251
262,231,251
263,231,252
264,230,252
265,229,252
266,229,252
267,228,252
268,227,252
269,227,252
270,226,252
271,226,252
272,225,252
273,224,252
274,224,252
275,223,252
276,223,252
277,222,251
278,221,251
279,221,251
280,220,250
281,219,250
282,219,249
283,218,248
284,217,248
285,217,247
286,216,246
287,215,245
288,214,245
289,214,244
290,213,243
291,212,242
292,212,242
293,211,241
294,210,240
295,209,239
296,208,238
297,208,237
298,207,236
299,206,236
300,205,235
301,205,234
302,204,233
303,203,232
304,202,231
305,201,230
306,200,229
307,200,228
308,199,228
309,198,227
310,197,226
311,196,225
312,195,224
313,194,223
314,193,222
315,192,221
316,192,221
317,190,220
318,189,219
319,188,218
320,187,217
321,186,216
322,185,215
323,184,214
324,183,213
325,182,212
326,181,211
327,180,210
328,179,210
329,178,209
330,177,208
331,176,207
332,175,206
333,174,205
334,173,204
335,172,203
336,171,202
337,170,201
338,169,200
339,168,199
340,167,198
341,165,197
342,164,196
343,163,195
344,162,194
345,161,193
346,160,192
347,159,191
348,158,190
349,156,189
350,155,188
351,154,187
352,153,186
353,152,185
354,151,184
355,149,183
356,148,182
357,147,181
358,146,180
359,145,179
360,143,178
361,142,177
362,141,175
363,139,174
364,138,173
365,137,172
366,135,171
367,134,170
368,133,168
369,131,167
370,130,166
371,128,165
372,127,164
373,126,162
374,124,161
375,122,160
376,121,158
377,120,157
378,118,156
379,117,154
380,115,153
381,114,152
382,112,150
383,111,149
384,109,147
385,108,146
386,106,144
387,105,142
388,103,141
389,102,139
390,100,138
391,99,136
392,97,134
393,96,133
394,94,131
395,92,129
396,91,128
397,89,126
398,88,124
399,86,122
400,85,120
401,83,118
402,81,116
403,80,114
404,78,112
405,77,110
406,75,108
407,74,106
408,72,103
409,70,101
410,69,99
411,67,96
412,66,93
413,65,91
414,64,88
415,63,85
416,63,82
417,63,79
418,64,76
419,68,71
0,0
1,234
242,257,265
243,256,268
244,256,270
245,255,271
246,256,272
247,256,274
248,257,275
249,258,276
250,259,277
251,260,278
252,261,280
253,261,281
254,262,282
255,263,283
256,264,285
257,265,286
258,266,287
259,267,288
260,268,289
261,268,291
262,269,292
263,270,293
264,271,294
265,272,296
266,273,297
267,274,298
268,275,299
269,275,300
270,276,302
271,277,303
272,278,304
273,279,305
274,280,306
275,281,308
276,282,309
277,283,310
278,284,311
279,285,312
280,286,313
281,287,315
282,288,316
283,288,317
284,289,318
285,290,319
286,291,320
287,292,322
288,293,323
289,294,324
290,295,325
291,296,326
292,297,327
293,298,329
294,299,330
295,300,331
296,300,332
297,301,333
298,302,334
299,303,336
300,304,337
301,305,338
302,306,339
303,306,340
304,307,341
305,308,342
306,309,343
307,310,345
308,311,346
309,312,347
310,313,348
311,313,349
312,314,350
313,315,351
314,316,353
315,317,354
316,317,355
317,318,356
318,319,357
319,320,358
320,320,359
321,321,360
322,322,361
323,323,362
324,324,364
325,324,365
326,325,366
327,326,367
328,327,368
329,327,369
330,328,370
331,329,371
332,330,372
333,330,373
334,331,374
335,332,375
336,332,377
337,333,378
338,334,379
339,335,380
340,335,381
341,336,382
342,337,383
343,337,384
344,338,385
345,339,386
346,339,387
347,340,388
348,341,389
349,341,390
350,342,391
351,343,392
352,343,393
353,344,394
354,344,395
355,345,396
356,346,397
357,346,398
358,347,399
359,348,399
360,348,400
361,349,401
362,349,401
363,350,402
364,350,402
365,351,403
366,352,403
367,352,404
368,353,404
369,353,404
370,354,405
371,354,405
372,355,405
373,355,406
374,356,406
375,357,406
376,357,406
377,358,407
378,358,407
379,359,407
380,359,407
381,360,408
382,360,408
383,361,408
384,361,408
385,361,408
386,362,408
387,362,409
388,363,409
389,363,409
390,364,409
391,364,409
392,365,409
393,365,409
394,366,409
395,366,409
396,366,409
397,367,409
398,367,410
399,368,410
400,368,410
401,369,410
402,369,410
403,369,410
404,370,410
405,370,410
406,371,410
407,371,410
408,372,410
409,372,410
410,372,410
411,373,410
412,373,410
413,373,410
414,374,410
415,374,410
416,375,410
417,375,410
418,375,410
419,376,410
420,376,410
421,377,410
422,377,410
423,377,411
424,378,410
425,378,410
426,379,410
427,379,410
428,379,410
429,380,410
430,380,410
431,380,410
432,381,410
433,381,410
434,382,410
435,382,410
436,382,410
437,383,410
438,383,409
439,384,409
440,384,409
441,384,409
442,385,409
443,385,409
444,386,409
445,386,409
446,386,409
447,387,408
448,387,408
449,388,408
450,388,408
451,389,408
452,389,408
453,389,408
454,390,408
455,390,407
456,391,407
457,391,407
458,391,407
459,392,407
460,392,406
461,393,406
462,393,406
463,393,406
464,394,406
465,394,405
466,395,405
467,395,405
468,396,405
469,396,405
470,397,404
471,397,404
472,398,404
473,398,403
474,399,403
475,400,402
0,0
