0,69
114,75,81
115,73,85
116,73,88
117,72,90
118,72,93
119,72,95
120,72,98
121,72,100
122,72,102
123,72,105
124,73,107
125,73,109
126,73,111
127,74,113
128,75,115
129,75,117
130,76,119
131,77,121
132,77,123
133,78,124
134,79,126
135,80,127
136,81,129
137,82,130
138,83,131
139,83,132
140,85,133
141,86,134
142,87,135
143,88,136
144,89,136
145,89,137
146,90,138
147,91,138
148,92,138
149,93,139
150,94,139
151,95,139
152,96,139
153,97,140
154,98,140
155,99,140
156,100,140
157,100,140
158,101,140
159,102,141
160,103,141
161,104,141
162,105,141
163,106,141
164,107,141
165,108,141
166,108,141
167,109,141
168,110,141
169,111,141
170,112,141
171,113,140
172,113,140
173,114,140
174,115,140
175,116,139
176,117,139
177,118,138
178,119,137
179,121,137
180,122,135
181,125,132
182,129,129
0,0
0,163
396,62,62
395,59,65
394,57,66
393,55,67
392,54,68
391,53,68
390,52,68
389,51,69
388,51,69
387,50,69
386,49,69
385,49,69
384,48,69
383,48,69
382,47,70
381,47,70
380,46,70
379,46,70
378,45,71
377,45,71
376,45,71
375,44,71
374,44,72
373,43,72
372,43,72
371,43,73
370,42,73
369,42,73
368,42,74
367,41,74
366,41,74
365,41,75
364,40,75
363,40,75
362,40,76
361,40,76
360,39,76
359,39,77
358,39,77
357,39,77
356,38,78
355,38,78
354,38,78
353,38,79
352,38,79
351,38,80
350,37,80
349,37,80
348,37,81
347,37,81
346,38,82
345,38,82
344,38,82
343,38,83
342,39,83
341,40,84
340,42,84
339,44,84
338,45,85
337,46,85
336,47,86
335,49,86
334,50,87
333,51,87
332,52,87
331,53,88
330,54,88
329,55,89
328,55,89
327,56,90
326,57,90
325,58,91
324,59,91
323,60,91
322,61,92
321,61,92
320,62,93
319,63,93
318,64,94
317,64,94
316,65,95
315,66,95
314,67,95
313,67,96
312,68,96
311,69,97
310,70,97
309,70,98
308,71,98
307,72,99
306,72,99
305,73,99
304,74,100
303,74,100
302,75,101
301,76,101
300,76,102
299,77,102
298,78,102
297,78,103
296,79,103
295,80,104
294,80,104
293,81,105
292,82,105
291,82,106
290,83,106
289,84,106
288,84,107
287,85,107
286,86,108
285,87,108
284,87,109
283,88,109
282,89,110
281,89,110
280,90,110
279,91,111
278,91,111
277,92,112
276,93,112
275,93,113
274,94,113
273,95,114
272,95,114
271,96,114
270,97,115
269,97,115
268,98,116
267,99,116
266,100,117
265,100,117
264,101,118
263,102,118
262,102,118
261,103,119
260,104,119
259,104,120
258,105,120
257,106,121
256,106,121
255,107,122
254,108,122
253,108,122
252,109,123
251,110,123
250,110,124
249,111,124
248,112,125
247,113,125
246,113,126
245,114,126
244,115,126
243,115,127
242,116,127
241,117,128
240,118,128
239,119,128
238,120,128
237,121,128
236,123,128
235,125,128
234,127,127
0,0
0,427
33,261,261
34,255,269
35,253,273
36,251,276
37,251,279
38,250,281
39,250,284
40,250,286
41,250,288
42,250,291
43,250,293
44,250,294
45,251,296
46,251,298
47,252,299
48,252,300
49,253,301
50,254,302
51,254,303
52,255,304
53,256,305
54,257,305
55,257,306
56,258,306
57,258,307
58,259,307
59,260,307
60,260,307
61,261,308
62,261,308
63,262,308
64,262,308
65,262,308
66,263,308
67,263,307
68,263,307
69,264,307
70,264,307
71,264,307
72,264,306
73,265,306
74,265,306
75,265,305
76,265,305
77,265,304
78,265,304
79,266,304
80,266,303
81,266,303
82,266,303
83,266,302
84,266,302
85,266,302
86,266,302
87,266,302
88,266,301
89,266,301
90,266,301
91,267,301
92,267,300
93,267,300
94,267,300
95,267,300
96,267,300
97,267,299
98,267,299
99,267,299
100,267,299
101,267,299
102,267,299
103,267,299
104,267,298
105,267,298
106,267,298
107,267,298
108,267,298
109,267,298
110,267,298
111,267,297
112,267,297
113,267,297
114,267,297
115,267,297
116,267,297
117,267,297
118,267,297
119,267,297
120,267,297
121,267,296
122,267,296
123,267,296
124,267,296
125,267,296
126,267,296
127,267,296
128,267,296
129,267,296
130,267,296
131,267,296
132,267,296
133,267,296
134,267,295
135,267,295
136,267,295
137,267,295
138,267,295
139,267,295
140,267,295
141,267,295
142,267,295
143,267,295
144,267,295
145,267,295
146,267,295
147,267,295
148,267,295
149,267,295
150,267,295
151,267,295
152,267,295
153,267,295
154,267,295
155,267,295
156,267,295
157,267,295
158,267,295
159,267,294
160,267,294
161,267,294
162,267,294
163,267,294
164,267,294
165,267,294
166,267,294
167,267,294
168,267,294
169,267,294
170,267,294
171,267,294
172,267,294
173,267,294
174,267,294
175,267,294
176,267,294
177,267,294
178,267,294
179,267,294
180,267,294
181,267,294
182,267,294
183,267,294
184,267,294
185,267,294
186,267,294
187,267,294
188,267,294
189,267,294
190,267,294
191,267,294
192,267,294
193,267,294
194,267,294
195,267,294
196,267,294
197,267,294
198,267,294
199,267,294
200,267,294
201,267,294
202,267,294
203,267,294
204,267,294
205,267,294
206,267,294
207,267,294
208,267,294
209,267,294
210,267,294
211,267,294
212,267,294
213,267,294
214,267,294
215,267,294
216,267,294
217,267,294
218,267,294
219,267,294
220,267,294
221,267,294
222,267,294
223,267,294
224,267,294
225,267,294
226,267,294
227,267,294
228,267,294
229,267,294
230,267,294
231,267,294
232,266,294
233,266,294
234,266,294
235,266,294
236,266,294
237,266,294
238,266,294
239,266,294
240,266,294
241,266,294
242,266,294
243,266,294
244,266,294
245,266,294
246,266,294
247,266,294
248,266,294
249,266,294
250,266,294
251,266,294
252,266,294
253,266,294
254,266,294
255,266,294
256,266,294
257,266,294
258,266,294
259,266,294
260,266,294
261,266,294
262,266,294
263,266,294
264,266,294
265,266,294
266,266,294
267,266,294
268,266,294
269,266,294
270,266,294
271,266,294
272,266,294
273,266,294
274,266,294
275,266,294
276,266,294
277,266,294
278,266,295
279,266,295
280,266,295
281,266,295
282,266,295
283,266,295
284,266,295
285,266,295
286,266,295
287,266,295
288,265,295
289,265,295
290,265,295
291,265,295
292,265,295
293,265,295
294,265,295
295,265,295
296,265,295
297,265,295
298,265,295
299,265,295
300,265,295
301,265,295
302,265,295
303,265,295
304,265,295
305,265,295
306,265,295
307,265,295
308,265,296
309,265,296
310,265,296
311,265,296
312,265,296
313,265,296
314,265,296
315,265,296
316,265,296
317,265,296
318,265,296
319,265,296
320,265,296
321,265,296
322,265,296
323,264,296
324,264,296
325,264,296
326,264,296
327,264,296
328,264,296
329,264,296
330,264,296
331,264,297
332,264,297
333,264,297
334,264,297
335,264,297
336,264,297
337,264,297
338,264,297
339,264,297
340,264,297
341,264,297
342,264,297
343,264,297
344,264,297
345,264,297
346,264,297
347,264,297
348,263,297
349,263,297
350,263,297
351,263,298
352,263,298
353,263,298
354,263,298
355,263,298
356,263,298
357,263,298
358,263,298
359,263,298
360,263,298
361,263,298
362,263,298
363,263,298
364,262,298
365,262,298
366,262,299
367,262,299
368,262,299
369,262,299
370,262,299
371,262,299
372,262,299
373,262,299
374,262,299
375,261,299
376,261,299
377,261,299
378,261,299
379,261,299
380,261,299
381,261,299
382,261,299
383,260,299
384,260,299
385,260,299
386,260,299
387,260,299
388,259,299
389,259,299
390,259,299
391,258,299
392,258,299
393,259,299
394,259,299
395,259,299
396,259,299
397,260,299
398,260,299
399,260,299
400,260,299
401,261,299
402,261,299
403,261,299
404,261,299
405,262,298
406,262,298
407,262,298
408,262,298
409,263,298
410,263,298
411,263,298
412,263,298
413,264,298
414,264,297
415,264,297
416,264,297
417,265,297
418,265,297
419,265,297
420,265,296
421,265,296
422,266,296
423,266,296
424,266,296
425,266,295
426,267,295
427,267,295
428,267,295
429,267,294
430,268,294
431,268,294
432,268,294
433,268,293
434,269,293
435,269,293
436,269,292
437,269,292
438,270,291
439,270,291
440,270,291
441,270,290
442,271,290
443,271,289
444,271,289
445,271,288
446,272,288
447,272,287
448,272,287
449,272,286
450,273,286
451,273,285
452,273,284
453,273,284
454,273,283
455,274,282
456,274,281
457,274,280
458,274,278
459,275,275
1,74
275,458,459
274,453,458
273,449,458
272,445,458
271,441,457
270,437,457
269,433,457
268,429,456
267,425,455
266,420,454
265,416,453
264,412,452
263,408,451
262,404,449
261,400,448
260,396,447
259,392,445
258,391,443
257,392,442
256,392,440
255,393,438
254,393,437
253,393,435
252,393,434
251,393,433
250,393,432
249,393,430
248,393,429
247,393,428
246,393,427
245,392,426
244,392,425
243,392,424
242,392,423
241,392,422
240,392,421
239,391,420
238,391,419
237,391,418
236,391,417
235,391,416
234,390,415
233,390,414
232,390,413
231,390,412
230,390,411
229,389,411
228,389,410
227,389,409
226,389,408
225,389,407
224,389,406
223,388,406
222,388,405
221,388,404
220,388,403
219,388,402
218,387,401
217,387,401
216,387,400
215,386,399
214,386,398
213,386,398
212,385,397
211,385,396
210,385,395
209,385,394
208,385,394
207,385,393
206,384,392
205,384,391
204,384,390
203,385,388
202,385,386
0,0
1,82
127,211,213
128,210,214
129,209,215
130,209,216
131,209,217
132,209,217
133,208,218
134,208,219
135,208,219
136,208,220
137,208,220
138,208,221
139,208,221
140,208,222
141,208,222
142,208,223
143,207,223
144,207,224
145,207,224
146,207,225
147,207,225
148,207,225
149,207,225
150,207,226
151,207,226
152,206,226
153,206,226
154,206,226
155,206,226
156,206,226
157,206,227
158,206,226
159,206,226
160,205,226
161,205,226
162,205,226
163,205,226
164,205,225
165,205,225
166,204,225
167,204,225
168,204,224
169,204,224
170,204,224
171,204,223
172,203,223
173,203,223
174,203,222
175,203,222
176,203,222
177,202,221
178,202,221
179,202,221
180,202,220
181,202,220
182,201,220
183,201,219
184,201,219
185,201,219
186,200,218
187,200,218
188,200,218
189,199,218
190,199,217
191,199,217
192,199,217
193,198,216
194,198,216
195,198,216
196,197,215
197,197,215
198,197,215
199,196,215
200,196,214
201,196,214
202,195,214
203,195,214
204,194,214
205,194,209
206,193,205
207,193,200
208,192,196
0,202
190,214,222
191,210,227
192,209,230
193,208,232
194,208,235
195,208,237
196,207,239
197,207,241
198,207,243
199,207,244
200,207,246
201,206,247
202,206,248
203,206,249
204,206,250
205,205,250
206,205,251
207,205,251
208,205,251
209,205,251
210,204,250
211,204,250
212,204,249
213,204,248
214,204,247
215,205,246
216,206,245
217,207,244
218,207,243
219,207,243
220,207,242
221,207,241
222,207,241
223,207,240
224,207,240
225,207,239
226,206,239
227,206,238
228,206,237
229,205,237
230,205,237
231,204,236
232,204,236
233,204,235
234,203,235
235,203,234
236,202,234
237,202,233
238,202,233
239,201,232
240,201,232
241,200,231
242,200,231
243,200,231
244,199,230
245,199,230
246,198,229
247,198,229
248,198,228
249,197,228
250,197,227
251,196,227
252,196,226
253,196,226
254,195,225
255,195,225
256,194,225
257,194,224
258,193,223
259,193,223
260,193,223
261,192,222
262,192,222
263,191,221
264,191,221
265,190,220
266,190,220
267,189,219
268,189,219
269,189,218
270,188,218
271,188,217
272,187,217
273,187,216
274,186,215
275,186,215
276,185,214
277,185,214
278,185,213
279,184,213
280,184,212
281,183,212
282,183,211
283,182,211
284,182,210
285,181,210
286,181,209
287,180,208
288,179,208
289,179,207
290,179,207
291,178,206
292,177,206
293,177,205
294,176,205
295,176,204
296,175,203
297,175,203
298,174,202
299,174,202
300,173,201
301,173,201
302,172,200
303,172,199
304,171,199
305,170,198
306,170,197
307,169,197
308,168,196
309,168,196
310,167,195
311,167,194
312,166,194
313,166,193
314,165,192
315,164,192
316,164,191
317,163,190
318,162,190
319,162,189
320,161,188
321,160,187
322,160,187
323,159,186
324,158,185
325,157,185
326,157,184
327,156,183
328,155,182
329,154,181
330,154,181
331,153,180
332,152,179
333,151,178
334,150,177
335,150,177
336,149,176
337,148,175
338,147,174
339,146,173
340,145,172
341,145,171
342,144,170
343,143,169
344,142,168
345,141,167
346,140,166
347,139,165
348,138,164
349,138,163
350,137,162
351,136,161
352,135,160
353,134,159
354,133,158
355,132,157
356,131,155
357,130,154
358,129,153
359,128,152
360,127,151
361,126,150
362,125,148
363,124,147
364,123,146
365,122,145
366,121,144
367,120,142
368,119,141
369,117,140
370,116,138
371,115,137
372,114,136
373,113,134
374,112,133
375,111,131
376,110,130
377,109,128
378,108,127
379,106,125
380,105,124
381,104,122
382,103,120
383,102,119
384,101,117
385,100,115
386,99,114
387,98,112
388,97,110
389,97,107
390,98,105
391,99,99
0,0
0,114
115,371,374
116,368,379
117,366,382
118,365,385
119,365,387
120,365,389
121,365,391
122,365,393
123,365,395
124,365,396
125,365,398
126,365,400
127,366,401
128,366,403
129,366,404
130,366,405
131,366,406
132,366,407
133,366,408
134,365,409
135,365,410
136,365,411
137,365,412
138,364,413
139,364,413
140,363,414
141,363,414
142,362,415
143,361,415
144,361,415
145,360,415
146,359,414
147,359,414
148,358,413
149,358,412
150,357,411
151,356,410
152,356,408
153,355,407
154,355,405
155,354,403
156,353,401
157,353,399
158,352,398
159,351,396
160,351,395
161,350,393
162,349,392
163,349,391
164,348,389
165,347,388
166,347,387
167,346,386
168,345,385
169,344,384
170,344,382
171,343,381
172,342,380
173,341,378
174,341,377
175,340,376
176,339,375
177,338,374
178,337,372
179,337,371
180,336,370
181,335,369
182,334,368
183,333,366
184,333,365
185,332,364
186,331,363
187,330,361
188,329,360
189,328,359
190,328,358
191,327,357
192,326,356
193,325,354
194,324,353
195,323,352
196,323,351
197,322,349
198,321,348
199,320,347
200,319,346
201,318,344
202,318,343
203,317,342
204,316,341
205,315,339
206,314,338
207,313,336
208,313,335
209,312,334
210,311,332
211,310,331
212,309,329
213,308,328
214,308,326
215,307,325
216,306,324
217,305,322
218,304,321
219,303,319
220,303,318
221,302,316
222,301,315
223,301,314
224,301,312
225,300,311
226,300,309
227,300,308
228,302,306
0,0
1,207
277,204,211
278,203,213
279,202,215
280,203,217
281,203,218
282,203,219
283,204,221
284,204,222
285,205,224
286,206,225
287,207,226
288,208,228
289,209,229
290,210,230
291,211,232
292,212,233
293,213,234
294,214,236
295,215,237
296,216,238
297,217,240
298,218,241
299,219,242
300,219,244
301,220,245
302,221,246
303,222,247
304,223,249
305,224,250
306,225,251
307,226,253
308,227,254
309,228,255
310,229,257
311,230,258
312,231,259
313,232,260
314,233,262
315,233,263
316,234,264
317,235,266
318,236,267
319,237,268
320,238,269
321,239,271
322,240,272
323,241,273
324,242,274
325,243,276
326,243,277
327,244,278
328,245,279
329,246,281
330,247,282
331,248,283
332,249,284
333,250,285
334,251,287
335,251,288
336,252,289
337,253,290
338,254,291
339,255,293
340,256,294
341,257,295
342,257,296
343,258,298
344,259,299
345,260,300
346,261,301
347,262,302
348,263,303
349,264,305
350,264,306
351,265,307
352,266,308
353,267,309
354,268,310
355,268,312
356,269,313
357,270,314
358,271,315
359,272,316
360,272,318
361,273,319
362,274,320
363,275,321
364,275,322
365,276,323
366,277,324
367,278,325
368,279,327
369,279,328
370,280,329
371,281,330
372,281,331
373,282,332
374,283,334
375,284,335
376,284,336
377,285,337
378,286,338
379,287,339
380,287,340
381,288,341
382,289,342
383,289,343
384,290,343
385,291,344
386,291,344
387,292,344
388,293,345
389,293,345
390,294,345
391,295,346
392,295,346
393,296,346
394,296,346
395,297,347
396,298,347
397,298,347
398,299,347
399,299,347
400,300,347
401,300,347
402,301,347
403,302,347
404,302,348
405,303,348
406,303,348
407,304,348
408,304,348
409,305,348
410,305,348
411,306,348
412,306,348
413,307,348
414,307,348
415,308,348
416,308,348
417,309,348
418,309,348
419,309,348
420,310,348
421,310,348
422,311,348
423,311,348
424,312,348
425,312,347
426,313,347
427,313,347
428,313,347
429,314,347
430,314,347
431,315,347
432,315,347
433,316,347
434,316,347
435,316,347
436,317,347
437,317,346
438,318,346
439,318,346
440,318,346
441,319,346
442,319,346
443,320,346
444,320,346
445,320,346
446,321,346
447,321,345
448,322,345
449,322,345
450,322,345
451,323,345
452,323,345
453,323,345
454,324,345
455,324,345
456,325,345
457,325,344
458,325,344
459,326,344
460,326,344
461,327,344
462,327,344
463,327,344
464,328,343
465,328,343
466,328,343
467,329,343
468,329,343
469,330,343
470,330,342
471,331,342
472,331,342
473,331,342
474,332,341
475,332,341
476,333,341
477,333,341
478,334,340
479,334,340
480,335,340
481,335,339
482,336,338
483,337,337
0,0
