0,271
124,71,78
125,69,82
126,68,85
127,67,88
128,67,90
129,67,92
130,67,94
131,68,95
132,68,97
133,69,99
134,70,100
135,70,101
136,71,103
137,71,104
138,72,106
139,72,107
140,73,108
141,73,109
142,74,110
143,74,111
144,75,112
145,75,113
146,76,113
147,76,114
148,77,115
149,77,115
150,78,116
151,78,116
152,78,116
153,79,116
154,79,116
155,80,116
156,80,116
157,80,116
158,81,116
159,81,116
160,81,116
161,82,117
162,82,117
163,83,117
164,83,117
165,83,117
166,84,117
167,84,117
168,84,117
169,85,117
170,85,117
171,85,117
172,85,117
173,86,117
174,86,117
175,86,117
176,87,117
177,87,117
178,87,117
179,87,117
180,88,117
181,88,117
182,88,117
183,89,117
184,89,117
185,89,117
186,89,118
187,90,118
188,90,118
189,90,118
190,90,118
191,91,118
192,91,118
193,91,118
194,91,118
195,91,118
196,92,118
197,92,118
198,92,118
199,92,118
200,92,118
201,93,118
202,93,118
203,93,119
204,93,119
205,93,119
206,94,119
207,94,119
208,94,119
209,94,119
210,94,119
211,95,119
212,95,119
213,95,119
214,95,119
215,95,119
216,95,119
217,95,120
218,96,120
219,96,120
220,96,120
221,96,120
222,96,120
223,96,120
224,96,120
225,97,120
226,97,120
227,97,120
228,97,120
229,97,121
230,97,121
231,97,121
232,97,121
233,98,121
234,98,121
235,98,121
236,98,121
237,98,121
238,98,121
239,98,121
240,98,121
241,98,122
242,99,122
243,99,122
244,99,122
245,99,122
246,99,122
247,99,122
248,99,122
249,99,122
250,99,122
251,99,123
252,99,123
253,99,123
254,100,123
255,100,123
256,100,123
257,100,123
258,100,123
259,100,123
260,100,124
261,100,124
262,100,124
263,100,124
264,100,124
265,100,124
266,100,124
267,101,124
268,101,124
269,101,124
270,101,125
271,101,125
272,101,125
273,101,125
274,101,125
275,101,125
276,101,125
277,101,125
278,101,125
279,101,126
280,101,126
281,101,126
282,101,126
283,101,126
284,101,126
285,102,126
286,102,126
287,102,126
288,102,126
289,102,127
290,102,127
291,102,127
292,102,127
293,102,127
294,102,127
295,102,127
296,102,127
297,102,127
298,102,127
299,102,128
300,102,128
301,102,128
302,102,128
303,102,128
304,102,128
305,102,128
306,102,128
307,102,128
308,102,129
309,102,129
310,102,129
311,102,129
312,102,129
313,102,129
314,102,129
315,102,129
316,102,129
317,102,129
318,102,130
319,102,130
320,102,130
321,102,130
322,102,130
323,102,130
324,102,130
325,102,130
326,102,130
327,102,130
328,102,131
329,102,131
330,102,131
331,102,131
332,102,131
333,102,131
334,102,131
335,102,131
336,102,131
337,102,131
338,102,132
339,102,132
340,102,132
341,102,132
342,102,132
343,102,133
344,102,133
345,102,133
346,102,133
347,103,134
348,103,134
349,103,134
350,103,134
351,103,134
352,103,134
353,103,135
354,103,135
355,104,135
356,104,135
357,104,135
358,104,135
359,104,136
360,105,136
361,105,136
362,105,136
363,106,136
364,106,136
365,106,136
366,107,136
367,107,136
368,107,136
369,108,136
370,108,136
371,109,136
372,109,136
373,110,136
374,110,136
375,111,136
376,111,136
377,112,136
378,112,136
379,113,136
380,113,136
381,114,136
382,115,136
383,116,136
384,116,136
385,117,135
386,118,135
387,119,135
388,120,135
389,120,134
390,122,134
391,123,134
392,124,133
393,126,132
394,129,129
0,0
1,80
94,140,144
95,139,145
96,139,146
97,138,147
98,138,148
99,138,149
100,138,150
101,137,150
102,137,151
103,137,151
104,137,152
105,136,152
106,136,153
107,136,153
108,136,154
109,136,154
110,135,154
111,135,154
112,135,154
113,135,155
114,134,155
115,134,155
116,134,155
117,134,155
118,134,155
119,133,154
120,133,154
121,133,154
122,133,154
123,132,154
124,132,154
125,132,153
126,132,153
127,131,152
128,131,152
129,131,152
130,131,151
131,130,151
132,130,150
133,130,150
134,129,149
135,129,149
136,129,148
137,129,148
138,128,147
139,128,147
140,128,146
141,127,146
142,127,146
143,127,145
144,126,145
145,126,144
146,126,144
147,125,143
148,125,143
149,125,142
150,124,142
151,124,142
152,123,141
153,123,141
154,123,141
155,122,140
156,122,140
157,122,139
158,123,139
159,124,139
160,125,138
161,125,138
162,126,137
163,127,137
164,127,137
165,128,136
166,129,136
167,130,136
168,130,135
169,131,135
170,132,135
171,133,135
172,133,134
173,134,134
0,187
102,193,193
103,188,197
104,185,198
105,183,200
106,181,202
107,180,205
108,179,207
109,178,209
110,177,211
111,175,213
112,174,215
113,173,217
114,171,219
115,170,221
116,168,222
117,167,223
118,165,224
119,163,225
120,160,225
121,158,226
122,157,226
123,158,226
124,159,226
125,161,226
126,162,226
127,163,225
128,165,225
129,166,224
130,168,224
131,169,223
132,170,223
133,172,222
133,172,177
133,177,222
134,173,174
134,182,222
134,182,222
135,185,222
136,187,221
137,187,221
138,188,221
139,189,220
140,189,220
141,190,220
142,190,220
143,190,219
144,190,219
145,190,219
146,191,219
147,191,219
148,191,219
149,191,218
150,191,218
151,191,218
152,191,218
153,191,218
154,191,218
155,191,218
156,191,218
157,191,218
158,191,218
159,191,218
160,191,217
161,191,217
162,191,217
163,191,217
164,191,217
165,191,217
166,191,217
167,191,217
168,191,217
169,191,217
170,191,217
171,191,217
172,191,217
173,191,217
174,191,217
175,191,217
176,191,217
177,191,217
178,191,217
179,191,217
180,191,217
181,191,217
182,191,217
183,191,217
184,191,217
185,191,217
186,191,217
187,191,217
188,191,217
189,191,217
190,191,217
191,191,217
192,191,217
193,191,217
194,191,217
195,191,217
196,191,217
197,191,217
198,191,217
199,191,217
200,191,217
201,191,217
202,191,217
203,192,217
204,192,217
205,192,217
206,192,217
207,192,217
208,192,217
209,192,217
210,192,217
211,192,217
212,192,217
213,192,217
214,192,217
215,192,217
216,192,217
217,191,217
218,191,217
219,191,217
220,191,217
221,191,217
222,191,217
223,191,217
224,191,218
225,191,217
226,191,217
227,191,217
228,191,217
229,191,217
230,191,217
231,191,217
232,191,218
233,191,218
234,191,218
235,191,218
236,191,218
237,191,218
238,191,219
239,191,219
240,191,220
241,190,220
242,190,221
243,190,222
244,190,224
244,190,224
244,233,234
245,190,229
245,229,235
245,190,235
246,190,236
247,190,237
248,190,238
249,190,238
250,190,239
251,189,240
252,189,241
253,189,242
254,189,242
255,189,243
256,189,244
257,190,245
258,190,246
259,190,243
260,190,241
261,191,238
262,191,236
263,192,233
264,192,231
265,192,229
266,193,227
267,194,226
268,194,225
269,195,223
270,195,222
271,196,221
272,197,220
273,198,219
274,199,218
275,199,217
276,200,216
277,201,214
278,202,213
279,204,211
280,206,208
1,72
234,244,244
235,244,245
236,244,246
237,244,248
238,243,249
239,243,250
240,243,251
241,243,253
242,243,254
243,243,255
244,242,256
245,242,257
246,242,258
247,242,258
248,242,257
249,241,257
250,241,257
251,241,256
252,241,256
253,241,256
254,241,256
255,240,256
256,240,255
257,240,255
258,240,255
259,240,255
260,239,255
261,239,255
262,239,255
263,239,255
264,239,254
265,238,254
266,238,254
267,238,254
268,238,254
269,238,254
270,238,254
271,237,254
272,237,254
273,237,254
274,237,254
275,237,254
276,237,254
277,236,254
278,236,254
279,236,254
280,236,254
281,236,254
282,236,254
283,236,254
284,235,254
285,235,254
286,235,254
287,236,254
288,236,254
289,236,254
290,236,254
291,236,254
292,237,254
293,237,254
294,238,254
295,238,254
296,239,254
297,240,254
298,241,254
299,241,254
300,242,254
301,243,254
302,244,253
303,245,253
304,247,252
305,249,251
0,0
0,156
92,277,283
93,275,286
94,274,288
95,273,290
96,273,292
97,273,293
98,273,295
99,273,296
100,273,297
101,273,299
102,273,300
103,273,301
104,273,302
105,274,303
106,274,304
107,274,305
108,274,306
109,275,307
110,275,308
111,275,309
112,276,310
113,276,311
114,276,311
115,276,312
116,276,312
117,277,313
118,277,313
119,277,314
120,277,314
121,277,314
122,277,314
123,278,315
124,278,315
125,278,315
126,278,315
127,278,315
128,278,314
129,278,314
130,279,314
131,279,314
132,279,314
133,279,313
134,279,313
135,279,313
136,279,312
137,279,312
138,279,312
139,279,311
140,279,311
141,279,311
142,279,311
143,279,311
144,279,310
145,279,310
146,279,310
147,279,310
148,279,309
149,279,309
150,279,309
151,279,309
152,279,308
153,279,308
154,279,308
155,279,308
156,279,308
157,279,307
158,279,307
159,279,307
160,278,307
161,278,306
162,278,306
163,278,306
164,278,306
165,278,306
166,278,305
167,278,305
168,278,305
169,278,305
170,278,305
171,278,304
172,278,304
173,277,304
174,277,304
175,277,304
176,277,303
177,277,303
178,277,303
179,277,303
180,277,303
181,277,302
182,277,302
183,276,302
184,276,302
185,276,302
186,276,302
187,276,301
188,276,301
189,276,301
190,276,301
191,276,301
192,276,300
193,276,300
194,275,300
195,275,300
196,275,300
197,275,299
198,275,299
199,275,299
200,275,299
201,275,299
202,275,299
203,274,299
204,274,298
205,274,298
206,274,298
207,274,298
208,274,298
209,274,297
210,274,297
211,274,297
212,274,297
213,273,297
214,273,297
215,273,296
216,273,296
217,273,296
218,273,296
219,273,296
220,273,296
221,273,295
222,272,295
223,272,295
224,272,295
225,272,295
226,272,295
227,272,295
228,272,294
229,272,294
230,272,294
231,272,294
232,271,294
233,271,294
234,271,293
235,271,293
236,271,293
237,271,293
238,271,293
239,271,293
240,271,292
241,270,292
242,270,292
243,270,292
244,270,292
245,278,292
246,286,292
247,291,291
0,0
1,98
289,113,116
290,112,117
291,112,118
292,111,119
293,111,120
294,111,121
295,111,121
296,111,122
297,111,123
298,111,123
299,111,124
300,111,125
301,111,125
302,111,126
303,111,126
304,111,127
305,111,127
306,111,127
307,110,128
308,110,128
309,110,128
310,110,128
311,110,129
312,110,129
313,110,129
314,110,129
315,109,129
316,109,130
317,109,129
318,109,129
319,109,129
320,109,129
321,109,129
322,109,128
323,108,128
324,108,128
325,108,128
326,108,128
327,108,128
328,108,127
329,107,127
330,107,127
331,107,127
332,107,127
333,107,126
334,107,126
335,106,126
336,106,126
337,106,126
338,106,126
339,106,125
340,105,125
341,105,125
342,105,125
343,105,125
344,105,124
345,104,124
346,104,124
347,104,124
348,104,124
349,103,124
350,103,123
351,103,123
352,103,123
353,102,123
354,102,123
355,102,123
356,102,122
357,101,122
358,101,122
359,101,122
360,100,122
361,100,122
362,100,122
363,100,121
364,99,121
365,99,121
366,99,121
367,98,121
368,98,121
369,98,121
370,97,121
371,97,121
372,97,120
373,96,120
374,96,120
375,96,120
376,95,120
377,95,120
378,94,120
379,94,120
380,94,120
381,98,120
382,103,121
383,109,121
384,114,121
385,119,122
385,120,122
0,332
91,392,392
92,385,400
93,381,404
94,380,407
95,380,410
96,380,412
97,380,414
98,381,416
99,381,417
100,381,419
101,381,421
102,381,422
103,381,424
104,382,425
105,382,427
106,382,428
107,382,430
108,382,431
109,383,432
110,383,433
111,383,435
112,383,436
113,383,437
114,384,438
115,384,438
116,384,439
117,384,440
118,384,440
119,384,441
120,385,441
121,385,441
122,385,442
123,386,442
124,386,442
125,386,442
126,387,442
127,387,441
128,387,441
129,388,441
130,388,440
131,388,440
132,388,439
133,388,438
134,389,438
135,389,437
136,389,436
137,389,435
138,389,434
139,389,434
140,389,433
141,389,432
142,390,432
143,390,431
144,390,430
145,390,430
146,390,429
147,390,429
148,390,428
149,390,428
150,390,427
151,390,427
152,390,427
153,390,426
154,390,426
155,390,425
156,391,425
157,391,425
158,391,425
159,391,424
160,391,424
161,391,424
162,391,423
163,391,423
164,391,423
165,391,423
166,391,423
167,391,422
168,391,422
169,391,422
170,391,422
171,391,422
172,391,421
173,391,421
174,391,421
175,391,421
176,391,421
177,391,421
178,391,421
179,391,421
180,391,421
181,391,421
182,391,421
183,391,420
184,391,420
185,391,420
186,391,420
187,391,420
188,391,420
189,391,420
190,391,420
191,391,420
192,391,420
193,391,420
194,391,420
195,391,420
196,391,420
197,391,420
198,390,419
199,390,419
200,390,419
201,390,419
202,390,419
203,390,419
204,390,419
205,390,419
206,390,419
207,390,419
208,390,419
209,390,419
210,390,419
211,390,419
212,390,418
213,390,418
214,390,418
215,390,418
216,390,418
217,389,418
218,389,418
219,389,418
220,389,418
221,389,418
222,389,418
223,389,418
224,389,418
225,389,418
226,389,418
227,389,418
228,389,417
229,388,417
230,388,417
231,388,417
232,388,417
233,388,417
234,388,417
235,388,417
236,388,417
237,388,417
238,388,417
239,387,417
240,387,417
241,387,417
242,387,417
243,387,416
244,387,416
245,387,416
246,387,416
247,387,416
248,386,416
249,386,416
250,386,416
251,386,416
252,386,416
253,386,416
254,386,416
255,386,416
256,385,416
257,385,416
258,385,416
259,385,415
260,385,415
261,385,415
262,384,415
263,384,415
264,384,415
265,384,415
266,384,415
267,384,415
268,384,415
269,383,415
270,383,415
271,383,415
272,383,415
273,383,415
274,383,415
275,382,414
276,382,414
277,382,414
278,382,414
279,382,414
280,382,414
281,381,414
282,381,414
283,381,414
284,381,414
285,381,414
286,380,414
287,380,414
288,380,414
289,380,414
290,380,414
291,380,413
292,379,413
293,379,413
294,379,413
295,379,413
296,379,413
297,378,413
298,378,413
299,378,413
300,378,412
301,378,412
302,377,412
303,377,412
304,377,412
305,377,412
306,376,412
307,376,412
308,376,411
309,376,411
310,376,411
311,375,411
312,375,411
313,375,411
314,375,410
315,374,410
316,374,410
317,374,410
318,374,410
319,373,410
320,373,409
321,373,409
322,373,409
323,372,409
324,372,409
325,372,408
326,372,408
327,371,408
328,371,408
329,371,407
330,370,407
331,370,407
332,370,407
333,370,407
334,369,406
335,369,406
336,369,406
337,368,406
338,368,405
339,368,405
340,367,405
341,367,405
342,367,404
342,341,341
342,367,404
343,338,344
343,366,404
344,337,346
344,366,404
345,337,348
345,365,403
346,337,349
346,365,403
347,337,351
347,364,403
348,337,353
348,364,403
349,337,355
349,363,402
350,337,357
350,362,402
351,338,359
351,359,402
351,338,402
352,338,401
353,338,401
354,339,401
355,339,400
356,339,400
357,340,400
358,340,399
359,341,399
360,341,399
361,341,398
362,342,398
363,342,398
364,343,397
365,343,397
366,343,397
367,344,396
368,344,396
369,345,396
370,345,395
371,346,395
372,346,394
373,347,394
374,347,394
375,348,393
376,348,393
377,349,392
378,349,392
379,350,391
380,350,391
381,351,391
382,351,390
383,352,390
384,352,389
385,353,389
386,353,388
387,354,388
388,354,388
389,355,387
390,355,387
391,356,386
392,356,386
393,357,385
394,357,385
395,358,384
396,359,384
397,359,384
398,360,383
399,360,383
400,361,382
401,362,382
402,363,381
403,363,381
404,364,380
405,365,379
406,366,378
407,367,378
408,368,376
409,369,374
410,373,373
0,0
1,242
120,364,365
121,362,367
122,361,369
123,361,370
124,361,371
125,361,373
126,360,374
127,360,375
128,360,375
129,360,376
130,360,377
131,360,378
132,360,378
133,360,379
134,360,379
135,360,379
136,359,379
137,359,379
138,359,380
139,359,380
140,359,380
141,359,381
142,359,380
143,359,380
144,359,380
145,359,380
146,359,380
147,359,380
148,359,380
149,359,380
150,358,379
151,358,379
152,358,379
153,358,379
154,358,379
155,358,378
156,358,378
157,358,378
158,358,378
159,358,378
160,358,377
161,357,377
162,357,377
163,357,377
164,357,377
165,357,377
166,357,376
167,357,376
168,357,376
169,357,376
170,357,376
171,356,376
172,356,376
173,356,375
174,356,375
175,356,375
176,356,375
177,356,375
178,356,375
179,356,374
180,355,374
181,355,374
182,355,374
183,355,374
184,355,374
185,355,374
186,355,374
187,355,373
188,355,373
189,354,373
190,354,373
191,354,373
192,354,373
193,354,373
194,354,372
195,354,372
196,354,372
197,353,372
198,353,372
199,353,372
200,353,372
201,353,372
202,353,371
203,353,371
204,353,371
205,352,371
206,352,371
207,352,371
208,352,371
209,352,371
210,352,371
211,352,370
212,352,370
213,351,370
214,351,370
215,351,370
216,351,370
217,351,370
218,351,370
219,351,370
220,350,369
221,350,369
222,350,369
223,350,369
224,350,369
225,350,369
226,350,369
227,349,369
228,349,369
229,349,369
230,349,369
231,349,368
232,349,368
233,349,368
234,348,368
235,348,368
236,348,368
237,348,368
238,348,368
239,348,368
240,347,368
241,347,367
242,347,367
243,347,367
244,347,367
245,347,367
246,347,367
247,346,367
248,346,367
249,346,367
250,346,367
251,346,367
252,346,366
253,345,366
254,345,366
255,345,366
256,345,366
257,345,366
258,345,366
259,344,366
260,344,366
261,344,366
262,344,366
263,344,366
264,344,365
265,343,365
266,343,365
267,343,365
268,343,365
269,343,365
270,343,365
271,342,365
272,342,365
273,342,365
274,342,365
275,342,365
276,342,365
277,341,364
278,341,364
279,341,364
280,341,364
281,341,364
282,340,364
283,340,364
284,340,364
285,340,364
286,340,364
287,340,364
288,339,364
289,339,364
290,339,364
291,339,363
292,339,363
293,338,363
294,338,363
295,338,363
296,338,363
297,338,363
298,337,363
299,337,363
300,337,363
301,337,363
302,337,363
303,337,363
304,336,363
305,336,363
306,336,362
307,336,362
308,336,362
309,335,362
310,335,362
311,335,362
312,335,362
313,335,362
314,334,362
315,334,362
316,334,362
317,334,362
318,334,362
319,334,362
320,334,362
321,334,362
322,333,362
323,333,361
324,333,361
325,333,361
326,334,361
327,334,361
328,334,361
329,334,361
330,334,361
331,334,361
332,334,361
333,334,361
334,334,361
335,335,361
336,335,361
337,335,361
338,335,361
339,336,361
340,336,361
341,337,360
342,337,360
343,338,360
344,338,360
345,339,360
346,339,360
347,340,360
348,341,360
349,341,360
350,342,360
351,343,360
352,343,360
353,344,360
354,345,360
355,346,360
356,347,359
357,348,359
358,349,359
359,350,358
360,352,357
361,354,355
0,0
