0,53
40,137,144
41,136,148
42,135,152
43,135,155
44,135,158
45,135,161
46,135,163
47,135,166
48,135,168
49,136,171
50,136,173
51,137,175
52,137,177
53,138,179
54,139,180
55,140,182
56,141,183
57,142,184
58,142,185
59,143,186
60,144,187
61,145,187
62,147,188
63,148,188
64,149,189
65,150,189
66,151,189
67,152,190
68,153,190
69,154,190
70,155,190
71,156,191
72,157,191
73,158,191
74,158,191
75,159,191
76,160,191
77,161,191
78,162,191
79,163,191
80,164,191
81,165,191
82,166,191
83,167,191
84,168,191
85,168,190
86,170,190
87,171,189
88,172,189
89,173,188
90,175,187
91,178,184
92,181,181
0,0
1,223
56,119,120
57,118,121
58,117,122
59,117,123
60,117,124
61,116,125
62,116,125
63,116,126
64,116,127
65,116,128
66,116,129
67,116,129
68,115,130
69,115,131
70,115,132
71,115,132
72,115,133
73,115,134
74,115,134
75,115,135
76,115,135
77,115,135
78,114,136
79,114,136
80,114,136
81,114,136
82,114,136
83,114,136
84,114,137
85,114,136
86,114,136
87,114,136
88,114,136
89,113,136
90,113,135
91,113,135
92,113,135
93,113,135
94,113,135
95,113,135
96,113,134
97,113,134
98,113,134
99,113,134
100,113,134
101,112,133
102,112,133
103,112,133
104,112,133
105,112,133
106,112,133
107,112,132
108,112,132
109,112,132
110,112,132
111,112,132
112,112,132
113,111,131
114,111,131
115,111,131
116,111,131
117,111,131
118,111,131
119,111,130
120,111,130
121,111,130
122,111,130
123,111,130
124,111,130
125,110,129
126,110,129
127,110,129
128,110,129
129,110,129
130,110,129
131,110,128
132,110,128
133,110,128
134,109,128
135,109,128
136,109,128
137,109,127
138,109,127
139,109,127
140,109,127
141,109,127
142,108,127
143,108,127
144,108,126
145,108,126
146,108,126
147,108,126
148,108,126
149,107,126
150,107,125
151,107,125
152,107,125
153,107,125
154,107,125
155,107,125
156,106,125
157,106,124
158,106,124
159,106,124
160,106,124
161,106,124
162,105,124
163,105,124
164,105,123
165,105,123
166,105,123
167,105,123
168,104,123
169,104,123
170,104,123
171,104,123
172,104,122
173,104,122
174,103,122
175,103,122
176,103,122
177,103,122
178,103,122
179,102,121
180,102,121
181,102,121
182,102,121
183,102,121
184,101,121
185,101,121
186,101,121
187,101,121
188,101,120
189,100,120
190,100,120
191,100,120
192,100,120
193,100,120
194,99,120
195,99,120
196,99,119
197,99,119
198,99,119
199,98,119
200,98,119
201,98,119
202,98,119
203,98,119
204,97,118
205,97,118
206,97,118
207,97,118
208,97,118
209,96,118
210,96,118
211,96,118
212,96,117
213,95,117
214,95,117
215,95,117
216,95,117
217,95,117
218,94,117
219,94,117
220,94,117
221,94,116
222,94,116
223,93,116
224,93,116
225,93,116
226,93,116
227,93,116
228,92,116
229,92,116
230,92,115
231,92,115
232,91,115
233,91,115
234,91,115
235,91,115
236,90,115
237,90,115
238,90,115
239,90,115
240,90,114
241,89,114
242,89,114
243,89,114
244,89,114
245,89,114
246,89,114
247,89,114
248,89,114
249,89,113
250,88,113
251,89,113
252,89,113
253,89,113
254,89,113
255,90,113
256,90,113
257,90,113
258,90,112
259,91,112
260,91,112
261,92,112
262,92,112
263,92,112
264,93,112
265,93,112
266,94,112
267,94,112
268,95,112
269,95,112
270,96,112
271,96,112
272,97,111
273,97,111
274,98,111
275,99,110
276,99,109
277,100,108
278,101,107
0,0
0,152
103,199,199
104,196,202
105,195,204
106,194,206
107,193,208
108,193,209
109,193,210
110,193,211
111,192,213
112,192,214
113,192,215
114,192,216
115,192,217
116,192,218
117,191,219
118,191,220
119,191,220
120,191,221
121,191,222
122,190,223
123,190,224
124,190,224
125,189,225
126,189,225
127,189,225
128,189,225
129,188,225
130,188,225
131,188,225
132,187,225
133,187,224
134,187,223
135,186,222
136,186,221
137,185,220
138,185,219
139,184,218
140,184,217
141,183,216
142,183,216
143,182,215
144,182,214
145,181,213
146,181,212
147,180,212
148,180,211
149,179,210
150,178,209
151,178,208
152,177,208
153,176,207
154,176,206
155,175,205
156,175,205
157,174,204
158,173,203
159,172,202
160,172,202
161,171,201
162,170,200
163,169,200
164,169,199
165,168,198
166,167,197
167,166,197
168,166,196
169,165,195
170,164,194
171,163,194
172,162,193
173,162,192
174,161,191
175,160,191
176,159,190
177,158,189
178,157,188
179,156,187
180,155,187
181,154,186
182,154,185
183,153,184
184,152,183
185,151,182
186,150,181
187,149,181
188,147,180
189,146,179
190,145,178
191,144,177
192,143,176
193,142,175
194,141,174
195,140,173
196,139,172
197,138,171
198,137,170
199,135,169
200,134,168
201,133,167
202,132,166
203,131,165
204,129,164
205,128,163
206,127,162
207,125,161
208,124,160
209,123,159
210,121,158
211,120,156
212,119,155
213,117,154
214,116,153
215,114,151
216,113,150
217,111,149
218,110,147
219,108,146
220,107,145
221,105,143
222,103,142
223,101,140
224,100,139
225,98,137
226,96,135
227,94,134
228,93,132
229,91,130
230,89,129
231,87,127
232,85,125
233,83,123
234,81,121
235,79,119
236,77,117
237,75,115
238,74,113
239,71,110
240,69,108
241,68,105
242,65,103
243,63,100
244,61,97
245,59,95
246,57,92
247,55,89
248,53,85
249,51,82
250,50,78
251,50,74
252,50,69
253,52,64
254,55,58
0,0
0,98
155,92,94
156,89,98
157,89,102
158,89,105
159,89,108
160,89,112
161,89,115
162,89,118
163,90,122
164,91,125
165,92,128
166,94,131
167,95,135
168,97,138
169,100,141
170,102,144
171,105,147
172,107,150
173,109,153
174,112,157
175,114,160
176,116,163
177,119,166
178,121,168
179,123,171
180,126,174
181,128,177
182,130,180
183,132,183
184,134,186
185,136,189
186,138,191
187,141,194
188,143,197
189,145,199
190,147,202
191,149,205
192,151,207
193,153,210
194,155,212
195,157,215
196,159,217
197,161,219
198,163,221
199,165,224
200,167,226
201,169,228
202,171,230
203,173,232
204,175,234
205,176,236
206,178,238
207,180,240
208,182,242
209,184,243
210,186,245
211,187,247
212,189,248
213,191,249
214,193,250
215,195,252
216,196,253
217,198,254
218,200,254
219,201,255
220,203,256
221,205,257
222,206,257
223,208,258
224,210,258
225,211,259
226,213,259
227,214,259
228,216,260
229,218,260
230,219,260
231,221,261
232,222,261
233,224,261
234,225,261
235,227,261
236,228,261
237,230,262
238,231,262
239,233,262
240,234,262
241,236,262
242,237,262
243,238,261
244,240,261
245,241,261
246,242,261
247,243,260
248,245,260
249,246,259
250,248,259
251,251,257
252,254,254
0,0
0,173
258,102,102
259,98,106
260,94,111
261,93,113
262,92,116
263,91,118
264,91,120
265,90,122
266,91,124
267,91,126
268,91,128
269,92,130
270,92,131
271,93,131
272,94,132
273,94,132
274,95,132
275,95,132
276,96,132
277,96,132
278,97,132
279,97,132
280,97,131
281,98,131
282,98,131
283,98,130
284,98,130
285,98,130
286,99,129
287,99,129
288,99,129
289,99,129
290,99,128
291,99,128
292,99,128
293,99,128
294,99,128
295,100,127
296,100,127
297,100,127
298,100,127
299,100,127
300,100,127
301,100,127
302,100,127
303,101,127
304,101,127
305,101,127
306,101,127
307,101,127
308,101,126
309,101,126
310,101,126
311,101,126
312,101,126
313,101,126
314,101,126
315,101,126
316,101,126
317,101,126
318,101,126
319,101,126
320,101,126
321,101,126
322,101,126
323,101,126
324,100,125
325,100,125
326,100,125
327,100,125
328,100,125
329,100,125
330,100,125
331,100,125
332,99,125
333,99,125
334,99,125
335,99,124
336,99,124
337,99,124
338,99,124
339,98,124
340,98,124
341,98,123
342,98,123
343,98,123
344,97,123
345,97,122
346,97,122
347,97,122
348,97,121
349,97,121
350,96,121
351,96,120
352,96,120
353,95,120
354,95,119
355,95,119
356,95,119
357,94,118
358,94,118
359,94,117
360,93,117
361,93,117
362,93,116
363,92,116
364,92,116
365,92,115
366,91,115
367,91,114
368,91,114
369,90,114
370,90,113
371,89,113
372,89,113
373,89,112
374,88,112
375,88,111
376,87,111
377,87,111
378,86,110
379,85,110
380,85,109
381,84,109
382,84,108
383,83,107
384,83,107
385,82,106
386,82,105
387,81,105
388,80,104
389,80,103
390,79,103
391,78,102
392,78,101
393,77,100
394,76,99
395,75,99
396,75,98
397,74,97
398,73,96
399,72,95
400,71,94
401,70,93
402,69,92
403,68,91
404,68,90
405,67,89
406,66,88
407,65,87
408,64,86
409,63,85
410,62,84
411,61,82
412,60,81
413,59,80
414,58,79
415,56,77
416,55,76
417,54,75
418,53,73
419,52,71
420,51,70
421,50,68
422,49,67
423,48,65
424,47,63
425,46,61
426,45,59
427,44,56
428,44,54
429,44,51
430,47,47
0,0
0,211
242,197,200
243,195,203
244,193,206
245,192,208
246,192,210
247,191,212
248,191,214
249,191,215
250,191,217
251,191,218
252,191,220
253,191,221
254,192,223
255,193,224
256,193,226
257,194,227
258,194,228
259,195,229
260,195,230
261,196,231
262,196,232
263,197,233
264,197,233
265,198,233
266,198,234
267,198,234
268,198,234
269,199,233
270,199,233
271,199,233
272,199,233
273,200,232
274,200,232
275,200,231
276,200,231
277,200,231
278,200,231
279,200,231
280,200,230
281,200,230
282,200,230
283,200,230
284,200,230
285,200,230
286,200,230
287,200,230
288,201,229
289,201,229
290,201,229
291,201,229
292,201,229
293,201,229
294,201,229
295,201,229
296,201,229
297,201,229
298,201,229
299,201,229
300,201,229
301,201,229
302,201,228
303,201,228
304,201,228
305,201,228
306,201,228
307,201,228
308,201,228
309,201,228
310,201,228
311,201,228
312,202,228
313,202,228
314,202,228
315,202,228
316,202,228
317,202,228
318,202,228
319,202,228
320,202,228
321,202,228
322,202,228
323,202,228
324,202,228
325,202,228
326,202,228
327,202,228
328,202,228
329,202,228
330,202,228
331,202,228
332,202,228
333,202,228
334,202,228
335,202,227
336,202,227
337,202,227
338,202,227
339,202,227
340,202,227
341,202,227
342,202,227
343,202,227
344,202,227
345,202,227
346,202,227
347,202,227
348,202,227
349,202,227
350,202,227
351,202,227
352,202,227
353,202,227
354,202,227
355,202,227
356,202,227
357,202,227
358,202,227
359,202,227
360,203,227
361,203,227
362,203,227
363,203,227
364,203,227
365,203,227
366,203,227
367,203,227
368,203,227
369,203,227
370,203,227
371,203,227
372,202,227
373,202,227
374,202,227
375,202,227
376,202,227
377,202,227
378,202,227
379,202,227
380,202,227
381,202,227
382,202,227
383,202,227
384,202,227
385,202,227
386,202,227
387,202,227
388,201,227
389,201,227
390,201,227
391,201,227
392,201,227
393,201,227
394,201,227
395,201,227
396,200,227
397,200,227
398,200,227
399,200,227
400,200,227
401,199,227
402,199,227
403,199,227
404,199,227
405,199,227
406,198,227
407,198,227
408,198,227
409,198,227
410,198,227
411,198,227
412,197,227
413,197,227
414,197,227
415,197,227
416,197,227
417,197,227
418,197,227
419,197,227
420,197,227
421,198,227
422,198,227
423,198,227
424,198,227
425,199,227
426,199,227
427,199,227
428,200,227
429,200,227
430,200,227
431,201,227
432,201,226
433,202,226
434,202,226
435,202,226
436,203,225
437,203,225
438,203,225
439,204,224
440,204,224
441,205,223
442,205,223
443,206,222
444,206,222
445,207,221
446,207,221
447,208,220
448,208,220
449,209,219
450,210,218
451,211,217
452,212,216
0,0
0,165
148,303,303
149,300,306
150,297,309
151,296,312
152,295,314
153,295,316
154,295,318
155,295,320
156,295,322
157,295,324
158,295,325
159,295,327
160,295,328
161,296,329
162,296,330
163,296,331
164,297,331
165,297,332
166,297,332
167,298,332
168,298,332
169,299,332
170,299,332
171,299,332
172,299,332
173,300,332
174,300,332
175,300,332
176,300,332
177,301,331
178,301,331
179,301,331
180,301,331
181,302,331
182,302,331
183,302,331
184,302,331
185,302,331
186,302,331
187,303,330
188,303,330
189,303,330
190,303,330
191,303,330
192,303,330
193,303,330
194,303,330
195,304,330
196,304,330
197,304,330
198,304,330
199,304,330
200,304,330
201,304,330
202,304,330
203,304,330
204,304,329
205,304,329
206,304,329
207,305,329
208,305,329
209,305,329
210,305,329
211,305,329
212,305,329
213,305,329
214,305,329
215,305,329
216,305,329
217,305,329
218,305,329
219,305,329
220,305,329
221,305,329
222,305,329
223,305,329
224,305,329
225,305,329
226,305,329
227,305,329
228,305,329
229,305,329
230,305,329
231,305,329
232,305,329
233,305,329
234,305,329
235,305,329
236,305,329
237,305,329
238,304,329
239,304,330
240,304,330
241,304,330
242,304,330
243,304,330
244,304,330
245,304,330
246,304,330
247,304,330
248,304,330
249,304,330
250,304,330
251,304,330
252,304,330
253,303,330
254,303,330
255,303,330
256,303,330
257,303,330
258,303,330
259,303,330
260,303,330
261,303,330
262,303,330
263,302,330
264,302,330
265,302,330
266,302,330
267,302,330
268,302,331
269,302,331
270,302,331
271,302,331
272,301,331
273,301,331
274,301,331
275,301,331
276,301,331
277,301,331
278,301,331
279,301,331
280,301,331
281,301,331
282,301,330
283,301,330
284,301,330
285,301,330
286,301,330
287,301,330
288,302,329
289,302,329
290,302,329
291,302,329
292,303,328
293,303,328
294,303,328
295,304,327
296,304,327
297,305,327
298,305,327
299,305,326
300,306,326
301,306,326
302,307,325
303,307,325
304,308,324
305,309,324
306,309,323
307,310,323
308,311,322
309,311,322
310,312,321
311,313,320
312,315,318
0,0
0,406
52,373,377
53,369,384
54,367,387
55,366,390
56,365,393
57,365,396
58,365,398
59,365,401
60,365,403
61,365,405
62,365,406
63,366,408
64,366,409
65,367,410
66,368,411
67,369,412
68,369,413
69,370,414
70,371,414
71,371,415
72,372,415
73,373,416
74,373,416
75,374,416
76,374,417
77,375,417
78,375,417
79,376,417
80,376,417
81,376,416
82,377,416
83,377,416
84,377,416
85,378,416
86,378,415
87,378,415
88,379,415
89,379,414
90,379,414
91,379,414
92,379,413
93,379,413
94,380,413
95,380,412
96,380,412
97,380,412
98,380,412
99,380,412
100,380,411
101,380,411
102,380,411
103,380,411
104,380,411
105,380,410
106,380,410
107,381,410
108,381,410
109,381,410
110,381,410
111,381,409
112,381,409
113,381,409
114,381,409
115,381,409
116,381,409
117,381,409
118,381,408
119,381,408
120,381,408
121,381,408
122,381,408
123,381,408
124,381,408
125,381,408
126,381,408
127,381,408
128,381,408
129,381,407
130,381,407
131,381,407
132,381,407
133,381,407
134,381,407
135,381,407
136,381,407
137,381,407
138,381,407
139,381,407
140,382,407
141,382,407
142,382,407
143,382,407
144,382,407
145,382,407
146,382,406
147,382,406
148,382,406
149,382,406
150,382,406
151,382,406
152,382,406
153,382,406
154,382,406
155,382,406
156,382,406
157,382,406
158,382,406
159,382,406
160,382,406
161,382,406
162,382,406
163,382,406
164,382,406
165,382,406
166,382,406
167,382,406
168,382,406
169,382,406
170,382,406
171,382,406
172,382,406
173,382,406
174,382,406
175,382,406
176,382,406
177,382,406
178,382,406
179,382,406
180,382,406
181,382,406
182,382,406
183,382,406
184,382,406
185,382,406
186,382,406
187,382,406
188,382,406
189,382,406
190,382,406
191,382,406
192,382,406
193,382,406
194,382,406
195,382,406
196,382,406
197,382,406
198,382,406
199,382,406
200,382,406
201,382,406
202,382,406
203,382,406
204,382,406
205,382,406
206,382,406
207,382,406
208,382,406
209,382,406
210,382,406
211,382,406
212,382,406
213,382,406
214,382,406
215,382,406
216,382,406
217,382,406
218,382,406
219,382,406
220,382,406
221,382,406
222,382,406
223,382,406
224,382,406
225,382,406
226,382,406
227,382,406
228,382,406
229,382,406
230,382,406
231,382,406
232,382,406
233,382,406
234,382,406
235,382,406
236,382,406
237,382,406
238,382,406
239,382,406
240,382,406
241,382,406
242,382,406
243,382,406
244,382,406
245,382,406
246,382,406
247,382,406
248,382,406
249,382,406
250,382,406
251,382,406
252,382,406
253,382,406
254,382,406
255,382,406
256,382,406
257,382,407
258,382,407
259,382,407
260,382,407
261,382,407
262,382,407
263,382,407
264,382,407
265,382,407
266,382,407
267,382,407
268,382,407
269,382,407
270,382,407
271,382,407
272,382,407
273,382,407
274,382,407
275,382,407
276,382,407
277,382,407
278,382,407
279,382,407
280,382,407
281,382,407
282,382,407
283,382,407
284,382,407
285,382,407
286,382,407
287,382,407
288,382,407
289,382,407
290,382,408
291,382,408
292,382,408
293,382,408
294,382,408
295,382,408
296,382,408
297,382,408
298,382,408
299,382,408
300,382,408
301,382,408
302,382,408
303,382,408
304,382,408
305,382,408
306,382,408
307,382,408
308,382,408
309,382,408
310,382,408
311,382,408
312,382,409
313,382,409
314,382,409
315,382,409
316,382,409
317,382,409
318,382,409
319,382,409
320,382,409
321,382,409
322,382,409
323,382,409
324,382,409
325,382,409
326,382,409
327,382,409
328,382,409
329,382,409
330,382,409
331,382,409
332,382,410
333,381,410
334,381,410
335,381,410
336,381,410
337,381,410
338,381,410
339,381,410
340,381,410
341,381,410
342,381,410
343,381,410
344,381,410
345,381,410
346,381,410
347,381,410
348,381,411
349,381,411
350,381,411
351,381,411
352,381,411
353,381,411
354,381,411
355,381,411
356,381,411
357,381,411
358,381,411
359,381,411
360,381,411
361,381,411
362,381,411
363,380,412
364,380,412
365,380,412
366,380,412
367,380,412
368,380,412
369,380,412
370,380,412
371,380,412
372,380,412
373,380,412
374,380,412
375,380,412
376,380,413
377,380,413
378,380,413
379,379,413
380,379,413
381,379,413
382,379,413
383,379,413
384,379,413
385,379,413
386,379,413
387,379,413
388,378,413
389,378,413
390,378,413
391,378,413
392,378,413
393,378,413
394,377,413
395,377,413
396,376,413
397,377,413
398,377,413
399,377,413
400,377,413
401,378,413
402,378,413
403,378,413
404,378,413
405,379,413
406,379,413
407,379,413
408,379,412
409,380,412
410,380,412
411,380,412
412,380,412
413,381,412
414,381,412
415,381,412
416,381,412
417,382,411
418,382,411
419,382,411
420,382,411
421,382,411
422,383,411
423,383,410
424,383,410
425,383,410
426,384,410
427,384,410
428,384,409
429,384,409
430,385,409
431,385,408
432,385,408
433,385,408
434,386,408
435,386,407
436,386,407
437,386,407
438,387,406
439,387,406
440,387,405
441,387,405
442,388,404
443,388,404
444,388,403
445,388,403
446,389,403
447,389,402
448,389,401
449,389,401
450,390,400
451,390,400
452,390,399
453,390,398
454,391,397
455,391,396
456,391,394
457,391,391
1,74
391,453,457
390,449,456
389,445,456
388,441,455
387,437,455
386,433,455
385,429,454
384,425,453
383,421,453
382,416,452
381,412,451
380,408,450
379,404,449
378,400,447
377,396,446
376,396,445
375,397,443
374,397,442
373,397,440
372,397,438
371,397,437
370,397,435
369,397,434
368,397,433
367,397,432
366,397,430
365,397,429
364,397,428
363,397,427
362,396,426
361,396,425
360,396,424
359,395,423
358,395,422
357,395,421
356,394,420
355,394,419
354,394,418
353,394,417
352,393,416
351,393,415
350,393,415
349,392,414
348,392,413
347,392,412
346,391,411
345,391,410
344,391,409
343,391,409
342,390,408
341,390,407
340,390,406
339,389,405
338,389,405
337,389,404
336,389,403
335,388,402
334,388,402
333,388,401
332,387,400
331,387,399
330,387,398
329,386,398
328,386,397
327,386,396
326,385,396
325,385,395
324,385,394
323,385,393
322,385,392
321,384,391
320,384,390
319,384,389
318,385,388
0,0
