1,182
50,193,197
51,192,199
52,191,200
53,191,201
54,191,202
55,191,203
56,190,204
57,190,205
58,190,205
59,190,206
60,190,207
61,190,208
62,190,208
63,190,209
64,190,209
65,190,210
66,190,210
67,190,211
68,190,211
69,190,212
70,190,212
71,190,212
72,190,213
73,190,213
74,190,213
75,190,213
76,190,213
77,190,213
78,190,214
79,190,213
80,190,213
81,190,213
82,190,213
83,190,213
84,190,213
85,190,212
86,190,212
87,189,212
88,189,212
89,189,211
90,189,211
91,189,211
92,189,211
93,189,210
94,189,210
95,189,210
96,188,209
97,188,209
98,188,209
99,188,208
100,188,208
101,188,208
102,188,208
103,188,207
104,187,207
105,187,207
106,187,207
107,187,206
108,187,206
109,187,206
110,187,205
111,186,205
112,186,205
113,186,205
114,186,204
115,186,204
116,186,204
117,186,204
118,185,203
119,185,203
120,185,203
121,185,203
122,185,202
123,185,202
124,184,202
125,184,202
126,184,201
127,184,201
128,184,201
129,184,201
130,183,200
131,183,200
132,183,200
133,183,200
134,183,199
135,183,199
136,183,199
137,182,199
138,182,198
139,182,198
140,182,198
141,182,198
142,181,197
143,181,197
144,181,197
145,181,197
146,181,196
147,180,196
148,180,196
149,180,196
150,180,195
151,180,195
152,179,195
153,179,195
154,179,195
155,179,194
156,179,194
157,178,194
158,178,194
159,178,193
160,178,193
161,178,193
162,177,193
163,177,193
164,177,192
165,177,192
166,176,192
167,176,192
168,176,192
169,176,191
170,175,191
171,175,191
172,175,191
173,175,191
174,174,191
175,174,190
176,174,190
177,174,190
178,173,190
179,173,190
180,173,189
181,173,189
182,172,189
183,172,189
184,172,189
185,172,189
186,171,188
187,171,188
188,171,188
189,170,188
190,170,188
191,170,188
192,170,188
193,169,188
194,169,187
195,169,187
196,168,187
197,168,187
198,168,187
199,167,187
200,167,187
201,167,187
202,166,186
203,166,186
204,166,186
205,165,186
206,165,186
207,165,186
208,164,186
209,164,186
210,164,186
211,163,186
212,163,186
213,163,186
214,162,186
215,162,186
216,162,186
217,161,186
218,161,186
219,160,186
220,160,186
221,160,186
222,159,186
223,159,186
224,162,186
225,166,186
226,170,186
227,174,186
228,178,187
229,182,187
230,186,188
230,187,188
0,284
156,232,241
157,227,246
158,224,249
159,223,251
160,223,253
161,223,255
162,224,257
163,224,259
164,224,261
165,224,263
166,225,264
167,225,266
168,225,267
169,225,269
170,226,270
171,226,271
172,226,272
173,226,273
174,226,274
175,227,275
176,227,275
177,227,276
178,227,276
179,228,276
180,228,276
181,228,276
182,228,276
183,229,276
184,229,275
185,229,275
186,229,275
187,230,274
188,230,273
189,230,273
190,231,272
191,231,272
192,231,271
193,231,270
194,231,270
195,231,269
196,232,269
197,232,268
198,232,268
199,232,268
200,232,267
201,232,267
202,232,266
203,232,266
204,232,266
205,232,265
206,232,265
207,232,265
208,232,264
209,232,264
210,232,264
211,232,264
212,232,263
213,232,263
214,232,263
215,232,263
216,232,262
217,232,262
218,232,262
219,232,262
220,232,262
221,232,261
222,232,261
223,232,261
224,232,261
225,232,261
226,232,260
227,232,260
228,231,260
229,231,260
230,231,260
231,231,259
232,231,259
233,231,259
234,231,259
235,231,259
236,231,259
237,231,258
238,231,258
239,231,258
240,231,258
241,231,258
242,231,258
243,231,258
244,230,258
245,230,257
246,230,257
247,230,257
248,230,257
249,230,257
250,230,257
251,230,257
252,230,257
253,230,257
254,230,256
255,230,256
256,230,256
257,229,256
258,229,256
259,229,256
260,229,256
261,229,256
262,229,256
263,229,256
264,229,256
265,229,255
266,229,255
267,228,255
268,228,255
269,228,255
270,228,255
271,228,255
272,228,255
273,228,255
274,228,255
275,227,255
276,227,255
277,227,254
278,227,254
279,227,254
280,227,254
281,227,254
282,227,254
283,226,254
284,226,254
285,226,254
286,226,254
287,226,254
288,226,253
289,226,253
290,225,253
291,225,253
292,225,253
293,225,253
294,225,253
295,225,253
296,224,253
297,224,253
298,224,252
299,224,252
300,224,252
301,224,252
302,223,252
303,223,252
304,223,252
305,223,251
306,223,251
307,222,251
308,222,251
309,222,251
310,222,251
311,222,251
312,221,251
313,221,250
314,221,250
315,221,250
316,221,250
317,220,250
318,220,250
319,220,250
320,220,249
321,219,249
322,219,249
323,219,249
324,219,249
325,218,249
326,218,248
327,218,248
328,218,248
329,217,248
330,217,248
331,217,248
332,216,247
333,216,247
334,216,247
335,216,247
336,215,246
337,215,246
338,215,246
339,215,246
340,214,246
341,214,245
342,214,245
343,213,245
344,213,245
345,213,245
346,212,244
347,212,244
348,212,244
349,211,244
350,211,243
351,210,243
352,210,243
353,210,243
354,209,242
355,209,242
356,209,242
357,208,242
358,208,241
359,208,241
360,207,241
361,207,241
362,206,240
363,206,240
364,206,240
365,205,239
366,205,239
367,204,239
368,204,238
369,203,238
370,203,238
371,203,237
372,202,237
373,202,237
374,201,236
375,201,236
376,200,236
377,200,235
378,199,235
379,199,235
380,198,234
381,197,234
382,197,234
383,196,233
384,196,233
385,195,232
386,194,232
387,194,232
388,193,231
389,192,231
390,191,230
391,191,230
392,191,230
393,191,229
394,190,229
395,190,228
396,190,228
397,190,227
398,190,227
399,190,226
400,190,226
401,190,226
402,190,225
403,190,224
404,190,224
405,190,223
406,190,223
407,190,222
408,190,222
409,190,221
410,190,221
411,189,220
412,189,219
413,189,219
414,189,218
415,189,217
416,189,217
417,189,216
418,189,215
419,189,215
420,189,214
421,189,213
422,189,212
423,189,211
424,189,210
425,189,209
426,189,208
427,189,207
428,188,206
429,188,205
430,188,204
431,188,203
432,188,202
433,188,201
434,188,199
435,188,198
436,188,196
437,188,194
438,188,192
439,188,189
1,58
191,391,392
190,391,409
189,392,426
188,393,439
187,393,439
186,394,439
185,394,440
184,394,439
183,394,439
182,394,439
181,394,439
180,394,439
179,394,438
178,394,438
177,393,437
176,393,437
175,393,436
174,393,435
173,392,434
172,392,433
171,392,431
170,391,430
169,391,428
168,390,427
167,390,425
166,390,423
165,389,422
164,389,420
163,388,419
162,388,417
161,388,416
160,387,414
159,387,413
158,386,411
157,386,410
156,386,409
155,385,407
154,385,406
153,384,405
152,384,404
151,384,402
150,383,401
149,383,400
148,382,399
147,382,398
146,382,396
145,381,395
144,381,394
143,380,393
142,380,392
141,380,391
140,379,390
139,378,388
138,378,387
137,378,386
136,378,385
135,378,383
134,379,382
0,0
0,381
50,155,155
51,149,160
52,147,164
53,146,167
54,145,169
55,145,171
56,145,173
57,145,175
58,145,177
59,145,178
60,145,180
61,146,182
62,146,183
63,147,185
64,147,186
65,148,187
66,149,189
67,149,190
68,150,191
69,151,192
70,151,193
71,152,194
72,153,195
73,153,196
74,154,197
75,154,198
76,155,198
77,155,199
78,156,199
79,156,200
80,156,200
81,157,200
82,157,200
83,157,200
84,158,199
85,158,199
86,158,199
87,158,198
88,158,198
89,158,197
90,158,197
91,158,196
92,158,196
93,158,195
94,158,195
95,158,194
96,158,194
97,158,194
98,158,193
99,158,193
100,158,192
101,158,192
102,158,192
103,157,191
104,157,191
105,157,190
106,157,190
107,157,190
108,157,189
109,157,189
110,157,189
111,156,188
112,156,188
113,156,188
114,156,187
115,156,187
116,156,187
117,156,186
118,155,186
119,155,186
120,155,185
121,155,185
122,155,185
123,155,184
124,155,184
125,155,184
126,154,184
127,154,183
128,154,183
129,154,183
130,154,183
131,154,183
132,154,182
133,153,182
134,153,182
135,153,182
136,153,182
137,153,181
138,153,181
139,152,181
140,152,181
141,152,181
142,152,181
143,152,180
144,152,180
145,152,180
146,151,180
147,151,180
148,151,180
149,151,179
150,151,179
151,151,179
152,150,179
153,150,179
154,150,179
155,150,178
156,150,178
157,150,178
158,149,178
159,149,178
160,149,178
161,149,177
162,149,177
163,149,177
164,148,177
165,148,177
166,148,176
167,148,176
168,148,176
169,147,176
170,147,176
171,147,176
172,147,175
173,147,175
174,147,175
175,146,175
176,146,175
177,146,175
178,146,175
179,146,174
180,145,174
181,145,174
182,145,174
183,145,174
184,145,174
185,144,173
186,144,173
187,144,173
188,144,173
189,144,173
190,143,173
191,143,172
192,143,172
193,143,172
194,143,172
195,142,172
196,142,172
197,142,172
198,142,171
199,142,171
200,141,171
201,141,171
202,141,171
203,141,170
204,140,170
205,140,170
206,140,170
207,140,170
208,140,169
209,139,169
210,139,169
211,139,169
212,139,169
213,138,168
214,138,168
215,138,168
216,138,168
217,137,168
218,137,167
219,137,167
220,137,167
221,136,167
222,136,166
223,136,166
224,136,166
225,135,166
226,135,165
227,135,165
228,135,165
229,134,164
230,134,164
231,134,164
232,134,164
233,133,163
234,133,163
235,133,163
236,133,163
237,132,162
238,132,162
239,132,162
240,131,161
241,131,161
242,131,161
243,131,161
244,130,160
245,130,160
246,130,160
247,129,159
248,129,159
249,129,159
250,128,159
251,128,158
252,128,158
253,127,157
254,127,157
255,127,157
256,126,157
257,126,156
258,126,156
259,126,156
260,125,155
261,125,155
262,125,155
263,124,154
264,124,154
265,124,154
266,123,153
267,123,153
268,123,153
269,122,152
270,122,152
271,122,152
272,121,151
273,121,151
274,121,150
275,120,150
276,120,150
277,120,149
278,119,149
279,119,149
280,119,148
281,118,148
282,118,148
283,118,147
284,117,147
285,117,147
286,117,146
287,116,146
288,116,145
289,116,145
290,115,144
291,115,144
292,114,144
293,114,143
294,114,143
295,113,143
296,113,142
297,112,142
298,112,141
299,112,141
300,111,141
301,111,140
302,110,140
303,110,140
304,110,139
305,109,139
306,109,138
307,108,138
308,108,137
309,108,137
310,107,137
311,107,136
312,106,136
313,106,135
314,105,135
315,105,134
316,104,134
317,104,134
318,104,133
319,103,133
320,103,132
321,102,132
322,102,131
323,101,131
324,101,130
325,100,130
326,100,129
327,99,129
328,99,129
329,98,128
330,98,128
331,97,127
332,96,127
333,96,126
334,95,126
335,95,125
336,94,125
337,94,124
338,93,124
339,93,123
340,92,123
341,91,122
342,91,121
343,90,121
344,90,120
345,89,120
346,88,119
347,88,119
348,87,118
349,86,118
350,86,117
351,85,116
352,85,116
353,84,115
354,83,114
355,83,114
356,82,113
357,81,113
358,81,112
359,80,111
360,79,110
361,78,110
362,78,109
363,77,108
364,76,108
365,76,107
366,75,106
367,74,105
368,73,105
369,73,104
370,72,103
371,71,102
372,70,101
373,69,101
374,69,100
375,68,99
376,67,98
377,66,97
378,65,96
379,64,95
380,64,94
381,63,93
382,62,93
383,61,92
384,60,91
385,59,90
386,58,89
387,57,88
388,56,87
389,55,86
390,54,85
391,53,84
392,52,82
393,51,81
394,50,80
395,49,79
396,48,78
397,47,77
398,46,76
399,45,74
400,44,73
401,43,72
402,42,71
403,41,70
404,40,68
405,39,67
406,38,66
407,36,64
408,35,63
409,34,62
410,33,60
411,32,59
412,31,57
413,30,56
414,29,54
415,27,53
416,26,51
417,25,50
418,24,48
419,23,46
420,22,44
421,20,43
422,19,41
423,17,39
424,16,37
425,14,34
426,13,32
427,12,30
428,12,28
429,12,25
430,17,21
0,0
0,156
197,291,292
198,288,299
199,288,302
200,287,306
201,287,308
202,287,311
203,287,313
204,287,315
205,287,317
206,288,319
207,288,320
208,288,321
209,289,321
210,289,322
211,289,322
212,290,323
213,290,323
214,290,323
215,291,323
216,291,323
217,291,323
218,292,323
219,292,323
220,292,323
221,292,323
222,293,323
223,293,323
224,293,323
225,293,323
226,294,323
227,294,323
228,294,323
229,295,323
230,295,323
231,295,323
232,295,323
233,295,323
234,296,323
235,296,323
236,296,323
237,296,323
238,297,324
239,297,324
240,297,324
241,297,324
242,297,324
243,298,324
244,298,324
245,298,324
246,298,324
247,298,324
248,299,324
249,299,324
250,299,324
251,299,324
252,299,324
253,299,324
254,300,324
255,300,325
256,300,325
257,300,325
258,300,325
259,300,325
260,301,325
261,301,325
262,301,325
263,301,325
264,301,325
265,301,325
266,301,325
267,301,325
268,301,325
269,302,325
270,302,326
271,302,326
272,302,326
273,302,326
274,302,326
275,302,326
276,302,326
277,302,326
278,302,326
279,302,326
280,302,326
281,303,326
282,303,326
283,303,327
284,303,327
285,303,327
286,303,327
287,303,327
288,303,327
289,303,327
290,303,327
291,303,327
292,303,327
293,303,327
294,303,327
295,303,327
296,303,327
297,303,328
298,303,328
299,303,328
300,303,328
301,303,328
302,303,328
303,303,328
304,303,328
305,304,328
306,304,328
307,304,328
308,304,328
309,304,328
310,304,328
311,304,328
312,304,328
313,304,328
314,304,328
315,304,328
316,305,328
317,305,328
318,305,328
319,305,328
320,305,328
321,305,328
322,305,328
323,306,328
324,306,328
325,306,328
326,306,328
327,306,328
328,307,328
329,307,328
330,307,328
331,307,328
332,308,328
333,308,328
334,308,328
335,308,328
336,309,327
337,309,327
338,309,327
339,310,327
340,310,327
341,311,327
342,311,327
343,312,326
344,312,326
345,313,326
346,313,326
347,314,325
348,315,325
349,316,325
350,317,324
351,318,323
352,319,322
0,0
1,119
293,210,210
294,209,213
295,208,214
296,208,215
297,208,216
298,207,216
299,207,217
300,207,218
301,207,218
302,207,219
303,206,219
304,206,220
305,206,220
306,206,220
307,206,221
308,206,221
309,206,221
310,206,221
311,206,222
312,205,222
313,205,222
314,205,222
315,205,222
316,205,222
317,205,222
318,205,223
319,205,222
320,204,222
321,204,222
322,204,222
323,204,222
324,204,221
325,204,221
326,204,221
327,204,221
328,203,221
329,203,221
330,203,220
331,203,220
332,203,220
333,203,219
334,202,219
335,202,219
336,202,219
337,202,219
338,202,218
339,202,218
340,201,218
341,201,218
342,201,218
343,201,218
344,201,217
345,200,217
346,200,217
347,200,217
348,200,217
349,200,217
350,200,216
351,199,216
352,199,216
353,199,216
354,199,216
355,198,216
356,198,215
357,198,215
358,198,215
359,198,215
360,197,215
361,197,215
362,197,214
363,197,214
364,196,214
365,196,214
366,196,214
367,196,214
368,195,213
369,195,213
370,195,213
371,194,213
372,194,213
373,194,213
374,194,212
375,193,212
376,193,212
377,193,212
378,193,212
379,192,212
380,192,211
381,192,211
382,191,211
383,191,211
384,191,211
385,190,210
386,190,210
387,190,210
388,189,210
389,189,210
390,189,210
391,188,210
392,188,209
393,188,209
394,187,209
395,187,209
396,187,209
397,186,209
398,186,209
399,185,209
400,185,209
401,185,209
402,184,209
403,184,209
404,184,209
405,183,209
406,184,209
407,189,209
408,194,209
409,199,209
410,205,210
411,210,211
0,141
181,413,417
182,408,423
183,405,427
184,406,430
185,406,433
186,406,435
187,406,437
188,406,439
189,407,442
190,407,444
191,407,446
192,407,448
193,407,449
194,407,451
195,408,453
196,408,454
197,408,456
198,408,457
199,408,459
200,409,460
201,409,461
202,409,463
203,409,464
204,409,465
205,410,466
206,410,467
207,410,467
208,410,468
209,410,468
210,411,469
211,411,469
212,412,469
213,412,469
214,413,469
215,413,469
216,414,469
217,414,468
218,414,468
219,414,467
220,414,467
221,415,466
222,415,465
223,415,464
224,415,463
225,415,462
226,415,461
227,415,460
228,415,460
229,415,459
230,415,458
231,415,457
232,415,456
233,415,456
234,415,455
235,415,454
236,415,453
237,414,453
238,414,452
239,414,451
240,414,451
241,414,450
242,414,450
243,414,449
244,414,449
245,414,448
246,414,448
247,413,447
248,413,447
249,413,446
250,413,445
251,413,445
252,413,445
253,413,444
254,412,444
255,412,443
256,412,443
257,412,443
258,412,442
259,412,442
260,411,441
261,411,441
262,411,441
263,411,440
264,411,440
265,410,440
266,410,439
267,410,439
268,410,439
269,410,439
270,410,438
271,409,438
272,409,438
273,409,437
274,409,437
275,408,437
276,408,437
277,408,436
278,408,436
279,408,436
280,407,435
281,407,435
282,407,435
283,407,435
284,407,434
285,406,434
286,406,434
287,406,434
288,406,433
289,405,433
290,405,433
291,405,433
292,405,432
293,404,432
294,404,432
295,404,432
296,403,431
297,403,431
298,403,431
299,403,431
300,402,430
301,402,430
302,402,430
303,402,430
304,401,429
305,401,429
306,401,429
307,400,429
308,400,429
309,400,428
310,400,428
311,399,428
312,399,428
313,399,427
314,398,427
315,398,427
316,398,427
317,398,427
318,397,423
319,397,414
320,397,406
321,396,397
0,0
1,127
315,322,323
316,320,325
317,319,326
318,319,328
319,319,329
320,319,330
321,319,331
322,318,332
323,318,332
324,318,333
325,318,334
326,318,334
327,318,335
328,318,335
329,318,335
330,317,335
331,317,335
332,317,336
333,317,336
334,317,336
335,317,336
336,317,336
337,317,336
338,316,335
339,316,335
340,316,335
341,316,335
342,316,335
343,316,335
344,316,335
345,315,335
346,315,334
347,315,334
348,315,334
349,315,334
350,315,334
351,314,334
352,314,333
353,314,333
354,314,333
355,314,333
356,314,333
357,314,333
358,313,333
359,313,332
360,313,332
361,313,332
362,313,332
363,312,332
364,312,332
365,312,332
366,312,332
367,312,331
368,312,331
369,311,331
370,311,331
371,311,331
372,311,331
373,310,331
374,310,331
375,310,331
376,310,331
377,310,331
378,310,330
379,309,330
380,309,330
381,309,330
382,309,330
383,309,330
384,308,330
385,308,330
386,308,330
387,308,330
388,307,330
389,307,329
390,307,329
391,307,329
392,307,329
393,306,329
394,306,329
395,306,329
396,306,329
397,305,329
398,305,329
399,305,329
400,305,329
401,305,329
402,305,328
403,304,328
404,304,328
405,304,328
406,304,328
407,304,328
408,304,328
409,304,328
410,304,328
411,303,328
412,304,328
413,304,328
414,304,328
415,304,328
416,304,328
417,305,328
418,305,328
419,305,328
420,305,327
421,306,327
422,306,327
423,306,327
424,307,327
425,307,327
426,308,327
427,308,327
428,309,327
429,309,327
430,310,327
431,311,327
432,311,327
433,312,327
434,313,327
435,314,327
436,315,326
437,315,326
438,316,326
439,317,325
440,319,325
441,320,323
0,0
