0,143
146,63,69
147,60,75
148,60,79
149,60,82
150,60,85
151,60,88
152,60,89
153,60,91
154,60,92
155,61,93
156,61,93
157,62,94
158,62,94
159,63,94
160,63,95
161,63,95
162,64,95
163,64,95
164,65,95
165,65,95
166,65,95
167,66,95
168,66,95
169,66,95
170,67,95
171,67,95
172,67,96
173,68,96
174,68,96
175,68,96
176,69,96
177,69,96
178,69,96
179,70,96
180,70,96
181,70,97
182,71,97
183,71,97
184,71,97
185,72,97
186,72,97
187,72,97
188,72,98
189,73,98
190,73,98
191,73,98
192,74,98
193,74,98
194,74,98
195,74,98
196,75,99
197,75,99
198,75,99
199,75,99
200,76,99
201,76,99
202,76,99
203,76,100
204,76,100
205,77,100
206,77,100
207,77,100
208,77,100
209,77,101
210,78,101
211,78,101
212,78,101
213,78,101
214,78,101
215,79,101
216,79,102
217,79,102
218,79,102
219,79,102
220,79,102
221,80,102
222,80,103
223,80,103
224,80,103
225,80,103
226,80,103
227,80,103
228,80,103
229,81,104
230,81,104
231,81,104
232,81,104
233,81,104
234,81,104
235,81,104
236,81,105
237,81,105
238,82,105
239,82,105
240,82,105
241,82,105
242,82,105
243,82,105
244,82,106
245,83,106
246,83,106
247,83,106
248,83,106
249,83,106
250,83,106
251,84,106
252,84,106
253,84,106
254,84,107
255,84,107
256,84,107
257,85,107
258,85,107
259,85,107
260,85,107
261,86,107
262,86,107
263,86,107
264,86,107
265,87,107
266,87,107
267,87,107
268,88,107
269,88,107
270,88,107
271,89,107
272,89,107
273,89,107
274,90,107
275,90,107
276,91,107
277,91,107
278,92,107
279,92,107
280,93,106
281,94,106
282,94,106
283,95,106
284,96,105
285,97,105
286,98,105
287,99,104
288,102,102
0,0
1,96
73,156,159
74,156,160
75,155,161
76,155,162
77,155,162
78,155,163
79,155,164
80,155,164
81,154,165
82,154,165
83,154,166
84,154,166
85,154,166
86,154,167
87,154,167
88,153,167
89,153,167
90,153,167
91,153,167
92,153,167
93,153,168
94,152,167
95,152,167
96,152,167
97,152,167
98,152,167
99,151,167
100,151,167
101,151,166
102,151,166
103,151,166
104,151,166
105,150,166
106,150,165
107,150,165
108,150,165
109,149,165
110,149,164
111,149,164
112,149,164
113,149,164
114,148,163
115,148,163
116,148,163
117,148,163
118,147,162
119,147,162
120,147,162
121,147,162
122,146,161
123,146,161
124,146,161
125,145,161
126,145,160
127,145,160
128,145,160
129,144,160
130,144,159
131,144,159
132,143,159
133,143,159
134,143,158
135,142,158
136,142,158
137,141,158
138,141,157
139,141,157
140,140,157
141,140,157
142,139,157
143,139,156
144,139,156
145,138,156
146,138,156
147,137,155
148,137,155
149,136,155
150,136,155
151,135,155
152,135,154
153,134,154
154,134,154
155,133,154
156,133,154
157,132,154
158,132,154
159,131,154
160,130,154
161,130,154
162,153,154
162,129,155
163,130,155
164,137,155
165,145,156
166,153,158
166,155,158
0,118
126,171,174
127,166,179
128,164,181
129,162,183
130,162,185
131,163,187
132,163,188
133,163,190
134,163,192
135,163,194
136,163,195
137,163,197
138,164,199
139,164,201
140,164,202
141,164,204
142,164,206
143,164,208
144,164,209
145,164,211
146,165,212
147,165,213
148,165,213
149,165,214
150,165,214
151,165,214
152,165,214
153,166,214
154,166,214
155,166,214
156,166,213
157,166,213
158,166,212
159,167,212
160,168,211
161,168,211
162,168,210
163,168,209
164,169,208
165,169,207
166,169,207
167,169,206
168,169,205
169,169,205
170,169,204
171,169,203
172,169,203
173,169,202
174,168,202
175,168,201
176,168,201
177,168,200
178,168,200
179,168,199
180,168,199
181,168,199
182,167,198
183,167,198
184,167,197
185,167,197
186,167,197
187,167,196
188,166,196
189,166,196
190,166,195
191,166,195
192,166,195
193,165,194
194,165,194
195,165,194
196,165,193
197,165,193
198,165,193
199,164,193
200,164,192
201,164,192
202,164,192
203,164,192
204,164,191
205,163,191
206,163,191
207,163,190
208,163,190
209,163,190
210,162,190
211,162,190
212,162,189
213,162,189
214,162,189
215,162,189
216,161,188
217,161,188
218,161,188
219,161,188
220,161,188
221,160,187
222,160,187
223,160,187
224,160,187
225,160,187
226,159,187
227,159,186
228,159,186
229,159,186
230,159,186
231,159,186
232,158,185
233,158,185
234,158,185
235,158,185
236,158,185
237,157,185
238,157,184
239,157,184
240,157,184
241,157,184
242,157,184
243,156,156
0,0
1,111
92,249,251
93,248,253
94,247,254
95,247,255
96,247,256
97,247,257
98,246,258
99,246,259
100,246,259
101,246,260
102,246,260
103,245,261
104,245,261
105,245,261
106,245,261
107,245,261
108,244,262
109,244,262
110,244,262
111,244,262
112,243,261
113,243,261
114,243,261
115,243,261
116,243,261
117,242,261
118,242,260
119,242,260
120,242,260
121,241,260
122,241,259
123,241,259
124,241,259
125,240,259
126,240,259
127,240,258
128,240,258
129,239,258
130,239,258
131,239,257
132,239,257
133,238,257
134,238,257
135,238,257
136,238,257
137,237,256
138,237,256
139,237,256
140,236,256
141,236,256
142,236,255
143,236,255
144,235,255
145,235,255
146,235,255
147,235,255
148,234,254
149,234,254
150,234,254
151,233,254
152,233,254
153,233,254
154,232,253
155,232,253
156,232,253
157,232,253
158,231,253
159,231,253
160,231,253
161,230,252
162,230,252
163,230,252
164,230,252
165,229,252
166,229,252
167,229,252
168,229,252
169,229,251
170,229,251
171,228,251
172,228,251
173,228,251
174,228,251
175,228,251
176,228,250
177,229,250
178,229,250
179,229,250
180,229,250
181,229,250
182,229,250
183,230,250
184,230,249
185,230,249
186,231,249
187,231,249
188,232,249
189,232,249
190,233,249
191,233,249
192,234,249
193,234,248
194,235,248
195,236,248
196,236,248
197,237,248
198,238,248
199,239,247
200,240,246
201,241,246
202,243,243
0,0
0,431
34,274,276
35,270,279
36,268,283
37,267,285
38,267,287
39,266,289
40,265,291
41,265,292
42,265,294
43,264,296
44,264,297
45,265,299
46,265,300
47,265,302
48,265,303
49,266,305
50,266,306
51,267,308
52,268,309
53,268,310
54,269,311
55,270,313
56,270,314
57,271,315
58,271,316
59,272,317
60,272,318
61,273,318
62,273,319
63,274,319
64,274,320
65,275,320
66,275,320
67,276,320
68,276,320
69,276,320
70,277,319
71,277,319
72,278,319
73,278,318
74,278,318
75,279,318
76,279,317
77,279,317
78,280,316
79,280,316
80,280,316
81,280,316
82,281,316
83,281,315
84,281,315
85,281,315
86,281,315
87,282,315
88,282,315
89,282,314
90,282,314
91,282,314
92,282,314
93,283,314
94,283,314
95,283,314
96,283,313
97,283,313
98,283,313
99,283,313
100,283,313
101,283,313
102,283,313
103,283,313
104,284,313
105,284,312
106,284,312
107,284,312
108,284,312
109,284,312
110,284,312
111,284,312
112,284,312
113,284,312
114,284,312
115,284,312
116,284,312
117,284,311
118,284,311
119,284,311
120,284,311
121,284,311
122,284,311
123,284,311
124,284,311
125,284,311
126,284,311
127,284,311
128,284,311
129,284,311
130,284,311
131,284,311
132,284,310
133,284,310
134,284,310
135,284,310
136,284,310
137,284,310
138,284,310
139,284,310
140,284,310
141,284,310
142,284,310
143,284,310
144,284,310
145,284,310
146,284,310
147,284,310
148,284,310
149,284,310
150,284,310
151,284,310
152,284,309
153,284,309
154,284,309
155,284,309
156,284,309
157,284,309
158,284,309
159,284,309
160,284,309
161,284,309
162,284,309
163,284,309
164,284,309
165,284,309
166,284,309
167,284,309
168,284,309
169,284,309
170,284,309
171,284,309
172,284,309
173,284,309
174,284,309
175,284,309
176,284,309
177,284,309
178,284,309
179,284,309
180,284,309
181,284,309
182,284,309
183,284,309
184,284,309
185,284,308
186,284,308
187,284,308
188,284,308
189,284,308
190,284,308
191,284,308
192,284,308
193,284,308
194,284,308
195,284,308
196,284,308
197,284,308
198,284,308
199,284,308
200,284,308
201,284,308
202,284,308
203,284,308
204,284,308
205,284,308
206,284,308
207,284,308
208,284,308
209,284,308
210,284,308
211,284,308
212,284,308
213,284,308
214,284,308
215,284,308
216,284,308
217,284,308
218,284,308
219,284,308
220,284,308
221,284,308
222,284,308
223,284,308
224,284,308
225,284,308
226,284,308
227,284,308
228,284,308
229,284,308
230,284,308
231,284,308
232,284,308
233,284,308
234,284,308
235,284,308
236,284,308
237,284,308
238,284,308
239,284,308
240,284,308
241,284,308
242,284,308
243,284,308
244,284,308
245,284,308
246,284,308
247,284,308
248,284,308
249,284,308
250,284,308
251,284,308
252,284,308
253,284,308
254,284,308
255,284,308
256,284,308
257,284,308
258,284,308
259,284,308
260,284,308
261,284,308
262,284,308
263,284,308
264,284,308
265,284,308
266,284,308
267,284,308
268,284,308
269,284,308
270,284,308
271,284,308
272,284,308
273,284,308
274,284,308
275,284,308
276,284,308
277,284,308
278,284,308
279,284,308
280,284,308
281,284,308
282,284,308
283,284,308
284,284,308
285,284,308
286,284,308
287,284,308
288,284,308
289,284,308
290,284,308
291,283,308
292,283,308
293,283,308
294,283,308
295,283,308
296,283,308
297,283,308
298,283,308
299,283,308
300,283,308
301,283,308
302,283,308
303,283,308
304,283,308
305,283,308
306,283,308
307,283,308
308,283,308
309,283,308
310,283,308
311,283,308
312,283,308
313,283,308
314,283,308
315,283,308
316,283,308
317,283,308
318,283,308
319,283,308
320,283,308
321,283,308
322,283,308
323,283,308
324,282,308
325,282,308
326,282,308
327,282,308
328,282,308
329,282,308
330,282,308
331,282,308
332,282,308
333,282,308
334,282,308
335,282,308
336,282,308
337,282,308
338,282,308
339,282,308
340,281,308
341,281,308
342,281,308
343,281,308
344,281,308
345,281,308
346,281,308
347,281,308
348,281,308
349,281,308
350,281,308
351,281,308
352,280,308
353,280,308
354,280,308
355,280,308
356,280,308
357,280,308
358,280,308
359,280,308
360,280,308
361,279,308
362,279,308
363,279,308
364,279,308
365,279,308
366,279,308
367,279,308
368,278,308
369,278,308
370,278,308
371,278,308
372,278,308
373,278,308
374,278,308
375,277,308
376,277,308
377,277,308
378,277,308
379,277,308
380,277,308
381,276,308
382,276,308
383,276,308
384,276,308
385,276,308
386,275,308
387,275,308
388,275,308
389,275,308
390,275,308
391,274,308
392,274,308
393,274,308
394,274,308
395,273,308
396,273,308
397,273,308
398,273,308
399,272,308
400,272,308
401,272,308
402,272,308
403,271,308
404,271,308
405,271,308
406,271,308
407,271,308
408,270,308
409,270,308
410,270,308
411,270,308
412,270,308
413,270,308
414,270,308
415,270,308
416,270,308
417,270,308
418,270,308
419,270,308
420,270,308
421,270,308
422,270,308
423,270,308
424,270,308
425,270,308
426,271,308
427,271,308
428,271,308
429,271,308
430,272,308
431,272,308
432,272,308
433,273,308
434,273,308
435,273,307
436,274,307
437,274,307
438,274,307
439,275,307
440,275,306
441,276,306
442,276,306
443,276,306
444,277,305
445,277,305
446,278,304
447,278,304
448,278,304
449,279,303
450,279,303
451,280,302
452,280,302
453,280,301
454,281,301
455,281,300
456,282,300
457,282,299
458,283,299
459,283,298
460,284,297
461,285,296
462,286,295
463,287,294
464,288,293
0,0
0,102
172,331,331
173,330,332
174,329,335
175,329,337
176,328,340
177,328,342
178,328,345
179,328,347
180,328,350
181,328,352
182,329,354
183,329,357
184,329,359
185,330,361
186,331,363
187,332,366
188,332,368
189,334,370
190,335,372
191,336,374
192,337,376
193,339,378
194,340,380
195,341,383
196,342,385
197,344,387
198,345,389
199,346,391
200,347,393
201,348,395
202,350,397
203,351,399
204,352,400
205,353,402
206,354,404
207,356,406
208,357,408
209,358,409
210,359,411
211,360,413
212,361,414
213,363,416
214,364,417
215,365,419
216,366,420
217,367,421
218,368,423
219,369,424
220,371,425
221,372,427
222,373,428
223,374,429
224,375,430
225,376,430
226,377,431
227,378,432
228,380,432
229,381,433
230,382,434
231,383,434
232,384,435
233,385,435
234,386,436
235,387,437
236,388,437
237,389,437
238,391,438
239,392,438
240,393,439
241,394,439
242,395,439
243,396,440
244,397,440
245,398,441
246,399,441
247,400,441
248,401,441
249,402,442
250,403,442
251,404,442
252,406,443
253,407,443
254,408,443
255,409,443
256,410,443
257,411,443
258,412,443
259,413,443
260,414,443
261,415,443
262,416,443
263,417,443
264,418,443
265,419,442
266,420,442
267,421,442
268,422,441
269,423,440
270,425,439
271,426,438
272,429,436
273,432,432
0,0
