1,226
155,79,81
156,79,82
157,78,83
158,78,84
159,78,85
160,77,85
161,77,86
162,77,86
163,77,87
164,77,88
165,77,88
166,77,89
167,77,89
168,77,90
169,76,90
170,76,91
171,76,91
172,76,91
173,76,92
174,76,92
175,76,92
176,76,93
177,76,93
178,76,93
179,76,93
180,76,94
181,76,94
182,76,94
183,76,94
184,76,94
185,76,94
186,76,95
187,76,95
188,76,95
189,76,95
190,76,95
191,76,95
192,75,95
193,75,94
194,75,94
195,75,94
196,75,94
197,75,94
198,75,94
199,75,94
200,75,94
201,75,94
202,75,94
203,75,94
204,75,93
205,75,93
206,74,93
207,74,93
208,74,93
209,74,93
210,74,93
211,74,93
212,74,92
213,74,92
214,74,92
215,74,92
216,74,92
217,74,92
218,73,92
219,73,92
220,73,91
221,73,91
222,73,91
223,73,91
224,73,91
225,73,91
226,73,91
227,73,91
228,72,90
229,72,90
230,72,90
231,72,90
232,72,90
233,72,90
234,72,90
235,72,89
236,72,89
237,71,89
238,71,89
239,71,89
240,71,89
241,71,89
242,71,89
243,71,88
244,70,88
245,70,88
246,70,88
247,70,88
248,70,88
249,70,88
250,70,87
251,69,87
252,69,87
253,69,87
254,69,87
255,69,87
256,69,87
257,69,87
258,68,86
259,68,86
260,68,86
261,68,86
262,68,86
263,68,86
264,67,86
265,67,85
266,67,85
267,67,85
268,67,85
269,67,85
270,66,85
271,66,85
272,66,85
273,66,84
274,66,84
275,65,84
276,65,84
277,65,84
278,65,84
279,65,84
280,65,83
281,64,83
282,64,83
283,64,83
284,64,83
285,64,83
286,63,83
287,63,82
288,63,82
289,63,82
290,62,82
291,62,82
292,62,82
293,62,82
294,62,82
295,61,81
296,61,81
297,61,81
298,61,81
299,61,81
300,60,81
301,60,81
302,60,80
303,60,80
304,59,80
305,59,80
306,59,80
307,59,80
308,59,80
309,58,79
310,58,79
311,58,79
312,58,79
313,57,79
314,57,79
315,57,79
316,57,79
317,56,78
318,56,78
319,56,78
320,56,78
321,55,78
322,55,78
323,55,78
324,55,77
325,54,77
326,54,77
327,54,77
328,54,77
329,54,77
330,53,77
331,53,76
332,53,76
333,52,76
334,52,76
335,52,76
336,52,76
337,51,76
338,51,75
339,51,75
340,51,75
341,50,75
342,50,75
343,50,75
344,50,74
345,50,74
346,50,74
347,49,74
348,49,74
349,49,74
350,49,73
351,49,73
352,49,73
353,49,73
354,49,73
355,49,73
356,49,72
357,49,72
358,50,72
359,50,72
360,50,72
361,50,72
362,50,71
363,51,71
364,51,71
365,51,71
366,51,70
367,52,70
368,52,70
369,53,70
370,53,70
371,53,69
372,54,69
373,54,69
374,55,68
375,55,68
376,56,68
377,57,67
378,57,67
379,58,66
380,60,65
0,0
0,356
61,132,132
62,127,136
63,125,139
64,124,142
65,123,144
66,123,146
67,122,148
68,122,149
69,122,151
70,123,153
71,123,154
72,123,156
73,124,157
74,124,158
75,125,159
76,126,160
77,126,161
78,127,162
79,127,163
80,128,164
81,128,164
82,129,165
83,129,166
84,130,166
85,130,166
86,131,167
87,131,167
88,131,167
89,132,167
90,132,167
91,132,166
92,132,166
93,132,166
94,132,165
95,133,165
96,133,165
97,133,164
98,133,164
99,133,164
100,133,164
101,133,163
102,133,163
103,133,163
104,132,163
105,132,163
106,132,162
107,132,162
108,132,162
109,132,162
110,132,162
111,132,161
112,132,161
113,132,161
114,132,161
115,132,161
116,132,161
117,131,161
118,131,160
119,131,160
120,131,160
121,131,160
122,131,160
123,131,160
124,131,160
125,131,159
126,131,159
127,131,159
128,131,159
129,131,159
130,131,159
131,130,159
132,130,159
133,130,158
134,130,158
135,130,158
136,130,158
137,130,158
138,130,158
139,130,158
140,130,158
141,130,158
142,130,157
143,130,157
144,130,157
145,130,157
146,129,157
147,129,157
148,129,157
149,129,157
150,129,157
151,129,156
152,129,156
153,129,156
154,129,156
155,129,156
156,129,156
157,129,156
158,128,156
159,128,156
160,128,156
161,128,155
162,128,155
163,128,155
164,128,155
165,128,155
166,128,155
167,128,155
168,127,155
169,127,155
170,127,154
171,127,154
172,127,154
173,127,154
174,127,154
175,127,154
176,126,154
177,126,153
178,126,153
179,126,153
180,126,153
181,126,153
182,126,153
183,126,152
184,125,152
185,125,152
186,125,152
187,125,152
188,125,152
189,125,151
190,124,151
191,124,151
192,124,151
193,124,151
194,124,151
195,124,150
196,123,150
197,123,150
198,123,150
199,123,150
200,123,149
201,123,149
202,122,149
203,122,149
204,122,149
205,122,148
206,122,148
207,122,148
208,121,148
209,121,148
210,121,147
211,121,147
212,121,147
213,121,147
214,120,146
215,120,146
216,120,146
217,120,146
218,120,145
219,119,145
220,119,145
221,119,145
222,119,145
223,119,144
224,118,144
225,118,144
226,118,144
227,118,143
228,117,143
229,117,143
230,117,143
231,117,142
232,117,142
233,116,142
234,116,142
235,116,141
236,116,141
237,115,141
238,115,141
239,115,140
240,115,140
241,114,140
242,114,139
243,114,139
244,114,139
245,113,139
246,113,138
247,113,138
248,112,138
249,112,137
250,112,137
251,112,137
252,111,137
253,111,136
254,111,136
255,111,136
256,110,135
257,110,135
258,110,135
259,109,135
260,109,134
261,109,134
262,109,134
263,108,133
264,108,133
265,108,133
266,107,132
267,107,132
268,107,132
269,106,131
270,106,131
271,106,131
272,105,130
273,105,130
274,105,130
275,104,129
276,104,129
277,104,129
278,103,128
279,103,128
280,103,128
281,102,127
282,102,127
283,102,127
284,101,126
285,101,126
286,101,126
287,100,125
288,100,125
289,99,124
290,99,124
291,99,124
292,98,123
293,98,123
294,98,122
295,97,122
296,97,122
297,96,121
298,96,121
299,96,121
300,95,120
301,95,120
302,94,119
303,94,119
304,94,119
305,93,118
306,93,118
307,92,117
308,92,117
309,92,116
310,91,116
311,91,115
312,90,115
313,90,115
314,89,114
315,89,114
316,89,113
317,88,113
318,88,112
319,87,112
320,87,111
321,86,111
322,86,111
323,85,110
324,85,110
325,84,109
326,84,109
327,83,108
328,83,108
329,83,107
330,82,107
331,82,106
332,81,106
333,81,105
334,80,105
335,80,104
336,79,104
337,78,103
338,78,103
339,77,102
340,77,102
341,76,101
342,76,101
343,75,100
344,75,99
345,74,99
346,74,98
347,73,98
348,72,97
349,72,97
350,71,96
351,71,96
352,70,95
353,70,94
354,69,94
355,68,93
356,68,93
357,67,92
358,67,91
359,66,91
360,66,90
361,65,89
362,64,89
363,64,88
364,63,88
365,62,87
366,62,86
367,61,86
368,60,85
369,60,84
370,59,83
371,59,83
372,58,82
373,57,81
374,57,80
375,56,80
376,55,79
377,55,78
378,54,77
379,54,76
380,53,75
381,52,74
382,52,74
383,51,73
384,50,72
385,50,71
386,49,70
387,48,69
388,48,68
389,47,67
390,47,66
391,46,65
392,45,64
393,45,63
394,44,62
395,43,61
396,43,61
397,42,60
398,41,59
399,41,58
400,40,57
401,39,56
402,39,55
403,38,54
404,37,53
405,37,52
406,36,51
407,35,50
408,35,49
409,34,48
410,34,47
411,33,46
412,33,44
413,33,43
414,33,42
415,33,40
416,35,35
0,0
0,89
81,255,255
82,252,260
83,248,267
84,247,271
85,246,274
86,246,276
87,246,279
88,246,280
89,246,282
90,247,284
91,247,285
92,248,286
93,248,287
94,249,287
95,249,288
96,249,288
97,249,288
98,249,288
99,249,287
100,249,287
101,249,286
102,249,285
103,249,284
104,248,283
105,248,282
106,248,281
107,247,280
108,247,279
109,247,278
110,247,277
111,246,276
112,246,276
113,246,275
114,246,274
115,245,273
116,245,273
117,245,272
118,244,271
119,244,271
120,244,270
121,244,269
122,243,268
123,243,267
124,242,267
125,242,266
126,242,265
127,241,264
128,241,264
129,241,263
130,240,262
131,240,261
132,239,261
133,239,260
134,239,259
135,238,258
136,238,258
137,237,257
138,237,256
139,237,255
140,236,255
141,236,254
142,235,253
143,235,252
144,234,252
145,234,251
146,233,250
147,233,249
148,233,248
149,232,248
150,232,247
151,231,246
152,231,245
153,230,244
154,230,243
155,230,243
156,229,242
157,229,241
158,228,240
159,228,239
160,227,238
161,227,237
162,227,236
163,226,235
164,226,235
165,226,234
166,226,233
167,226,232
168,226,231
169,226,229
0,0
0,123
160,181,187
161,178,191
162,178,194
163,177,197
164,177,199
165,177,201
166,178,202
167,179,204
168,179,206
169,180,207
170,181,209
171,182,210
172,182,211
173,183,212
174,184,213
175,184,214
176,185,214
177,185,215
178,186,215
179,186,215
180,187,216
181,187,216
182,188,216
183,188,216
184,189,216
185,189,216
186,190,216
187,190,216
188,191,216
189,191,216
190,191,217
191,192,217
192,192,217
193,192,217
194,193,217
195,193,217
196,193,217
197,194,218
198,194,218
199,194,218
200,195,218
201,195,218
202,195,218
203,195,218
204,196,219
205,196,219
206,196,219
207,197,219
208,197,219
209,197,219
210,197,220
211,198,220
212,198,220
213,198,220
214,198,220
215,199,221
216,199,221
217,199,221
218,199,221
219,199,221
220,200,221
221,200,222
222,200,222
223,200,222
224,200,222
225,201,222
226,201,223
227,201,223
228,201,223
229,201,223
230,201,223
231,202,224
232,202,224
233,202,224
234,202,224
235,202,224
236,202,224
237,203,225
238,203,225
239,203,225
240,203,225
241,203,225
242,203,226
243,204,226
244,204,226
245,204,227
246,204,227
247,204,227
248,204,228
249,204,228
250,205,228
251,205,229
252,205,229
253,205,229
254,205,229
255,206,229
256,206,230
257,206,230
258,207,230
259,207,230
260,207,230
261,208,231
262,208,231
263,209,231
264,209,231
265,210,231
266,210,231
267,211,231
268,211,231
269,212,232
270,213,232
271,213,232
272,214,232
273,215,232
274,216,232
275,216,232
276,217,231
277,218,231
278,219,231
279,220,231
280,222,231
281,223,230
282,225,229
0,0
1,147
193,170,172
194,169,174
195,169,175
196,168,176
197,168,177
198,168,178
199,168,179
200,168,179
201,168,180
202,168,180
203,167,180
204,167,181
205,167,181
206,167,181
207,167,181
208,167,182
209,167,182
210,167,182
211,166,182
212,166,182
213,166,182
214,166,182
215,166,181
216,166,181
217,165,181
218,165,181
219,165,181
220,165,180
221,165,180
222,165,180
223,164,179
224,164,179
225,164,179
226,164,179
227,164,178
228,164,178
229,163,178
230,163,178
231,163,177
232,163,177
233,163,177
234,163,177
235,162,177
236,162,176
237,162,176
238,162,176
239,162,176
240,161,175
241,161,175
242,161,175
243,161,175
244,161,175
245,161,174
246,160,174
247,160,174
248,160,174
249,160,173
250,160,173
251,159,173
252,159,173
253,159,173
254,159,173
255,159,172
256,158,172
257,158,172
258,158,172
259,158,171
260,158,171
261,157,171
262,157,171
263,157,171
264,157,171
265,157,170
266,156,170
267,156,170
268,156,170
269,156,170
270,156,170
271,155,169
272,155,169
273,155,169
274,155,169
275,155,169
276,155,169
277,154,168
278,154,168
279,154,168
280,154,168
281,154,168
282,153,168
283,153,168
284,153,167
285,153,167
286,153,167
287,153,167
288,152,167
289,152,167
290,152,167
291,152,166
292,152,166
293,152,166
294,151,166
295,151,166
296,151,166
297,151,166
298,151,166
299,151,166
300,150,165
301,150,165
302,150,165
303,150,165
304,150,165
305,150,165
306,149,165
307,149,165
308,149,165
309,149,165
310,149,165
311,148,165
312,148,165
313,148,165
314,148,165
315,148,165
316,147,165
317,147,165
318,147,165
319,147,165
320,147,165
321,146,165
322,146,165
323,146,165
324,146,165
325,146,165
326,145,165
327,145,165
328,145,165
329,165,165
329,145,166
330,165,165
330,144,166
331,165,165
331,144,166
332,165,165
332,144,167
333,143,159
334,143,147
334,143,143
0,135
142,338,338
143,334,343
144,334,347
145,334,349
146,334,352
147,334,353
148,333,355
149,333,357
150,333,359
151,333,360
152,333,362
153,333,364
154,333,365
155,333,367
156,333,368
157,333,370
158,333,371
159,332,372
160,332,373
161,332,375
162,332,375
163,332,377
164,332,377
165,332,378
166,332,379
167,332,379
168,332,380
169,333,380
170,333,380
171,334,380
172,334,380
173,334,379
174,334,379
175,335,379
176,335,378
177,335,377
178,335,377
179,335,376
180,335,375
181,335,374
182,335,373
183,335,372
184,335,372
185,335,371
186,335,370
187,335,370
188,335,369
189,335,368
190,334,368
191,334,367
192,334,367
193,334,366
194,334,366
195,334,365
196,334,365
197,334,365
198,334,364
199,334,364
200,333,364
201,333,363
202,333,363
203,333,363
204,333,363
205,333,362
206,333,362
207,332,362
208,332,362
209,332,361
210,332,361
211,332,361
212,332,361
213,332,360
214,331,360
215,331,360
216,331,360
217,331,360
218,331,359
219,330,359
220,330,359
221,330,359
222,330,358
223,330,358
224,330,358
225,329,358
226,329,357
227,329,357
228,329,357
229,328,357
230,328,356
231,328,356
232,328,356
233,327,356
234,327,355
235,327,355
236,327,355
237,326,355
238,326,355
239,325,354
240,325,354
241,324,354
242,324,354
243,323,353
244,322,353
245,321,353
246,319,352
247,316,352
248,313,352
249,312,352
250,312,351
251,312,351
252,312,351
253,313,350
254,313,350
255,313,350
256,314,350
257,315,349
258,315,349
259,316,349
260,317,348
261,317,348
262,318,347
263,319,347
264,320,347
265,320,346
266,321,346
267,322,345
268,323,345
269,324,344
270,325,344
271,326,343
272,327,342
273,328,341
274,330,340
275,331,338
276,335,335
0,0
1,102
211,217,219
212,217,220
213,216,221
214,216,222
215,216,223
216,215,223
217,215,224
218,215,224
219,215,224
220,214,224
221,214,224
222,214,224
223,214,224
224,213,224
225,213,224
226,213,225
227,213,224
228,212,224
229,212,224
230,212,224
231,212,224
232,211,224
233,211,224
234,211,224
235,210,224
236,210,223
237,210,223
238,210,223
239,209,223
240,209,223
241,209,223
242,209,223
243,208,222
244,208,222
245,208,222
246,208,222
247,207,222
248,207,222
249,207,221
250,206,221
251,206,221
252,206,221
253,206,221
254,205,221
255,205,220
256,205,220
257,205,220
258,204,220
259,204,220
260,204,220
261,204,219
262,203,219
263,203,219
264,203,219
265,202,219
266,202,219
267,202,219
268,202,218
269,201,218
270,201,218
271,201,218
272,201,218
273,200,218
274,200,217
275,200,217
276,200,217
277,200,217
278,199,217
279,199,217
280,199,217
281,199,216
282,199,216
283,199,216
284,199,216
285,199,216
286,198,216
287,198,216
288,198,215
289,198,215
290,198,215
291,198,215
292,198,215
293,198,215
294,199,215
295,199,214
296,199,214
297,199,214
298,199,214
299,199,214
300,200,214
301,200,214
302,200,214
303,201,213
304,201,213
305,201,213
306,202,213
307,203,213
308,203,212
309,204,212
310,205,212
311,206,211
312,208,210
0,0
1,118
215,263,264
216,262,266
217,262,267
218,262,268
219,261,268
220,261,269
221,261,269
222,261,269
223,261,270
224,260,270
225,260,270
226,260,270
227,260,270
228,260,270
229,260,270
230,259,270
231,259,271
232,259,270
233,259,270
234,259,270
235,259,270
236,258,270
237,258,270
238,258,270
239,258,270
240,258,270
241,257,270
242,257,270
243,257,269
244,257,269
245,257,269
246,257,269
247,256,269
248,256,269
249,256,269
250,256,269
251,256,269
252,256,269
253,255,269
254,255,268
255,255,268
256,255,268
257,255,268
258,254,268
259,254,268
260,254,268
261,254,268
262,254,267
263,253,267
264,253,267
265,253,267
266,253,267
267,253,267
268,253,267
269,252,267
270,252,266
271,252,266
272,252,266
273,252,266
274,251,266
275,251,266
276,251,266
277,251,266
278,251,266
279,250,265
280,250,265
281,250,265
282,250,265
283,250,265
284,249,265
285,249,265
286,249,265
287,249,265
288,249,265
289,248,264
290,248,264
291,248,264
292,248,264
293,248,264
294,248,264
295,247,264
296,247,264
297,247,264
298,247,263
299,247,263
300,247,263
301,247,263
302,247,263
303,246,263
304,246,263
305,246,263
306,246,263
307,246,263
308,246,262
309,246,262
310,246,262
311,246,262
312,246,262
313,246,262
314,247,262
315,247,262
316,247,262
317,247,262
318,247,262
319,248,261
320,248,261
321,248,261
322,249,261
323,249,261
324,250,261
325,250,261
326,251,261
327,251,260
328,252,260
329,253,260
330,255,259
331,256,259
331,256,258
0,0
0,185
260,268,273
261,266,275
262,265,277
263,264,279
264,264,280
265,264,282
266,264,283
267,264,284
268,264,285
269,264,286
270,264,287
271,265,288
272,265,289
273,265,290
274,266,291
275,266,292
276,266,293
277,267,293
278,267,294
279,267,295
280,268,295
281,268,296
282,268,296
283,268,297
284,268,297
285,269,297
286,269,298
287,269,298
288,269,298
289,269,298
290,269,299
291,269,299
292,270,299
293,270,299
294,270,299
295,270,299
296,270,299
297,270,299
298,270,299
299,270,299
300,270,299
301,270,299
302,271,299
303,271,299
304,271,298
305,271,298
306,271,298
307,271,298
308,271,298
309,271,298
310,271,298
311,271,298
312,271,298
313,271,298
314,271,298
315,271,298
316,271,298
317,271,298
318,271,298
319,271,298
320,271,298
321,271,298
322,271,298
323,271,298
324,271,298
325,272,298
326,272,298
327,272,298
328,272,298
329,272,298
330,272,298
331,272,298
332,272,298
333,272,298
334,272,298
335,272,298
336,272,298
337,272,298
338,272,298
339,272,298
340,272,298
341,272,298
342,272,298
343,272,298
344,272,298
345,272,298
346,272,298
347,272,298
348,272,298
349,272,298
350,272,298
351,272,298
352,272,298
353,272,298
354,272,298
355,272,298
356,272,298
357,272,298
358,272,298
359,272,298
360,272,298
361,272,298
362,271,298
363,271,298
364,271,299
365,271,299
366,271,299
367,271,299
368,271,299
369,271,299
370,271,299
371,271,299
372,271,299
373,271,299
374,271,299
375,271,299
376,271,299
377,271,299
378,270,299
379,270,299
380,270,299
381,270,299
382,270,299
383,270,299
384,269,299
385,269,299
386,269,300
387,269,300
388,268,300
389,269,300
390,269,300
391,269,300
392,270,300
393,270,300
394,270,300
395,270,300
396,271,300
397,271,300
398,271,300
399,271,300
400,272,300
401,272,300
402,272,300
403,272,299
404,273,299
405,273,299
406,273,299
407,273,299
408,274,299
409,274,299
410,274,299
411,274,299
412,275,299
413,275,298
414,275,298
415,276,298
416,276,298
417,276,298
418,276,297
419,277,297
420,277,297
421,277,297
422,277,296
423,278,296
424,278,296
425,278,295
426,278,295
427,279,295
428,279,294
429,279,294
430,279,293
431,280,293
432,280,292
433,280,292
434,281,291
435,281,291
436,281,290
437,281,290
438,282,289
439,282,289
440,282,288
441,282,287
442,283,286
443,283,285
444,283,284
1,72
283,441,444
282,437,444
281,433,444
280,430,444
279,426,444
278,422,443
277,418,443
276,414,443
275,410,442
274,407,441
273,403,441
272,399,440
271,395,439
270,391,439
269,388,438
268,388,437
267,391,436
266,392,435
265,393,434
264,394,433
263,394,432
262,394,431
261,395,430
260,395,429
259,395,429
258,395,428
257,395,427
256,395,426
255,395,425
254,395,425
253,395,424
252,395,423
251,395,422
250,394,422
249,394,421
248,394,420
247,394,420
246,394,419
245,394,418
244,393,417
243,393,417
242,393,416
241,393,415
240,393,415
239,392,414
238,392,413
237,392,412
236,392,412
235,392,411
234,392,410
233,392,410
232,391,409
231,391,408
230,391,408
229,391,407
228,391,406
227,391,406
226,390,405
225,390,404
224,390,404
223,390,403
222,390,402
221,390,402
220,390,401
219,389,400
218,390,400
217,390,399
216,390,398
215,390,398
214,390,397
213,391,396
212,392,394
0,0
0,90
314,189,189
315,185,191
316,184,192
317,183,192
318,183,193
319,182,193
320,181,194
321,181,194
322,180,194
323,179,194
324,179,195
325,178,195
326,177,195
327,177,195
328,176,195
329,175,195
330,175,195
331,174,195
332,173,195
333,173,195
334,172,194
335,171,194
336,171,194
337,170,194
338,169,194
339,168,194
340,168,193
341,167,193
342,166,193
343,166,193
344,165,192
345,164,192
346,163,192
347,163,191
348,162,191
349,161,191
350,160,191
351,160,191
352,159,190
353,158,190
354,157,190
355,156,189
356,156,189
357,155,189
358,154,188
359,153,188
360,152,188
361,151,187
362,151,187
363,150,186
364,149,186
365,148,186
366,147,185
367,146,185
368,146,184
369,145,184
370,145,183
371,144,183
372,144,182
373,143,182
374,143,181
375,143,180
376,142,180
377,142,179
378,142,179
379,142,178
380,141,177
381,141,177
382,141,176
383,141,175
384,141,175
385,140,174
386,140,173
387,140,172
388,140,172
389,140,171
390,140,170
391,140,169
392,140,168
393,141,167
394,141,166
395,141,165
396,141,164
397,141,162
398,142,161
399,142,160
400,142,158
401,143,156
402,144,154
403,146,151
0,0
0,84
311,341,341
312,340,343
313,339,345
314,338,348
315,338,351
316,338,354
317,338,357
318,338,360
319,338,362
320,338,365
321,338,368
322,339,370
323,339,373
324,340,376
325,340,378
326,341,381
327,342,383
328,343,385
329,344,388
330,345,390
331,346,392
332,348,394
333,349,396
334,350,398
335,351,400
336,352,402
337,353,404
338,354,405
339,355,407
340,356,408
341,357,410
342,358,411
343,360,412
344,361,413
345,362,414
346,363,414
347,364,415
348,365,416
349,366,417
350,367,417
351,368,418
352,369,418
353,370,419
354,371,419
355,372,420
356,373,420
357,374,421
358,375,421
359,376,421
360,377,422
361,378,422
362,379,423
363,380,423
364,381,423
365,382,423
366,383,424
367,384,424
368,385,424
369,386,425
370,387,425
371,388,425
372,389,425
373,390,425
374,391,426
375,392,426
376,393,426
377,394,426
378,394,426
379,395,426
380,396,426
381,397,426
382,398,426
383,399,426
384,400,426
385,401,426
386,402,425
387,403,425
388,404,424
389,405,423
390,406,423
391,408,421
392,409,420
393,412,418
394,414,414
0,0
