1,205
146,165,168
147,164,169
148,164,169
149,163,170
150,163,171
151,163,171
152,162,172
153,162,172
154,162,173
155,162,173
156,161,174
157,161,174
158,161,175
159,161,175
160,161,176
161,161,176
162,161,177
163,161,177
164,161,177
165,161,178
166,161,178
167,160,178
168,160,179
169,160,179
170,160,179
171,160,179
172,160,180
173,160,180
174,160,180
175,160,180
176,160,180
177,159,181
178,159,181
179,159,181
180,159,181
181,159,181
182,159,181
183,159,181
184,159,181
185,159,181
186,158,181
187,158,181
188,158,182
189,158,181
190,158,181
191,158,181
192,158,181
193,158,181
194,157,181
195,157,181
196,157,181
197,157,180
198,157,180
199,157,180
200,157,180
201,157,180
202,156,179
203,156,179
204,156,179
205,156,179
206,156,179
207,156,178
208,155,178
209,155,178
210,155,178
211,155,178
212,155,177
213,155,177
214,154,177
215,154,177
216,154,177
217,154,177
218,154,176
219,154,176
220,153,176
221,153,176
222,153,176
223,153,175
224,153,175
225,153,175
226,152,175
227,152,175
228,152,174
229,152,174
230,152,174
231,151,174
232,151,174
233,151,174
234,151,173
235,150,173
236,150,173
237,150,173
238,150,173
239,150,172
240,149,172
241,149,172
242,149,172
243,149,172
244,148,171
245,148,171
246,148,171
247,148,171
248,147,171
249,147,171
250,147,170
251,147,170
252,146,170
253,146,170
254,146,170
255,146,169
256,145,169
257,145,169
258,145,169
259,145,169
260,144,168
261,144,168
262,144,168
263,144,168
264,143,168
265,143,168
266,143,167
267,143,167
268,142,167
269,142,167
270,142,167
271,142,166
272,141,166
273,141,166
274,141,166
275,140,166
276,140,166
277,140,165
278,140,165
279,139,165
280,139,165
281,139,165
282,138,164
283,138,164
284,138,164
285,137,164
286,137,164
287,137,163
288,137,163
289,136,163
290,136,163
291,136,163
292,135,163
293,135,162
294,135,162
295,134,162
296,134,162
297,134,162
298,134,161
299,133,161
300,133,161
301,132,161
302,132,161
303,132,160
304,132,160
305,131,160
306,131,160
307,131,160
308,131,159
309,131,159
310,130,159
311,130,159
312,130,159
313,130,158
314,130,158
315,130,158
316,130,158
317,130,158
318,130,157
319,130,157
320,130,157
321,130,157
322,129,157
323,130,156
324,130,156
325,130,156
326,130,156
327,130,155
328,130,155
329,131,155
330,131,155
331,131,154
332,132,154
333,132,154
334,132,154
335,132,154
336,133,153
337,133,153
338,134,153
339,134,152
340,134,152
341,135,152
342,135,152
343,136,151
344,136,151
345,137,151
346,137,150
347,138,149
348,139,149
349,140,147
350,143,146
0,0
0,229
33,230,230
34,224,235
35,222,239
36,220,242
37,220,245
38,219,247
39,219,250
40,218,252
41,218,253
42,218,255
43,218,257
44,219,259
45,219,260
46,219,262
47,220,264
48,220,265
49,221,266
50,222,268
51,222,269
52,223,270
53,223,271
54,224,271
55,224,272
56,225,272
57,225,272
58,226,272
59,226,272
60,226,272
61,227,272
62,227,272
63,227,271
64,228,271
65,228,271
66,228,271
67,229,270
68,229,270
69,229,270
70,230,270
71,230,270
72,230,269
73,230,269
74,231,269
75,231,269
76,231,268
77,231,268
78,231,268
79,232,268
80,232,268
81,232,267
82,232,267
83,232,267
84,232,267
85,233,267
86,233,267
87,233,267
88,233,266
89,233,266
90,233,266
91,233,266
92,234,266
93,234,266
94,234,266
95,234,266
96,234,266
97,234,266
98,234,265
99,234,265
100,234,265
101,234,265
102,235,265
103,235,265
104,235,265
105,235,265
106,235,265
107,235,265
108,235,265
109,235,264
110,235,264
111,235,264
112,235,264
113,235,264
114,235,264
115,236,264
116,236,264
117,236,264
118,236,264
119,236,264
120,236,264
121,236,264
122,236,264
123,236,263
124,236,263
125,236,263
126,236,263
127,236,263
128,236,263
129,236,263
130,236,263
131,236,263
132,236,263
133,236,263
134,236,263
135,236,263
136,236,263
137,236,263
138,236,263
139,236,263
140,236,262
141,236,262
142,236,262
143,236,262
144,236,262
145,236,262
146,236,262
147,236,262
148,236,262
149,236,262
150,236,262
151,236,262
152,236,262
153,236,262
154,236,262
155,236,261
156,236,261
157,236,261
158,236,261
159,236,261
160,236,261
161,236,261
162,236,261
163,236,261
164,236,261
165,236,261
166,236,261
167,236,261
168,236,261
169,236,261
170,236,261
171,236,261
172,236,260
173,236,260
174,236,260
175,236,260
176,236,260
177,236,260
178,236,260
179,236,260
180,236,260
181,236,260
182,236,260
183,236,260
184,236,260
185,236,260
186,236,260
187,236,259
188,236,259
189,236,259
190,236,259
191,236,259
192,236,259
193,236,259
194,236,259
195,236,259
196,236,259
197,236,259
198,236,259
199,236,259
200,236,259
201,236,259
202,236,258
203,236,258
204,236,258
205,235,258
206,235,258
207,235,258
208,235,258
209,235,258
210,235,258
211,235,258
212,235,258
213,235,258
214,235,258
215,235,258
216,235,258
217,235,258
218,235,258
219,235,257
220,235,257
221,235,257
222,235,257
223,235,257
224,235,257
225,235,257
226,235,257
227,235,257
228,235,257
229,235,257
230,235,257
231,235,257
232,235,257
233,235,256
234,234,256
235,234,256
236,234,256
237,234,256
238,234,256
239,234,256
240,234,256
241,234,256
242,234,256
243,234,256
244,234,256
245,234,256
246,234,256
247,234,256
248,234,255
249,234,255
250,234,255
251,234,255
252,234,255
253,234,255
254,234,255
255,234,255
256,234,253
257,234,250
258,234,246
259,233,242
260,233,239
261,233,235
0,0
1,431
35,277,277
36,276,280
37,275,281
38,275,282
39,274,283
40,274,284
41,274,285
42,274,286
43,274,287
44,274,288
45,274,288
46,273,289
47,273,290
48,273,290
49,273,291
50,273,291
51,273,292
52,273,292
53,273,293
54,273,293
55,273,294
56,272,294
57,272,294
58,272,294
59,272,295
60,272,295
61,272,295
62,272,295
63,272,296
64,272,296
65,271,296
66,271,296
67,271,296
68,271,296
69,271,296
70,271,296
71,271,296
72,271,296
73,271,296
74,271,296
75,270,295
76,270,295
77,270,295
78,270,295
79,270,295
80,270,294
81,270,294
82,270,294
83,270,293
84,270,293
85,269,293
86,269,293
87,269,292
88,269,292
89,269,292
90,269,292
91,269,291
92,269,291
93,269,291
94,268,291
95,268,290
96,268,290
97,268,290
98,268,290
99,268,290
100,268,289
101,268,289
102,268,289
103,267,289
104,267,288
105,267,288
106,267,288
107,267,288
108,267,287
109,267,287
110,267,287
111,267,287
112,267,287
113,266,286
114,266,286
115,266,286
116,266,286
117,266,285
118,266,285
119,266,285
120,266,285
121,266,285
122,265,284
123,265,284
124,265,284
125,265,284
126,265,284
127,265,283
128,265,283
129,265,283
130,265,283
131,264,283
132,264,282
133,264,282
134,264,282
135,264,282
136,264,282
137,264,281
138,264,281
139,264,281
140,263,281
141,263,281
142,263,281
143,263,280
144,263,280
145,263,280
146,263,280
147,263,280
148,263,279
149,263,279
150,262,279
151,262,279
152,262,279
153,262,279
154,262,278
155,262,278
156,262,278
157,262,278
158,262,278
159,261,277
160,261,277
161,261,277
162,261,277
163,261,277
164,261,277
165,261,276
166,261,276
167,260,276
168,260,276
169,260,276
170,260,276
171,260,275
172,260,275
173,260,275
174,260,275
175,260,275
176,259,275
177,259,275
178,259,274
179,259,274
180,259,274
181,259,274
182,259,274
183,259,274
184,259,273
185,258,273
186,258,273
187,258,273
188,258,273
189,258,273
190,258,273
191,258,272
192,258,272
193,258,272
194,257,272
195,257,272
196,257,272
197,257,272
198,257,271
199,257,271
200,257,271
201,257,271
202,257,271
203,256,271
204,256,271
205,256,271
206,256,270
207,256,270
208,256,270
209,256,270
210,256,270
211,255,270
212,255,270
213,255,270
214,255,269
215,255,269
216,255,269
217,255,269
218,255,269
219,255,269
220,254,269
221,254,269
222,254,268
223,254,268
224,254,268
225,254,268
226,254,268
227,254,268
228,254,268
229,253,268
230,253,268
231,253,268
232,253,267
233,253,267
234,253,267
235,253,267
236,253,267
237,252,267
238,252,267
239,252,267
240,252,267
241,252,266
242,252,266
243,252,266
244,252,266
245,251,266
246,251,266
247,251,266
248,251,266
249,251,266
250,251,266
251,251,266
252,251,265
253,251,265
254,250,265
255,250,265
256,250,265
257,250,265
258,250,265
259,250,265
260,250,265
261,250,265
262,249,265
263,249,265
264,249,264
265,249,264
266,249,264
267,249,264
268,249,264
269,249,264
270,248,264
271,248,264
272,248,264
273,248,264
274,248,264
275,248,264
276,248,264
277,248,264
278,247,263
279,247,263
280,247,263
281,247,263
282,247,263
283,247,263
284,247,263
285,246,263
286,246,263
287,246,263
288,246,263
289,246,263
290,246,263
291,246,263
292,246,263
293,245,263
294,245,263
295,245,262
296,245,262
297,245,262
298,245,262
299,245,262
300,245,262
301,244,262
302,244,262
303,244,262
304,244,262
305,244,262
306,244,262
307,244,262
308,243,262
309,243,262
310,243,262
311,243,262
312,243,262
313,243,262
314,243,262
315,242,262
316,242,262
317,242,262
318,242,262
319,242,262
320,242,262
321,242,262
322,241,262
323,241,262
324,241,262
325,241,262
326,241,262
327,241,262
328,241,262
329,240,262
330,240,262
331,240,262
332,240,262
333,240,262
334,240,262
335,240,262
336,239,262
337,239,262
338,239,262
339,239,262
340,239,262
341,239,262
342,239,262
343,238,262
344,238,262
345,238,262
346,238,262
347,238,262
348,238,262
349,238,262
350,237,262
351,237,262
352,237,262
353,237,262
354,237,262
355,237,262
356,236,262
357,236,262
358,236,262
359,236,262
360,236,262
361,236,262
362,235,262
363,235,262
364,235,262
365,235,262
366,235,262
367,235,262
368,234,262
369,234,262
370,234,262
371,234,262
372,234,262
373,234,262
374,233,262
375,233,262
376,233,262
377,233,262
378,233,262
379,233,262
380,233,262
381,232,262
382,232,262
383,232,262
384,232,262
385,232,262
386,231,262
387,231,262
388,231,262
389,231,262
390,231,262
391,231,262
392,230,262
393,230,262
394,230,262
395,230,262
396,230,262
397,230,262
398,229,262
399,229,262
400,229,262
401,229,262
402,229,262
403,228,262
404,228,262
405,228,262
406,228,262
407,228,262
408,227,262
409,227,262
410,227,262
411,227,262
412,227,262
413,227,262
414,227,262
415,226,262
416,226,262
417,226,262
418,226,262
419,226,262
420,226,262
421,226,262
422,226,262
423,227,262
424,227,262
425,227,262
426,227,262
427,227,262
428,227,262
429,228,262
430,228,262
431,228,262
432,229,262
433,229,262
434,229,262
435,230,262
436,230,262
437,231,262
438,231,262
439,232,262
440,232,262
441,233,262
442,233,262
443,234,262
444,234,262
445,235,262
446,235,262
447,236,262
448,237,262
449,237,262
450,238,262
451,239,263
452,240,262
453,240,262
454,241,262
455,242,262
456,243,261
457,243,261
458,244,261
459,245,261
460,246,261
461,247,260
462,248,260
463,249,259
464,251,258
465,253,257
0,0
0,180
265,226,226
266,223,234
267,221,239
268,220,243
269,219,247
270,219,250
271,219,252
272,219,255
273,219,257
274,219,258
275,219,259
276,219,261
277,219,262
278,219,263
279,219,263
280,219,264
281,219,264
282,219,264
283,219,264
284,219,264
285,219,263
286,219,263
287,219,262
288,219,262
289,218,261
290,218,260
291,218,259
292,218,258
293,217,256
294,217,255
295,217,254
296,216,253
297,216,252
298,215,251
299,215,250
300,215,249
301,214,248
302,214,247
303,213,246
304,213,245
305,212,244
306,212,243
307,211,242
308,211,241
309,210,240
310,210,239
311,209,238
312,209,238
313,208,237
314,208,236
315,207,235
316,207,234
317,206,233
318,206,232
319,205,231
320,205,231
321,204,230
322,203,229
323,203,228
324,202,227
325,202,226
326,201,225
327,201,225
328,200,224
329,199,223
330,199,222
331,198,221
332,197,220
333,197,220
334,196,219
335,196,218
336,195,217
337,194,216
338,193,216
339,193,215
340,192,214
341,191,213
342,191,212
343,190,212
344,189,211
345,189,210
346,188,209
347,187,209
348,186,208
349,185,207
350,185,206
351,184,205
352,183,205
353,182,204
354,182,203
355,181,202
356,180,202
357,179,201
358,178,200
359,177,199
360,176,199
361,175,198
362,174,197
363,174,196
364,173,196
365,172,195
366,171,194
367,170,193
368,169,193
369,168,192
370,167,191
371,165,190
372,164,190
373,163,189
374,162,188
375,161,188
376,160,187
377,159,186
378,158,185
379,156,185
380,155,184
381,154,183
382,152,183
383,151,182
384,150,181
385,148,181
386,147,180
387,145,179
388,144,179
389,142,178
390,141,178
391,139,178
392,137,177
393,136,176
394,134,176
395,132,175
396,131,174
397,128,173
398,126,173
399,124,172
400,122,171
401,120,171
402,119,170
403,118,169
404,117,168
405,116,168
406,115,167
407,114,166
408,114,166
409,114,165
410,114,164
411,114,164
412,114,163
413,114,162
414,114,161
415,114,161
416,114,160
417,114,159
418,114,159
419,114,158
420,115,157
421,115,156
422,115,156
423,116,155
424,116,154
425,117,154
426,117,153
427,117,152
428,118,151
429,118,151
430,119,150
431,119,149
432,120,149
433,120,148
434,121,147
435,122,146
436,122,146
437,123,145
438,124,144
439,125,144
440,125,143
441,126,142
442,128,141
443,130,139
444,135,135
1,205
141,442,442
142,441,442
143,440,441
144,438,440
145,437,440
146,435,439
147,434,439
148,433,438
149,431,438
150,430,437
151,428,437
152,427,436
153,425,436
154,424,435
155,423,435
156,421,434
157,420,434
158,418,433
159,417,433
160,416,432
161,414,432
162,413,431
163,411,431
164,410,430
165,409,430
166,407,429
167,406,429
168,404,428
169,403,428
170,402,428
171,400,427
172,399,427
173,397,426
174,396,426
175,395,426
176,393,425
177,392,425
178,390,424
179,390,424
180,390,423
181,390,423
182,390,423
183,390,422
184,390,422
185,390,421
186,390,421
187,390,421
188,390,420
189,390,420
190,390,420
191,390,419
192,390,419
193,390,419
194,390,418
195,390,418
196,389,417
197,389,417
198,389,417
199,389,416
200,389,416
201,389,416
202,389,415
203,389,415
204,388,415
205,388,415
206,388,414
207,388,414
208,388,414
209,388,413
210,388,413
211,387,413
212,387,412
213,387,412
214,387,412
215,387,411
216,387,411
217,387,411
218,386,410
219,386,410
220,386,410
221,386,409
222,386,409
223,386,409
224,385,409
225,385,408
226,385,408
227,385,408
228,385,407
229,385,407
230,385,407
231,384,406
232,384,406
233,384,406
234,384,406
235,384,405
236,384,405
237,383,405
238,383,404
239,383,404
240,383,404
241,383,404
242,383,403
243,383,403
244,382,403
245,382,402
246,382,402
247,382,402
248,382,402
249,382,401
250,381,401
251,381,401
252,381,401
253,381,400
254,381,400
255,381,400
256,381,399
257,380,399
258,380,399
259,380,399
260,380,398
261,380,398
262,380,398
263,379,398
264,379,397
265,379,397
266,379,397
267,379,397
268,379,396
269,379,396
270,378,396
271,378,396
272,378,395
273,378,395
274,378,395
275,378,395
276,378,394
277,377,394
278,377,394
279,377,394
280,377,393
281,377,393
282,377,393
283,376,393
284,376,392
285,376,392
286,376,392
287,376,392
288,376,392
289,376,391
290,375,391
291,375,391
292,375,391
293,375,390
294,375,390
295,375,390
296,375,390
297,374,389
298,374,389
299,374,389
300,374,389
301,374,388
302,374,388
303,373,388
304,373,388
305,373,387
306,373,387
307,373,387
308,373,387
309,373,386
310,372,386
311,372,386
312,372,386
313,372,385
314,372,385
315,372,385
316,372,385
317,371,384
318,371,384
319,371,384
320,371,384
321,371,383
322,371,383
323,371,383
324,370,382
325,370,382
326,370,382
327,370,381
328,370,381
329,370,381
330,370,381
331,369,380
332,369,380
333,369,379
334,369,379
335,369,379
336,369,378
337,368,378
338,369,378
339,369,377
340,369,377
341,370,376
342,370,375
343,370,375
344,370,374
345,371,373
0,0
0,120
320,299,299
321,297,300
322,296,301
323,295,302
324,295,303
325,294,305
326,294,306
327,294,308
328,294,309
329,294,310
330,294,312
331,294,313
332,294,314
333,294,316
334,294,317
335,295,318
336,295,319
337,296,321
338,297,322
339,297,323
340,298,324
341,299,326
342,299,327
343,300,328
344,301,329
345,302,331
346,302,332
347,303,333
348,304,334
349,304,335
350,305,337
351,306,338
352,306,339
353,307,340
354,308,341
355,308,343
356,309,344
357,310,345
358,310,346
359,311,347
360,312,348
361,312,349
362,313,350
363,314,352
364,314,353
365,315,354
366,315,355
367,316,356
368,317,357
369,317,358
370,318,359
371,319,360
372,319,361
373,320,362
374,321,363
375,321,364
376,322,365
377,322,366
378,323,366
379,324,367
380,324,368
381,325,369
382,326,370
383,326,371
384,327,371
385,327,372
386,328,373
387,329,373
388,329,374
389,330,374
390,330,375
391,331,375
392,332,376
393,332,376
394,333,376
395,333,376
396,334,377
397,335,377
398,335,377
399,336,378
400,336,378
401,337,378
402,338,378
403,338,378
404,339,378
405,339,379
406,340,379
407,341,379
408,341,379
409,342,379
410,342,379
411,343,379
412,343,379
413,344,379
414,345,379
415,345,379
416,346,379
417,346,379
418,347,379
419,347,379
420,348,379
421,349,379
422,349,379
423,350,379
424,350,379
425,351,379
426,351,379
427,352,378
428,352,378
429,353,378
430,354,378
431,354,377
432,355,377
433,356,376
434,357,375
435,357,375
436,358,374
437,360,372
438,361,370
439,366,366
0,0
