1,214
365,73,77
364,71,78
363,69,79
362,68,80
361,67,80
360,66,81
359,65,81
358,64,81
357,63,82
356,62,82
355,61,82
354,60,82
353,59,82
352,58,82
351,58,82
350,57,82
349,56,82
348,55,83
347,55,83
346,54,83
345,53,83
344,52,83
343,52,83
342,51,83
341,51,83
340,50,83
339,49,83
338,49,83
337,48,84
336,47,84
335,47,84
334,46,84
333,46,84
332,45,84
331,45,84
330,44,84
329,44,84
328,43,84
327,43,85
326,42,85
325,42,85
324,41,85
323,41,85
322,40,85
321,40,86
320,40,86
319,39,86
318,39,86
317,39,87
316,39,87
315,38,87
314,39,87
313,39,87
312,39,88
311,39,88
310,40,88
309,40,88
308,41,89
307,43,89
306,46,89
305,50,89
304,52,90
303,53,90
302,54,90
301,55,91
300,56,91
299,57,91
298,57,92
297,58,92
296,59,92
295,59,93
294,60,93
293,61,93
292,61,94
291,62,94
290,62,94
289,63,95
288,64,95
287,64,95
286,65,96
285,65,96
284,66,96
283,66,96
282,67,97
281,67,97
280,68,97
279,68,98
278,69,98
277,69,98
276,71,78
276,70,98
275,71,78
275,70,99
274,71,99
273,71,99
272,72,100
271,72,100
270,73,100
269,73,100
268,73,101
267,74,101
266,74,101
265,75,101
264,75,102
263,76,102
262,76,102
261,77,102
260,77,103
259,78,103
258,78,103
257,79,103
256,79,104
255,79,104
254,80,104
253,80,104
252,81,104
251,81,105
250,82,105
249,82,105
248,82,105
247,83,106
246,83,106
245,84,106
244,84,106
243,84,106
242,85,107
241,85,107
240,86,107
239,86,107
238,86,108
237,87,108
236,87,108
235,88,108
234,88,108
233,88,109
232,89,109
231,89,109
230,89,109
229,90,109
228,90,110
227,91,110
226,91,110
225,91,110
224,92,110
223,92,110
222,92,111
221,93,111
220,93,111
219,93,111
218,94,111
217,94,112
216,94,112
215,95,112
214,95,112
213,96,112
212,96,112
211,96,113
210,97,113
209,97,113
208,97,113
207,98,113
206,98,113
205,98,114
204,99,114
203,99,114
202,99,114
201,100,114
200,100,114
199,100,115
198,101,115
197,101,115
196,101,115
195,101,115
194,102,115
193,102,115
192,102,116
191,103,116
190,103,116
189,103,116
188,104,116
187,104,116
186,104,116
185,105,116
184,105,116
183,105,117
182,106,117
181,106,117
180,106,117
179,106,117
178,107,117
177,107,117
176,107,117
175,108,117
174,108,117
173,108,118
172,108,118
171,109,118
170,109,118
169,109,118
168,110,118
167,110,118
166,110,118
165,111,118
164,111,118
163,111,118
162,111,118
161,112,119
160,112,119
159,112,119
158,112,119
157,113,119
156,113,118
155,114,118
154,115,118
0,0
0,331
93,141,148
94,138,152
95,137,155
96,137,158
97,136,160
98,136,163
99,137,165
100,137,167
101,137,169
102,138,170
103,138,172
104,139,174
105,139,175
106,140,177
107,141,178
108,141,179
109,142,180
110,142,181
111,143,182
112,143,183
113,143,183
114,144,184
115,144,184
116,145,184
117,145,184
118,145,184
119,146,184
120,146,184
121,146,184
122,147,183
123,147,183
124,147,183
125,147,182
126,148,182
127,148,182
128,148,182
129,148,181
130,148,181
131,148,181
132,149,181
133,149,181
134,149,180
135,149,180
136,149,180
137,149,180
138,149,179
139,150,179
140,150,179
141,150,179
142,150,179
143,150,179
144,150,179
145,150,179
146,150,179
147,150,179
148,150,179
149,150,179
150,150,179
151,150,179
152,150,178
153,150,178
154,150,178
155,150,178
156,150,178
157,150,178
158,150,178
159,150,178
160,150,178
161,150,178
162,150,178
163,150,178
164,150,178
165,150,178
166,150,177
167,150,177
168,150,177
169,150,177
170,150,177
171,150,177
172,150,177
173,150,177
174,149,177
175,149,177
176,149,177
177,149,177
178,149,176
179,149,176
180,149,176
181,149,176
182,149,176
183,149,176
184,149,176
185,149,176
186,149,176
187,149,176
188,148,176
189,148,175
190,148,175
191,148,175
192,148,175
193,148,175
194,148,175
195,148,175
196,148,175
197,148,175
198,148,175
199,148,175
200,147,174
201,147,174
202,147,174
203,147,174
204,147,174
205,147,174
206,147,174
207,147,174
208,147,173
209,147,173
210,146,173
211,146,173
212,146,173
213,146,173
214,146,173
215,146,173
216,146,172
217,146,172
218,146,172
219,145,172
220,145,172
221,145,172
222,145,172
223,145,172
224,145,171
225,145,171
226,145,171
227,145,171
228,145,171
229,144,171
230,144,171
231,144,170
232,144,170
233,144,170
234,144,170
235,144,170
236,143,170
237,143,170
238,143,169
239,143,169
240,143,169
241,143,169
242,142,169
243,142,169
244,142,168
245,142,168
246,142,168
247,142,168
248,141,168
249,141,168
250,141,167
251,141,167
252,141,167
253,141,167
254,140,167
255,140,166
256,140,166
257,140,166
258,140,166
259,139,165
260,139,165
261,139,165
262,139,165
263,138,165
264,138,164
265,138,164
266,138,164
267,138,164
268,137,164
269,137,163
270,137,163
271,137,163
272,136,163
273,136,163
274,136,162
275,136,162
276,135,162
277,135,161
278,135,161
279,134,161
280,134,161
281,134,160
282,133,160
283,133,160
284,133,160
285,133,159
286,132,159
287,132,159
288,132,159
289,131,158
290,131,158
291,131,158
292,130,157
293,130,157
294,130,157
295,129,157
296,129,156
297,129,156
298,128,156
299,128,155
300,127,155
301,127,155
302,127,154
303,126,154
304,126,154
305,126,153
306,125,153
307,125,153
308,124,152
309,124,152
310,124,151
311,123,151
312,123,151
313,122,150
314,122,150
315,121,150
316,121,149
317,121,149
318,120,148
319,120,148
320,119,148
321,119,147
322,118,147
323,118,146
324,117,146
325,117,145
326,116,145
327,116,144
328,115,144
329,115,144
330,114,143
331,114,143
332,113,142
333,113,142
334,112,141
335,112,141
336,111,140
337,111,139
338,110,139
339,110,138
340,109,138
341,108,137
342,108,137
343,107,136
344,107,135
345,106,135
346,106,134
347,105,134
348,104,133
349,104,132
350,103,132
351,102,131
352,102,131
353,101,130
354,101,129
355,100,129
356,99,128
357,99,127
358,98,127
359,97,126
360,96,125
361,96,124
362,95,123
363,94,123
364,93,122
365,93,121
366,92,120
367,91,120
368,90,119
369,90,118
370,89,117
371,88,116
372,87,115
373,86,115
374,85,114
375,84,113
376,84,112
377,83,111
378,82,110
379,81,109
380,80,108
381,79,107
382,78,106
383,76,105
384,75,104
385,74,103
386,73,102
387,72,101
388,71,100
389,70,98
390,69,97
391,68,96
392,67,95
393,66,94
394,65,93
395,63,92
396,62,90
397,61,89
398,60,88
399,59,87
400,58,85
401,57,84
402,56,83
403,55,81
404,54,80
405,53,79
406,51,77
407,50,76
408,49,75
409,48,73
410,47,72
411,46,70
412,45,69
413,44,67
414,43,66
415,42,64
416,41,63
417,40,61
418,39,59
419,39,58
420,38,56
421,38,54
422,39,51
423,43,46
0,0
1,133
161,215,218
162,214,219
163,213,219
164,212,220
165,212,221
166,212,221
167,212,222
168,211,222
169,211,223
170,211,223
171,211,224
172,211,224
173,210,224
174,210,225
175,210,225
176,210,225
177,210,226
178,210,226
179,210,226
180,210,226
181,209,227
182,209,227
183,209,227
184,209,227
185,209,227
186,209,227
187,209,227
188,209,227
189,208,228
190,208,227
191,208,227
192,208,227
193,208,227
194,208,227
195,208,227
196,207,227
197,207,227
198,207,227
199,207,227
200,207,227
201,207,226
202,207,226
203,206,226
204,206,226
205,206,226
206,206,225
207,206,225
208,206,225
209,205,225
210,205,224
211,205,224
212,205,224
213,205,224
214,204,224
215,204,223
216,204,223
217,204,223
218,204,222
219,204,222
220,203,222
221,203,221
222,203,221
223,203,221
224,203,220
225,202,220
226,202,220
227,202,219
228,202,219
229,202,219
230,201,219
231,201,218
232,201,218
233,201,218
234,200,217
235,200,217
236,200,217
237,200,216
238,199,216
239,199,216
240,199,215
241,199,215
242,198,215
243,198,215
244,198,214
245,198,214
246,197,214
247,197,213
248,197,213
249,196,213
250,196,212
251,196,212
252,195,212
253,195,212
254,195,211
255,195,211
256,194,211
257,194,210
258,194,210
259,193,210
260,193,210
261,193,209
262,192,209
263,192,209
264,192,209
265,191,208
266,191,208
267,191,208
268,190,208
269,190,207
270,190,207
271,189,207
272,189,207
273,189,206
274,188,206
275,188,206
276,188,206
277,187,206
278,187,206
279,186,206
280,186,206
281,186,206
282,185,206
283,185,205
284,185,203
285,184,200
286,184,198
287,183,195
288,183,193
289,183,191
290,182,188
291,182,186
292,182,184
293,181,181
0,239
175,315,315
176,308,319
177,303,322
178,299,324
179,297,327
180,294,330
181,293,332
182,292,334
183,292,337
184,291,338
185,291,340
186,291,342
187,290,343
188,290,344
189,289,345
190,289,347
191,288,347
192,288,348
193,288,349
194,287,349
195,287,349
196,286,349
197,286,349
198,285,349
199,285,348
200,285,348
201,284,347
202,284,347
203,283,346
204,283,345
205,283,344
206,282,343
207,289,342
208,291,341
209,292,340
210,293,339
211,293,338
212,294,337
213,294,337
214,294,336
215,295,335
216,295,335
217,295,334
218,295,333
219,295,333
220,294,332
221,294,331
222,294,331
223,294,330
224,294,330
225,293,329
226,293,329
227,293,328
228,293,328
229,292,327
230,292,327
231,292,326
232,292,326
233,291,326
234,291,325
235,291,325
236,291,325
237,290,324
238,290,324
239,290,323
240,290,323
241,289,323
242,289,322
243,289,322
244,288,322
245,288,321
246,288,321
247,288,320
248,287,320
249,287,320
250,287,319
251,286,319
252,286,318
253,286,318
254,285,318
255,285,317
256,285,317
257,285,317
258,284,316
259,284,316
260,284,315
261,283,315
262,283,315
263,282,314
264,282,314
265,282,313
266,281,313
267,281,313
268,281,312
269,280,312
270,280,311
271,280,311
272,279,310
273,279,310
274,278,309
275,278,309
276,278,309
277,277,308
278,277,308
279,276,307
280,276,307
281,275,306
282,275,306
283,275,306
284,274,305
285,274,305
286,273,304
287,273,304
288,272,303
289,272,303
290,272,302
291,271,302
292,270,301
293,270,301
294,270,300
295,269,300
296,268,299
297,268,299
298,267,298
299,267,298
300,266,297
301,266,297
302,265,296
303,265,296
304,264,295
305,264,295
306,263,294
307,263,294
308,262,293
309,261,293
310,261,292
311,260,291
312,259,291
313,259,290
314,258,290
315,258,289
316,257,289
317,256,288
318,255,287
319,255,287
320,254,286
321,253,286
322,253,285
323,252,284
324,251,284
325,251,283
326,250,282
327,249,282
328,248,281
329,247,280
330,247,280
331,246,279
332,245,279
333,244,278
334,243,277
335,242,276
336,241,276
337,241,275
338,240,274
339,239,273
340,238,273
341,237,272
342,236,271
343,235,270
344,234,270
345,233,269
346,232,268
347,231,267
348,230,266
349,229,265
350,228,265
351,227,264
352,225,263
353,224,262
354,223,261
355,222,260
356,221,259
357,219,258
358,218,257
359,217,256
360,216,255
361,214,254
362,213,253
363,212,252
364,210,251
365,209,250
366,208,249
367,206,248
368,204,247
369,203,246
370,201,245
371,200,243
372,198,242
373,196,241
374,195,240
375,193,239
376,191,237
377,190,236
378,188,235
379,186,234
380,184,232
381,182,231
382,180,229
383,179,228
384,176,226
385,174,225
386,172,223
387,170,222
388,168,220
389,166,218
390,164,217
391,161,215
392,159,213
393,156,212
394,154,210
395,151,208
396,149,206
397,146,204
398,143,202
399,140,200
400,137,198
401,134,196
402,131,193
403,128,191
404,125,188
405,123,186
406,122,183
407,121,180
408,122,176
409,122,172
410,123,167
411,125,161
412,127,150
413,134,134
0,0
1,276
178,259,262
179,258,263
180,257,264
181,257,265
182,257,265
183,256,266
184,256,267
185,256,267
186,256,268
187,257,268
188,257,269
189,257,269
190,257,270
191,257,271
192,258,271
193,258,272
194,258,273
195,259,273
196,259,274
197,260,275
198,260,276
199,261,277
200,261,278
201,262,279
202,262,280
203,263,281
204,264,282
205,264,283
206,265,284
207,266,285
208,266,286
209,267,287
210,268,288
211,269,289
212,269,290
213,270,292
214,271,293
215,272,294
216,273,295
217,274,296
218,275,297
219,275,298
220,276,300
221,277,301
222,278,302
223,279,303
224,280,304
225,281,305
226,282,307
227,283,308
228,284,309
229,285,310
230,286,311
231,287,313
232,288,314
233,289,315
234,290,316
235,291,317
236,293,319
237,294,320
238,295,321
239,296,322
240,297,324
241,298,325
242,299,326
243,300,327
244,301,329
245,302,330
246,303,331
247,305,332
248,306,333
249,307,335
250,308,336
251,309,337
252,310,339
253,311,340
254,312,341
255,313,342
256,314,344
257,315,345
258,316,346
259,317,347
260,318,349
261,319,350
262,320,351
263,321,352
264,322,353
265,323,355
266,324,356
267,325,357
268,326,358
269,327,359
270,328,360
271,329,362
272,330,363
273,331,364
274,331,365
275,332,366
276,333,367
277,334,368
278,335,369
279,336,370
280,337,371
281,338,373
282,338,374
283,339,375
284,340,376
285,341,377
286,342,378
287,343,379
288,343,380
289,344,381
290,345,382
291,346,383
292,347,384
293,347,385
294,348,386
295,349,387
296,350,388
297,350,389
298,351,390
299,352,391
300,353,392
301,353,393
302,354,394
303,355,395
304,355,396
305,356,397
306,357,397
307,358,398
308,358,399
309,359,400
310,360,401
311,360,402
312,361,403
313,362,404
314,362,405
315,363,406
316,364,407
317,364,408
318,365,409
319,366,410
320,366,411
321,367,411
322,368,412
323,368,413
324,369,414
325,369,415
326,370,416
327,371,417
328,371,418
329,372,419
330,373,420
331,373,420
332,374,421
333,374,422
334,375,423
335,375,424
336,376,425
337,377,426
338,377,427
339,378,428
340,378,428
341,379,429
342,379,430
343,380,430
344,380,431
345,381,432
346,381,432
347,382,433
348,382,433
349,383,434
350,383,434
351,383,434
352,384,435
353,384,435
354,385,435
355,385,436
356,385,436
357,386,436
358,386,436
359,387,437
360,387,437
361,387,437
362,388,437
363,388,437
364,388,437
365,389,437
366,389,437
367,389,437
368,390,437
369,390,437
370,390,437
371,390,438
372,391,438
373,391,438
374,391,437
375,392,437
376,392,437
377,392,437
378,393,437
379,393,437
380,393,437
381,394,437
382,394,437
383,394,437
384,395,436
385,395,436
386,395,436
387,395,436
388,396,436
389,396,436
390,396,435
391,397,435
392,397,435
393,397,435
394,397,435
395,398,434
396,398,434
397,398,434
398,399,434
399,399,434
400,399,434
401,399,433
402,400,433
403,400,433
404,400,433
405,401,433
406,401,433
407,401,432
408,401,432
409,402,432
410,402,432
411,402,432
412,403,432
413,403,431
414,403,431
415,404,431
416,404,431
417,404,431
418,404,430
419,405,430
420,405,430
421,405,430
422,406,430
423,406,430
424,406,429
425,407,429
426,407,429
427,407,429
428,407,429
429,408,429
430,408,429
431,408,428
432,409,428
433,409,428
434,409,428
435,410,428
436,410,427
437,411,427
438,411,427
439,411,427
440,412,427
441,412,426
442,412,426
443,413,426
444,413,426
445,414,425
446,414,425
447,414,425
448,415,425
449,415,424
450,416,424
451,417,423
452,418,423
453,419,422
0,0
