0,145
140,38,44
141,36,51
142,36,55
143,35,59
144,35,62
145,35,65
146,35,67
147,35,68
148,36,69
149,36,70
150,36,71
151,37,71
152,37,72
153,38,72
154,38,72
155,39,72
156,39,72
157,40,73
158,40,73
159,40,73
160,41,73
161,41,73
162,42,73
163,42,73
164,42,73
165,43,73
166,43,73
167,43,73
168,44,74
169,44,74
170,44,74
171,45,74
172,45,74
173,45,74
174,46,74
175,46,74
176,47,74
177,47,75
178,47,75
179,48,75
180,48,75
181,48,75
182,48,75
183,49,75
184,49,76
185,49,76
186,50,76
187,50,76
188,50,76
189,50,76
190,51,76
191,51,77
192,51,77
193,52,77
194,52,77
195,52,77
196,52,77
197,53,77
198,53,78
199,53,78
200,53,78
201,54,78
202,54,78
203,54,78
204,54,79
205,54,79
206,55,79
207,55,79
208,55,79
209,55,79
210,55,79
211,55,80
212,56,80
213,56,80
214,56,80
215,56,80
216,56,80
217,57,81
218,57,81
219,57,81
220,57,81
221,57,81
222,57,81
223,57,82
224,58,82
225,58,82
226,58,82
227,58,82
228,58,82
229,58,82
230,58,83
231,58,83
232,59,83
233,59,83
234,59,83
235,59,83
236,59,83
237,59,84
238,59,84
239,60,84
240,60,84
241,60,84
242,60,84
243,60,84
244,60,84
245,61,85
246,61,85
247,61,85
248,61,85
249,61,85
250,62,85
251,62,85
252,62,85
253,62,85
254,62,85
255,63,85
256,63,86
257,63,86
258,64,86
259,64,86
260,64,86
261,64,86
262,65,86
263,65,86
264,65,86
265,66,86
266,66,86
267,66,86
268,67,86
269,67,86
270,68,86
271,68,86
272,69,86
273,69,85
274,70,85
275,70,85
276,71,85
277,72,85
278,73,85
279,73,85
280,74,84
281,75,84
282,76,83
283,78,83
284,80,81
0,0
1,95
47,148,151
48,147,152
49,147,153
50,147,154
51,147,154
52,147,155
53,147,156
54,146,156
55,146,157
56,146,157
57,146,158
58,146,158
59,146,158
60,145,159
61,145,159
62,145,159
63,145,159
64,145,159
65,145,159
66,144,159
67,144,159
68,144,160
69,144,159
70,144,159
71,143,159
72,143,159
73,143,159
74,143,159
75,143,159
76,142,159
77,142,158
78,142,158
79,142,158
80,142,158
81,141,158
82,141,157
83,141,157
84,141,157
85,140,157
86,140,156
87,140,156
88,140,156
89,139,156
90,139,155
91,139,155
92,139,155
93,138,155
94,138,154
95,138,154
96,138,154
97,137,154
98,137,153
99,137,153
100,136,153
101,136,153
102,136,153
103,135,152
104,135,152
105,135,152
106,134,152
107,134,151
108,134,151
109,133,151
110,133,151
111,132,150
112,132,150
113,132,150
114,131,150
115,131,150
116,130,149
117,130,149
118,129,149
119,129,149
120,128,148
121,128,148
122,127,148
123,127,148
124,126,148
125,126,147
126,125,147
127,125,147
128,124,147
129,124,147
130,123,147
131,122,147
132,122,147
133,144,147
133,121,148
134,144,147
134,121,148
135,126,148
136,133,149
137,141,150
138,148,151
138,149,151
0,117
117,145,145
118,139,148
119,136,152
120,134,154
121,134,156
122,134,158
123,134,159
124,134,161
125,134,163
126,135,165
127,135,166
128,135,168
129,135,170
130,135,171
131,135,173
132,135,175
133,135,177
134,136,179
135,136,180
136,136,182
137,136,184
138,136,185
139,136,186
140,136,187
141,137,187
142,137,188
143,137,188
144,137,188
145,137,188
146,137,188
147,137,188
148,138,187
149,138,187
150,138,187
151,138,186
152,139,185
153,139,185
154,140,184
155,140,183
156,140,183
157,140,182
158,140,181
159,140,180
160,140,180
161,140,179
162,140,178
163,140,178
164,140,177
165,140,176
166,140,176
167,140,175
168,140,175
169,140,174
170,140,174
171,140,173
172,139,173
173,139,172
174,139,172
175,139,172
176,139,171
177,139,171
178,139,170
179,138,170
180,138,170
181,138,169
182,138,169
183,138,169
184,137,168
185,137,168
186,137,168
187,137,167
188,137,167
189,137,167
190,136,166
191,136,166
192,136,166
193,136,166
194,136,165
195,135,165
196,135,165
197,135,164
198,135,164
199,135,164
200,135,164
201,134,164
202,134,163
203,134,163
204,134,163
205,134,163
206,133,162
207,133,162
208,133,162
209,133,162
210,133,161
211,132,161
212,132,161
213,132,161
214,132,161
215,132,160
216,132,160
217,131,160
218,131,160
219,131,160
220,131,159
221,131,159
222,130,159
223,130,159
224,130,159
225,130,158
226,130,158
227,130,158
228,129,158
229,129,158
230,129,158
231,129,157
232,129,157
233,129,129
0,0
1,101
71,237,241
72,237,242
73,236,243
74,236,244
75,236,245
76,236,246
77,235,247
78,235,248
79,235,248
80,235,249
81,235,249
82,234,249
83,234,250
84,234,250
85,234,250
86,234,250
87,234,250
88,233,250
89,233,250
90,233,250
91,233,250
92,232,249
93,232,249
94,232,249
95,232,249
96,232,249
97,231,248
98,231,248
99,231,248
100,231,248
101,231,247
102,230,247
103,230,247
104,230,247
105,230,247
106,229,246
107,229,246
108,229,246
109,229,246
110,228,246
111,228,246
112,228,245
113,228,245
114,227,245
115,227,245
116,227,245
117,227,245
118,226,245
119,226,244
120,226,244
121,225,244
122,225,244
123,225,244
124,225,244
125,224,244
126,224,243
127,224,243
128,223,243
129,223,243
130,223,243
131,223,243
132,222,243
133,222,242
134,222,242
135,222,242
136,221,242
137,221,242
138,221,242
139,221,242
140,221,242
141,221,242
142,221,241
143,220,241
144,221,241
145,221,241
146,221,241
147,221,241
148,221,241
149,221,241
150,221,241
151,221,240
152,222,240
153,222,240
154,222,240
155,222,240
156,223,240
157,223,240
158,224,240
159,224,240
160,225,240
161,226,239
162,226,239
163,227,239
164,227,239
165,228,239
166,229,239
167,230,239
168,230,238
169,232,238
170,233,236
170,233,233
0,0
1,272
199,134,136
200,133,138
201,133,139
202,133,140
203,132,141
204,132,142
205,132,143
206,132,143
207,131,144
208,131,145
209,131,145
210,131,146
211,131,147
212,131,147
213,130,148
214,130,148
215,130,149
216,130,149
217,130,149
218,130,150
219,130,150
220,129,150
221,129,150
222,129,150
223,129,150
224,129,151
225,129,151
226,128,151
227,128,151
228,128,151
229,128,151
230,128,152
231,128,151
232,127,151
233,127,151
234,127,151
235,127,151
236,127,150
237,127,150
238,127,150
239,126,150
240,126,150
241,126,149
242,126,149
243,126,149
244,126,148
245,125,148
246,125,148
247,125,148
248,125,147
249,125,147
250,125,147
251,124,146
252,124,146
253,124,146
254,124,146
255,124,145
256,124,145
257,123,145
258,123,145
259,123,144
260,123,144
261,123,144
262,123,144
263,122,143
264,122,143
265,122,143
266,122,143
267,122,142
268,122,142
269,121,142
270,121,142
271,121,141
272,121,141
273,121,141
274,121,141
275,120,141
276,120,140
277,120,140
278,120,140
279,120,140
280,120,140
281,119,139
282,119,139
283,119,139
284,119,139
285,119,139
286,119,138
287,118,138
288,118,138
289,118,138
290,118,137
291,118,137
292,118,137
293,117,137
294,117,137
295,117,137
296,117,136
297,117,136
298,117,136
299,116,136
300,116,136
301,116,135
302,116,135
303,116,135
304,116,135
305,115,135
306,115,135
307,115,134
308,115,134
309,115,134
310,115,134
311,114,134
312,114,134
313,114,133
314,114,133
315,114,133
316,113,133
317,113,133
318,113,133
319,113,133
320,113,132
321,113,132
322,112,132
323,112,132
324,112,132
325,112,132
326,112,131
327,112,131
328,111,131
329,111,131
330,111,131
331,111,131
332,111,131
333,111,130
334,110,130
335,110,130
336,110,130
337,110,130
338,110,130
339,109,130
340,109,130
341,109,130
342,109,129
343,109,129
344,108,129
345,108,129
346,108,129
347,108,129
348,108,129
349,108,129
350,107,128
351,107,128
352,107,128
353,107,128
354,107,128
355,106,128
356,106,128
357,106,128
358,106,128
359,106,128
360,105,128
361,105,127
362,105,127
363,105,127
364,105,127
365,104,127
366,104,127
367,104,127
368,104,127
369,104,127
370,104,127
371,103,127
372,103,127
373,103,127
374,103,127
375,103,126
376,102,126
377,102,126
378,102,126
379,102,126
380,101,126
381,101,126
382,101,126
383,101,126
384,101,126
385,100,126
386,100,126
387,100,126
388,100,126
389,100,126
390,99,126
391,99,126
392,99,126
393,99,126
394,98,126
395,98,126
396,98,125
397,98,125
398,98,125
399,97,125
400,97,125
401,97,125
402,97,125
403,96,125
404,96,125
405,96,125
406,96,125
407,96,125
408,95,125
409,95,125
410,95,125
411,95,125
412,94,125
413,94,125
414,94,125
415,94,125
416,93,125
417,93,125
418,93,125
419,93,125
420,93,125
421,92,125
422,92,125
423,92,125
424,92,125
425,92,125
426,92,125
427,92,125
428,92,125
429,92,125
430,92,125
431,93,125
432,93,125
433,93,125
434,93,125
435,93,125
436,93,125
437,94,125
438,94,125
439,94,125
440,95,125
441,95,125
442,95,124
443,96,124
444,96,124
445,97,124
446,97,124
447,97,124
448,98,124
449,98,124
450,99,124
451,100,124
452,100,124
453,101,124
454,101,124
455,102,124
456,103,124
457,103,124
458,104,124
459,105,124
460,105,124
461,106,123
462,107,123
463,108,123
464,108,123
465,109,123
466,110,122
467,111,122
468,112,121
469,114,120
470,116,118
0,0
0,340
121,310,310
122,307,314
123,305,317
124,304,320
125,303,322
126,302,324
127,302,326
128,302,328
129,302,330
130,302,331
131,302,333
132,302,335
133,302,336
134,303,338
135,303,339
136,304,340
137,304,341
138,304,342
139,305,343
140,305,344
141,306,345
142,307,345
143,307,346
144,307,346
145,308,346
146,308,346
147,308,347
148,309,347
149,309,347
150,309,347
151,310,347
152,310,347
153,310,347
154,310,347
155,311,347
156,311,346
157,311,346
158,311,346
159,311,346
160,311,346
161,311,346
162,312,345
163,312,345
164,312,345
165,312,345
166,312,345
167,312,345
168,312,345
169,312,345
170,312,345
171,312,345
172,312,345
173,312,345
174,312,345
175,312,345
176,312,345
177,312,345
178,312,345
179,312,344
180,312,344
181,312,344
182,312,344
183,312,344
184,312,344
185,312,344
186,312,344
187,312,344
188,313,344
189,313,344
190,313,344
191,313,344
192,313,344
193,313,344
194,313,344
195,313,344
196,313,344
197,313,344
198,313,344
199,313,344
200,313,344
201,313,344
202,313,343
203,313,343
204,313,343
205,313,343
206,313,343
207,313,343
208,313,343
209,313,343
210,313,343
211,313,343
212,313,343
213,313,343
214,313,343
215,313,343
216,313,343
217,313,343
218,313,343
219,313,343
220,313,343
221,313,343
222,313,343
223,313,343
224,313,343
225,313,343
226,313,343
227,313,343
228,313,343
229,313,343
230,313,343
231,313,343
232,313,343
233,313,343
234,313,343
235,313,343
236,313,343
237,313,343
238,313,343
239,313,343
240,313,343
241,313,343
242,313,343
243,313,343
244,313,343
245,313,343
246,313,343
247,313,343
248,313,343
249,313,343
250,313,343
251,313,343
252,314,343
253,314,343
254,314,343
255,314,343
256,314,343
257,314,343
258,314,343
259,314,343
260,314,343
261,314,343
262,314,343
263,314,343
264,314,343
265,314,343
266,314,343
267,314,343
268,314,343
269,314,343
270,314,343
271,314,343
272,314,343
273,314,343
274,314,343
275,314,343
276,314,343
277,314,343
278,314,343
279,314,343
280,314,343
281,314,343
282,314,343
283,314,344
284,314,344
285,314,344
286,314,344
287,314,344
288,314,344
289,314,344
290,314,344
291,314,344
292,314,344
293,314,344
294,314,344
295,314,344
296,314,344
297,314,344
298,314,344
299,314,344
300,314,344
301,314,344
302,314,344
303,314,344
304,314,344
305,314,344
306,314,344
307,314,344
308,314,344
309,314,344
310,314,345
311,314,345
312,314,345
313,314,345
314,314,345
315,314,345
316,314,345
317,314,345
318,314,345
319,314,345
320,314,345
321,314,345
322,314,345
323,314,345
324,314,345
325,314,345
326,314,345
327,314,345
328,314,345
329,314,345
330,314,345
331,314,345
332,314,345
333,314,345
334,314,345
335,314,346
336,314,346
337,314,346
338,314,346
339,314,346
340,314,346
341,314,346
342,314,346
343,314,346
344,314,346
345,314,346
346,314,346
347,314,346
348,314,346
349,314,346
350,314,346
351,314,346
352,314,346
353,314,346
354,314,346
355,314,346
356,314,346
357,314,347
358,314,347
359,314,347
360,314,347
361,314,347
362,314,347
363,314,347
364,314,347
365,314,347
366,314,347
367,314,347
368,314,347
369,314,347
370,314,347
371,314,347
372,314,347
373,314,347
374,314,347
375,314,347
376,314,347
377,314,348
378,314,348
379,314,348
380,314,348
381,314,348
382,314,348
383,314,348
384,313,348
385,313,348
386,313,348
387,313,348
388,313,348
389,313,348
390,312,348
391,312,348
392,312,348
393,311,348
394,311,348
395,310,348
396,310,348
397,309,348
398,308,348
399,307,347
399,287,287
399,307,347
400,287,289
400,305,347
401,287,294
401,294,347
401,287,347
402,288,347
403,289,347
404,289,347
405,290,347
406,290,347
407,291,346
408,291,346
409,292,346
410,292,346
411,293,346
412,293,345
413,294,345
414,294,345
415,295,344
416,295,344
417,296,344
418,297,344
419,297,343
420,298,343
421,298,343
422,299,342
423,299,342
424,300,342
425,300,341
426,301,341
427,301,340
428,302,340
429,302,340
430,303,339
431,303,339
432,304,338
433,305,338
434,305,337
435,306,337
436,306,336
437,307,336
438,307,336
439,308,335
440,308,335
441,309,334
442,309,333
443,310,333
444,310,332
445,311,332
446,312,331
447,312,330
448,313,330
449,313,329
450,314,328
451,314,327
452,315,326
453,315,325
454,317,323
455,320,320
1,64
315,452,453
314,450,452
313,448,451
312,446,450
311,444,449
310,442,448
309,440,447
308,439,446
307,437,445
306,435,444
305,433,443
304,431,442
303,429,441
302,427,440
301,426,439
300,424,438
299,422,438
298,420,437
297,418,436
296,416,435
295,414,434
294,412,433
293,411,432
292,409,431
291,407,431
290,405,430
289,403,429
288,401,428
287,400,427
286,400,426
285,399,425
284,399,425
283,399,424
282,398,423
281,398,422
280,398,421
279,398,420
278,397,419
277,397,419
276,397,418
275,397,417
274,396,416
273,396,415
272,396,415
271,396,414
270,395,413
269,395,412
268,395,411
267,395,411
266,394,410
265,394,409
264,394,408
263,394,407
262,394,407
261,393,406
260,393,405
259,393,404
258,393,403
257,392,403
256,392,402
255,392,401
254,393,399
253,393,398
252,395,395
0,0
