0,127
136,29,35
137,26,39
138,25,43
139,25,46
140,25,49
141,25,51
142,26,53
143,26,55
144,26,56
145,26,57
146,27,57
147,27,58
148,28,58
149,28,58
150,29,58
151,29,58
152,29,58
153,30,58
154,30,58
155,30,59
156,31,59
157,31,59
158,31,59
159,32,59
160,32,59
161,32,59
162,33,59
163,33,59
164,33,59
165,34,59
166,34,59
167,34,59
168,35,59
169,35,60
170,35,60
171,35,60
172,36,60
173,36,60
174,36,60
175,36,60
176,37,60
177,37,60
178,37,60
179,37,61
180,38,61
181,38,61
182,38,61
183,38,61
184,39,61
185,39,61
186,39,61
187,39,61
188,39,62
189,40,62
190,40,62
191,40,62
192,40,62
193,40,62
194,40,62
195,41,62
196,41,62
197,41,63
198,41,63
199,41,63
200,41,63
201,42,63
202,42,63
203,42,63
204,42,63
205,42,64
206,42,64
207,42,64
208,42,64
209,42,64
210,43,64
211,43,64
212,43,64
213,43,64
214,43,65
215,43,65
216,43,65
217,43,65
218,43,65
219,43,65
220,44,65
221,44,65
222,44,65
223,44,65
224,44,65
225,44,66
226,44,66
227,44,66
228,45,66
229,45,66
230,45,66
231,45,66
232,45,66
233,45,66
234,46,66
235,46,66
236,46,66
237,46,66
238,46,66
239,47,66
240,47,66
241,47,66
242,47,66
243,48,66
244,48,66
245,48,66
246,49,66
247,49,66
248,49,66
249,50,66
250,50,66
251,50,66
252,51,66
253,52,66
254,52,65
255,53,65
256,53,65
257,54,65
258,55,65
259,56,64
260,57,64
261,58,63
262,59,62
0,0
1,81
31,147,148
32,146,149
33,146,150
34,146,151
35,146,152
36,145,152
37,145,153
38,145,153
39,145,154
40,145,154
41,144,154
42,144,155
43,144,155
44,144,155
45,144,155
46,143,155
47,143,155
48,143,155
49,143,155
50,142,155
51,142,154
52,142,154
53,142,154
54,142,154
55,141,154
56,141,153
57,141,153
58,141,153
59,140,153
60,140,152
61,140,152
62,140,152
63,139,151
64,139,151
65,139,151
66,138,151
67,138,150
68,138,150
69,138,150
70,137,149
71,137,149
72,137,149
73,136,148
74,136,148
75,136,148
76,135,147
77,135,147
78,135,147
79,134,147
80,134,146
81,134,146
82,133,146
83,133,145
84,132,145
85,132,145
86,131,145
87,131,144
88,131,144
89,130,144
90,130,143
91,129,143
92,129,143
93,128,143
94,128,142
95,127,142
96,127,141
97,126,141
98,125,141
99,125,141
100,124,141
101,124,141
102,123,141
103,122,141
104,122,141
105,121,141
106,120,141
107,123,141
108,128,141
109,134,142
110,140,143
110,142,143
0,102
118,111,118
119,108,121
120,106,123
121,106,125
122,106,127
123,107,129
124,107,131
125,107,133
126,107,135
127,107,137
128,108,138
129,108,140
130,108,142
131,108,144
132,108,146
133,108,147
134,109,148
135,109,148
136,109,148
137,109,149
138,109,149
139,109,148
140,110,148
141,110,148
142,110,148
143,110,147
144,111,146
145,111,146
146,112,145
147,112,144
148,112,144
149,112,143
150,113,142
151,113,142
152,113,141
153,113,140
154,113,140
155,113,139
156,112,139
157,112,138
158,112,138
159,112,138
160,112,137
161,112,137
162,112,136
163,112,136
164,112,136
165,112,135
166,111,135
167,111,135
168,111,134
169,111,134
170,111,134
171,111,133
172,110,133
173,110,133
174,110,133
175,110,132
176,110,132
177,110,132
178,109,131
179,109,131
180,109,131
181,109,131
182,109,131
183,109,130
184,108,130
185,108,130
186,108,130
187,108,129
188,108,129
189,108,129
190,107,129
191,107,129
192,107,128
193,107,128
194,107,128
195,107,128
196,106,128
197,106,128
198,106,127
199,106,127
200,106,127
201,105,127
202,105,127
203,105,127
204,105,126
205,105,126
206,105,126
207,104,126
208,104,126
209,104,126
210,104,126
211,104,126
212,104,125
213,103,125
214,103,125
215,103,125
216,103,125
217,103,125
218,102,125
219,102,111
0,0
1,84
51,224,227
52,223,228
53,223,230
54,223,230
55,222,231
56,222,232
57,222,233
58,221,233
59,221,234
60,221,234
61,221,234
62,220,234
63,220,235
64,220,235
65,219,235
66,219,235
67,219,235
68,218,234
69,218,234
70,218,234
71,217,234
72,217,234
73,217,233
74,216,233
75,216,233
76,216,232
77,215,232
78,215,232
79,215,231
80,214,231
81,214,231
82,214,231
83,213,230
84,213,230
85,213,230
86,212,230
87,212,229
88,211,229
89,211,229
90,211,229
91,210,228
92,210,228
93,210,228
94,209,228
95,209,227
96,208,227
97,208,227
98,208,227
99,207,227
100,207,226
101,207,226
102,206,226
103,206,226
104,206,225
105,206,225
106,206,225
107,206,225
108,205,225
109,205,224
110,205,224
111,205,224
112,205,224
113,205,224
114,206,224
115,206,223
116,206,223
117,206,223
118,206,223
119,206,223
120,207,222
121,207,222
122,207,222
123,208,222
124,208,222
125,209,222
126,209,221
127,210,221
128,210,221
129,211,221
130,212,221
131,212,220
132,213,220
133,214,219
134,216,218
0,0
1,142
155,86,87
156,86,89
157,86,90
158,85,91
159,85,92
160,85,92
161,84,93
162,84,94
163,84,94
164,84,95
165,84,95
166,84,95
167,84,96
168,84,96
169,84,96
170,84,96
171,83,96
172,83,96
173,83,97
174,83,97
175,83,97
176,83,96
177,83,96
178,82,96
179,82,96
180,82,96
181,82,96
182,82,96
183,82,95
184,81,95
185,81,95
186,81,95
187,81,95
188,81,94
189,81,94
190,80,94
191,80,94
192,80,93
193,80,93
194,79,93
195,79,93
196,79,92
197,79,92
198,79,92
199,78,92
200,78,91
201,78,91
202,78,91
203,78,91
204,77,90
205,77,90
206,77,90
207,77,89
208,76,89
209,76,89
210,76,89
211,75,88
212,75,88
213,75,88
214,75,88
215,74,87
216,74,87
217,74,87
218,73,86
219,73,86
220,73,86
221,72,86
222,72,85
223,72,85
224,71,85
225,71,84
226,71,84
227,70,84
228,70,84
229,70,83
230,69,83
231,69,83
232,69,83
233,68,83
234,68,82
235,68,82
236,67,82
237,67,82
238,67,82
239,66,82
240,66,81
241,65,81
242,65,81
243,65,81
244,64,81
245,64,81
246,64,81
247,63,81
248,63,81
249,63,82
250,62,82
251,62,82
252,62,82
253,62,83
254,62,83
255,61,83
256,61,83
257,61,83
258,61,84
259,61,84
260,61,84
261,61,84
262,62,85
263,62,85
264,62,85
265,62,85
266,62,86
267,63,86
268,63,86
269,63,86
270,63,87
271,64,87
272,64,87
273,64,87
274,65,88
275,65,88
276,66,88
277,66,88
278,66,89
279,67,89
280,67,89
281,68,89
282,68,89
283,69,90
284,70,90
285,70,90
286,71,90
287,72,91
288,72,91
289,73,91
290,74,91
291,75,92
292,76,91
293,77,89
294,78,87
295,80,84
295,84,84
0,261
83,253,254
84,253,258
85,254,262
86,255,266
87,255,270
88,255,275
89,256,279
90,256,283
91,256,287
92,256,291
93,256,290
94,257,290
95,257,289
96,257,289
97,257,289
98,257,288
99,257,288
100,258,288
101,258,287
102,258,287
103,258,287
104,258,287
105,258,286
106,258,286
107,258,286
108,258,286
109,259,286
110,259,286
111,259,285
112,259,285
113,259,285
114,259,285
115,259,285
116,259,285
117,259,285
118,259,285
119,259,285
120,259,285
121,259,285
122,259,285
123,259,285
124,259,284
125,259,284
126,259,284
127,259,284
128,260,284
129,260,284
130,260,284
131,260,284
132,260,284
133,260,284
134,260,284
135,260,284
136,260,284
137,260,284
138,260,284
139,260,284
140,260,284
141,260,284
142,260,284
143,260,284
144,260,284
145,260,284
146,260,284
147,260,284
148,260,284
149,260,284
150,260,284
151,260,284
152,260,284
153,260,284
154,260,284
155,260,284
156,260,284
157,260,284
158,260,284
159,260,284
160,260,284
161,260,284
162,260,284
163,260,284
164,260,284
165,260,284
166,260,284
167,260,284
168,260,284
169,260,284
170,260,284
171,260,284
172,260,284
173,260,284
174,260,284
175,260,284
176,260,284
177,260,284
178,260,284
179,260,284
180,260,284
181,260,284
182,260,284
183,260,284
184,260,284
185,259,284
186,259,284
187,259,284
188,259,284
189,259,284
190,259,284
191,259,284
192,259,284
193,259,284
194,259,284
195,259,284
196,259,284
197,259,284
198,259,284
199,259,284
200,259,284
201,259,284
202,259,284
203,258,284
204,258,284
205,258,284
206,258,284
207,258,284
208,258,284
209,258,284
210,258,284
211,258,284
212,258,284
213,258,284
214,258,284
215,257,283
216,257,283
217,257,283
218,257,283
219,257,283
220,257,283
221,257,283
222,257,283
223,257,283
224,257,283
225,256,283
226,256,283
227,256,283
228,256,283
229,256,283
230,256,283
231,256,283
232,256,283
233,255,283
234,255,283
235,255,283
236,255,282
237,255,282
238,255,282
239,255,282
240,254,282
241,254,282
242,254,282
243,254,282
244,254,282
245,254,282
246,253,282
247,253,282
248,253,282
249,253,281
250,253,281
251,253,281
252,252,281
253,252,281
254,252,281
255,252,281
256,252,281
257,252,281
258,251,281
259,251,281
260,251,280
261,251,280
262,251,280
263,250,280
264,250,280
265,250,280
266,250,280
267,250,280
268,249,279
269,249,279
270,249,279
271,249,279
272,249,279
273,248,279
274,248,279
275,248,279
276,248,278
277,247,278
278,247,278
279,247,278
280,247,278
281,247,278
282,246,277
283,246,277
284,246,277
285,245,277
286,245,277
287,245,276
288,245,276
289,244,276
290,244,276
291,244,276
292,243,275
293,243,275
294,242,275
295,242,275
296,242,275
297,241,274
298,241,274
299,240,274
300,240,273
301,240,273
302,239,273
303,239,273
304,239,272
305,238,272
306,238,272
307,237,271
308,237,271
309,237,270
310,236,270
311,236,270
312,235,269
313,235,269
314,235,268
315,234,268
316,234,267
317,234,267
318,233,266
319,233,266
320,232,265
321,232,264
322,232,264
323,231,263
324,231,262
325,230,262
326,230,261
327,230,260
328,229,259
329,229,259
330,229,258
331,228,257
332,228,256
333,227,255
334,227,254
335,227,254
336,227,252
337,228,251
338,229,250
339,230,249
340,231,248
341,233,247
342,234,245
343,238,241
1,48
242,296,296
241,297,299
240,298,301
239,299,304
238,300,306
237,301,309
236,301,312
235,301,314
234,301,317
233,301,319
232,301,322
231,301,325
230,301,327
229,301,330
228,301,332
227,301,335
226,301,335
225,300,334
224,300,332
223,300,331
222,300,329
221,300,328
220,300,327
219,299,325
218,299,324
217,299,323
216,299,321
215,299,320
214,298,319
213,298,318
212,298,316
211,298,315
210,297,314
209,297,313
208,297,312
207,297,310
206,296,309
205,296,308
204,296,307
203,295,306
202,295,305
201,294,304
200,294,303
199,294,302
198,294,301
197,293,300
196,294,298
195,295,297
0,0
1,114
153,163,166
154,163,167
155,162,167
156,162,168
157,162,168
158,161,169
159,161,169
160,161,169
161,161,170
162,161,170
163,160,171
164,160,171
165,160,171
166,160,171
167,160,172
168,160,172
169,159,172
170,159,172
171,159,172
172,159,173
173,159,173
174,158,173
175,158,173
176,158,173
177,158,173
178,158,173
179,158,173
180,157,173
181,157,173
182,157,173
183,157,173
184,157,172
185,156,172
186,156,172
187,156,172
188,156,172
189,155,171
190,155,171
191,155,171
192,155,171
193,154,170
194,154,170
195,154,170
196,154,170
197,153,169
198,153,169
199,153,169
200,152,169
201,152,168
202,152,168
203,152,168
204,151,167
205,151,167
206,151,167
207,150,167
208,150,166
209,150,166
210,149,166
211,149,166
212,149,165
213,148,165
214,148,165
215,148,165
216,147,164
217,147,164
218,147,164
219,146,164
220,146,163
221,146,163
222,145,163
223,145,163
224,144,162
225,144,162
226,144,162
227,143,162
228,143,161
229,143,161
230,142,161
231,142,161
232,141,160
233,141,160
234,141,160
235,140,160
236,140,159
237,140,159
238,140,159
239,139,159
240,139,158
241,139,158
242,139,158
243,139,157
244,139,157
245,139,157
246,138,157
247,139,156
248,139,156
249,139,156
250,139,155
251,139,155
252,139,155
253,140,155
254,140,154
255,140,154
256,140,154
257,140,153
258,141,153
259,141,153
260,141,152
261,142,152
262,142,152
263,143,151
264,143,151
265,145,150
266,147,148
0,0
1,121
145,217,219
146,217,220
147,216,221
148,216,222
149,216,222
150,215,223
151,215,223
152,215,224
153,215,224
154,215,225
155,215,225
156,214,225
157,214,226
158,214,226
159,214,227
160,214,227
161,214,227
162,214,227
163,214,228
164,214,228
165,213,228
166,213,228
167,213,228
168,213,228
169,213,229
170,213,229
171,213,229
172,213,229
173,212,229
174,212,229
175,212,229
176,212,229
177,212,229
178,212,229
179,211,228
180,211,228
181,211,228
182,211,228
183,211,228
184,211,228
185,210,228
186,210,227
187,210,227
188,210,227
189,210,227
190,209,227
191,209,226
192,209,226
193,209,226
194,209,226
195,208,225
196,208,225
197,208,225
198,207,225
199,207,225
200,207,224
201,207,224
202,207,224
203,206,224
204,206,224
205,206,223
206,206,223
207,205,223
208,205,223
209,205,223
210,204,222
211,204,222
212,204,222
213,204,222
214,203,222
215,203,221
216,203,221
217,202,221
218,202,221
219,202,221
220,201,220
221,201,220
222,201,220
223,201,220
224,200,219
225,200,219
226,200,219
227,199,219
228,199,219
229,198,218
230,198,218
231,198,218
232,198,218
233,197,218
234,197,217
235,197,217
236,197,217
237,197,217
238,196,217
239,196,216
240,196,216
241,196,216
242,196,216
243,196,215
244,196,215
245,195,215
246,196,215
247,196,215
248,196,214
249,197,214
250,197,214
251,197,214
252,197,213
253,198,213
254,198,213
255,198,213
256,198,212
257,199,212
258,199,212
259,199,212
260,200,211
261,200,211
262,201,211
263,202,210
264,202,210
265,204,209
0,0
0,287
83,188,188
84,183,192
85,182,195
86,181,197
87,180,199
88,180,201
89,180,203
90,180,204
91,180,206
92,180,207
93,181,209
94,182,210
95,182,211
96,183,212
97,183,213
98,184,214
99,184,214
100,185,215
101,185,216
102,186,216
103,186,217
104,187,217
105,187,217
106,187,217
107,188,217
108,188,217
109,188,216
110,188,216
111,188,215
112,188,215
113,188,215
114,188,214
115,188,214
116,188,214
117,188,214
118,188,214
119,188,213
120,188,213
121,188,213
122,188,213
123,188,213
124,188,212
125,188,212
126,187,212
127,187,212
128,187,212
129,187,212
130,187,212
131,187,211
132,187,211
133,187,211
134,187,211
135,187,211
136,187,211
137,187,211
138,187,211
139,187,210
140,187,210
141,187,210
142,186,210
143,186,210
144,186,210
145,186,210
146,186,210
147,186,210
148,186,209
149,186,209
150,186,209
151,186,209
152,186,209
153,186,209
154,186,209
155,186,209
156,186,209
157,185,209
158,185,208
159,185,208
160,185,208
161,185,208
162,185,208
163,185,208
164,185,208
165,185,208
166,185,208
167,184,207
168,184,207
169,184,207
170,184,207
171,184,207
172,184,207
173,184,207
174,184,207
175,184,207
176,183,206
177,183,206
178,183,206
179,183,206
180,183,206
181,183,206
182,183,205
183,182,205
184,182,205
185,182,205
186,182,205
187,182,205
188,182,204
189,182,204
190,181,204
191,181,204
192,181,204
193,181,203
194,181,203
195,181,203
196,181,203
197,180,203
198,180,202
199,180,202
200,180,202
201,180,202
202,179,202
203,179,201
204,179,201
205,179,201
206,179,201
207,179,200
208,178,200
209,178,200
210,178,200
211,178,200
212,178,199
213,177,199
214,177,199
215,177,199
216,177,198
217,177,198
218,176,198
219,176,198
220,176,197
221,176,197
222,175,197
223,175,197
224,175,196
225,175,196
226,175,196
227,174,196
228,174,195
229,174,195
230,174,195
231,173,195
232,173,194
233,173,194
234,172,194
235,172,193
236,172,193
237,172,193
238,171,192
239,171,192
240,171,192
241,171,192
242,170,191
243,170,191
244,170,191
245,169,190
246,169,190
247,169,190
248,169,189
249,168,189
250,168,189
251,168,189
252,167,188
253,167,188
254,167,188
255,166,187
256,166,187
257,166,186
258,165,186
259,165,186
260,165,186
261,164,185
262,164,185
263,164,185
264,163,184
265,163,184
266,163,183
267,162,183
268,162,182
269,161,182
270,161,182
271,161,181
272,160,181
273,160,181
274,160,180
275,159,180
276,159,179
277,158,179
278,158,179
279,158,178
280,157,178
281,157,177
282,156,177
283,156,177
284,155,176
285,155,176
286,155,175
287,154,175
288,154,174
289,153,174
290,153,173
291,152,173
292,152,173
293,151,172
294,151,172
295,151,171
296,150,171
297,150,170
298,149,170
299,149,169
300,148,169
301,148,168
302,147,168
303,147,167
304,146,167
305,146,166
306,145,166
307,145,165
308,144,165
309,144,164
310,143,164
311,143,163
312,142,163
313,142,162
314,141,161
315,140,161
316,140,160
317,139,160
318,139,159
319,138,159
320,138,158
321,137,157
322,136,157
323,136,156
324,135,156
325,134,155
326,134,154
327,133,154
328,133,153
329,132,152
330,131,152
331,131,151
332,130,150
333,130,149
334,129,149
335,128,148
336,128,147
337,127,146
338,127,146
339,126,145
340,125,144
341,125,143
342,124,142
343,123,141
344,123,140
345,122,139
346,122,138
347,121,138
348,120,137
349,120,136
350,119,135
351,118,134
352,118,133
353,117,132
354,116,131
355,116,130
356,115,129
357,114,128
358,114,127
359,113,126
360,113,125
361,112,124
362,111,123
363,111,122
364,110,121
365,110,120
366,109,119
367,109,118
368,109,116
369,110,113
0,0
1,75
326,96,98
327,95,100
328,94,100
329,93,101
330,93,102
331,93,102
332,92,103
333,92,104
334,92,104
335,91,104
336,91,105
337,91,105
338,91,105
339,90,105
340,90,106
341,89,106
342,89,106
343,89,106
344,88,106
345,88,105
346,88,105
347,87,105
348,87,105
349,87,105
350,86,104
351,86,104
352,85,104
353,85,104
354,85,103
355,84,103
356,84,103
357,83,102
358,83,102
359,83,101
360,82,101
361,82,100
362,81,100
363,81,99
364,81,99
365,80,98
366,80,98
367,79,97
368,79,97
369,79,97
370,78,96
371,78,96
372,77,95
373,77,95
374,77,94
375,76,94
376,76,94
377,76,93
378,75,93
379,75,92
380,74,92
381,74,91
382,73,91
383,73,91
384,72,90
385,72,90
386,71,89
387,71,89
388,70,89
389,69,88
390,69,88
391,68,87
392,67,87
393,67,84
394,66,81
395,65,78
396,64,75
397,63,72
398,63,69
399,62,65
400,61,62
0,129
57,413,413
58,406,416
59,403,418
60,401,420
61,400,423
62,400,425
63,399,426
64,399,428
65,399,430
66,398,432
67,398,433
68,398,435
69,397,437
70,397,438
71,397,440
72,396,441
73,396,443
74,396,444
75,395,445
76,395,447
77,395,448
78,394,449
79,394,450
80,394,451
81,393,452
82,393,452
83,393,453
84,392,453
85,392,454
86,392,454
87,391,454
87,391,393
87,393,454
88,391,391
88,397,454
88,397,454
89,399,454
90,401,454
91,402,453
92,402,453
93,403,452
94,403,451
95,403,450
96,403,448
97,403,447
98,403,445
99,403,444
100,403,442
101,402,441
102,402,440
103,402,438
104,402,437
105,401,436
106,401,435
107,401,434
108,400,433
109,400,432
110,400,431
111,399,431
112,399,430
113,399,429
114,398,428
115,398,428
116,398,427
117,397,427
118,397,426
119,397,425
120,396,424
121,396,424
122,396,423
123,395,423
124,395,422
125,395,421
126,394,421
127,394,420
128,394,420
129,393,419
130,393,418
131,393,418
132,392,417
133,392,417
134,392,416
135,391,415
136,391,415
137,391,414
138,390,414
139,390,413
140,390,412
141,389,412
142,389,411
143,389,411
144,388,410
145,388,410
146,388,409
147,387,408
148,387,408
149,386,407
150,386,407
151,386,406
152,385,405
153,385,405
154,385,404
155,384,404
156,384,403
157,383,403
158,383,402
159,382,402
160,382,402
161,381,401
162,381,401
163,380,401
164,380,401
165,380,401
166,379,401
167,379,401
168,379,402
169,379,402
170,379,403
171,379,404
172,379,405
173,379,406
174,379,408
175,379,410
176,380,412
177,381,408
178,382,404
179,384,400
180,386,396
181,389,391
0,141
176,412,412
177,408,413
178,403,414
179,399,415
180,395,416
181,391,417
182,391,419
183,392,420
184,393,421
185,395,422
186,396,423
187,397,424
188,398,425
189,399,426
190,400,427
191,401,428
192,403,429
193,404,430
194,405,431
195,406,432
196,406,433
197,407,434
198,408,434
199,409,435
200,410,436
201,411,437
202,412,438
203,413,439
204,414,440
205,414,440
206,415,441
207,416,442
208,417,443
209,417,444
210,418,444
211,419,445
212,420,446
213,420,447
214,421,447
215,422,448
216,422,449
217,423,449
218,424,450
219,424,451
220,425,451
221,425,452
222,426,453
223,427,453
224,427,454
225,428,455
226,428,455
227,429,456
228,429,456
229,430,457
230,430,457
231,431,458
232,431,458
233,432,459
234,432,459
235,433,460
236,433,460
237,433,461
238,434,461
239,434,461
240,434,462
241,435,462
242,435,463
243,435,463
244,435,463
245,436,464
246,436,464
247,436,464
248,436,464
249,436,465
250,436,465
251,436,465
252,436,465
253,436,465
254,436,466
255,436,466
256,436,466
257,436,466
258,436,466
259,436,466
260,436,466
261,435,466
262,435,467
263,435,467
264,434,467
265,434,467
266,434,467
267,433,467
268,432,467
269,432,467
270,431,467
271,430,466
272,431,466
273,431,466
274,431,466
275,432,466
276,432,466
277,432,466
278,433,466
279,433,465
280,433,465
281,434,465
282,434,465
283,435,464
284,435,464
285,435,464
286,436,464
287,436,463
288,436,463
289,437,463
290,437,462
291,437,462
292,438,461
293,438,461
294,438,461
295,439,460
296,439,460
297,439,459
298,440,459
299,440,458
300,440,457
301,441,457
302,441,456
303,441,456
304,442,455
305,442,455
306,443,454
307,443,453
308,443,453
309,444,452
310,444,451
311,444,450
312,445,450
313,445,449
314,445,448
315,446,447
316,446,446
1,68
446,314,316
445,312,317
444,309,317
443,306,318
442,303,318
441,300,319
440,297,319
439,294,320
438,291,320
437,289,320
436,286,320
435,283,320
434,280,321
433,277,320
432,274,320
431,271,320
430,271,320
429,272,320
428,272,319
427,273,318
426,273,318
425,273,317
424,273,315
423,273,314
422,273,312
421,273,310
420,273,309
419,273,307
418,273,306
417,273,305
416,273,304
415,273,303
414,273,302
413,273,301
412,273,300
411,273,299
410,273,298
409,272,297
408,272,296
407,272,295
406,272,295
405,272,294
404,272,293
403,271,292
402,271,291
401,271,290
400,271,290
399,271,289
398,271,288
397,270,287
396,270,287
395,270,286
394,270,285
393,270,284
392,270,284
391,270,283
390,269,282
389,269,282
388,269,281
387,269,280
386,269,280
385,269,279
384,269,278
383,269,277
382,268,276
381,268,275
380,268,274
379,269,272
0,0
0,385
78,323,323
79,318,327
80,315,330
81,314,332
82,312,334
83,311,336
84,310,338
85,310,340
86,310,341
87,310,343
88,310,344
89,310,346
90,311,347
91,311,348
92,312,349
93,312,350
94,313,351
95,313,352
96,314,353
97,314,353
98,315,353
99,315,354
100,316,354
101,317,354
102,317,354
103,318,354
104,318,354
105,319,354
106,319,354
107,320,354
108,320,353
109,321,353
110,321,353
111,321,353
112,321,353
113,322,352
114,322,352
115,322,352
116,322,352
117,322,352
118,323,352
119,323,351
120,323,351
121,323,351
122,323,351
123,323,351
124,323,351
125,323,351
126,323,350
127,324,350
128,324,350
129,324,350
130,324,350
131,324,350
132,324,350
133,324,350
134,324,350
135,324,350
136,324,350
137,324,349
138,324,349
139,324,349
140,324,349
141,325,349
142,325,349
143,325,349
144,325,349
145,325,349
146,325,349
147,325,349
148,325,349
149,325,349
150,325,349
151,325,349
152,325,349
153,325,349
154,325,349
155,325,349
156,325,349
157,325,349
158,325,349
159,325,349
160,325,349
161,325,349
162,325,349
163,325,349
164,325,349
165,325,349
166,325,349
167,325,349
168,325,349
169,325,349
170,325,349
171,326,349
172,326,348
173,326,348
174,326,348
175,326,348
176,326,348
177,326,348
178,326,348
179,326,348
180,326,348
181,326,348
182,326,348
183,326,348
184,326,348
185,326,348
186,326,348
187,326,348
188,326,348
189,326,348
190,326,348
191,326,348
192,326,348
193,326,348
194,326,348
195,326,348
196,326,348
197,326,348
198,326,348
199,326,348
200,326,348
201,326,348
202,326,348
203,326,348
204,326,348
205,326,348
206,326,348
207,326,348
208,326,348
209,326,348
210,326,348
211,326,348
212,326,348
213,326,348
214,326,348
215,326,348
216,326,348
217,326,348
218,326,348
219,326,348
220,326,348
221,326,348
222,326,348
223,326,348
224,326,348
225,326,348
226,326,348
227,326,348
228,326,348
229,326,348
230,326,348
231,326,348
232,325,348
233,325,348
234,325,348
235,325,348
236,325,348
237,325,348
238,325,348
239,325,348
240,325,348
241,325,348
242,325,348
243,325,348
244,325,348
245,325,348
246,325,348
247,325,348
248,325,348
249,325,348
250,325,348
251,325,348
252,325,348
253,325,348
254,325,348
255,325,348
256,325,348
257,325,348
258,325,348
259,325,348
260,325,348
261,325,348
262,325,348
263,325,348
264,325,348
265,325,348
266,325,348
267,325,348
268,325,348
269,325,348
270,325,348
271,325,348
272,325,348
273,325,348
274,325,348
275,325,348
276,325,348
277,325,348
278,325,348
279,325,348
280,325,348
281,325,348
282,325,348
283,325,348
284,325,348
285,325,348
286,325,348
287,325,348
288,325,348
289,325,348
290,325,348
291,325,348
292,325,348
293,325,348
294,325,348
295,325,348
296,325,348
297,325,348
298,325,348
299,325,348
300,324,348
301,324,348
302,324,348
303,324,348
304,324,348
305,324,348
306,324,348
307,324,348
308,324,349
309,324,349
310,324,349
311,324,349
312,324,349
313,324,349
314,324,349
315,324,349
316,324,349
317,324,349
318,324,349
319,324,349
320,324,349
321,324,349
322,324,349
323,324,349
324,324,349
325,324,349
326,324,349
327,324,349
328,324,349
329,324,349
330,324,349
331,324,349
332,324,349
333,324,349
334,324,349
335,324,349
336,324,349
337,324,350
338,324,350
339,324,350
340,324,350
341,324,350
342,324,350
343,324,350
344,324,350
345,324,350
346,324,350
347,324,350
348,324,350
349,324,350
350,324,350
351,324,350
352,324,350
353,324,350
354,324,350
355,324,350
356,324,350
357,324,350
358,324,350
359,324,350
360,324,350
361,324,350
362,323,350
363,323,350
364,323,350
365,323,350
366,323,350
367,323,350
368,323,350
369,323,350
370,323,350
371,323,350
372,323,350
373,323,350
374,323,350
375,323,350
376,323,350
377,323,350
378,323,350
379,323,350
380,323,350
381,323,350
382,323,350
383,323,350
384,323,350
385,323,350
386,323,350
387,323,350
388,323,350
389,323,350
390,323,350
391,323,350
392,323,350
393,323,350
394,323,350
395,323,350
396,323,350
397,323,350
398,323,350
399,323,350
400,323,350
401,323,350
402,323,349
403,323,349
404,323,349
405,323,349
406,324,349
407,324,349
408,324,349
409,324,349
410,324,349
411,324,349
412,324,349
413,324,349
414,324,349
415,324,349
416,324,349
417,324,349
418,324,348
419,324,348
420,324,348
421,324,348
422,324,348
423,324,348
424,324,348
425,324,348
426,324,348
427,324,348
428,324,348
429,324,348
430,324,347
431,324,347
432,324,347
433,324,347
434,324,347
435,324,347
436,325,347
437,325,347
438,325,347
439,325,347
440,325,347
441,325,346
442,325,346
443,325,346
444,325,346
445,326,346
446,326,346
447,326,345
448,326,345
449,327,345
450,327,345
451,327,345
452,328,344
453,328,344
454,328,343
455,329,343
456,329,343
457,330,342
458,330,341
459,331,341
460,332,340
461,333,339
462,335,336
0,0
