0,139
173,33,33
174,30,39
175,28,45
176,27,49
177,27,52
178,27,54
179,27,56
180,28,58
181,28,59
182,28,59
183,29,60
184,29,60
185,30,60
186,30,61
187,31,61
188,31,61
189,31,61
190,32,61
191,32,61
192,33,61
193,33,61
194,34,61
195,34,62
196,34,62
197,35,62
198,35,62
199,35,62
200,36,62
201,36,62
202,37,62
203,37,63
204,37,63
205,38,63
206,38,63
207,38,63
208,39,63
209,39,64
210,39,64
211,40,64
212,40,64
213,40,64
214,40,64
215,41,64
216,41,65
217,41,65
218,42,65
219,42,65
220,42,65
221,43,65
222,43,66
223,43,66
224,43,66
225,44,66
226,44,66
227,44,66
228,44,67
229,44,67
230,45,67
231,45,67
232,45,67
233,45,67
234,46,68
235,46,68
236,46,68
237,46,68
238,47,68
239,47,68
240,47,69
241,47,69
242,47,69
243,47,69
244,48,69
245,48,69
246,48,70
247,48,70
248,48,70
249,48,70
250,49,70
251,49,70
252,49,71
253,49,71
254,49,71
255,49,71
256,49,71
257,50,71
258,50,72
259,50,72
260,50,72
261,50,72
262,50,72
263,50,72
264,50,73
265,50,73
266,51,73
267,51,73
268,51,73
269,51,73
270,51,73
271,51,74
272,52,74
273,52,74
274,52,74
275,52,74
276,52,74
277,53,74
278,53,74
279,53,74
280,53,75
281,53,75
282,54,75
283,54,75
284,54,75
285,54,75
286,55,75
287,55,75
288,55,75
289,55,75
290,56,75
291,56,75
292,56,75
293,57,75
294,57,75
295,58,75
296,58,75
297,58,75
298,59,75
299,59,75
300,60,75
301,60,75
302,61,75
303,61,75
304,62,75
305,63,75
306,64,74
307,65,74
308,66,74
309,66,73
310,68,73
311,69,72
0,0
1,87
38,183,184
39,182,185
40,182,186
41,182,187
42,182,188
43,182,189
44,181,189
45,181,190
46,181,190
47,181,191
48,181,191
49,180,191
50,180,192
51,180,192
52,180,192
53,180,192
54,180,192
55,179,192
56,179,192
57,179,193
58,179,192
59,179,192
60,178,192
61,178,192
62,178,192
63,178,192
64,177,191
65,177,191
66,177,191
67,177,191
68,177,190
69,176,190
70,176,190
71,176,190
72,176,189
73,175,189
74,175,189
75,175,189
76,175,188
77,174,188
78,174,188
79,174,187
80,174,187
81,173,187
82,173,187
83,173,186
84,172,186
85,172,186
86,172,185
87,171,185
88,171,185
89,171,185
90,170,184
91,170,184
92,170,184
93,169,184
94,169,183
95,169,183
96,168,183
97,168,183
98,167,182
99,167,182
100,167,182
101,166,181
102,166,181
103,165,181
104,165,181
105,164,181
106,164,180
107,163,180
108,163,180
109,162,179
110,162,179
111,161,179
112,161,179
113,160,179
114,159,179
115,159,179
116,158,179
117,158,179
118,157,179
119,156,179
120,156,179
121,161,179
122,167,180
123,174,181
124,180,182
0,108
153,128,130
154,123,135
155,121,137
156,120,139
157,120,141
158,120,143
159,120,145
160,120,147
161,120,149
162,121,150
163,121,152
164,121,154
165,121,156
166,121,158
167,121,160
168,121,162
169,122,163
170,122,164
171,122,165
172,122,166
173,122,166
174,122,167
175,122,167
176,123,167
177,123,167
178,123,167
179,123,166
180,123,166
181,123,165
182,124,165
183,125,164
184,125,164
185,125,163
186,126,162
187,126,162
188,126,161
189,126,160
190,126,159
191,126,159
192,126,158
193,126,158
194,126,157
195,126,157
196,126,156
197,126,156
198,126,155
199,126,155
200,126,154
201,126,154
202,126,154
203,126,153
204,125,153
205,125,152
206,125,152
207,125,152
208,125,152
209,125,151
210,125,151
211,124,151
212,124,150
213,124,150
214,124,150
215,124,149
216,124,149
217,124,149
218,123,149
219,123,148
220,123,148
221,123,148
222,123,148
223,123,147
224,122,147
225,122,147
226,122,147
227,122,147
228,122,146
229,122,146
230,121,146
231,121,146
232,121,146
233,121,146
234,121,145
235,121,145
236,121,145
237,120,145
238,120,145
239,120,144
240,120,144
241,120,144
242,120,144
243,119,144
244,119,144
245,119,143
246,119,143
247,119,143
248,119,143
249,119,143
250,118,143
251,118,142
252,118,142
253,118,142
254,118,142
255,118,142
256,117,142
257,117,142
258,117,142
259,117,142
260,117,128
0,0
1,100
58,270,270
59,268,272
60,268,273
61,267,274
62,267,275
63,267,276
64,266,277
65,266,278
66,266,278
67,266,279
68,265,279
69,265,279
70,265,280
71,265,280
72,264,280
73,264,281
74,264,280
75,264,280
76,263,280
77,263,280
78,263,280
79,262,280
80,262,279
81,262,279
82,262,279
83,261,279
84,261,278
85,261,278
86,260,278
87,260,278
88,260,277
89,260,277
90,259,277
91,259,276
92,259,276
93,258,276
94,258,276
95,258,276
96,257,275
97,257,275
98,257,275
99,256,275
100,256,274
101,256,274
102,256,274
103,255,274
104,255,273
105,254,273
106,254,273
107,254,273
108,253,273
109,253,272
110,253,272
111,252,272
112,252,272
113,252,272
114,251,271
115,251,271
116,251,271
117,250,271
118,250,271
119,250,270
120,249,270
121,249,270
122,249,270
123,248,270
124,248,269
125,248,269
126,248,269
127,248,269
128,248,269
129,248,269
130,248,268
131,248,268
132,247,268
133,247,268
134,248,268
135,248,268
136,248,267
137,248,267
138,248,267
139,248,267
140,248,267
141,249,267
142,249,266
143,249,266
144,250,266
145,250,266
146,251,266
147,251,266
148,252,265
149,252,265
150,253,265
151,254,265
152,254,265
153,255,265
154,256,264
155,256,264
156,257,263
157,259,262
0,0
0,61
39,256,258
40,252,265
41,251,269
42,251,273
43,250,277
44,250,281
45,250,284
46,250,287
47,251,290
48,251,293
49,251,296
50,252,298
51,252,301
52,253,303
53,253,305
54,254,307
55,255,309
56,256,310
57,257,312
58,258,313
59,259,314
60,260,315
61,261,316
62,263,317
63,264,317
64,265,318
65,267,319
66,268,319
67,269,320
68,270,320
69,271,320
70,273,321
71,274,321
72,275,321
73,276,322
74,277,322
75,278,322
76,280,322
77,281,322
78,282,323
79,283,323
80,284,323
81,285,323
82,286,323
83,288,323
84,289,323
85,290,323
86,291,323
87,292,323
88,293,323
89,294,323
90,295,323
91,296,323
92,297,322
93,298,322
94,299,321
95,301,321
96,302,320
97,304,319
98,306,318
99,309,315
0,0
1,273
176,153,157
177,153,158
178,152,159
179,152,160
180,152,161
181,152,162
182,152,162
183,151,163
184,151,164
185,151,165
186,151,165
187,151,166
188,150,166
189,150,167
190,150,167
191,150,168
192,150,168
193,150,168
194,149,168
195,149,169
196,149,169
197,149,169
198,149,169
199,149,169
200,148,169
201,148,170
202,148,170
203,148,170
204,148,170
205,148,170
206,147,170
207,147,170
208,147,170
209,147,169
210,147,169
211,147,169
212,146,169
213,146,169
214,146,169
215,146,168
216,146,168
217,145,168
218,145,167
219,145,167
220,145,167
221,145,167
222,145,166
223,144,166
224,144,166
225,144,165
226,144,165
227,144,165
228,144,164
229,143,164
230,143,164
231,143,164
232,143,163
233,143,163
234,143,163
235,142,163
236,142,162
237,142,162
238,142,162
239,142,162
240,141,161
241,141,161
242,141,161
243,141,161
244,141,160
245,141,160
246,140,160
247,140,160
248,140,159
249,140,159
250,140,159
251,140,159
252,139,158
253,139,158
254,139,158
255,139,158
256,139,157
257,138,157
258,138,157
259,138,157
260,138,157
261,138,156
262,138,156
263,137,156
264,137,156
265,137,155
266,137,155
267,137,155
268,136,155
269,136,155
270,136,154
271,136,154
272,136,154
273,136,154
274,135,154
275,135,153
276,135,153
277,135,153
278,135,153
279,134,153
280,134,152
281,134,152
282,134,152
283,134,152
284,134,152
285,133,152
286,133,151
287,133,151
288,133,151
289,133,151
290,132,151
291,132,150
292,132,150
293,132,150
294,132,150
295,132,150
296,131,150
297,131,149
298,131,149
299,131,149
300,131,149
301,130,149
302,130,149
303,130,148
304,130,148
305,130,148
306,129,148
307,129,148
308,129,148
309,129,147
310,129,147
311,129,147
312,128,147
313,128,147
314,128,147
315,128,147
316,128,147
317,127,146
318,127,146
319,127,146
320,127,146
321,127,146
322,126,146
323,126,146
324,126,145
325,126,145
326,126,145
327,125,145
328,125,145
329,125,145
330,125,145
331,125,145
332,124,145
333,124,144
334,124,144
335,124,144
336,124,144
337,123,144
338,123,144
339,123,144
340,123,144
341,123,144
342,122,143
343,122,143
344,122,143
345,122,143
346,122,143
347,121,143
348,121,143
349,121,143
350,121,143
351,121,143
352,120,143
353,120,142
354,120,142
355,120,142
356,119,142
357,119,142
358,119,142
359,119,142
360,118,142
361,118,142
362,118,142
363,118,142
364,118,142
365,117,142
366,117,142
367,117,142
368,117,142
369,116,141
370,116,141
371,116,141
372,116,141
373,116,141
374,115,141
375,115,141
376,115,141
377,115,141
378,114,141
379,114,141
380,114,141
381,114,141
382,113,141
383,113,141
384,113,141
385,113,141
386,112,141
387,112,141
388,112,141
389,112,141
390,111,141
391,111,141
392,111,141
393,111,140
394,111,140
395,110,140
396,110,140
397,110,140
398,110,140
399,110,140
400,109,140
401,109,140
402,109,140
403,109,140
404,109,140
405,109,140
406,109,140
407,108,140
408,109,140
409,109,140
410,109,140
411,109,140
412,109,140
413,109,140
414,110,140
415,110,140
416,110,140
417,110,140
418,110,140
419,111,140
420,111,140
421,111,140
422,112,140
423,112,140
424,112,139
425,113,139
426,113,139
427,114,139
428,114,139
429,115,139
430,115,139
431,116,139
432,116,139
433,117,139
434,118,139
435,118,139
436,119,139
437,120,139
438,120,139
439,121,139
440,122,139
441,122,138
442,123,138
443,124,138
444,125,137
445,126,137
446,127,136
447,128,136
448,130,134
0,0
1,138
222,219,221
223,218,222
224,217,223
225,217,223
226,217,224
227,216,225
228,216,225
229,216,226
230,216,227
231,215,227
232,215,228
233,215,228
234,215,229
235,215,230
236,215,230
237,214,231
238,214,231
239,214,232
240,214,232
241,214,233
242,213,233
243,213,233
244,213,233
245,213,233
246,213,233
247,212,234
248,212,234
249,212,233
250,212,233
251,212,233
252,212,233
253,211,233
254,211,232
255,211,232
256,211,232
257,211,232
258,211,231
259,210,231
260,210,231
261,210,231
262,210,230
263,210,230
264,209,230
265,209,229
266,209,229
267,209,229
268,209,229
269,208,228
270,208,228
271,208,228
272,208,228
273,207,227
274,207,227
275,207,227
276,207,227
277,206,226
278,206,226
279,206,226
280,206,226
281,205,225
282,205,225
283,205,225
284,205,225
285,204,225
286,204,224
287,204,224
288,204,224
289,203,224
290,203,223
291,203,223
292,202,223
293,202,223
294,202,222
295,201,222
296,201,222
297,201,222
298,201,222
299,200,221
300,200,221
301,200,221
302,199,221
303,199,221
304,199,220
305,198,220
306,198,220
307,198,220
308,198,220
309,197,219
310,197,219
311,197,219
312,196,219
313,196,218
314,196,218
315,195,218
316,195,218
317,195,218
318,194,217
319,194,217
320,194,217
321,193,217
322,193,217
323,193,216
324,193,216
325,193,216
326,192,216
327,192,216
328,192,216
329,192,215
330,192,215
331,191,215
332,192,215
333,192,215
334,192,214
335,192,214
336,192,214
337,192,214
338,192,214
339,193,213
340,193,213
341,193,213
342,193,213
343,194,213
344,194,213
345,194,212
346,195,212
347,195,212
348,195,212
349,196,212
350,196,212
351,196,212
352,197,212
353,197,211
354,198,211
355,198,211
356,199,210
357,199,210
358,200,209
359,201,207
0,0
1,138
222,283,285
223,282,286
224,282,287
225,281,288
226,281,288
227,281,289
228,281,290
229,280,290
230,280,291
231,280,292
232,280,292
233,280,293
234,279,294
235,279,294
236,279,295
237,279,295
238,279,296
239,278,296
240,278,297
241,278,297
242,278,297
243,278,298
244,278,298
245,277,298
246,277,298
247,277,298
248,277,298
249,277,298
250,276,298
251,276,298
252,276,298
253,276,297
254,276,297
255,276,297
256,275,296
257,275,296
258,275,296
259,275,295
260,275,295
261,274,295
262,274,295
263,274,294
264,274,294
265,274,294
266,273,294
267,273,293
268,273,293
269,273,293
270,273,293
271,272,292
272,272,292
273,272,292
274,272,292
275,271,291
276,271,291
277,271,291
278,271,291
279,270,290
280,270,290
281,270,290
282,270,290
283,269,289
284,269,289
285,269,289
286,269,289
287,268,289
288,268,288
289,268,288
290,267,288
291,267,288
292,267,287
293,267,287
294,266,287
295,266,287
296,266,286
297,265,286
298,265,286
299,265,286
300,264,286
301,264,285
302,264,285
303,264,285
304,263,285
305,263,285
306,263,284
307,262,284
308,262,284
309,262,284
310,261,284
311,261,283
312,261,283
313,261,283
314,260,283
315,260,283
316,260,282
317,259,282
318,259,282
319,259,282
320,258,282
321,258,281
322,258,281
323,257,281
324,257,281
325,257,281
326,257,280
327,256,280
328,256,280
329,256,280
330,256,280
331,256,279
332,256,279
333,256,279
334,256,279
335,257,279
336,257,279
337,257,278
338,257,278
339,257,278
340,257,278
341,257,278
342,258,277
343,258,277
344,258,277
345,259,277
346,259,277
347,259,276
348,260,276
349,260,276
350,260,276
351,261,276
352,261,276
353,262,276
354,262,275
355,263,275
356,263,275
357,264,274
358,264,273
359,266,272
0,0
0,115
336,203,209
337,200,216
338,199,221
339,198,224
340,198,227
341,198,229
342,198,231
343,199,232
344,199,232
345,199,233
346,200,233
347,201,234
348,201,234
349,202,234
350,202,234
351,203,235
352,203,235
353,204,235
354,204,235
355,205,235
356,205,235
357,206,235
358,206,235
359,207,236
360,207,236
361,208,236
362,208,236
363,209,236
364,209,236
365,209,237
366,210,237
367,210,237
368,211,237
369,211,237
370,211,238
371,212,238
372,212,238
373,213,238
374,213,238
375,213,238
376,214,239
377,214,239
378,214,239
379,215,239
380,215,239
381,215,240
382,216,240
383,216,240
384,216,240
385,217,240
386,217,241
387,217,241
388,218,241
389,218,241
390,218,241
391,219,242
392,219,242
393,219,242
394,219,242
395,220,242
396,220,243
397,220,243
398,220,243
399,220,243
400,221,244
401,221,244
402,221,244
403,221,244
404,222,244
405,222,245
406,222,245
407,222,245
408,222,245
409,223,245
410,223,245
411,223,246
412,223,246
413,224,246
414,224,246
415,224,246
416,224,246
417,225,247
418,225,247
419,225,247
420,225,247
421,226,247
422,226,247
423,226,248
424,226,248
425,227,248
426,227,248
427,227,248
428,228,248
429,228,248
430,228,248
431,229,248
432,229,248
433,230,249
434,230,249
435,230,249
436,231,249
437,232,249
438,232,249
439,233,249
440,233,249
441,234,249
442,235,248
443,235,248
444,236,248
445,237,248
446,238,248
447,239,247
448,240,247
449,242,246
450,245,245
0,0
1,149
205,345,346
206,343,348
207,343,349
208,343,350
209,342,351
210,342,351
211,342,352
212,342,352
213,341,353
214,341,353
215,341,354
216,341,354
217,341,355
218,341,355
219,341,355
220,341,356
221,341,356
222,341,356
223,340,356
224,340,356
225,340,356
226,340,357
227,340,357
228,340,357
229,340,357
230,339,357
231,339,357
232,339,356
233,339,356
234,339,356
235,339,356
236,339,356
237,339,356
238,338,356
239,338,355
240,338,355
241,338,355
242,338,355
243,338,354
244,338,354
245,337,354
246,337,354
247,337,353
248,337,353
249,337,353
250,337,353
251,337,352
252,336,352
253,336,352
254,336,352
255,336,352
256,336,351
257,335,351
258,335,351
259,335,351
260,335,351
261,335,350
262,335,350
263,334,350
264,334,350
265,334,350
266,334,349
267,334,349
268,333,349
269,333,349
270,333,349
271,333,348
272,333,348
273,332,348
274,332,348
275,332,348
276,332,347
277,332,347
278,331,347
279,331,347
280,331,347
281,331,346
282,331,346
283,330,346
284,330,346
285,330,346
286,330,345
287,329,345
288,329,345
289,329,345
290,329,345
291,328,344
292,328,344
293,328,344
294,328,344
295,327,344
296,327,343
297,327,343
298,327,343
299,326,343
300,326,343
301,326,342
302,326,342
303,325,342
304,325,342
305,325,342
306,324,341
307,324,341
308,324,341
309,324,341
310,323,341
311,323,340
312,323,340
313,322,340
314,322,340
315,322,340
316,321,339
317,321,339
318,321,339
319,320,339
320,320,339
321,320,338
322,319,338
323,319,338
324,319,338
325,318,338
326,318,337
327,318,337
328,317,337
329,317,337
330,317,337
331,316,336
332,316,336
333,316,336
334,315,336
335,315,336
336,314,336
337,314,336
338,314,336
339,313,336
340,313,336
341,313,336
342,312,336
343,312,336
344,311,336
345,311,336
346,311,336
347,310,336
348,315,336
349,320,336
350,325,336
351,329,337
352,334,338
352,337,338
0,104
309,351,360
310,347,365
311,347,368
312,347,371
313,347,373
314,347,375
315,347,377
316,348,379
317,348,381
318,348,383
319,348,385
320,348,387
321,349,389
322,349,390
323,349,392
324,349,394
325,349,395
326,350,397
327,350,398
328,350,399
329,350,400
330,351,401
331,351,403
332,351,403
333,351,404
334,351,405
335,352,406
336,352,406
337,352,406
338,352,407
339,353,407
340,354,407
341,354,407
342,354,407
343,354,406
344,355,406
345,355,405
346,355,405
347,355,404
348,355,403
349,355,403
350,355,402
351,355,400
352,355,399
353,355,398
354,355,397
355,355,396
356,354,395
357,354,394
358,354,393
359,354,392
360,354,392
361,354,391
362,354,390
363,353,389
364,353,389
365,353,388
366,353,387
367,353,387
368,353,386
369,352,386
370,352,385
371,352,385
372,352,384
373,352,383
374,351,383
375,351,382
376,351,382
377,351,382
378,351,381
379,350,381
380,350,380
381,350,380
382,350,379
383,349,379
384,349,379
385,349,378
386,349,378
387,348,377
388,348,377
389,348,377
390,348,376
391,347,376
392,347,376
393,347,375
394,346,375
395,346,374
396,346,374
397,346,374
398,345,373
399,345,373
400,345,373
401,344,372
402,344,372
403,344,371
404,343,371
405,343,371
406,343,370
407,343,370
408,342,370
409,342,369
410,342,369
411,341,362
412,341,344
0,0
1,151
235,417,419
236,417,421
237,416,423
238,416,424
239,415,425
240,415,426
241,415,427
242,415,428
243,415,428
244,415,429
245,414,430
246,414,430
247,414,430
248,414,430
249,414,431
250,414,431
251,414,431
252,414,431
253,414,432
254,413,431
255,413,431
256,413,431
257,413,431
258,413,431
259,413,431
260,413,430
261,413,430
262,412,430
263,412,430
264,412,430
265,412,429
266,412,429
267,412,429
268,412,429
269,412,429
270,411,428
271,411,428
272,411,428
273,411,428
274,411,428
275,411,428
276,410,427
277,410,427
278,410,427
279,410,427
280,410,427
281,410,427
282,410,427
283,409,426
284,409,426
285,409,426
286,409,426
287,409,426
288,409,426
289,408,426
290,408,425
291,408,425
292,408,425
293,408,425
294,407,425
295,407,425
296,407,425
297,407,425
298,407,424
299,407,424
300,406,424
301,406,424
302,406,424
303,406,424
304,406,424
305,406,424
306,405,424
307,405,423
308,405,423
309,405,423
310,405,423
311,404,423
312,404,423
313,404,423
314,404,423
315,404,423
316,403,423
317,403,422
318,403,422
319,403,422
320,403,422
321,402,422
322,402,422
323,402,422
324,402,422
325,402,422
326,401,422
327,401,421
328,401,421
329,401,421
330,401,421
331,400,421
332,400,421
333,400,421
334,400,421
335,399,421
336,399,421
337,399,421
338,399,420
339,399,420
340,398,420
341,398,420
342,398,420
343,398,420
344,397,420
345,397,420
346,397,420
347,397,420
348,397,420
349,397,420
350,396,419
351,396,419
352,396,419
353,396,419
354,396,419
355,396,419
356,396,419
357,396,419
358,396,419
359,396,419
360,397,419
361,397,419
362,397,419
363,397,419
364,397,418
365,398,418
366,398,418
367,398,418
368,399,418
369,399,418
370,400,418
371,400,418
372,401,418
373,401,418
374,402,418
375,403,418
376,403,418
377,404,418
378,405,418
379,405,417
380,406,417
381,407,417
382,408,417
383,409,416
384,411,415
384,411,413
0,0
