0,127
136,36,42
137,34,47
138,34,51
139,33,54
140,33,57
141,33,60
142,33,61
143,34,63
144,34,64
145,34,65
146,35,65
147,35,66
148,36,66
149,36,66
150,36,66
151,37,66
152,37,66
153,38,66
154,38,67
155,38,67
156,39,67
157,39,67
158,39,67
159,40,67
160,40,67
161,41,67
162,41,67
163,41,67
164,42,67
165,42,67
166,42,68
167,42,68
168,43,68
169,43,68
170,43,68
171,44,68
172,44,68
173,44,68
174,45,68
175,45,68
176,45,69
177,45,69
178,46,69
179,46,69
180,46,69
181,46,69
182,47,69
183,47,69
184,47,70
185,47,70
186,47,70
187,48,70
188,48,70
189,48,70
190,48,70
191,49,70
192,49,71
193,49,71
194,49,71
195,49,71
196,50,71
197,50,71
198,50,71
199,50,72
200,50,72
201,50,72
202,50,72
203,51,72
204,51,72
205,51,72
206,51,73
207,51,73
208,51,73
209,51,73
210,52,73
211,52,73
212,52,73
213,52,73
214,52,74
215,52,74
216,52,74
217,52,74
218,52,74
219,53,74
220,53,74
221,53,74
222,53,74
223,53,75
224,53,75
225,53,75
226,53,75
227,54,75
228,54,75
229,54,75
230,54,75
231,54,75
232,54,75
233,55,75
234,55,75
235,55,76
236,55,76
237,55,76
238,56,76
239,56,76
240,56,76
241,56,76
242,57,76
243,57,76
244,57,76
245,58,76
246,58,76
247,58,76
248,59,76
249,59,76
250,60,76
251,60,75
252,61,75
253,61,75
254,62,75
255,62,75
256,63,75
257,64,75
258,65,74
259,65,74
260,66,74
261,68,73
262,69,72
0,0
1,79
43,144,147
44,144,147
45,143,148
46,143,149
47,143,150
48,143,150
49,143,151
50,142,151
51,142,152
52,142,152
53,142,152
54,142,153
55,141,153
56,141,153
57,141,153
58,141,153
59,141,153
60,141,154
61,140,153
62,140,153
63,140,153
64,140,153
65,139,153
66,139,152
67,139,152
68,139,152
69,139,152
70,138,152
71,138,151
72,138,151
73,138,151
74,137,151
75,137,150
76,137,150
77,137,150
78,136,149
79,136,149
80,136,149
81,136,149
82,135,148
83,135,148
84,135,148
85,134,147
86,134,147
87,134,147
88,133,147
89,133,146
90,133,146
91,132,146
92,132,146
93,132,145
94,131,145
95,131,145
96,130,145
97,130,144
98,130,144
99,129,144
100,129,144
101,128,143
102,128,143
103,127,143
104,127,143
105,126,142
106,126,142
107,125,142
108,125,142
109,124,141
110,124,141
111,123,141
112,122,141
113,122,141
114,121,141
115,120,141
116,120,141
117,119,141
118,124,142
119,130,142
120,137,143
121,143,144
0,105
117,122,129
118,119,133
119,117,135
120,117,137
121,117,139
122,117,140
123,117,142
124,117,144
125,118,146
126,118,148
127,118,149
128,118,151
129,118,153
130,118,155
131,119,157
132,119,158
133,119,160
134,119,161
135,119,161
136,119,161
137,119,162
138,120,162
139,120,162
140,120,161
141,120,161
142,120,161
143,120,160
144,121,160
145,122,159
146,122,159
147,122,158
148,123,157
149,123,156
150,123,156
151,123,155
152,123,154
153,123,154
154,123,153
155,123,153
156,123,152
157,123,152
158,123,151
159,123,151
160,123,150
161,123,150
162,123,149
163,123,149
164,123,149
165,122,148
166,122,148
167,122,148
168,122,147
169,122,147
170,122,147
171,122,146
172,121,146
173,121,146
174,121,146
175,121,145
176,121,145
177,121,145
178,120,144
179,120,144
180,120,144
181,120,144
182,120,143
183,120,143
184,120,143
185,119,143
186,119,143
187,119,142
188,119,142
189,119,142
190,119,142
191,118,141
192,118,141
193,118,141
194,118,141
195,118,141
196,118,140
197,118,140
198,117,140
199,117,140
200,117,140
201,117,140
202,117,139
203,116,139
204,116,139
205,116,139
206,116,139
207,116,139
208,116,139
209,115,138
210,115,138
211,115,138
212,115,138
213,115,138
214,115,138
215,114,138
216,114,138
217,114,137
218,114,137
219,114,137
220,114,137
221,114,122
0,0
1,95
59,224,227
60,223,229
61,223,230
62,223,231
63,223,232
64,222,232
65,222,233
66,222,234
67,222,234
68,221,235
69,221,235
70,221,235
71,221,235
72,221,235
73,220,235
74,220,235
75,220,236
76,220,235
77,219,235
78,219,235
79,219,235
80,219,235
81,218,234
82,218,234
83,218,234
84,218,234
85,217,233
86,217,233
87,217,233
88,217,233
89,216,232
90,216,232
91,216,232
92,215,232
93,215,231
94,215,231
95,215,231
96,214,231
97,214,231
98,214,230
99,213,230
100,213,230
101,213,230
102,213,230
103,212,229
104,212,229
105,212,229
106,211,229
107,211,229
108,211,228
109,210,228
110,210,228
111,210,228
112,209,228
113,209,228
114,209,227
115,208,227
116,208,227
117,208,227
118,208,227
119,207,227
120,207,226
121,207,226
122,207,226
123,206,226
124,206,226
125,206,226
126,206,226
127,205,225
128,206,225
129,206,225
130,206,225
131,206,225
132,206,225
133,206,225
134,206,224
135,207,224
136,207,224
137,207,224
138,207,224
139,208,224
140,208,224
141,208,223
142,209,223
143,209,223
144,210,223
145,211,223
146,211,223
147,212,223
148,212,223
149,213,222
150,214,222
151,215,221
152,216,221
153,218,219
0,0
1,191
183,87,87
184,86,89
185,85,90
186,85,91
187,85,91
188,84,92
189,84,93
190,84,93
191,84,94
192,83,94
193,83,95
194,83,95
195,83,96
196,83,96
197,83,97
198,83,97
199,83,97
200,83,98
201,83,98
202,82,98
203,82,99
204,82,99
205,82,99
206,82,99
207,82,100
208,82,100
209,82,100
210,82,100
211,82,100
212,82,101
213,81,101
214,81,101
215,81,101
216,81,101
217,81,101
218,81,101
219,81,101
220,81,101
221,81,101
222,80,101
223,80,101
224,80,101
225,80,101
226,80,101
227,80,100
228,80,100
229,80,100
230,79,100
231,79,100
232,79,100
233,79,99
234,79,99
235,79,99
236,79,99
237,78,99
238,78,99
239,78,98
240,78,98
241,78,98
242,78,98
243,78,98
244,77,97
245,77,97
246,77,97
247,77,97
248,77,97
249,77,97
250,76,96
251,76,96
252,76,96
253,76,96
254,76,96
255,76,95
256,75,95
257,75,95
258,75,95
259,75,95
260,75,95
261,74,94
262,74,94
263,74,94
264,74,94
265,74,94
266,73,93
267,73,93
268,73,93
269,73,93
270,73,93
271,72,93
272,72,92
273,72,92
274,72,92
275,71,92
276,71,92
277,71,92
278,71,91
279,70,91
280,70,91
281,70,91
282,70,91
283,70,90
284,69,90
285,69,90
286,69,90
287,69,90
288,68,90
289,68,89
290,68,89
291,68,89
292,67,89
293,67,89
294,67,88
295,66,88
296,66,88
297,66,88
298,66,88
299,65,87
300,65,87
301,65,87
302,65,87
303,64,87
304,64,87
305,64,86
306,64,86
307,63,86
308,63,86
309,63,86
310,62,85
311,62,85
312,62,85
313,62,85
314,61,85
315,61,84
316,61,84
317,60,84
318,60,84
319,60,84
320,59,84
321,59,83
322,59,83
323,59,83
324,58,83
325,58,83
326,58,82
327,57,82
328,57,82
329,57,82
330,56,82
331,56,81
332,56,81
333,55,81
334,55,81
335,55,81
336,55,81
337,55,80
338,55,80
339,55,80
340,54,80
341,54,80
342,54,79
343,54,79
344,54,79
345,54,79
346,54,78
347,54,78
348,53,78
349,54,78
350,54,78
351,54,77
352,54,77
353,55,77
354,55,77
355,55,76
356,56,76
357,56,76
358,56,76
359,56,76
360,57,75
361,57,75
362,57,75
363,58,74
364,58,74
365,59,74
366,59,74
367,59,73
368,60,73
369,61,72
370,61,72
371,62,71
372,63,70
373,65,69
0,0
0,108
91,239,243
92,237,247
93,236,250
94,236,252
95,236,254
96,236,256
97,236,257
98,236,259
99,236,260
100,236,261
101,236,262
102,236,263
103,235,264
104,235,265
105,235,265
106,235,266
107,234,267
108,234,267
109,234,268
110,233,268
111,233,268
112,233,268
113,232,268
114,232,268
115,232,268
116,231,267
117,231,266
118,230,265
119,230,264
120,229,263
121,229,262
122,228,261
123,228,260
124,227,259
125,227,258
126,226,258
127,226,257
128,225,256
129,224,255
130,224,254
131,223,253
132,222,252
133,222,252
134,221,251
135,221,250
136,220,249
137,219,248
138,218,247
139,218,246
140,217,245
141,216,245
142,216,244
143,215,243
144,214,242
145,213,241
146,213,240
147,212,239
148,211,238
149,210,237
150,209,236
151,208,235
152,208,234
153,207,233
154,206,232
155,205,231
156,204,230
157,203,229
158,202,228
159,201,227
160,200,226
161,199,225
162,198,224
163,197,223
164,196,222
165,195,220
166,194,219
167,193,218
168,192,217
169,190,216
170,189,215
171,188,213
172,187,212
173,186,211
174,185,210
175,183,208
176,182,207
177,181,206
178,180,204
179,179,203
180,177,201
181,176,200
182,175,198
183,174,196
184,172,195
185,171,193
186,170,191
187,169,189
188,168,187
189,166,185
190,165,183
191,164,181
192,163,178
193,161,176
194,160,174
195,159,171
196,158,168
197,158,165
198,160,160
0,0
0,286
159,218,218
160,215,224
161,213,228
162,212,231
163,212,233
164,212,235
165,213,238
166,213,240
167,214,242
168,215,244
169,217,246
170,218,248
171,220,250
172,222,252
173,224,254
174,226,256
175,228,258
176,230,259
177,231,261
178,233,263
179,235,264
180,237,266
181,238,267
182,240,268
183,242,270
184,243,271
185,245,273
186,246,274
187,248,275
188,249,277
189,251,278
190,252,279
191,253,280
192,255,281
193,256,282
194,257,283
195,258,284
196,260,285
197,261,287
198,262,287
199,263,288
200,264,289
201,265,290
202,266,291
203,267,292
204,268,293
205,269,294
206,270,295
207,271,296
208,272,296
209,273,297
210,274,298
211,275,299
212,275,299
213,276,300
214,277,301
215,278,301
216,278,302
217,279,302
218,280,303
219,281,304
220,281,304
221,282,305
222,283,305
223,283,306
224,284,306
225,284,307
226,285,308
227,285,308
228,286,308
229,286,309
230,287,309
231,287,310
232,288,310
233,288,311
234,289,311
235,289,311
236,289,312
237,290,312
238,290,313
239,291,313
240,291,313
241,291,314
242,292,314
243,292,314
244,292,315
245,293,315
246,293,315
247,293,316
248,293,316
249,294,316
250,294,316
251,294,317
252,294,317
253,295,317
254,295,318
255,295,318
256,295,318
257,295,318
258,296,319
259,296,319
260,296,319
261,296,319
262,296,320
263,296,320
264,297,320
265,297,320
266,297,321
267,297,321
268,297,321
269,297,321
270,298,321
271,298,322
272,298,322
273,298,322
274,298,322
275,298,322
276,298,322
277,298,323
278,298,323
279,298,323
280,298,323
281,299,323
282,299,323
283,299,323
284,299,324
285,299,324
286,299,324
287,299,324
288,299,324
289,299,324
290,299,324
291,299,324
292,299,324
293,299,324
294,299,324
295,299,324
296,299,324
297,299,324
298,299,324
299,299,325
300,299,325
301,299,325
302,299,325
303,299,325
304,299,325
305,299,325
306,299,325
307,299,325
308,298,325
309,298,325
310,298,325
311,298,325
312,298,325
313,298,325
314,298,325
315,298,325
316,298,325
317,298,325
318,298,325
319,297,324
320,297,324
321,297,324
322,297,324
323,297,324
324,297,324
325,297,324
326,297,324
327,296,324
328,296,324
329,296,324
330,296,324
331,296,324
332,296,324
333,296,324
334,295,323
335,295,323
336,295,323
337,295,323
338,295,323
339,294,323
340,294,323
341,294,323
342,294,323
343,294,323
344,293,322
345,293,322
346,293,322
347,293,322
348,292,322
349,292,322
350,292,322
351,292,322
352,291,321
353,291,321
354,291,321
355,291,321
356,290,321
357,290,321
358,290,321
359,290,320
360,289,320
361,289,320
362,289,320
363,288,320
364,288,320
365,288,319
366,287,319
367,287,319
368,287,319
369,287,319
370,286,319
371,286,318
372,286,318
373,285,318
374,285,318
375,285,318
376,284,317
377,284,317
378,283,317
379,283,317
380,283,317
381,282,316
382,282,316
383,281,316
384,281,316
385,280,315
386,280,315
387,279,315
388,278,315
389,278,314
390,277,314
391,276,314
392,275,314
393,274,313
394,274,313
395,274,313
396,273,312
397,273,312
398,273,312
399,273,312
400,273,311
401,273,311
402,272,310
403,272,310
404,272,310
405,272,309
406,272,309
407,272,309
408,271,308
409,271,308
410,271,307
411,271,307
412,271,307
413,271,306
414,271,306
415,270,305
416,270,305
417,270,304
418,270,304
419,270,303
420,270,302
421,269,302
422,269,301
423,269,301
424,269,300
425,269,299
426,269,299
427,269,298
428,268,297
429,268,297
430,268,296
431,268,295
432,268,294
433,268,294
434,267,293
435,267,292
436,267,291
437,267,290
438,268,289
439,269,288
440,270,286
441,271,285
442,273,283
443,275,281
444,279,279
1,62
274,393,395
273,394,401
272,394,408
271,394,414
270,395,421
269,395,427
268,395,433
267,395,437
266,395,436
265,395,434
264,395,433
263,395,432
262,395,431
261,394,430
260,394,429
259,394,428
258,394,427
257,394,426
256,393,425
255,393,424
254,393,423
253,393,422
252,392,421
251,392,420
250,392,419
249,391,418
248,391,418
247,391,417
246,391,416
245,390,415
244,390,414
243,390,413
242,389,412
241,389,412
240,389,411
239,389,410
238,388,409
237,388,408
236,388,408
235,388,407
234,387,406
233,387,405
232,387,404
231,387,404
230,386,403
229,386,402
228,386,401
227,386,400
226,385,400
225,385,399
224,385,398
223,385,397
222,384,397
221,384,396
220,384,395
219,383,395
218,383,394
217,383,393
216,383,392
215,383,391
214,383,389
213,384,388
0,0
0,109
177,248,248
178,244,252
179,242,256
180,242,259
181,241,261
182,241,263
183,241,265
184,240,267
185,240,268
186,240,269
187,239,270
188,239,271
189,238,271
190,238,271
191,237,271
192,237,271
193,236,270
194,236,270
195,235,269
196,235,269
197,234,268
198,234,267
199,233,266
200,232,265
201,232,264
202,231,263
203,230,261
204,230,261
205,229,260
206,229,259
207,228,258
208,227,257
209,226,256
210,225,255
211,225,254
212,224,253
213,223,252
214,222,251
215,222,250
216,221,249
217,220,248
218,219,247
219,218,246
220,217,245
221,216,244
222,215,243
223,215,242
224,214,241
225,213,240
226,212,239
227,211,238
228,210,237
229,209,236
230,208,236
231,207,234
232,206,233
233,205,232
234,204,231
235,203,230
236,202,229
237,201,228
238,200,227
239,199,226
240,198,224
241,196,223
242,195,222
243,194,221
244,193,220
245,192,219
246,191,218
247,189,216
248,188,215
249,187,214
250,186,213
251,184,211
252,183,210
253,182,209
254,181,208
255,179,206
256,178,205
257,177,204
258,175,202
259,174,201
260,173,200
261,171,198
262,170,197
263,169,196
264,167,194
265,166,193
266,165,191
267,163,190
268,162,188
269,161,187
270,159,185
271,158,183
272,156,182
273,155,180
274,154,178
275,152,176
276,151,174
277,150,172
278,148,170
279,147,168
280,146,166
281,144,163
282,143,160
283,142,157
284,141,153
285,142,148
0,0
0,175
212,296,298
213,293,299
214,292,300
215,291,301
216,290,302
217,290,303
218,289,303
219,289,304
220,288,304
221,287,305
222,287,305
223,286,305
224,286,306
225,285,306
226,285,306
227,284,306
228,283,307
229,283,307
230,282,307
231,282,307
232,281,307
233,281,307
234,280,307
235,279,307
236,279,307
237,278,307
238,278,307
239,277,307
240,276,307
241,276,307
242,275,306
243,275,306
244,274,306
245,273,305
246,273,304
247,272,304
248,271,303
249,271,303
250,270,302
251,269,301
252,269,300
253,268,300
254,267,299
255,267,298
256,266,297
257,265,297
258,265,296
259,264,295
260,263,294
261,263,293
262,262,293
263,261,292
264,260,291
265,260,290
266,259,289
267,258,289
268,257,288
269,256,287
270,256,286
271,255,285
272,254,284
273,253,283
274,253,283
275,252,282
276,251,281
277,250,280
278,249,279
279,248,278
280,247,278
281,246,277
282,245,276
283,244,275
284,244,274
285,243,273
286,242,272
287,241,271
288,240,271
289,239,270
290,238,269
291,237,268
292,236,267
293,235,266
294,234,265
295,233,265
296,232,264
297,231,263
298,230,262
299,229,261
300,228,260
301,227,259
302,226,258
303,225,257
304,224,256
305,223,255
306,222,255
307,221,253
308,220,253
309,218,252
310,217,251
311,216,250
312,215,249
313,214,248
314,213,247
315,212,246
316,211,245
317,210,244
318,209,243
319,208,242
320,207,241
321,205,240
322,204,239
323,203,238
324,202,237
325,201,236
326,200,235
327,198,234
328,197,233
329,196,232
330,195,230
331,193,230
332,192,228
333,191,227
334,189,226
335,188,225
336,187,224
337,185,222
338,184,221
339,183,220
340,181,219
341,180,218
342,179,216
343,177,215
344,176,214
345,175,212
346,173,211
347,172,210
348,170,208
349,169,207
350,167,205
351,166,204
352,165,203
353,163,201
354,162,200
355,160,198
356,159,196
357,157,195
358,156,193
359,155,192
360,153,190
361,152,188
362,150,187
363,149,185
364,147,183
365,146,181
366,144,180
367,143,178
368,141,176
369,140,174
370,138,172
371,137,170
372,135,168
373,134,166
374,132,164
375,131,161
376,129,159
377,128,157
378,127,154
379,126,152
380,125,149
381,124,147
382,123,144
383,123,141
384,123,138
385,125,135
386,130,130
0,0
0,72
218,173,173
219,171,176
220,170,178
221,170,180
222,170,181
223,170,182
224,170,184
225,170,185
226,171,187
227,171,188
228,171,189
229,172,191
230,173,192
231,173,193
232,174,194
233,174,196
234,175,197
235,176,198
236,177,199
237,177,200
238,178,201
239,179,203
240,179,204
241,180,205
242,181,206
243,181,207
244,182,208
245,183,209
246,184,210
247,184,211
248,185,212
249,186,213
250,186,214
251,187,215
252,188,216
253,188,217
254,189,218
255,190,218
256,191,219
257,191,220
258,192,220
259,192,221
260,193,221
261,194,222
262,195,222
263,195,223
264,196,223
265,197,224
266,197,224
267,198,224
268,199,224
269,199,224
270,200,224
271,201,225
272,201,225
273,202,225
274,203,225
275,203,224
276,204,224
277,204,224
278,205,224
279,206,224
280,206,224
281,207,224
282,208,224
283,208,223
284,209,223
285,210,223
286,210,222
287,211,221
288,213,220
289,215,219
0,0
0,105
119,357,364
120,354,367
121,353,370
122,352,372
123,352,373
124,351,375
125,351,376
126,352,378
127,352,379
128,352,380
129,352,381
130,352,382
131,352,383
132,352,384
133,352,385
134,352,386
135,352,387
136,351,388
137,351,388
138,351,389
139,351,390
140,350,390
141,350,391
142,350,391
143,349,391
144,348,391
145,348,391
146,347,391
147,347,390
148,346,389
149,345,388
150,345,385
151,344,384
152,343,383
153,343,381
154,342,380
155,341,379
156,341,377
157,340,376
158,339,375
159,339,374
160,338,372
161,337,371
162,337,370
163,336,369
164,335,367
165,335,366
166,334,365
167,333,364
168,333,363
169,332,362
170,331,360
171,330,359
172,330,358
173,329,357
174,328,356
175,328,354
176,327,353
177,326,352
178,325,351
179,325,350
180,324,349
181,323,348
182,323,347
183,322,345
184,321,344
185,320,343
186,320,342
187,319,341
188,318,340
189,317,339
190,317,338
191,316,337
192,315,335
193,314,334
194,314,333
195,313,332
196,312,331
197,311,330
198,310,329
199,310,328
200,309,327
201,308,325
202,307,324
203,307,323
204,306,322
205,305,321
206,304,320
207,303,319
208,303,318
209,302,317
210,301,316
211,300,315
212,300,314
213,299,313
214,298,312
215,297,311
216,296,309
217,296,308
218,295,307
219,295,306
220,295,305
221,296,304
222,297,302
223,300,300
0,0
1,189
294,224,229
295,223,231
296,223,233
297,223,234
298,223,235
299,224,237
300,224,238
301,225,239
302,226,240
303,227,242
304,228,243
305,229,244
306,230,245
307,230,247
308,231,248
309,232,249
310,233,250
311,234,251
312,235,253
313,236,254
314,237,255
315,238,256
316,238,257
317,239,259
318,240,260
319,241,261
320,242,262
321,243,263
322,244,264
323,245,265
324,245,267
325,246,268
326,247,269
327,248,270
328,249,271
329,250,272
330,250,274
331,251,275
332,252,276
333,253,277
334,254,278
335,255,279
336,256,280
337,257,282
338,257,283
339,258,284
340,259,285
341,260,286
342,261,287
343,262,288
344,262,289
345,263,290
346,264,292
347,265,293
348,266,294
349,266,295
350,267,296
351,268,297
352,269,298
353,270,299
354,270,300
355,271,301
356,272,302
357,273,304
358,274,305
359,274,306
360,275,307
361,276,308
362,277,309
363,278,310
364,278,311
365,279,312
366,280,313
367,281,314
368,281,315
369,282,316
370,283,317
371,284,319
372,284,320
373,285,321
374,286,322
375,286,323
376,287,324
377,288,325
378,288,326
379,289,327
380,290,328
381,290,329
382,291,330
383,292,331
384,292,332
385,293,333
386,294,334
387,295,335
388,295,336
389,296,337
390,296,338
391,297,339
392,298,340
393,298,341
394,299,342
395,300,343
396,300,343
397,301,344
398,301,344
399,302,344
400,303,345
401,303,345
402,304,345
403,304,345
404,305,346
405,305,346
406,306,346
407,306,346
408,307,346
409,307,346
410,308,346
411,308,346
412,309,346
413,309,346
414,310,347
415,310,347
416,311,347
417,311,347
418,311,347
419,312,347
420,312,347
421,313,347
422,313,347
423,313,346
424,314,346
425,314,346
426,315,346
427,315,346
428,315,346
429,316,346
430,316,346
431,317,346
432,317,346
433,317,346
434,318,346
435,318,346
436,318,345
437,319,345
438,319,345
439,319,345
440,320,345
441,320,345
442,320,345
443,321,345
444,321,344
445,321,344
446,322,344
447,322,344
448,322,344
449,323,344
450,323,344
451,323,344
452,324,343
453,324,343
454,324,343
455,325,343
456,325,343
457,325,343
458,326,343
459,326,343
460,326,342
461,327,342
462,327,342
463,327,342
464,328,342
465,328,342
466,328,341
467,329,341
468,329,341
469,329,341
470,329,341
471,330,340
472,330,340
473,331,340
474,331,340
475,331,339
476,332,339
477,332,339
478,332,338
479,333,338
480,333,338
481,334,337
482,335,336
0,0
