1,203
152,112,115
153,111,116
154,111,117
155,110,117
156,110,118
157,110,119
158,110,119
159,109,120
160,109,120
161,109,121
162,109,121
163,109,122
164,109,122
165,108,123
166,108,123
167,108,124
168,108,124
169,108,124
170,108,125
171,108,125
172,108,125
173,108,126
174,108,126
175,108,126
176,108,127
177,107,127
178,107,127
179,107,127
180,107,128
181,107,128
182,107,128
183,107,128
184,107,128
185,107,128
186,107,129
187,107,129
188,106,129
189,106,129
190,106,129
191,106,129
192,106,129
193,106,129
194,106,129
195,106,129
196,106,129
197,105,129
198,105,128
199,105,128
200,105,128
201,105,128
202,105,128
203,105,128
204,105,128
205,104,128
206,104,127
207,104,127
208,104,127
209,104,127
210,104,127
211,104,126
212,103,126
213,103,126
214,103,126
215,103,126
216,103,125
217,103,125
218,102,125
219,102,125
220,102,125
221,102,125
222,102,124
223,102,124
224,101,124
225,101,124
226,101,124
227,101,123
228,101,123
229,101,123
230,100,123
231,100,123
232,100,123
233,100,123
234,100,122
235,99,122
236,99,122
237,99,122
238,99,122
239,99,121
240,99,121
241,98,121
242,98,121
243,98,121
244,98,120
245,97,120
246,97,120
247,97,120
248,97,120
249,97,120
250,96,119
251,96,119
252,96,119
253,96,119
254,95,119
255,95,119
256,95,118
257,95,118
258,94,118
259,94,118
260,94,118
261,94,118
262,93,117
263,93,117
264,93,117
265,93,117
266,93,117
267,92,116
268,92,116
269,92,116
270,92,116
271,91,116
272,91,116
273,91,115
274,90,115
275,90,115
276,90,115
277,90,115
278,89,114
279,89,114
280,89,114
281,89,114
282,88,114
283,88,114
284,88,113
285,87,113
286,87,113
287,87,113
288,87,113
289,86,112
290,86,112
291,86,112
292,85,112
293,85,112
294,85,112
295,84,111
296,84,111
297,84,111
298,84,111
299,83,111
300,83,110
301,83,110
302,82,110
303,82,110
304,82,110
305,81,110
306,81,109
307,81,109
308,80,109
309,80,109
310,80,109
311,80,108
312,80,108
313,80,108
314,79,108
315,79,108
316,79,107
317,79,107
318,79,107
319,79,107
320,79,107
321,79,106
322,79,106
323,79,106
324,79,106
325,79,106
326,78,105
327,79,105
328,79,105
329,79,105
330,79,105
331,80,104
332,80,104
333,80,104
334,80,104
335,80,103
336,81,103
337,81,103
338,81,103
339,82,103
340,82,102
341,82,102
342,83,102
343,83,101
344,83,101
345,84,101
346,84,101
347,85,100
348,85,100
349,86,100
350,87,99
351,87,99
352,88,98
353,90,97
354,92,95
0,0
0,200
33,230,230
34,224,236
35,222,240
36,221,243
37,220,245
38,219,248
39,219,250
40,219,252
41,219,254
42,219,256
43,219,257
44,219,259
45,219,261
46,220,262
47,220,264
48,221,265
49,222,266
50,222,267
51,223,269
52,223,269
53,224,270
54,224,271
55,225,271
56,225,272
57,226,272
58,226,272
59,227,272
60,227,272
61,227,271
62,228,271
63,228,271
64,228,271
65,228,270
66,229,270
67,229,270
68,229,270
69,230,269
70,230,269
71,230,269
72,230,269
73,230,268
74,231,268
75,231,268
76,231,268
77,231,268
78,231,267
79,231,267
80,232,267
81,232,267
82,232,267
83,232,267
84,232,266
85,232,266
86,233,266
87,233,266
88,233,266
89,233,266
90,233,266
91,233,266
92,233,266
93,233,265
94,233,265
95,234,265
96,234,265
97,234,265
98,234,265
99,234,265
100,234,265
101,234,265
102,234,265
103,234,265
104,234,264
105,234,264
106,234,264
107,234,264
108,235,264
109,235,264
110,235,264
111,235,264
112,235,264
113,235,264
114,235,264
115,235,264
116,235,263
117,235,263
118,235,263
119,235,263
120,235,263
121,235,263
122,235,263
123,235,263
124,235,263
125,235,263
126,235,263
127,235,263
128,235,263
129,235,262
130,235,262
131,235,262
132,235,262
133,235,262
134,235,262
135,235,262
136,235,262
137,235,262
138,235,262
139,235,262
140,235,262
141,235,262
142,235,261
143,235,261
144,235,261
145,235,261
146,235,261
147,235,261
148,235,261
149,235,261
150,235,261
151,235,261
152,235,261
153,235,261
154,235,261
155,235,261
156,235,260
157,235,260
158,235,260
159,235,260
160,235,260
161,235,260
162,235,260
163,235,260
164,235,260
165,235,260
166,235,260
167,235,260
168,235,260
169,235,259
170,235,259
171,235,259
172,235,259
173,235,259
174,235,259
175,235,259
176,235,259
177,235,259
178,235,259
179,235,259
180,235,259
181,235,258
182,235,258
183,235,258
184,235,258
185,235,258
186,235,258
187,235,258
188,235,258
189,235,258
190,235,258
191,235,258
192,235,258
193,235,258
194,235,257
195,235,257
196,235,257
197,235,257
198,235,257
199,235,257
200,235,257
201,235,257
202,235,257
203,235,257
204,235,257
205,234,257
206,234,256
207,234,256
208,234,256
209,234,256
210,234,256
211,234,256
212,234,256
213,234,256
214,234,256
215,234,256
216,234,256
217,234,256
218,234,256
219,234,255
220,234,255
221,234,255
222,234,255
223,234,255
224,234,255
225,234,255
226,234,255
227,234,253
228,234,249
229,234,245
230,234,242
231,234,238
232,234,234
0,0
0,57
149,139,142
150,136,147
151,136,151
152,135,154
153,135,157
154,135,160
155,135,162
156,135,165
157,135,167
158,136,170
159,136,172
160,137,175
161,137,177
162,138,179
163,139,181
164,139,182
165,140,184
166,141,186
167,142,187
168,143,188
169,144,189
170,145,190
171,147,191
172,148,192
173,149,193
174,150,193
175,151,194
176,152,194
177,153,195
178,154,195
179,155,195
180,156,195
181,157,195
182,158,196
183,159,196
184,160,196
185,161,196
186,162,196
187,163,197
188,164,197
189,165,197
190,166,197
191,167,197
192,168,197
193,169,197
194,170,197
195,171,197
196,172,197
197,173,196
198,174,196
199,175,196
200,176,195
201,177,195
202,178,194
203,180,193
204,182,191
205,186,188
0,0
0,70
119,321,327
120,319,331
121,318,333
122,317,335
123,317,337
124,317,338
125,317,339
126,317,341
127,317,342
128,317,343
129,317,344
130,317,345
131,317,346
132,316,347
133,316,347
134,316,348
135,316,349
136,316,350
137,315,351
138,315,351
139,314,352
140,314,353
141,313,353
142,313,354
143,312,354
144,311,354
145,311,355
146,310,355
147,309,355
148,309,355
149,308,354
150,307,353
151,307,352
152,306,349
153,305,347
154,304,345
155,304,343
156,303,341
157,302,339
158,301,337
159,301,335
160,300,334
161,299,332
162,298,330
163,298,328
164,297,327
165,296,325
166,295,323
167,295,322
168,294,320
169,293,318
170,292,317
171,291,315
172,291,314
173,290,312
174,289,310
175,288,309
176,287,307
177,287,305
178,286,304
179,285,302
180,284,301
181,283,299
182,282,298
183,282,296
184,282,294
185,282,293
186,282,292
187,283,290
188,287,287
0,0
1,404
51,245,247
52,244,249
53,244,250
54,243,251
55,243,252
56,243,253
57,243,254
58,243,255
59,242,256
60,242,257
61,242,257
62,242,258
63,242,259
64,242,259
65,242,260
66,242,260
67,241,261
68,241,261
69,241,262
70,241,262
71,241,262
72,241,263
73,241,263
74,241,263
75,241,263
76,240,263
77,240,264
78,240,264
79,240,264
80,240,264
81,240,264
82,240,264
83,240,265
84,240,264
85,239,264
86,239,264
87,239,264
88,239,264
89,239,264
90,239,264
91,239,264
92,239,264
93,238,263
94,238,263
95,238,263
96,238,263
97,238,262
98,238,262
99,238,262
100,238,261
101,238,261
102,237,261
103,237,261
104,237,260
105,237,260
106,237,260
107,237,260
108,237,259
109,237,259
110,237,259
111,236,259
112,236,258
113,236,258
114,236,258
115,236,258
116,236,258
117,236,257
118,236,257
119,236,257
120,235,257
121,235,256
122,235,256
123,235,256
124,235,256
125,235,255
126,235,255
127,235,255
128,234,255
129,234,255
130,234,254
131,234,254
132,234,254
133,234,254
134,234,253
135,234,253
136,234,253
137,233,253
138,233,253
139,233,252
140,233,252
141,233,252
142,233,252
143,233,252
144,233,251
145,232,251
146,232,251
147,232,251
148,232,251
149,232,250
150,232,250
151,232,250
152,232,250
153,232,250
154,231,249
155,231,249
156,231,249
157,231,249
158,231,249
159,231,248
160,231,248
161,231,248
162,231,248
163,230,248
164,230,247
165,230,247
166,230,247
167,230,247
168,230,247
169,230,247
170,229,246
171,229,246
172,229,246
173,229,246
174,229,246
175,229,246
176,229,245
177,229,245
178,228,245
179,228,245
180,228,245
181,228,245
182,228,244
183,228,244
184,228,244
185,228,244
186,228,244
187,227,244
188,227,243
189,227,243
190,227,243
191,227,243
192,227,243
193,227,243
194,227,243
195,226,242
196,226,242
197,226,242
198,226,242
199,226,242
200,226,242
201,226,241
202,226,241
203,225,241
204,225,241
205,225,241
206,225,241
207,225,241
208,225,240
209,225,240
210,225,240
211,224,240
212,224,240
213,224,240
214,224,240
215,224,240
216,224,239
217,224,239
218,224,239
219,223,239
220,223,239
221,223,239
222,223,239
223,223,239
224,223,238
225,223,238
226,223,238
227,222,238
228,222,238
229,222,238
230,222,238
231,222,238
232,222,237
233,222,237
234,222,237
235,221,237
236,221,237
237,221,237
238,221,237
239,221,237
240,221,237
241,221,236
242,221,236
243,220,236
244,220,236
245,220,236
246,220,236
247,220,236
248,220,236
249,220,236
250,220,235
251,219,235
252,219,235
253,219,235
254,219,235
255,219,235
256,219,235
257,219,235
258,219,235
259,218,235
260,218,235
261,218,234
262,218,234
263,218,234
264,218,234
265,218,234
266,217,234
267,217,234
268,217,234
269,217,234
270,217,234
271,217,234
272,217,234
273,216,234
274,216,233
275,216,233
276,216,233
277,216,233
278,216,233
279,216,233
280,216,233
281,215,233
282,215,233
283,215,233
284,215,233
285,215,233
286,215,233
287,215,233
288,214,233
289,214,232
290,214,232
291,214,232
292,214,232
293,214,232
294,214,232
295,213,232
296,213,232
297,213,232
298,213,232
299,213,232
300,213,232
301,213,232
302,212,232
303,212,232
304,212,232
305,212,232
306,212,232
307,212,232
308,211,232
309,211,232
310,211,231
311,211,231
312,211,231
313,211,231
314,211,231
315,210,231
316,210,231
317,210,231
318,210,231
319,210,231
320,210,231
321,210,231
322,209,231
323,209,231
324,209,231
325,209,231
326,209,231
327,209,231
328,209,231
329,208,231
330,208,231
331,208,231
332,208,231
333,208,231
334,208,231
335,207,231
336,207,231
337,207,231
338,207,231
339,207,231
340,207,231
341,206,231
342,206,231
343,206,231
344,206,231
345,206,231
346,206,231
347,205,231
348,205,231
349,205,231
350,205,231
351,205,231
352,205,231
353,204,231
354,204,231
355,204,231
356,204,231
357,204,231
358,204,231
359,203,231
360,203,231
361,203,231
362,203,231
363,203,231
364,203,231
365,202,231
366,202,231
367,202,231
368,202,231
369,202,231
370,202,231
371,201,231
372,201,231
373,201,231
374,201,231
375,201,231
376,200,231
377,200,231
378,200,231
379,200,231
380,200,231
381,200,231
382,199,231
383,199,231
384,199,231
385,199,231
386,199,231
387,198,231
388,198,231
389,198,231
390,198,231
391,198,231
392,197,231
393,197,231
394,197,231
395,197,231
396,197,231
397,196,231
398,196,231
399,196,231
400,196,231
401,196,231
402,196,231
403,196,231
404,195,231
405,195,231
406,195,231
407,195,231
408,195,231
409,195,231
410,196,231
411,196,231
412,196,231
413,196,231
414,196,231
415,196,231
416,196,231
417,197,231
418,197,231
419,197,231
420,198,231
421,198,231
422,198,231
423,199,231
424,199,231
425,199,231
426,200,231
427,200,231
428,201,231
429,201,231
430,202,231
431,202,231
432,203,231
433,204,231
434,204,231
435,205,231
436,205,231
437,206,231
438,207,231
439,208,232
440,208,231
441,209,231
442,210,231
443,210,231
444,211,230
445,212,230
446,213,230
447,214,230
448,215,230
449,216,230
450,217,229
451,218,228
452,219,228
453,220,227
454,223,224
0,0
0,175
276,117,117
277,114,122
278,111,126
279,110,129
280,110,131
281,110,133
282,110,135
283,111,137
284,111,139
285,112,140
286,112,142
287,113,143
288,114,144
289,114,146
290,115,147
291,116,148
292,116,149
293,117,150
294,117,151
295,117,152
296,118,153
297,118,154
298,119,155
299,119,155
300,120,156
301,120,156
302,121,156
303,121,156
304,121,157
305,122,157
306,122,157
307,123,157
308,123,157
309,123,157
310,124,157
311,124,157
312,124,157
313,124,157
314,125,157
315,125,157
316,125,157
317,126,157
318,126,157
319,126,157
320,127,157
321,127,157
322,127,157
323,127,157
324,127,157
325,128,157
326,128,157
327,128,157
328,128,157
329,129,157
330,129,157
331,129,158
332,129,158
333,130,158
334,130,158
335,130,158
336,130,158
337,130,158
338,130,158
339,131,158
340,131,158
341,131,158
342,131,158
343,131,158
344,131,158
345,132,159
346,132,159
347,132,159
348,132,159
349,132,159
350,132,159
351,132,159
352,133,159
353,133,159
354,133,159
355,133,159
356,133,160
357,133,160
358,133,160
359,133,160
360,134,160
361,134,160
362,134,160
363,134,160
364,134,160
365,134,160
366,134,161
367,134,161
368,134,161
369,134,161
370,135,161
371,135,161
372,135,161
373,135,161
374,135,161
375,135,161
376,135,162
377,135,162
378,135,162
379,135,162
380,135,162
381,135,162
382,135,162
383,136,162
384,136,162
385,136,162
386,136,162
387,136,163
388,136,163
389,136,163
390,136,163
391,136,163
392,136,163
393,136,163
394,136,163
395,136,163
396,136,163
397,136,164
398,136,164
399,136,164
400,136,164
401,136,164
402,136,165
403,136,165
404,136,165
405,137,165
406,137,166
407,137,166
408,137,166
409,137,166
410,137,166
411,137,167
412,137,167
413,137,167
414,138,167
415,138,167
416,138,167
417,138,168
418,139,168
419,139,168
420,139,168
421,139,168
422,140,168
423,140,168
424,140,168
425,141,168
426,141,168
427,142,168
428,142,168
429,143,168
430,143,168
431,144,168
432,144,168
433,145,168
434,145,168
435,146,168
436,146,168
437,147,168
438,148,168
439,148,168
440,149,168
441,150,168
442,150,168
443,151,168
444,152,167
445,153,167
446,154,167
447,155,166
448,156,166
449,158,165
450,160,163
0,0
1,210
128,282,285
129,281,286
130,280,287
131,280,288
132,280,289
133,280,290
134,280,291
135,280,292
136,280,292
137,280,293
138,280,293
139,280,294
140,280,295
141,280,295
142,280,296
143,280,296
144,280,297
145,280,297
146,280,298
147,280,298
148,280,298
149,280,299
150,280,299
151,280,299
152,280,299
153,280,299
154,280,299
155,280,299
156,280,300
157,280,300
158,280,300
159,280,300
160,280,300
161,280,299
162,280,299
163,279,299
164,279,299
165,279,299
166,279,299
167,279,299
168,279,298
169,279,298
170,279,298
171,279,298
172,279,298
173,279,298
174,279,297
175,279,297
176,279,297
177,279,297
178,279,297
179,279,297
180,279,296
181,278,296
182,278,296
183,278,296
184,278,296
185,278,296
186,278,295
187,278,295
188,278,295
189,278,295
190,278,295
191,278,295
192,278,294
193,278,294
194,278,294
195,278,294
196,278,294
197,277,294
198,277,293
199,277,293
200,277,293
201,277,293
202,277,293
203,277,293
204,277,293
205,277,292
206,277,292
207,277,292
208,277,292
209,276,292
210,276,292
211,276,291
212,276,291
213,276,291
214,276,291
215,276,291
216,276,291
217,276,291
218,276,290
219,276,290
220,275,290
221,275,290
222,275,290
223,275,290
224,275,289
225,275,289
226,275,289
227,275,289
228,275,289
229,274,289
230,274,289
231,274,288
232,274,288
233,274,288
234,274,288
235,274,288
236,274,288
237,273,288
238,273,287
239,273,287
240,273,287
241,273,287
242,273,287
243,273,287
244,272,287
245,272,286
246,272,286
247,272,286
248,272,286
249,272,286
250,271,286
251,271,286
252,271,285
253,271,285
254,271,285
255,271,285
256,271,285
257,270,285
258,270,285
259,270,284
260,270,284
261,270,284
262,269,284
263,269,284
264,269,284
265,269,284
266,269,284
267,269,283
268,268,283
269,268,283
270,268,283
271,268,283
272,268,283
273,267,283
274,267,282
275,267,282
276,267,282
277,267,282
278,266,282
279,266,282
280,266,282
281,266,281
282,265,281
283,265,281
284,265,281
285,265,280
286,265,280
287,264,280
288,264,280
289,264,280
290,264,280
291,263,279
292,263,279
293,263,279
294,263,279
295,262,279
296,262,279
297,262,279
298,262,279
299,261,279
300,261,279
301,261,279
302,261,279
303,260,279
304,260,279
305,260,279
306,260,279
307,259,279
308,259,279
309,259,279
310,258,279
311,258,279
312,258,279
313,258,279
314,257,279
315,257,279
316,257,279
317,256,279
318,256,279
319,256,279
320,256,279
321,255,279
322,255,279
323,255,279
324,254,279
325,254,279
326,254,279
327,253,279
328,255,280
329,258,280
330,260,280
331,263,280
332,266,280
333,269,281
334,272,281
335,275,281
336,278,282
337,281,283
0,224
251,335,346
252,330,352
253,327,355
254,327,358
255,328,360
256,328,362
257,328,364
258,329,366
259,329,368
260,329,369
261,330,371
262,330,373
263,330,374
264,331,376
265,331,377
266,331,378
267,332,380
268,332,381
269,332,382
270,333,383
271,333,384
272,333,385
273,334,386
274,334,387
275,334,388
276,335,388
277,335,388
278,335,389
279,336,389
280,336,389
281,337,389
282,337,389
283,337,389
284,338,389
285,338,388
286,339,388
287,339,388
288,339,387
289,339,386
290,340,386
291,340,385
292,340,385
293,340,384
294,340,383
295,340,382
296,340,381
297,341,381
298,341,380
299,341,380
300,341,379
301,341,378
302,341,378
303,341,377
304,341,377
305,341,377
306,341,376
307,341,376
308,341,375
309,341,375
310,341,375
311,341,374
312,341,374
313,341,374
314,341,374
315,341,373
316,341,373
317,341,373
318,341,373
319,341,372
320,341,372
321,341,372
322,341,372
323,341,372
324,341,371
325,341,371
326,341,371
327,341,371
328,341,371
329,341,371
330,341,371
331,341,371
332,341,370
333,341,370
334,341,370
335,341,370
336,341,370
337,341,370
338,341,370
339,341,370
340,341,370
341,341,370
342,341,369
343,341,369
344,341,369
345,341,369
346,340,369
347,340,369
348,340,369
349,340,369
350,340,369
351,340,369
352,340,369
353,340,368
354,340,368
355,340,368
356,340,368
357,339,368
358,339,368
359,339,368
360,339,368
361,339,368
362,339,368
363,339,368
364,338,367
365,338,367
366,338,367
367,338,367
368,338,367
369,338,367
370,338,367
371,337,367
372,337,367
373,337,367
374,337,367
375,337,367
376,337,366
377,337,366
378,336,366
379,336,366
380,336,366
381,336,366
382,336,366
383,335,366
384,335,366
385,335,366
386,335,366
387,335,366
388,334,365
389,334,365
390,334,365
391,334,365
392,334,365
393,333,365
394,333,365
395,333,365
396,333,365
397,332,364
398,332,364
399,332,364
400,332,364
401,331,364
401,309,309
401,331,364
402,306,311
402,331,364
403,306,313
403,331,364
404,305,315
404,330,363
405,305,317
405,330,363
406,306,318
406,330,363
407,306,320
407,329,363
408,306,322
408,328,363
409,306,326
409,326,362
409,306,362
410,306,362
411,307,362
412,307,362
413,307,361
414,308,361
415,308,361
416,308,361
417,309,360
418,309,360
419,310,360
420,310,360
421,310,359
422,311,359
423,311,359
424,312,358
425,312,358
426,313,358
427,313,357
428,313,357
429,314,357
430,314,356
431,315,356
432,315,356
433,316,355
434,316,355
435,317,354
436,317,354
437,318,353
438,318,353
439,319,353
440,319,352
441,320,352
442,320,351
443,321,351
444,321,350
445,322,350
446,322,350
447,323,349
448,323,349
449,324,348
450,324,348
451,325,347
452,326,347
453,326,346
454,327,346
455,328,345
456,328,345
457,329,344
458,330,344
459,331,343
460,332,342
461,333,341
462,334,339
463,337,337
0,0
0,80
320,188,188
321,183,192
322,180,196
323,180,201
324,180,204
325,180,206
326,180,207
327,180,208
328,181,209
329,181,209
330,182,209
331,182,210
332,183,210
333,183,210
334,184,210
335,184,210
336,185,210
337,185,210
338,186,210
339,186,210
340,187,211
341,187,211
342,188,211
343,188,211
344,189,211
345,189,211
346,189,211
347,190,211
348,190,212
349,191,212
350,191,212
351,191,212
352,192,212
353,192,212
354,192,213
355,193,213
356,193,213
357,193,213
358,194,213
359,194,213
360,194,214
361,195,214
362,195,214
363,195,214
364,195,214
365,196,214
366,196,215
367,196,215
368,196,215
369,197,215
370,197,215
371,197,215
372,197,215
373,197,215
374,198,216
375,198,216
376,198,216
377,199,216
378,199,216
379,199,216
380,199,216
381,200,216
382,200,216
383,200,216
384,201,217
385,201,217
386,202,217
387,202,217
388,202,217
389,203,217
390,203,217
391,204,217
392,205,217
393,205,216
394,206,216
395,207,216
396,208,216
397,209,216
398,210,215
399,212,214
0,0
1,78
190,326,328
191,326,329
192,325,330
193,325,331
194,325,332
195,325,332
196,325,333
197,325,333
198,324,334
199,324,334
200,324,334
201,324,335
202,324,335
203,324,335
204,324,335
205,323,335
206,323,335
207,323,335
208,323,335
209,323,335
210,323,335
211,322,335
212,322,335
213,322,334
214,322,334
215,322,334
216,322,334
217,321,334
218,321,333
219,321,333
220,321,333
221,321,333
222,320,332
223,320,332
224,320,332
225,320,332
226,319,331
227,319,331
228,319,331
229,319,331
230,318,330
231,318,330
232,318,330
233,318,330
234,317,330
235,317,329
236,317,329
237,316,329
238,316,329
239,316,328
240,315,328
241,315,328
242,315,328
243,314,327
244,314,327
245,314,327
246,313,327
247,313,327
248,312,326
249,312,326
250,312,326
251,311,326
252,311,326
253,310,325
254,310,325
255,309,325
256,309,325
257,308,325
258,308,325
259,307,325
260,306,325
261,306,325
262,305,325
263,324,325
263,305,326
264,310,326
265,318,327
266,327,328
0,71
302,271,271
303,266,274
304,264,277
305,263,280
306,263,281
307,263,283
308,263,284
309,263,286
310,263,288
311,264,289
312,264,291
313,264,293
314,264,294
315,264,296
316,264,298
317,264,299
318,264,301
319,265,302
320,265,303
321,265,304
322,265,304
323,265,304
324,265,304
325,265,304
326,265,304
327,265,304
328,266,303
329,266,303
330,267,302
331,267,302
332,267,301
333,267,300
334,267,299
335,267,298
336,267,298
337,267,297
338,267,296
339,266,295
340,266,295
341,266,294
342,266,294
343,266,293
344,266,292
345,265,292
346,265,291
347,265,291
348,265,291
349,265,290
350,264,290
351,264,289
352,264,289
353,264,289
354,264,288
355,264,288
356,263,287
357,263,287
358,263,287
359,263,286
360,263,286
361,262,286
362,262,286
363,262,285
364,262,285
365,262,285
366,261,284
367,261,284
368,261,284
369,261,283
370,261,283
371,261,283
372,283,283
0,0
1,88
207,376,377
208,375,379
209,374,380
210,374,381
211,374,382
212,374,383
213,374,384
214,373,385
215,373,385
216,373,385
217,373,386
218,373,386
219,373,386
220,372,386
221,372,386
222,372,387
223,372,386
224,372,386
225,371,386
226,371,386
227,371,386
228,371,385
229,371,385
230,370,385
231,370,385
232,370,385
233,370,384
234,370,384
235,369,384
236,369,384
237,369,384
238,369,383
239,368,383
240,368,383
241,368,383
242,368,383
243,367,383
244,367,382
245,367,382
246,367,382
247,366,382
248,366,382
249,366,382
250,366,382
251,365,382
252,365,381
253,365,381
254,365,381
255,364,381
256,364,381
257,364,381
258,363,381
259,363,381
260,363,380
261,363,380
262,363,380
263,362,380
264,362,380
265,362,380
266,362,380
267,362,380
268,361,379
269,361,379
270,361,379
271,361,379
272,361,379
273,362,379
274,362,379
275,362,379
276,362,379
277,362,379
278,363,378
279,363,378
280,363,378
281,364,378
282,364,378
283,365,378
284,365,378
285,366,378
286,366,378
287,367,378
288,368,378
289,368,377
290,369,377
291,370,377
292,371,376
293,372,375
293,372,372
0,0
1,178
153,422,423
154,421,425
155,420,427
156,420,428
157,419,429
158,419,430
159,419,431
160,419,432
161,419,433
162,419,433
163,419,434
164,419,434
165,419,435
166,418,435
167,418,435
168,418,435
169,418,435
170,418,435
171,418,435
172,418,435
173,418,436
174,418,435
175,418,435
176,418,435
177,418,435
178,417,435
179,417,435
180,417,435
181,417,434
182,417,434
183,417,434
184,417,434
185,417,434
186,417,433
187,417,433
188,416,433
189,416,433
190,416,433
191,416,433
192,416,432
193,416,432
194,416,432
195,416,432
196,416,432
197,415,432
198,415,432
199,415,431
200,415,431
201,415,431
202,415,431
203,415,431
204,415,431
205,414,431
206,414,431
207,414,430
208,414,430
209,414,430
210,414,430
211,414,430
212,414,430
213,413,430
214,413,429
215,413,429
216,413,429
217,413,429
218,413,429
219,413,429
220,412,429
221,412,429
222,412,429
223,412,428
224,412,428
225,412,428
226,412,428
227,411,428
228,411,428
229,411,428
230,411,428
231,411,428
232,411,428
233,411,427
234,410,427
235,410,427
236,410,427
237,410,427
238,410,427
239,410,427
240,409,427
241,409,427
242,409,427
243,409,427
244,409,426
245,409,426
246,408,426
247,408,426
248,408,426
249,408,426
250,408,426
251,408,426
252,407,426
253,407,426
254,407,426
255,407,425
256,407,425
257,407,425
258,406,425
259,406,425
260,406,425
261,406,425
262,406,425
263,405,425
264,405,425
265,405,425
266,405,425
267,405,425
268,405,425
269,404,425
270,404,424
271,404,424
272,404,424
273,404,424
274,403,424
275,403,424
276,403,424
277,403,424
278,403,424
279,402,424
280,402,424
281,402,424
282,402,424
283,402,424
284,402,423
285,401,423
286,401,423
287,401,423
288,401,423
289,401,423
290,400,423
291,400,423
292,400,423
293,400,423
294,400,423
295,400,423
296,400,423
297,399,423
298,399,423
299,399,423
300,400,423
301,400,422
302,400,422
303,400,422
304,400,422
305,400,422
306,400,422
307,400,422
308,400,422
309,401,422
310,401,422
311,401,422
312,402,422
313,402,422
314,403,422
315,403,422
316,403,422
317,404,422
318,405,422
319,405,421
320,406,421
321,407,421
322,408,421
323,408,421
324,409,421
325,410,421
326,411,420
327,412,420
328,413,420
329,415,419
329,415,417
0,0
