0,136
165,39,41
166,36,48
167,35,52
168,34,56
169,34,59
170,34,61
171,34,63
172,34,65
173,35,66
174,35,67
175,35,68
176,36,68
177,37,69
178,37,69
179,37,69
180,38,69
181,38,69
182,38,69
183,39,69
184,39,69
185,40,70
186,40,70
187,40,70
188,41,70
189,41,70
190,41,70
191,42,70
192,42,70
193,43,70
194,43,70
195,43,70
196,43,70
197,44,71
198,44,71
199,44,71
200,45,71
201,45,71
202,45,71
203,46,71
204,46,71
205,46,72
206,47,72
207,47,72
208,47,72
209,47,72
210,48,72
211,48,72
212,48,72
213,48,72
214,49,73
215,49,73
216,49,73
217,49,73
218,50,73
219,50,73
220,50,73
221,50,74
222,50,74
223,51,74
224,51,74
225,51,74
226,51,74
227,51,74
228,52,75
229,52,75
230,52,75
231,52,75
232,52,75
233,52,75
234,53,75
235,53,76
236,53,76
237,53,76
238,53,76
239,53,76
240,53,76
241,54,76
242,54,76
243,54,77
244,54,77
245,54,77
246,54,77
247,54,77
248,54,77
249,55,77
250,55,78
251,55,78
252,55,78
253,55,78
254,55,78
255,55,78
256,55,78
257,56,78
258,56,78
259,56,79
260,56,79
261,56,79
262,56,79
263,56,79
264,57,79
265,57,79
266,57,79
267,57,79
268,57,79
269,58,79
270,58,80
271,58,80
272,58,80
273,58,80
274,59,80
275,59,80
276,59,80
277,60,80
278,60,80
279,60,80
280,60,80
281,61,80
282,61,80
283,61,80
284,62,80
285,62,80
286,63,80
287,63,80
288,64,80
289,64,79
290,65,79
291,65,79
292,66,79
293,67,79
294,67,79
295,68,78
296,69,78
297,70,78
298,71,77
299,73,76
300,75,75
0,0
1,91
40,175,176
41,174,178
42,174,178
43,174,179
44,174,180
45,174,181
46,174,181
47,173,182
48,173,182
49,173,183
50,173,183
51,173,184
52,173,184
53,172,184
54,172,184
55,172,184
56,172,184
57,172,185
58,172,185
59,172,185
60,171,184
61,171,184
62,171,184
63,171,184
64,171,184
65,170,184
66,170,184
67,170,184
68,170,184
69,170,183
70,169,183
71,169,183
72,169,183
73,169,182
74,169,182
75,168,182
76,168,182
77,168,181
78,168,181
79,167,181
80,167,181
81,167,180
82,167,180
83,166,180
84,166,180
85,166,179
86,166,179
87,165,179
88,165,178
89,165,178
90,165,178
91,164,178
92,164,178
93,164,177
94,163,177
95,163,177
96,163,177
97,162,176
98,162,176
99,162,176
100,161,176
101,161,175
102,160,175
103,160,175
104,160,175
105,159,174
106,159,174
107,158,174
108,158,174
109,158,174
110,157,173
111,157,173
112,156,173
113,156,173
114,155,172
115,155,172
116,154,172
117,153,172
118,153,172
119,152,172
120,152,172
121,151,172
122,151,172
123,172,172
123,150,173
124,172,172
124,149,173
125,155,173
126,163,174
127,171,175
127,174,175
0,100
147,131,134
148,126,139
149,124,141
150,124,143
151,124,145
152,124,147
153,124,148
154,124,150
155,124,152
156,124,153
157,125,155
158,125,157
159,125,159
160,125,160
161,125,162
162,125,164
163,125,165
164,126,167
165,126,168
166,126,169
167,126,170
168,126,170
169,126,170
170,126,170
171,126,170
172,127,170
173,127,170
174,127,170
175,127,169
176,127,169
177,128,168
178,129,168
179,129,167
180,129,166
181,129,165
182,129,165
183,129,164
184,129,163
185,129,162
186,129,162
187,129,161
188,129,160
189,129,160
190,129,159
191,129,159
192,129,158
193,128,158
194,128,157
195,128,157
196,128,156
197,128,156
198,128,156
199,128,155
200,127,155
201,127,155
202,127,154
203,127,154
204,127,153
205,126,153
206,126,153
207,126,152
208,126,152
209,126,152
210,125,152
211,125,151
212,125,151
213,125,151
214,125,150
215,125,150
216,124,150
217,124,150
218,124,149
219,124,149
220,124,149
221,123,149
222,123,148
223,123,148
224,123,148
225,123,148
226,122,147
227,122,147
228,122,147
229,122,147
230,122,146
231,121,146
232,121,146
233,121,146
234,121,146
235,121,145
236,121,145
237,120,145
238,120,145
239,120,145
240,120,145
241,120,144
242,119,144
243,119,144
244,119,144
245,119,144
246,119,143
0,0
1,92
65,255,258
66,254,260
67,254,261
68,253,262
69,253,263
70,253,263
71,253,264
72,252,265
73,252,265
74,252,266
75,252,266
76,251,266
77,251,267
78,251,267
79,251,267
80,250,267
81,250,267
82,250,267
83,250,267
84,249,266
85,249,266
86,249,266
87,249,266
88,248,266
89,248,265
90,248,265
91,247,265
92,247,265
93,247,264
94,247,264
95,246,264
96,246,264
97,246,263
98,245,263
99,245,263
100,245,263
101,244,263
102,244,262
103,244,262
104,244,262
105,243,262
106,243,262
107,242,261
108,242,261
109,242,261
110,242,261
111,241,261
112,241,260
113,241,260
114,240,260
115,240,260
116,240,260
117,239,260
118,239,259
119,239,259
120,239,259
121,238,259
122,238,259
123,238,259
124,238,258
125,237,258
126,237,258
127,237,258
128,237,258
129,237,258
130,237,258
131,237,257
132,237,257
133,238,257
134,238,257
135,238,257
136,238,257
137,238,257
138,238,256
139,239,256
140,239,256
141,239,256
142,240,256
143,240,256
144,241,256
145,241,256
146,242,255
147,242,255
148,243,255
149,244,255
150,244,255
151,245,255
152,246,254
153,247,254
154,248,253
155,249,252
155,249,250
0,0
0,106
16,269,274
17,268,278
18,267,279
19,267,281
20,267,283
21,267,284
22,267,285
23,267,286
24,267,287
25,268,288
26,268,289
27,268,290
28,268,291
29,268,292
30,268,293
31,268,294
32,267,295
33,267,296
34,267,296
35,267,297
36,266,298
37,266,298
38,266,299
39,265,299
40,265,299
41,264,300
42,264,300
43,264,300
44,263,300
45,262,300
46,262,299
47,261,299
48,261,298
49,260,297
50,259,296
51,259,294
52,258,293
53,258,292
54,257,291
55,256,290
56,256,289
57,255,288
58,254,286
59,254,286
60,253,284
61,252,284
62,251,283
63,251,282
64,250,281
65,249,280
66,248,279
67,248,278
68,247,277
69,246,276
70,245,275
71,245,274
72,244,273
73,243,272
74,242,271
75,241,270
76,240,269
77,240,268
78,239,267
79,238,266
80,237,265
81,236,264
82,235,263
83,235,262
84,234,261
85,233,260
86,232,259
87,231,258
88,230,257
89,229,256
90,228,254
91,227,253
92,227,252
93,226,251
94,225,250
95,224,249
96,223,247
97,222,246
98,221,245
99,220,243
100,219,242
101,218,241
102,217,239
103,216,238
104,215,237
105,214,235
106,213,234
107,212,232
108,211,231
109,210,230
110,209,228
111,208,226
112,207,225
113,206,223
114,205,221
115,204,220
116,203,218
117,202,216
118,202,214
119,201,212
120,201,210
121,204,206
0,0
1,65
266,69,70
267,69,72
268,68,73
269,68,74
270,68,75
271,68,76
272,68,76
273,68,77
274,67,77
275,67,77
276,67,78
277,67,78
278,67,78
279,67,78
280,67,78
281,66,79
282,66,79
283,66,79
284,66,79
285,66,79
286,66,78
287,65,78
288,65,78
289,65,78
290,65,78
291,64,78
292,64,78
293,64,78
294,64,78
295,63,77
296,63,77
297,63,77
298,63,77
299,62,77
300,62,76
301,62,76
302,62,76
303,61,76
304,61,76
305,61,75
306,60,75
307,60,75
308,60,75
309,60,75
310,59,74
311,59,74
312,59,74
313,58,74
314,58,74
315,58,74
316,57,74
317,57,74
318,57,74
319,56,74
320,56,74
321,56,74
322,56,73
323,55,70
324,55,68
325,54,66
326,54,63
327,54,61
328,53,59
329,53,56
330,52,54
0,83
50,336,336
51,333,340
52,331,344
53,330,346
54,330,348
55,329,350
56,329,352
57,328,353
58,328,355
59,327,357
60,327,358
61,327,359
62,326,361
63,326,362
64,325,363
65,325,364
66,324,365
67,324,366
68,324,367
69,323,368
70,323,369
71,322,369
72,322,369
73,321,369
74,321,369
75,321,368
76,321,367
77,321,366
78,320,364
79,320,362
80,320,360
81,319,359
82,319,357
83,318,356
84,318,354
85,317,353
86,317,351
87,316,350
88,316,348
89,315,347
90,315,346
91,314,345
92,314,344
93,313,342
94,313,341
95,312,340
96,312,339
97,311,338
98,311,336
99,310,335
100,309,334
101,309,333
102,308,332
103,308,331
104,307,330
105,307,329
106,306,328
107,305,326
108,305,326
109,304,324
110,304,323
111,303,322
112,303,321
113,302,320
114,301,319
115,301,318
116,300,317
117,299,316
118,299,315
119,298,314
120,297,312
121,297,311
122,296,310
123,296,309
124,295,308
125,294,307
126,294,305
127,293,304
128,293,303
129,293,302
130,292,300
131,292,299
132,293,296
0,0
0,114
138,199,199
139,193,202
140,190,207
141,190,211
142,189,215
143,189,217
144,190,219
145,190,220
146,190,221
147,191,222
148,191,222
149,192,223
150,192,223
151,193,223
152,193,223
153,194,223
154,194,223
155,194,223
156,195,224
157,195,224
158,196,224
159,196,224
160,197,224
161,197,224
162,197,224
163,198,224
164,198,225
165,199,225
166,199,225
167,199,225
168,200,225
169,200,225
170,201,226
171,201,226
172,201,226
173,202,226
174,202,226
175,202,226
176,203,226
177,203,227
178,203,227
179,204,227
180,204,227
181,204,227
182,205,227
183,205,228
184,205,228
185,205,228
186,206,228
187,206,228
188,206,228
189,207,229
190,207,229
191,207,229
192,207,229
193,208,229
194,208,230
195,208,230
196,208,230
197,208,230
198,209,230
199,209,230
200,209,231
201,209,231
202,209,231
203,210,231
204,210,231
205,210,232
206,210,232
207,210,232
208,211,232
209,211,232
210,211,232
211,211,232
212,211,233
213,211,233
214,212,233
215,212,233
216,212,233
217,212,233
218,212,233
219,213,234
220,213,234
221,213,234
222,213,234
223,214,234
224,214,234
225,214,234
226,214,234
227,215,234
228,215,235
229,215,235
230,216,235
231,216,235
232,216,235
233,217,235
234,217,235
235,217,235
236,218,235
237,218,235
238,219,235
239,219,235
240,220,235
241,220,235
242,221,235
243,222,235
244,222,235
245,223,234
246,224,234
247,225,234
248,226,234
249,227,233
250,228,232
251,231,231
0,0
1,171
196,143,144
197,142,145
198,141,146
199,141,147
200,141,148
201,141,149
202,141,149
203,141,150
204,141,151
205,141,151
206,141,152
207,141,152
208,140,153
209,140,153
210,140,154
211,140,154
212,140,155
213,140,155
214,140,155
215,140,155
216,140,156
217,140,156
218,139,156
219,139,156
220,139,157
221,139,156
222,139,156
223,139,156
224,139,156
225,139,156
226,138,155
227,138,155
228,138,155
229,138,155
230,138,154
231,138,154
232,138,154
233,137,154
234,137,153
235,137,153
236,137,153
237,137,153
238,137,152
239,137,152
240,136,152
241,136,152
242,136,151
243,136,151
244,136,151
245,135,151
246,135,150
247,135,150
248,135,150
249,135,150
250,135,149
251,134,149
252,134,149
253,134,149
254,134,149
255,134,148
256,134,148
257,133,148
258,133,148
259,133,148
260,133,147
261,133,147
262,132,147
263,132,147
264,132,147
265,132,147
266,132,146
267,131,146
268,131,146
269,131,146
270,131,146
271,131,145
272,131,145
273,130,145
274,130,145
275,130,145
276,130,145
277,130,145
278,130,144
279,129,144
280,129,144
281,129,144
282,129,144
283,129,144
284,129,143
285,128,143
286,128,143
287,128,143
288,128,143
289,128,143
290,128,143
291,127,143
292,127,142
293,127,142
294,127,142
295,127,142
296,127,142
297,127,142
298,126,142
299,126,142
300,126,141
301,126,141
302,126,141
303,126,141
304,126,141
305,125,141
306,125,141
307,125,141
308,125,141
309,125,141
310,125,141
311,125,140
312,124,140
313,124,140
314,124,140
315,124,140
316,124,140
317,124,140
318,124,140
319,124,140
320,123,140
321,123,140
322,123,139
323,123,139
324,123,139
325,123,139
326,123,139
327,123,139
328,122,139
329,122,139
330,122,139
331,122,139
332,122,139
333,122,139
334,122,138
335,121,138
336,121,138
337,121,138
338,121,138
339,121,138
340,121,138
341,121,138
342,121,138
343,120,138
344,120,138
345,120,138
346,120,138
347,120,138
348,120,138
349,119,138
350,119,138
351,119,138
352,119,138
353,119,138
354,119,138
355,118,138
356,118,138
357,118,138
358,118,138
359,118,138
360,138,138
360,117,139
361,138,138
361,117,139
362,126,139
363,138,139
363,139,139
0,121
116,364,371
117,361,375
118,361,378
119,361,381
120,361,383
121,361,385
122,361,386
123,361,388
124,361,390
125,361,392
126,361,393
127,362,395
128,362,397
129,362,398
130,362,400
131,362,401
132,362,403
133,362,404
134,362,405
135,362,407
136,362,408
137,362,409
138,362,410
139,363,411
140,363,412
141,364,412
142,364,413
143,364,413
144,364,413
145,364,413
146,364,413
147,364,413
148,364,412
149,364,412
150,364,411
151,364,411
152,364,410
153,364,409
154,364,408
155,364,407
156,364,406
157,364,405
158,363,403
159,363,402
160,363,401
161,363,400
162,363,400
163,363,399
164,363,398
165,363,397
166,362,396
167,362,396
168,362,395
169,362,394
170,362,394
171,361,393
172,361,393
173,361,392
174,361,391
175,361,391
176,361,391
177,360,390
178,360,389
179,360,389
180,360,389
181,360,388
182,359,388
183,359,387
184,359,387
185,359,387
186,359,386
187,358,386
188,358,385
189,358,385
190,358,385
191,358,384
192,357,384
193,357,384
194,357,384
195,357,383
196,356,383
197,356,383
198,356,382
199,356,382
200,356,382
201,355,381
202,355,381
203,355,380
204,354,380
205,354,380
206,354,379
207,354,379
208,353,379
209,353,378
210,353,378
211,352,378
212,352,377
213,352,377
214,351,376
215,351,376
216,351,376
217,350,375
218,350,375
219,350,374
220,350,374
221,350,374
222,350,373
223,350,373
224,350,372
225,350,371
226,350,371
227,350,370
228,350,370
229,351,369
230,351,368
231,352,368
232,352,367
233,353,366
234,354,365
235,355,363
236,360,360
0,0
1,125
225,190,192
226,189,193
227,189,194
228,189,195
229,189,196
230,188,196
231,188,197
232,188,197
233,188,197
234,188,197
235,187,197
236,187,197
237,187,198
238,187,198
239,187,198
240,186,198
241,186,198
242,186,198
243,186,198
244,186,198
245,185,198
246,185,197
247,185,197
248,185,197
249,185,197
250,184,197
251,184,197
252,184,197
253,184,197
254,184,197
255,183,197
256,183,197
257,183,197
258,183,196
259,183,196
260,182,196
261,182,196
262,182,196
263,182,196
264,182,196
265,181,196
266,181,195
267,181,195
268,181,195
269,181,195
270,180,195
271,180,195
272,180,195
273,180,194
274,179,194
275,179,194
276,179,194
277,179,194
278,179,194
279,178,194
280,178,193
281,178,193
282,178,193
283,178,193
284,177,193
285,177,193
286,177,193
287,177,192
288,176,192
289,176,192
290,176,192
291,176,192
292,176,192
293,175,192
294,175,191
295,175,191
296,175,191
297,174,191
298,174,191
299,174,191
300,174,191
301,174,191
302,173,190
303,173,190
304,173,190
305,173,190
306,173,190
307,172,190
308,172,190
309,172,189
310,172,189
311,172,189
312,171,189
313,171,189
314,171,189
315,171,189
316,171,189
317,171,188
318,171,188
319,171,188
320,170,188
321,170,188
322,170,188
323,170,188
324,170,188
325,170,188
326,170,187
327,170,187
328,170,187
329,170,187
330,170,187
331,171,187
332,171,187
333,171,187
334,171,186
335,171,186
336,172,186
337,172,186
338,172,186
339,172,186
340,173,186
341,173,186
342,174,186
343,174,185
344,175,185
345,176,185
346,177,185
347,178,184
348,179,184
349,181,182
0,0
0,92
133,282,282
134,280,287
135,278,290
136,278,292
137,278,294
138,278,296
139,278,297
140,278,298
141,279,299
142,279,301
143,280,302
144,280,303
145,281,304
146,281,304
147,281,305
148,282,306
149,282,306
150,282,307
151,282,307
152,282,307
153,283,307
154,283,307
155,283,307
156,283,307
157,283,306
158,283,306
159,283,306
160,283,306
161,283,306
162,283,306
163,283,306
164,283,306
165,283,306
166,283,306
167,283,305
168,283,305
169,283,305
170,283,305
171,283,305
172,283,305
173,283,305
174,284,305
175,284,305
176,284,305
177,284,305
178,284,305
179,284,305
180,284,305
181,284,304
182,284,304
183,284,304
184,284,304
185,284,304
186,284,304
187,284,304
188,284,304
189,284,304
190,284,304
191,284,304
192,284,304
193,284,304
194,284,304
195,284,304
196,284,304
197,284,303
198,284,303
199,284,303
200,284,303
201,284,303
202,284,303
203,284,303
204,284,303
205,284,303
206,285,303
207,285,303
208,285,303
209,285,303
210,285,303
211,285,303
212,285,303
213,285,302
214,285,302
215,285,302
216,285,302
217,285,302
218,285,302
219,285,302
220,285,302
221,285,302
222,285,302
223,285,302
224,300,302
0,0
1,136
223,230,232
224,229,233
225,229,234
226,229,235
227,229,235
228,229,236
229,228,236
230,228,236
231,228,237
232,228,237
233,228,237
234,228,237
235,228,237
236,227,237
237,227,237
238,227,237
239,227,237
240,227,238
241,227,237
242,227,237
243,226,237
244,226,237
245,226,237
246,226,237
247,226,237
248,226,237
249,226,237
250,225,237
251,225,237
252,225,237
253,225,237
254,225,237
255,225,237
256,225,237
257,225,237
258,224,236
259,224,236
260,224,236
261,224,236
262,224,236
263,224,236
264,224,236
265,223,236
266,223,236
267,223,236
268,223,236
269,223,235
270,223,235
271,223,235
272,222,235
273,222,235
274,222,235
275,222,235
276,222,235
277,222,234
278,221,234
279,221,234
280,221,234
281,221,234
282,221,234
283,221,234
284,221,234
285,220,233
286,220,233
287,220,233
288,220,233
289,220,233
290,220,233
291,219,233
292,219,233
293,219,233
294,219,233
295,219,232
296,219,232
297,218,232
298,218,232
299,218,232
300,218,232
301,218,232
302,218,232
303,218,232
304,217,231
305,217,231
306,217,231
307,217,231
308,217,231
309,217,231
310,216,231
311,216,231
312,216,231
313,216,231
314,216,230
315,216,230
316,215,230
317,215,230
318,215,230
319,215,230
320,215,230
321,215,230
322,214,230
323,214,230
324,214,229
325,214,229
326,214,229
327,214,229
328,214,229
329,214,229
330,213,229
331,213,229
332,213,229
333,213,229
334,213,229
335,213,228
336,213,228
337,213,228
338,213,228
339,214,228
340,214,228
341,214,228
342,214,228
343,214,228
344,214,228
345,214,228
346,214,227
347,215,227
348,215,227
349,215,227
350,216,227
351,216,227
352,217,227
353,217,227
354,218,227
355,219,226
356,219,226
357,221,226
358,222,225
0,0
1,157
148,272,276
149,270,278
150,270,279
151,270,281
152,269,282
153,269,283
154,268,283
155,268,284
156,268,285
157,268,286
158,268,286
159,268,287
160,268,287
161,268,288
162,268,289
163,268,289
164,268,290
165,268,290
166,268,291
167,268,291
168,268,292
169,268,292
170,268,293
171,268,293
172,268,293
173,268,294
174,268,294
175,268,294
176,268,294
177,268,295
178,268,295
179,268,295
180,268,295
181,268,295
182,268,295
183,268,295
184,268,294
185,268,294
186,268,294
187,268,294
188,268,293
189,268,293
190,268,293
191,268,293
192,268,292
193,268,292
194,268,292
195,268,291
196,268,291
197,268,291
198,268,291
199,268,291
200,268,290
201,267,290
202,267,290
203,267,290
204,267,290
205,267,289
206,267,289
207,267,289
208,267,289
209,267,288
210,267,288
211,267,288
212,266,288
213,266,288
214,266,287
215,266,287
216,266,287
217,266,287
218,266,287
219,266,287
220,266,286
221,265,286
222,265,286
223,265,286
224,265,286
225,265,285
226,265,285
227,265,285
228,265,285
229,264,285
230,264,284
231,264,284
232,264,284
233,264,284
234,264,284
235,264,284
236,264,283
237,264,283
238,263,283
239,263,283
240,263,283
241,263,283
242,263,282
243,263,282
244,263,282
245,263,282
246,263,282
247,262,282
248,262,282
249,262,281
250,262,281
251,262,281
252,262,281
253,262,281
254,262,281
255,262,281
256,262,280
257,261,280
258,261,280
259,261,280
260,261,280
261,261,280
262,261,280
263,261,280
264,261,279
265,261,279
266,261,279
267,260,279
268,260,279
269,260,279
270,260,279
271,260,279
272,260,279
273,260,278
274,260,278
275,260,278
276,260,278
277,260,278
278,259,278
279,259,278
280,259,278
281,259,278
282,259,278
283,259,277
284,259,277
285,259,277
286,259,277
287,259,277
288,259,277
289,258,277
290,258,277
291,258,277
292,258,277
293,260,277
294,261,276
295,263,276
296,264,276
297,265,276
298,267,276
299,268,276
300,270,276
301,271,276
302,273,276
303,274,276
304,276,276
1,184
292,258,259
293,258,260
294,258,262
295,258,263
296,258,265
297,258,266
298,257,268
299,257,269
300,257,270
301,257,272
302,257,273
303,257,275
304,257,276
305,257,276
306,257,276
307,257,275
308,256,275
309,256,275
310,256,275
311,256,275
312,256,275
313,256,275
314,256,275
315,256,275
316,256,275
317,256,275
318,255,275
319,255,275
320,255,275
321,255,275
322,255,275
323,255,274
324,255,274
325,255,274
326,255,274
327,254,274
328,254,274
329,254,274
330,254,274
331,254,274
332,254,274
333,254,274
334,254,274
335,254,274
336,254,274
337,253,273
338,253,273
339,253,273
340,253,273
341,253,273
342,253,273
343,253,273
344,253,273
345,253,273
346,253,273
347,252,273
348,252,273
349,252,273
350,252,273
351,252,273
352,252,273
353,252,272
354,252,272
355,252,272
356,251,272
357,251,272
358,251,272
359,251,272
360,251,272
361,251,272
362,251,272
363,251,272
364,251,272
365,250,272
366,250,272
367,250,272
368,250,272
369,250,272
370,250,272
371,250,272
372,250,272
373,249,272
374,249,272
375,249,272
376,249,272
377,249,272
378,249,272
379,249,272
380,248,272
381,248,272
382,248,272
383,248,272
384,248,272
385,248,272
386,248,272
387,247,272
388,247,272
389,247,272
390,247,272
391,247,272
392,247,272
393,246,272
394,246,272
395,246,272
396,246,272
397,246,272
398,246,272
399,246,272
400,245,272
401,245,272
402,245,272
403,245,272
404,245,272
405,244,272
406,244,272
407,244,272
408,244,272
409,244,272
410,243,272
411,243,272
412,243,272
413,243,272
414,243,272
415,243,272
416,242,272
417,242,272
418,242,272
419,242,272
420,242,272
421,257,272
421,242,273
422,257,272
422,242,273
423,257,272
423,241,273
424,257,272
424,242,273
425,257,272
425,242,273
426,257,272
426,242,273
427,257,272
427,242,273
428,257,272
428,242,273
429,257,272
429,242,273
430,257,272
430,242,273
431,243,273
432,243,273
433,243,273
434,243,273
435,244,273
436,244,273
437,245,273
438,245,273
439,246,274
440,246,274
441,247,274
442,247,274
443,248,274
444,248,274
445,249,274
446,249,274
447,250,274
448,251,274
449,251,275
450,252,275
451,253,275
452,253,275
453,254,275
454,255,275
455,256,275
456,256,275
457,257,275
458,258,275
459,259,275
460,260,275
461,261,274
462,262,274
463,264,273
464,265,273
465,267,271
0,0
0,150
303,228,229
304,224,233
305,222,235
306,222,237
307,222,239
308,222,241
309,222,243
310,222,244
311,222,246
312,223,247
313,223,248
314,223,249
315,224,250
316,224,251
317,225,252
318,225,252
319,226,252
320,226,253
321,226,253
322,226,253
323,227,253
324,227,253
325,227,253
326,227,253
327,227,253
328,227,253
329,227,252
330,227,252
331,228,252
332,228,252
333,228,252
334,228,252
335,228,252
336,228,252
337,228,252
338,228,252
339,228,252
340,228,252
341,228,251
342,228,251
343,228,251
344,228,251
345,228,251
346,228,251
347,228,251
348,228,251
349,228,251
350,228,251
351,228,251
352,228,251
353,228,251
354,228,251
355,228,251
356,228,251
357,228,251
358,228,251
359,228,251
360,228,251
361,228,251
362,228,251
363,228,251
364,228,250
365,228,250
366,228,250
367,228,250
368,228,250
369,228,250
370,228,250
371,228,250
372,228,250
373,228,250
374,228,250
375,228,250
376,228,250
377,228,250
378,228,250
379,227,250
380,227,250
381,227,250
382,227,250
383,227,250
384,227,250
385,227,250
386,227,250
387,227,250
388,227,250
389,227,249
390,226,249
391,226,249
392,226,249
393,226,249
394,226,249
395,226,249
396,226,249
397,225,249
398,225,249
399,225,249
400,225,249
401,225,249
402,224,249
403,224,249
404,224,249
405,224,249
406,224,249
407,223,249
408,223,249
409,223,249
410,223,249
411,222,249
412,222,249
413,222,248
414,222,248
415,222,248
416,222,248
417,222,248
418,222,248
419,222,248
420,221,248
421,221,248
422,221,248
423,222,248
424,222,248
425,222,248
426,222,248
427,222,248
428,222,247
429,222,247
430,223,247
431,223,247
432,223,247
433,224,247
434,224,247
435,224,247
436,225,247
437,225,247
438,225,247
439,226,246
440,226,246
441,227,246
442,227,245
443,228,245
444,229,245
445,229,244
446,230,244
447,231,243
448,231,242
449,232,241
450,233,240
451,235,239
452,237,237
0,0
1,155
231,314,315
232,313,317
233,312,318
234,312,319
235,312,320
236,312,320
237,312,321
238,312,322
239,312,322
240,312,323
241,312,324
242,312,324
243,312,324
244,312,325
245,311,325
246,311,325
247,311,325
248,311,325
249,311,325
250,311,326
251,311,326
252,311,326
253,311,326
254,311,326
255,311,326
256,310,326
257,310,326
258,310,326
259,310,325
260,310,325
261,310,325
262,309,325
263,309,325
264,309,325
265,309,325
266,309,325
267,309,325
268,308,324
269,308,324
270,308,324
271,308,324
272,308,324
273,308,323
274,307,323
275,307,323
276,307,323
277,307,323
278,307,322
279,306,322
280,306,322
281,306,322
282,306,322
283,306,322
284,305,321
285,305,321
286,305,321
287,305,321
288,304,321
289,304,321
290,304,320
291,304,320
292,304,320
293,303,320
294,303,320
295,303,320
296,303,319
297,302,319
298,302,319
299,302,319
300,301,319
301,301,318
302,301,318
303,301,318
304,300,318
305,300,318
306,300,318
307,300,317
308,299,317
309,299,317
310,299,317
311,298,317
312,298,317
313,298,316
314,297,316
315,297,316
316,297,316
317,296,316
318,296,315
319,296,315
320,295,315
321,295,315
322,294,315
323,294,315
324,294,315
325,293,315
326,293,315
327,292,315
328,292,315
329,292,315
330,291,315
331,291,315
332,291,315
333,311,315
333,291,316
334,311,315
334,291,316
335,311,315
335,290,316
336,311,315
336,291,317
337,311,315
337,291,318
338,311,315
338,291,319
339,311,315
339,291,320
340,311,315
340,291,321
341,292,322
342,292,323
343,292,324
344,293,325
345,293,326
346,293,327
347,294,328
348,294,329
349,295,330
350,295,330
351,296,331
352,296,332
353,297,333
354,297,334
355,298,335
356,298,336
357,299,337
358,299,338
359,300,339
360,301,340
361,301,341
362,302,342
363,302,343
364,303,344
365,304,345
366,304,346
367,305,347
368,306,339
369,307,334
370,308,331
371,308,329
372,309,327
373,310,325
374,311,324
375,313,323
376,315,320
376,317,320
0,162
317,336,336
318,337,338
319,337,339
320,338,340
321,338,341
322,338,342
323,338,343
324,339,344
325,339,345
326,339,346
327,339,347
328,339,348
329,339,349
330,339,350
331,339,351
332,340,352
333,340,353
334,340,354
335,340,355
336,340,356
337,340,357
338,340,358
339,340,359
340,340,360
341,340,361
342,340,362
343,340,363
344,340,364
345,340,365
346,340,366
347,340,367
348,340,367
349,340,367
350,340,367
351,340,367
352,340,367
353,340,367
354,340,367
355,340,367
356,341,367
357,341,368
358,341,368
359,341,368
360,341,368
361,341,368
362,341,368
363,341,368
364,341,368
365,341,368
366,340,368
367,340,368
368,340,368
369,340,368
370,340,368
371,340,368
372,340,368
373,340,368
374,340,368
375,340,369
376,340,369
377,340,369
378,340,369
379,340,369
380,340,369
381,340,369
382,340,369
383,340,369
384,340,369
385,340,369
386,340,369
387,340,369
388,339,369
389,339,369
390,339,369
391,339,370
392,339,370
393,339,370
394,339,370
395,339,370
396,339,370
397,339,370
398,339,370
399,339,370
400,339,370
401,339,370
402,339,370
403,339,370
404,338,371
405,338,371
405,311,312
405,338,371
406,309,315
406,338,371
407,308,318
407,338,371
408,308,320
408,338,371
409,309,321
409,338,371
410,309,323
410,338,371
411,309,325
411,337,371
412,310,326
412,337,371
413,310,328
413,336,371
414,311,330
414,335,371
415,311,332
415,332,371
415,311,371
416,312,371
417,313,371
418,314,371
419,314,371
420,315,371
421,316,371
422,316,371
423,317,371
424,318,371
425,319,371
426,319,371
427,320,370
428,321,370
429,321,370
430,322,370
431,323,370
432,324,370
433,324,369
434,325,369
435,326,369
436,326,369
437,327,368
438,328,368
439,328,368
440,329,368
441,330,367
442,330,367
443,331,366
444,331,366
445,332,366
446,333,365
447,333,365
448,334,364
449,334,364
450,335,363
451,335,363
452,336,362
453,336,362
454,337,361
455,338,360
456,338,360
457,339,359
458,340,358
459,340,358
460,341,357
461,342,356
462,343,355
463,344,354
464,346,352
465,349,350
0,0
1,94
235,369,372
236,369,373
237,368,374
238,368,375
239,368,376
240,367,376
241,367,376
242,367,376
243,367,376
244,366,376
245,366,377
246,366,377
247,366,377
248,365,378
249,365,377
250,365,377
251,365,377
252,364,377
253,364,377
254,364,377
255,364,377
256,363,376
257,363,376
258,363,376
259,363,376
260,362,376
261,362,376
262,362,376
263,361,376
264,361,376
265,361,376
266,361,376
267,360,376
268,360,376
269,360,375
270,360,375
271,359,375
272,359,375
273,359,375
274,358,375
275,358,375
276,358,374
277,358,374
278,357,374
279,357,374
280,357,374
281,357,374
282,356,374
283,356,374
284,356,374
285,356,373
286,355,373
287,355,373
288,355,373
289,355,373
290,355,373
291,355,373
292,355,373
293,354,373
294,354,372
295,354,372
296,354,372
297,354,372
298,354,372
299,354,372
300,354,372
301,354,372
302,354,372
303,354,372
304,354,371
305,353,371
306,354,371
307,354,371
308,354,371
309,354,371
310,354,371
311,354,371
312,355,371
313,355,371
314,355,370
315,355,370
316,356,370
317,356,370
318,356,370
319,357,370
320,357,370
321,358,370
322,359,369
323,359,369
324,360,369
325,361,369
326,362,368
327,364,367
327,364,364
0,0
1,102
233,417,418
234,416,420
235,416,422
236,415,423
237,415,424
238,415,425
239,415,426
240,414,426
241,414,427
242,414,427
243,414,428
244,414,428
245,414,428
246,414,428
247,414,429
248,414,429
249,414,429
250,413,429
251,413,428
252,413,428
253,413,428
254,413,428
255,413,428
256,413,428
257,413,428
258,412,428
259,412,427
260,412,427
261,412,427
262,412,427
263,412,427
264,412,427
265,411,427
266,411,427
267,411,426
268,411,426
269,411,426
270,411,426
271,411,426
272,410,426
273,410,426
274,410,426
275,410,426
276,410,426
277,409,426
278,409,426
279,409,425
280,409,425
281,409,425
282,409,425
283,408,425
284,408,425
285,408,425
286,408,425
287,408,425
288,407,425
289,407,425
290,407,425
291,407,425
292,407,425
293,406,425
294,406,424
295,406,424
296,406,424
297,406,424
298,405,424
299,405,424
300,405,424
301,405,424
302,405,424
303,405,424
304,405,424
305,404,424
306,404,424
307,404,424
308,404,424
309,404,424
310,405,424
311,405,424
312,405,424
313,405,424
314,405,424
315,405,424
316,406,424
317,406,423
318,406,423
319,406,423
320,407,423
321,407,423
322,408,423
323,409,423
324,409,423
325,410,423
326,411,423
327,411,423
328,412,423
329,413,423
330,414,423
331,415,422
332,416,422
333,417,421
333,419,421
0,0
