1,128
53,195,195
54,193,196
55,193,197
56,192,198
57,192,199
58,192,199
59,191,200
60,191,200
61,191,200
62,190,201
63,190,201
64,190,202
65,190,202
66,190,202
67,189,203
68,189,203
69,189,203
70,189,204
71,189,204
72,189,204
73,189,204
74,188,205
75,188,205
76,188,205
77,188,205
78,188,205
79,188,206
80,187,206
81,187,206
82,187,206
83,187,206
84,187,206
85,186,206
86,186,206
87,186,206
88,186,206
89,186,206
90,185,206
91,185,206
92,185,206
93,185,206
94,184,205
95,184,205
96,184,205
97,184,205
98,183,205
99,183,204
100,183,204
101,183,204
102,182,204
103,182,203
104,182,203
105,182,203
106,181,203
107,181,202
108,181,202
109,180,202
110,180,202
111,180,201
112,180,201
113,179,201
114,179,201
115,179,200
116,178,200
117,178,200
118,178,200
119,177,199
120,177,199
121,177,199
122,176,199
123,176,198
124,176,198
125,175,198
126,175,198
127,174,197
128,174,197
129,174,197
130,173,197
131,173,196
132,173,196
133,172,196
134,172,196
135,172,195
136,171,195
137,171,195
138,170,195
139,170,194
140,170,194
141,169,194
142,169,194
143,169,193
144,168,193
145,168,193
146,168,193
147,168,192
148,168,192
149,168,192
150,168,192
151,168,191
152,167,191
153,167,191
154,167,191
155,167,190
156,167,190
157,167,190
158,168,189
159,168,189
160,168,189
161,168,189
162,168,188
163,168,188
164,168,188
165,169,188
166,169,187
167,169,187
168,169,187
169,169,186
170,170,186
171,170,186
172,170,186
173,171,185
174,171,185
175,172,185
176,172,184
177,173,184
178,174,183
179,174,182
180,176,181
0,0
0,244
60,111,111
61,106,114
62,103,119
63,102,122
64,101,125
65,100,128
66,100,130
67,99,132
68,99,134
69,99,136
70,99,137
71,99,139
72,100,141
73,100,142
74,101,144
75,101,145
76,102,147
77,102,148
78,103,149
79,104,150
80,104,151
81,105,152
82,105,153
83,105,153
84,106,153
85,106,153
86,107,153
87,107,153
88,108,153
89,108,153
90,108,152
91,109,152
92,109,152
93,109,152
94,110,151
95,110,151
96,110,151
97,110,151
98,111,151
99,111,150
100,111,150
101,111,150
102,112,150
103,112,149
104,112,149
105,112,149
106,112,149
107,113,149
108,113,148
109,113,148
110,113,148
111,113,148
112,114,148
113,114,148
114,114,148
115,114,147
116,114,147
117,114,147
118,114,147
119,115,147
120,115,147
121,115,147
122,115,147
123,115,146
124,115,146
125,115,146
126,115,146
127,116,146
128,116,146
129,116,146
130,116,146
131,116,146
132,116,146
133,116,146
134,116,146
135,116,145
136,116,145
137,116,145
138,117,145
139,117,145
140,117,145
141,117,145
142,117,145
143,117,145
144,117,145
145,117,145
146,117,145
147,117,145
148,117,145
149,117,145
150,117,144
151,117,144
152,117,144
153,117,144
154,117,144
155,117,144
156,117,144
157,117,144
158,117,144
159,118,144
160,118,144
161,118,144
162,118,144
163,118,144
164,118,144
165,118,144
166,118,144
167,118,144
168,118,143
169,118,143
170,118,143
171,118,143
172,118,143
173,118,143
174,118,143
175,118,143
176,118,143
177,118,143
178,118,143
179,118,143
180,118,143
181,118,143
182,118,143
183,118,143
184,118,143
185,118,142
186,118,142
187,118,142
188,118,142
189,118,142
190,118,142
191,118,142
192,118,142
193,118,142
194,118,142
195,118,142
196,118,142
197,118,142
198,118,142
199,118,142
200,118,142
201,118,142
202,118,141
203,118,141
204,118,141
205,118,141
206,118,141
207,118,141
208,118,141
209,118,141
210,118,141
211,118,141
212,118,141
213,118,141
214,118,141
215,118,141
216,117,141
217,117,141
218,117,141
219,117,141
220,117,140
221,117,140
222,117,140
223,117,140
224,117,140
225,117,140
226,117,140
227,117,140
228,117,140
229,117,140
230,117,140
231,117,140
232,117,140
233,117,140
234,117,140
235,117,140
236,117,140
237,117,139
238,117,139
239,117,139
240,117,139
241,117,139
242,117,139
243,117,139
244,117,139
245,117,139
246,117,139
247,117,139
248,117,139
249,117,139
250,117,139
251,116,139
252,116,139
253,116,138
254,116,138
255,116,138
256,116,138
257,116,138
258,116,138
259,116,138
260,116,138
261,116,138
262,116,138
263,116,138
264,116,138
265,116,138
266,116,138
267,116,138
268,116,138
269,116,138
270,116,137
271,116,137
272,116,137
273,116,137
274,116,137
275,116,137
276,115,137
277,115,137
278,115,137
279,115,137
280,115,137
281,115,137
282,115,137
283,115,137
284,115,137
285,115,137
286,115,137
287,115,136
288,115,136
289,115,136
290,115,136
291,115,136
292,115,136
293,115,136
294,115,136
295,115,136
296,115,136
297,114,134
298,114,130
299,114,127
300,114,123
301,114,120
302,114,116
303,114,114
0,0
1,162
32,322,324
33,319,327
34,318,328
35,317,330
36,316,331
37,316,331
38,316,332
39,315,333
40,315,334
41,315,334
42,315,335
43,315,335
44,315,336
45,315,336
46,314,337
47,314,337
48,314,338
49,314,338
50,314,339
51,313,339
52,313,340
53,313,340
54,313,341
55,312,341
56,312,342
57,312,342
58,312,342
59,311,343
60,311,343
61,311,344
62,310,344
63,310,344
64,310,345
65,309,345
66,309,345
67,309,346
68,308,346
69,308,346
70,308,346
71,307,346
72,307,346
73,307,347
74,306,346
75,306,346
76,306,346
77,305,345
78,305,345
79,305,344
80,304,344
81,304,343
82,303,342
83,303,341
84,303,340
85,302,339
86,302,338
87,302,337
88,301,337
89,301,336
90,300,335
91,300,334
92,300,333
93,299,332
94,299,332
95,299,331
96,298,330
97,298,329
98,297,329
99,297,328
100,297,327
101,296,326
102,296,326
103,295,325
104,295,324
105,295,323
106,294,323
107,294,322
108,293,322
109,293,321
110,293,320
111,292,320
112,292,319
113,291,318
114,291,318
115,291,317
116,290,316
117,290,316
118,289,315
119,289,315
120,289,314
121,288,314
122,288,313
123,287,312
124,287,312
125,286,311
126,286,311
127,286,310
128,285,309
129,285,309
130,284,308
131,284,308
132,284,307
133,283,306
134,283,306
135,282,305
136,282,305
137,282,304
138,281,304
139,281,303
140,280,302
141,280,302
142,279,301
143,279,301
144,279,300
145,278,299
146,278,299
147,277,298
148,277,298
149,276,297
150,276,296
151,276,296
152,275,295
153,275,295
154,274,294
155,274,293
156,273,293
157,273,292
158,273,292
159,272,291
160,272,290
161,271,290
162,271,289
163,270,289
164,270,288
165,270,287
166,269,287
167,269,286
168,268,286
169,268,285
170,267,284
171,267,284
172,266,283
173,266,282
174,266,282
175,265,281
176,265,280
177,264,280
178,264,279
179,263,278
180,263,277
181,263,277
182,262,276
183,262,275
184,261,274
185,261,274
186,261,273
187,260,272
188,260,271
189,260,270
190,260,269
191,261,268
192,261,267
193,262,266
0,0
0,98
37,280,280
38,276,286
39,274,290
40,273,293
41,273,296
42,273,298
43,273,301
44,273,303
45,273,304
46,273,306
47,274,308
48,274,309
49,274,310
50,275,312
51,275,313
52,275,314
53,275,315
54,275,315
55,275,316
56,274,316
57,274,317
58,274,317
59,274,317
60,273,316
61,273,316
62,272,315
63,272,314
64,271,313
65,271,312
66,270,310
67,270,309
68,269,307
69,269,306
70,269,305
71,268,304
72,268,302
73,267,301
74,267,300
75,266,299
76,266,298
77,265,297
78,265,296
79,264,295
80,264,295
81,263,294
82,263,293
83,262,292
84,262,291
85,261,290
86,261,289
87,260,288
88,260,287
89,259,286
90,258,285
91,258,284
92,257,283
93,256,282
94,256,281
95,255,280
96,255,279
97,254,278
98,253,277
99,253,276
100,252,275
101,251,274
102,251,273
103,250,272
104,250,271
105,249,270
106,248,269
107,248,268
108,247,267
109,246,266
110,246,265
111,245,264
112,245,263
113,244,262
114,243,261
115,243,260
116,242,259
117,241,258
118,241,257
119,240,256
120,240,255
121,239,254
122,238,252
123,238,251
124,237,250
125,236,249
126,236,248
127,235,247
128,235,246
129,234,244
130,234,243
131,234,242
132,234,241
133,234,240
134,235,238
0,0
0,135
119,205,212
120,204,219
121,203,223
122,203,227
123,203,229
124,203,231
125,203,233
126,204,234
127,204,235
128,205,236
129,205,236
130,206,236
131,206,237
132,206,237
133,207,237
134,207,237
135,208,237
136,208,237
137,209,237
138,209,237
139,209,237
140,210,237
141,210,238
142,211,238
143,211,238
144,211,238
145,212,238
146,212,238
147,212,238
148,213,238
149,213,239
150,213,239
151,214,239
152,214,239
153,214,239
154,215,239
155,215,240
156,215,240
157,216,240
158,216,240
159,216,240
160,217,240
161,217,240
162,217,241
163,218,241
164,218,241
165,218,241
166,218,241
167,219,241
168,219,242
169,219,242
170,219,242
171,220,242
172,220,242
173,220,242
174,220,243
175,221,243
176,221,243
177,221,243
178,221,243
179,222,243
180,222,244
181,222,244
182,222,244
183,222,244
184,223,244
185,223,244
186,223,245
187,223,245
188,223,245
189,224,245
190,224,245
191,224,246
192,224,246
193,224,246
194,224,246
195,225,246
196,225,246
197,225,247
198,225,247
199,225,247
200,225,247
201,225,247
202,225,247
203,226,248
204,226,248
205,226,248
206,226,248
207,226,248
208,226,248
209,227,249
210,227,249
211,227,249
212,227,249
213,227,249
214,227,249
215,227,249
216,228,249
217,228,250
218,228,250
219,228,250
220,228,250
221,229,250
222,229,250
223,229,250
224,229,250
225,230,250
226,230,251
227,230,251
228,230,251
229,231,251
230,231,251
231,231,251
232,232,251
233,232,251
234,232,251
235,233,251
236,233,251
237,233,251
238,234,251
239,234,251
240,235,251
241,235,251
242,236,251
243,236,251
244,237,251
245,238,250
246,238,250
247,239,250
248,240,250
249,241,250
250,242,249
251,243,249
252,244,248
253,247,247
0,0
1,162
222,125,127
223,124,129
224,124,130
225,124,131
226,123,132
227,123,133
228,123,134
229,123,134
230,122,135
231,122,135
232,122,136
233,122,136
234,122,136
235,122,136
236,122,137
237,122,137
238,121,137
239,121,137
240,121,138
241,121,137
242,121,137
243,121,137
244,121,137
245,121,137
246,120,137
247,120,137
248,120,137
249,120,136
250,120,136
251,120,136
252,120,135
253,119,135
254,119,135
255,119,135
256,119,134
257,119,134
258,119,134
259,119,134
260,118,133
261,118,133
262,118,133
263,118,133
264,118,133
265,118,132
266,117,132
267,117,132
268,117,132
269,117,131
270,117,131
271,117,131
272,116,131
273,116,131
274,116,130
275,116,130
276,116,130
277,116,130
278,115,130
279,115,129
280,115,129
281,115,129
282,115,129
283,115,129
284,114,128
285,114,128
286,114,128
287,114,128
288,114,128
289,114,127
290,113,127
291,113,127
292,113,127
293,113,127
294,113,126
295,112,126
296,112,126
297,112,126
298,112,126
299,112,126
300,112,125
301,111,125
302,111,125
303,111,125
304,111,125
305,111,125
306,111,124
307,110,124
308,110,124
309,110,124
310,110,124
311,110,124
312,110,123
313,109,123
314,109,123
315,109,123
316,109,123
317,109,123
318,109,123
319,108,122
320,108,122
321,108,122
322,108,122
323,108,122
324,108,122
325,107,122
326,107,121
327,107,121
328,107,121
329,107,121
330,107,121
331,106,121
332,106,121
333,106,121
334,106,120
335,106,120
336,106,120
337,106,120
338,105,120
339,105,120
340,105,120
341,105,120
342,105,119
343,105,119
344,105,119
345,104,119
346,104,119
347,104,119
348,104,119
349,104,119
350,104,119
351,103,119
352,103,119
353,103,119
354,103,118
355,103,118
356,103,118
357,102,118
358,102,118
359,102,118
360,102,118
361,102,118
362,102,118
363,101,118
364,101,118
365,101,118
366,101,118
367,101,118
368,100,118
369,100,118
370,100,118
371,100,118
372,99,118
373,99,119
374,99,119
375,99,119
376,99,119
377,98,119
378,98,119
379,98,120
380,98,121
381,97,121
382,97,111
382,97,97
0,151
96,386,386
97,382,391
98,382,394
99,382,396
100,382,398
101,382,400
102,382,402
103,382,404
104,382,405
105,382,407
106,382,409
107,382,410
108,382,411
109,382,413
110,382,414
111,381,416
112,381,417
113,381,418
114,381,419
115,381,420
116,381,421
117,381,422
118,381,423
119,381,424
120,381,425
121,381,425
122,381,426
123,382,426
124,382,426
125,383,426
126,383,426
127,383,426
128,383,425
129,384,425
130,384,424
131,384,424
132,384,423
133,384,422
134,384,421
135,384,420
136,384,419
137,384,418
138,384,418
139,384,417
140,384,416
141,384,415
142,384,415
143,383,414
144,383,414
145,383,413
146,383,413
147,383,412
148,383,412
149,383,411
150,383,411
151,382,410
152,382,410
153,382,409
154,382,409
155,382,409
156,382,408
157,381,408
158,381,408
159,381,408
160,381,407
161,381,407
162,380,407
163,380,407
164,380,406
165,380,406
166,380,406
167,380,406
168,379,405
169,379,405
170,379,405
171,379,405
172,378,404
173,378,404
174,378,404
175,378,404
176,377,403
177,377,403
178,377,403
179,377,403
180,377,402
181,376,402
182,376,402
183,376,402
184,376,401
185,375,401
186,375,401
187,375,401
188,375,400
189,374,400
190,374,400
191,374,400
192,373,399
193,373,399
194,373,399
195,373,398
196,372,398
197,372,398
198,372,398
199,371,397
200,371,397
201,371,397
202,370,397
203,370,396
204,370,396
205,369,396
206,369,395
207,369,395
208,368,395
209,368,395
210,367,394
211,367,394
212,366,394
213,366,393
214,365,393
215,364,393
216,363,392
217,361,392
218,358,392
219,355,391
220,354,391
221,354,391
222,354,391
223,354,390
224,354,390
225,354,389
226,355,389
227,355,389
228,356,388
229,356,388
230,357,388
231,358,387
232,358,387
233,359,387
234,360,386
235,360,386
236,361,385
237,362,385
238,363,384
239,363,384
240,364,383
241,365,382
242,366,381
243,367,380
244,368,379
245,370,378
246,372,375
0,0
1,100
254,181,183
255,181,185
256,180,186
257,180,186
258,180,187
259,179,188
260,179,188
261,179,189
262,179,189
263,178,189
264,178,189
265,178,189
266,177,189
267,177,189
268,177,189
269,177,190
270,176,189
271,176,189
272,176,189
273,175,189
274,175,189
275,175,189
276,175,189
277,174,189
278,174,189
279,174,188
280,173,188
281,173,188
282,173,188
283,173,188
284,172,188
285,172,188
286,172,188
287,171,187
288,171,187
289,171,187
290,171,187
291,170,187
292,170,187
293,170,187
294,169,186
295,169,186
296,169,186
297,168,186
298,168,186
299,168,186
300,168,185
301,167,185
302,167,185
303,167,185
304,166,185
305,166,185
306,166,185
307,166,184
308,165,184
309,165,184
310,165,184
311,165,184
312,164,184
313,164,184
314,164,183
315,164,183
316,164,183
317,164,183
318,164,183
319,163,183
320,163,183
321,163,182
322,163,182
323,163,182
324,163,182
325,163,182
326,163,182
327,163,182
328,163,182
329,162,181
330,163,181
331,163,181
332,163,181
333,163,181
334,163,181
335,163,181
336,163,181
337,164,180
338,164,180
339,164,180
340,164,180
341,164,180
342,165,180
343,165,180
344,166,180
345,166,179
346,167,179
347,167,179
348,168,179
349,168,178
350,169,178
351,170,178
352,171,177
353,173,176
0,0
1,127
239,229,232
240,229,233
241,228,234
242,228,235
243,228,235
244,228,236
245,228,236
246,228,236
247,228,237
248,227,237
249,227,237
250,227,237
251,227,237
252,227,237
253,227,237
254,226,237
255,226,238
256,226,237
257,226,237
258,226,237
259,226,237
260,225,237
261,225,237
262,225,237
263,225,237
264,225,237
265,225,237
266,225,237
267,224,237
268,224,237
269,224,237
270,224,236
271,224,236
272,224,236
273,223,236
274,223,236
275,223,236
276,223,236
277,223,236
278,223,236
279,222,236
280,222,236
281,222,235
282,222,235
283,222,235
284,222,235
285,221,235
286,221,235
287,221,235
288,221,235
289,221,235
290,221,234
291,220,234
292,220,234
293,220,234
294,220,234
295,220,234
296,220,234
297,219,234
298,219,233
299,219,233
300,219,233
301,219,233
302,219,233
303,218,233
304,218,233
305,218,233
306,218,233
307,218,232
308,218,232
309,217,232
310,217,232
311,217,232
312,217,232
313,217,232
314,216,232
315,216,232
316,216,232
317,216,231
318,216,231
319,216,231
320,215,231
321,215,231
322,215,231
323,215,231
324,215,231
325,214,231
326,214,231
327,214,230
328,214,230
329,214,230
330,214,230
331,214,230
332,213,230
333,213,230
334,213,230
335,213,230
336,213,230
337,213,230
338,213,229
339,213,229
340,213,229
341,213,229
342,213,229
343,213,229
344,213,229
345,212,229
346,213,229
347,213,229
348,213,229
349,214,228
350,214,228
351,214,228
352,214,228
353,215,228
354,215,228
355,215,228
356,216,228
357,216,228
358,217,228
359,217,227
360,218,227
361,219,227
362,220,227
363,221,226
364,222,226
364,222,225
0,0
0,198
116,290,293
117,288,298
118,286,300
119,285,302
120,285,304
121,285,306
122,285,308
123,285,309
124,286,311
125,286,312
126,287,313
127,287,314
128,288,315
129,288,316
130,289,317
131,289,318
132,290,319
133,290,319
134,290,320
135,290,321
136,291,321
137,291,321
138,291,321
139,291,321
140,291,321
141,291,321
142,291,321
143,290,321
144,290,320
145,290,320
146,290,319
147,290,319
148,290,319
149,290,318
150,290,318
151,290,318
152,290,317
153,290,317
154,290,317
155,289,317
156,289,317
157,289,316
158,289,316
159,289,316
160,289,316
161,289,316
162,289,315
163,289,315
164,289,315
165,289,315
166,289,315
167,289,314
168,288,314
169,288,314
170,288,314
171,288,314
172,288,314
173,288,313
174,288,313
175,288,313
176,288,313
177,287,313
178,287,313
179,287,312
180,287,312
181,287,312
182,287,312
183,287,312
184,287,312
185,286,311
186,286,311
187,286,311
188,286,311
189,286,311
190,286,310
191,285,310
192,285,310
193,285,310
194,285,309
195,285,309
196,284,309
197,284,309
198,284,308
199,284,308
200,284,308
201,284,308
202,283,307
203,283,307
204,283,307
205,283,307
206,283,306
207,282,306
208,282,306
209,282,305
210,282,305
211,281,305
212,281,304
213,281,304
214,281,304
215,280,303
216,280,303
217,280,303
218,280,302
219,279,302
220,279,302
221,279,302
222,279,301
223,278,301
224,278,301
225,278,300
226,277,300
227,277,300
228,277,299
229,276,299
230,276,298
231,276,298
232,275,298
233,275,297
234,275,297
235,274,296
236,274,296
237,274,296
238,273,295
239,273,295
240,273,294
241,272,294
242,272,294
243,271,293
244,271,293
245,271,292
246,270,292
247,270,291
248,270,291
249,269,291
250,269,290
251,268,290
252,268,289
253,267,289
254,267,288
255,266,287
256,266,287
257,266,287
258,265,286
259,265,286
260,264,285
261,264,285
262,263,284
263,263,283
264,262,283
265,262,282
266,261,282
267,261,281
268,260,281
269,260,280
270,259,279
271,258,279
272,258,278
273,257,278
274,257,277
275,256,276
276,256,276
277,255,275
278,254,274
279,254,274
280,253,273
281,252,272
282,252,272
283,251,271
284,251,270
285,250,269
286,249,269
287,249,268
288,248,267
289,247,266
290,247,265
291,246,264
292,246,263
293,245,262
294,244,261
295,244,260
296,243,259
297,242,258
298,242,257
299,241,256
300,240,255
301,240,254
302,239,253
303,238,252
304,238,251
305,237,250
306,236,249
307,236,247
308,235,246
309,235,245
310,234,244
311,234,242
312,234,241
313,238,238
0,0
1,326
164,315,315
165,313,317
166,312,318
167,312,320
168,312,321
169,312,322
170,312,323
171,311,324
172,311,324
173,311,325
174,311,326
175,311,326
176,311,327
177,311,328
178,311,328
179,311,329
180,311,329
181,310,330
182,310,330
183,310,331
184,310,331
185,310,331
186,310,331
187,310,332
188,310,332
189,310,332
190,310,332
191,309,333
192,309,333
193,309,333
194,309,333
195,309,333
196,309,333
197,309,333
198,309,333
199,309,333
200,308,333
201,308,333
202,308,333
203,308,332
204,308,332
205,308,332
206,308,332
207,308,332
208,308,331
209,308,331
210,307,331
211,307,331
212,307,330
213,307,330
214,307,330
215,307,330
216,307,329
217,307,329
218,307,329
219,307,329
220,306,329
221,306,328
222,306,328
223,306,328
224,306,328
225,306,328
226,306,327
227,306,327
228,306,327
229,306,327
230,305,327
231,305,326
232,305,326
233,305,326
234,305,326
235,305,326
236,305,326
237,305,325
238,305,325
239,304,325
240,304,325
241,304,325
242,304,324
243,304,324
244,304,324
245,304,324
246,304,324
247,304,324
248,303,323
249,303,323
250,303,323
251,303,323
252,303,323
253,303,323
254,303,322
255,303,322
256,303,322
257,302,322
258,302,322
259,302,322
260,302,322
261,302,321
262,302,321
263,302,321
264,302,321
265,302,321
266,302,321
267,301,321
268,301,320
269,301,320
270,301,320
271,301,320
272,301,320
273,301,320
274,301,320
275,301,319
276,300,319
277,300,319
278,300,319
279,300,319
280,300,319
281,300,319
282,300,319
283,300,318
284,300,318
285,299,318
286,299,318
287,299,318
288,299,318
289,299,318
290,299,318
291,299,318
292,299,318
293,298,317
294,298,317
295,298,317
296,298,317
297,298,317
298,298,317
299,298,317
300,298,317
301,298,317
302,297,317
303,297,316
304,297,316
305,297,316
306,297,316
307,297,316
308,297,316
309,297,316
310,297,316
311,296,316
312,296,316
313,296,316
314,296,316
315,296,315
316,296,315
317,296,315
318,296,315
319,295,315
320,295,315
321,295,315
322,295,315
323,295,315
324,295,315
325,295,315
326,295,315
327,295,315
328,294,315
329,294,315
330,294,315
331,294,315
332,294,314
333,294,314
334,294,314
335,294,314
336,293,314
337,293,314
338,293,314
339,293,314
340,293,314
341,293,314
342,293,314
343,292,314
344,292,314
345,292,314
346,292,314
347,292,314
348,292,314
349,292,314
350,292,314
351,291,314
352,291,314
353,291,314
354,291,314
355,291,314
356,291,314
357,291,314
358,290,314
359,290,314
360,290,314
361,290,314
362,290,314
363,290,314
364,290,314
365,289,314
366,289,314
367,289,314
368,289,314
369,289,314
370,289,314
371,289,314
372,288,314
373,288,314
374,288,314
375,288,314
376,288,314
377,288,314
378,287,314
379,287,314
380,287,314
381,287,314
382,287,314
383,287,314
384,287,314
385,286,314
386,286,314
387,286,314
388,286,314
389,286,314
390,286,314
391,285,314
392,285,314
393,285,314
394,285,314
395,285,314
396,285,314
397,285,314
398,284,314
399,284,314
400,284,314
401,284,314
402,284,314
403,284,314
404,283,314
405,283,314
406,283,314
407,283,314
408,283,314
409,282,314
410,282,314
411,282,314
412,309,314
412,282,315
413,309,314
413,282,315
414,309,314
414,282,315
415,309,314
415,281,315
416,309,314
416,281,315
417,309,314
417,281,315
418,309,314
418,281,315
419,309,314
419,281,315
420,309,314
420,281,315
421,309,314
421,281,315
422,309,314
422,280,315
423,309,314
423,281,315
424,309,314
424,281,315
425,309,314
425,281,315
426,309,314
426,281,315
427,309,314
427,281,315
428,309,314
428,281,315
429,309,314
429,282,315
430,309,314
430,282,315
431,309,314
431,282,315
432,309,314
432,282,315
433,283,315
434,283,315
435,283,315
436,284,315
437,284,315
438,284,315
439,285,315
440,285,315
441,286,315
442,286,316
443,287,316
444,287,316
445,288,316
446,288,316
447,289,316
448,290,316
449,290,316
450,291,316
451,292,316
452,292,316
453,293,316
454,294,316
455,295,316
456,295,315
457,296,315
458,297,315
459,298,315
460,299,315
461,300,315
462,300,315
463,302,314
464,303,314
465,304,313
466,305,312
467,307,310
467,307,308
0,0
0,253
220,315,315
221,312,318
222,309,321
223,307,324
224,306,326
225,305,328
226,304,329
227,303,331
228,303,333
229,303,334
230,303,336
231,303,337
232,304,339
233,304,340
234,305,341
235,305,342
236,306,343
237,306,343
238,307,344
239,308,344
240,308,345
241,309,345
242,309,345
243,310,346
244,310,346
245,311,346
246,311,345
247,311,345
248,311,345
249,311,345
250,312,344
251,312,344
252,312,344
253,312,344
254,312,344
255,312,344
256,312,343
257,312,343
258,313,343
259,313,343
260,313,343
261,313,343
262,313,342
263,313,342
264,313,342
265,313,342
266,313,342
267,313,342
268,313,342
269,313,342
270,313,342
271,313,342
272,313,342
273,314,342
274,314,342
275,314,342
276,314,342
277,314,342
278,314,342
279,314,341
280,314,341
281,314,341
282,314,341
283,314,341
284,314,341
285,314,341
286,314,341
287,314,341
288,314,341
289,314,341
290,314,341
291,314,341
292,314,341
293,314,341
294,314,341
295,314,341
296,314,341
297,314,341
298,314,341
299,314,341
300,314,341
301,314,341
302,314,341
303,314,341
304,314,341
305,314,341
306,314,341
307,314,341
308,314,341
309,314,341
310,314,341
311,314,341
312,314,341
313,314,340
314,314,340
315,314,340
316,314,340
317,314,340
318,314,340
319,314,340
320,314,340
321,314,340
322,314,340
323,314,340
324,314,340
325,314,340
326,314,340
327,314,340
328,314,340
329,314,340
330,314,340
331,314,340
332,314,340
333,314,340
334,314,340
335,314,340
336,314,340
337,314,340
338,314,340
339,314,340
340,314,340
341,314,340
342,314,340
343,314,340
344,314,340
345,314,340
346,314,340
347,314,340
348,314,340
349,314,340
350,314,340
351,314,340
352,314,340
353,314,340
354,314,340
355,314,340
356,314,340
357,314,340
358,314,340
359,314,340
360,314,340
361,314,340
362,314,340
363,314,340
364,314,340
365,314,340
366,314,340
367,314,340
368,314,340
369,314,340
370,314,340
371,314,340
372,314,340
373,314,340
374,314,340
375,314,340
376,314,340
377,314,340
378,314,340
379,314,340
380,314,340
381,314,340
382,314,340
383,314,340
384,314,340
385,314,340
386,314,340
387,314,340
388,314,340
389,314,340
390,314,340
391,314,340
392,314,340
393,314,340
394,314,340
395,314,340
396,314,340
397,314,340
398,314,340
399,314,340
400,314,340
401,314,340
402,314,340
403,314,340
404,314,340
405,314,340
406,314,340
407,314,340
408,314,340
409,314,340
410,314,340
411,314,340
412,314,340
413,314,340
414,314,340
415,314,340
416,314,340
417,314,340
418,314,340
419,314,339
420,314,339
421,314,339
422,314,339
423,314,339
424,314,339
425,314,339
426,314,339
427,314,339
428,314,339
429,314,339
430,315,339
431,315,338
432,315,338
433,315,338
434,315,338
435,315,338
436,315,338
437,315,338
438,315,338
439,315,338
440,315,338
441,315,338
442,315,337
443,315,337
444,315,337
445,315,337
446,315,337
447,315,337
448,315,337
449,315,337
450,316,337
451,316,337
452,316,336
453,316,336
454,316,336
455,316,336
456,316,336
457,317,335
458,317,335
459,317,335
460,318,335
461,318,334
462,318,334
463,318,334
464,319,333
465,319,333
466,320,332
467,320,332
468,321,331
469,321,330
470,322,330
471,323,328
472,326,326
0,0
