1,131
56,207,209
57,207,210
58,206,210
59,206,211
60,205,212
61,205,212
62,204,213
63,204,213
64,204,214
65,204,214
66,204,214
67,203,215
68,203,215
69,203,215
70,203,216
71,203,216
72,203,216
73,203,216
74,202,217
75,202,217
76,202,217
77,202,217
78,202,217
79,202,218
80,201,218
81,201,218
82,201,218
83,201,218
84,201,218
85,201,218
86,200,218
87,200,218
88,200,218
89,200,218
90,200,218
91,199,218
92,199,218
93,199,217
94,199,217
95,198,217
96,198,217
97,198,217
98,198,216
99,198,216
100,197,216
101,197,216
102,197,215
103,197,215
104,196,215
105,196,215
106,196,214
107,196,214
108,195,214
109,195,214
110,195,213
111,194,213
112,194,213
113,194,213
114,194,212
115,193,212
116,193,212
117,193,212
118,192,211
119,192,211
120,192,211
121,191,211
122,191,210
123,191,210
124,191,210
125,190,210
126,190,209
127,190,209
128,189,209
129,189,209
130,188,208
131,188,208
132,188,208
133,188,208
134,187,207
135,187,207
136,186,207
137,186,207
138,186,206
139,185,206
140,185,206
141,185,206
142,184,205
143,184,205
144,184,205
145,183,205
146,183,204
147,182,204
148,182,204
149,181,204
150,181,203
151,181,203
152,181,203
153,180,203
154,180,202
155,180,202
156,180,202
157,180,202
158,180,201
159,179,201
160,179,201
161,179,200
162,179,200
163,179,200
164,179,200
165,179,199
166,179,199
167,180,199
168,180,199
169,180,198
170,180,198
171,180,198
172,180,197
173,181,197
174,181,197
175,181,197
176,181,196
177,182,196
178,182,196
179,182,195
180,183,195
181,183,195
182,184,194
183,184,194
184,185,193
185,186,192
186,188,190
0,0
0,220
70,112,112
71,108,116
72,105,121
73,104,124
74,103,127
75,102,129
76,102,131
77,102,133
78,102,135
79,102,137
80,102,139
81,102,140
82,103,142
83,103,144
84,104,145
85,104,146
86,105,148
87,106,149
88,106,150
89,107,150
90,107,151
91,108,152
92,108,152
93,109,152
94,109,152
95,109,152
96,110,151
97,110,151
98,110,151
99,111,151
100,111,150
101,111,150
102,112,150
103,112,150
104,112,150
105,113,149
106,113,149
107,113,149
108,113,149
109,114,148
110,114,148
111,114,148
112,114,148
113,114,148
114,115,148
115,115,147
116,115,147
117,115,147
118,115,147
119,115,147
120,116,147
121,116,147
122,116,146
123,116,146
124,116,146
125,116,146
126,117,146
127,117,146
128,117,146
129,117,146
130,117,146
131,117,146
132,117,146
133,117,145
134,117,145
135,118,145
136,118,145
137,118,145
138,118,145
139,118,145
140,118,145
141,118,145
142,118,145
143,118,145
144,118,145
145,118,145
146,118,145
147,118,144
148,119,144
149,119,144
150,119,144
151,119,144
152,119,144
153,119,144
154,119,144
155,119,144
156,119,144
157,119,144
158,119,144
159,119,144
160,119,144
161,119,144
162,119,144
163,119,144
164,119,144
165,119,144
166,119,143
167,119,143
168,119,143
169,119,143
170,119,143
171,119,143
172,119,143
173,119,143
174,119,143
175,119,143
176,119,143
177,119,143
178,119,143
179,119,143
180,119,143
181,119,143
182,120,143
183,120,143
184,120,142
185,120,142
186,120,142
187,120,142
188,120,142
189,120,142
190,120,142
191,120,142
192,120,142
193,120,142
194,120,142
195,120,142
196,120,142
197,120,142
198,120,142
199,120,142
200,120,142
201,120,142
202,120,142
203,120,141
204,120,141
205,120,141
206,120,141
207,120,141
208,120,141
209,119,141
210,119,141
211,119,141
212,119,141
213,119,141
214,119,141
215,119,141
216,119,141
217,119,141
218,119,141
219,119,141
220,119,141
221,119,141
222,119,140
223,119,140
224,119,140
225,119,140
226,119,140
227,119,140
228,119,140
229,119,140
230,119,140
231,119,140
232,119,140
233,119,140
234,119,140
235,119,140
236,119,140
237,119,140
238,119,140
239,119,140
240,119,140
241,119,139
242,119,139
243,119,139
244,119,139
245,119,139
246,119,139
247,119,139
248,119,139
249,119,139
250,119,139
251,119,139
252,118,139
253,118,139
254,118,139
255,118,139
256,118,139
257,118,139
258,118,139
259,118,138
260,118,138
261,118,138
262,118,138
263,118,138
264,118,138
265,118,138
266,118,138
267,118,138
268,118,138
269,118,138
270,118,138
271,118,138
272,118,138
273,118,138
274,118,138
275,118,138
276,118,138
277,118,137
278,118,137
279,118,137
280,118,137
281,117,137
282,117,137
283,117,137
284,117,135
285,117,131
286,117,127
287,117,124
288,117,120
289,117,117
0,0
1,145
37,311,316
38,309,318
39,309,319
40,308,320
41,308,321
42,307,322
43,307,322
44,307,323
45,307,324
46,306,324
47,306,325
48,306,325
49,306,326
50,306,326
51,306,327
52,305,327
53,305,328
54,305,328
55,304,329
56,304,329
57,304,329
58,304,330
59,303,330
60,303,331
61,303,331
62,302,331
63,302,332
64,302,332
65,301,332
66,301,333
67,301,333
68,300,333
69,300,333
70,300,333
71,299,333
72,299,333
73,299,334
74,298,333
75,298,333
76,298,333
77,297,333
78,297,332
79,297,331
80,296,331
81,296,330
82,295,329
83,295,328
84,295,327
85,294,326
86,294,325
87,293,324
88,293,323
89,293,322
90,292,322
91,292,321
92,291,320
93,291,319
94,291,319
95,290,318
96,290,317
97,289,316
98,289,316
99,289,315
100,288,314
101,288,313
102,287,313
103,287,312
104,286,311
105,286,311
106,286,310
107,285,309
108,285,309
109,284,308
110,284,307
111,284,307
112,283,306
113,283,306
114,282,305
115,282,304
116,281,304
117,281,303
118,281,303
119,280,302
120,280,301
121,279,301
122,279,300
123,278,300
124,278,299
125,277,298
126,277,298
127,277,297
128,276,297
129,276,296
130,275,295
131,275,295
132,274,294
133,274,293
134,274,293
135,273,292
136,273,292
137,272,291
138,272,290
139,271,290
140,271,289
141,270,289
142,270,288
143,270,287
144,269,287
145,269,286
146,268,286
147,268,285
148,267,284
149,267,284
150,266,283
151,266,283
152,266,282
153,265,281
154,265,281
155,264,280
156,264,279
157,263,279
158,263,278
159,262,278
160,262,277
161,262,276
162,261,276
163,261,275
164,260,274
165,260,274
166,259,273
167,259,272
168,258,272
169,258,271
170,257,270
171,257,269
172,257,269
173,256,268
174,256,267
175,255,266
176,255,265
177,255,264
178,255,263
179,255,263
180,256,262
181,257,260
0,0
0,52
30,281,284
31,279,287
32,278,290
33,278,292
34,278,294
35,278,297
36,278,299
37,278,300
38,278,302
39,278,304
40,279,306
41,279,308
42,280,310
43,280,311
44,281,313
45,282,314
46,282,315
47,283,317
48,284,318
49,284,319
50,285,320
51,286,321
52,287,322
53,287,323
54,288,323
55,289,324
56,289,325
57,290,325
58,291,325
59,292,326
60,292,326
61,293,326
62,294,326
63,295,327
64,296,327
65,296,327
66,297,327
67,298,327
68,299,327
69,300,327
70,300,327
71,301,327
72,302,327
73,303,327
74,304,326
75,305,326
76,306,326
77,307,325
78,309,324
79,310,323
80,312,322
81,316,320
0,0
1,183
220,117,117
221,116,119
222,115,120
223,115,120
224,115,121
225,114,122
226,114,122
227,114,123
228,114,123
229,113,124
230,113,124
231,113,125
232,113,125
233,113,126
234,113,126
235,113,126
236,113,127
237,113,127
238,112,127
239,112,128
240,112,128
241,112,128
242,112,128
243,112,129
244,112,129
245,112,129
246,112,129
247,111,129
248,111,129
249,111,129
250,111,130
251,111,130
252,111,130
253,111,130
254,111,130
255,110,130
256,110,130
257,110,130
258,110,129
259,110,129
260,110,129
261,110,129
262,109,129
263,109,129
264,109,129
265,109,128
266,109,128
267,109,128
268,109,128
269,108,128
270,108,127
271,108,127
272,108,127
273,108,127
274,107,127
275,107,126
276,107,126
277,107,126
278,107,126
279,107,126
280,106,125
281,106,125
282,106,125
283,106,125
284,106,125
285,106,124
286,105,124
287,105,124
288,105,124
289,105,124
290,105,123
291,104,123
292,104,123
293,104,123
294,104,123
295,103,122
296,103,122
297,103,122
298,103,122
299,103,122
300,102,121
301,102,121
302,102,121
303,102,121
304,101,120
305,101,120
306,101,120
307,101,120
308,100,120
309,100,120
310,100,119
311,100,119
312,99,119
313,99,119
314,99,119
315,99,118
316,98,118
317,98,118
318,98,118
319,98,117
320,97,117
321,97,117
322,97,117
323,96,117
324,96,116
325,96,116
326,96,116
327,95,116
328,95,116
329,95,115
330,95,115
331,94,115
332,94,115
333,94,115
334,93,114
335,93,114
336,93,114
337,92,114
338,92,114
339,92,113
340,91,113
341,91,113
342,91,113
343,91,113
344,90,112
345,90,112
346,90,112
347,89,112
348,89,112
349,89,111
350,88,111
351,88,111
352,88,111
353,87,110
354,87,110
355,87,110
356,86,110
357,86,110
358,86,109
359,85,109
360,85,109
361,85,109
362,84,109
363,84,108
364,84,108
365,83,108
366,83,108
367,83,107
368,83,107
369,83,107
370,83,107
371,83,107
372,82,106
373,82,106
374,82,106
375,82,106
376,82,105
377,82,105
378,82,105
379,81,105
380,82,104
381,82,104
382,82,104
383,83,104
384,83,103
385,83,103
386,83,103
387,84,103
388,84,103
389,84,102
390,84,102
391,85,102
392,85,101
393,85,101
394,86,101
395,86,100
396,87,100
397,87,100
398,88,99
399,88,99
400,89,98
401,90,98
402,91,96
0,0
0,345
101,199,199
102,195,204
103,193,208
104,192,210
105,191,213
106,191,214
107,191,216
108,191,218
109,191,220
110,191,221
111,191,223
112,192,224
113,193,225
114,193,226
115,194,227
116,195,228
117,195,229
118,196,230
119,196,231
120,197,231
121,197,232
122,198,232
123,199,233
124,199,233
125,199,233
126,200,233
127,200,233
128,200,233
129,201,232
130,201,232
131,201,231
132,201,231
133,201,231
134,201,231
135,201,230
136,201,230
137,201,230
138,201,230
139,201,230
140,201,229
141,201,229
142,201,229
143,201,229
144,201,229
145,201,229
146,201,228
147,201,228
148,201,228
149,201,228
150,201,228
151,201,228
152,201,228
153,201,228
154,201,228
155,201,227
156,201,227
157,201,227
158,201,227
159,201,227
160,201,227
161,201,227
162,201,227
163,201,227
164,201,227
165,201,227
166,200,226
167,200,226
168,200,226
169,200,226
170,200,226
171,200,226
172,200,226
173,200,226
174,200,226
175,200,226
176,200,226
177,200,226
178,200,226
179,200,225
180,200,225
181,200,225
182,200,225
183,200,225
184,200,225
185,200,225
186,200,225
187,200,225
188,200,225
189,200,225
190,200,225
191,199,225
192,199,225
193,199,224
194,199,224
195,199,224
196,199,224
197,199,224
198,199,224
199,199,224
200,199,224
201,199,224
202,199,224
203,199,224
204,199,224
205,198,223
206,198,223
207,198,223
208,198,223
209,198,223
210,198,223
211,198,223
212,198,223
213,198,223
214,198,222
215,198,222
216,197,222
217,197,222
218,197,222
219,197,222
220,197,222
221,197,222
222,197,221
223,197,221
224,196,221
225,196,221
226,196,221
227,196,221
228,196,221
229,196,220
230,196,220
231,196,220
232,195,220
233,195,220
234,195,220
235,195,219
236,195,219
237,195,219
238,195,219
239,194,219
240,194,219
241,194,218
242,194,218
243,194,218
244,194,218
245,194,218
246,193,217
247,193,217
248,193,217
249,193,217
250,193,217
251,193,216
252,193,216
253,192,216
254,192,216
255,192,216
256,192,215
257,192,215
258,191,215
259,191,215
260,191,215
261,191,214
262,191,214
263,190,214
264,190,214
265,190,214
266,190,213
267,190,213
268,189,213
269,189,213
270,189,212
271,189,212
272,189,212
273,188,212
274,188,212
275,188,211
276,188,211
277,187,211
278,187,211
279,187,210
280,187,210
281,187,210
282,186,210
283,186,209
284,186,209
285,186,209
286,185,209
287,185,208
288,185,208
289,185,208
290,184,208
291,184,207
292,184,207
293,184,207
294,183,206
295,183,206
296,183,206
297,183,206
298,182,205
299,182,205
300,182,205
301,181,205
302,181,204
303,181,204
304,180,204
305,180,203
306,180,203
307,180,203
308,179,202
309,179,202
310,179,202
311,178,201
312,178,201
313,178,201
314,178,201
315,177,200
316,177,200
317,177,200
318,176,199
319,176,199
320,176,199
321,175,198
322,175,198
323,175,198
324,174,197
325,174,197
326,174,196
327,173,196
328,173,196
329,172,195
330,172,195
331,172,195
332,171,194
333,171,194
334,171,194
335,170,193
336,170,193
337,170,192
338,169,192
339,169,192
340,168,191
341,168,191
342,168,190
343,167,190
344,167,190
345,166,189
346,166,189
347,166,189
348,165,188
349,165,188
350,164,187
351,164,187
352,164,186
353,163,186
354,163,186
355,162,185
356,162,185
357,162,184
358,161,184
359,161,183
360,160,183
361,160,182
362,159,182
363,159,181
364,158,181
365,158,181
366,157,180
367,157,180
368,157,179
369,156,179
370,155,178
371,155,178
372,155,177
373,154,177
374,154,176
375,153,176
376,152,175
377,152,175
378,152,174
379,151,174
380,150,173
381,150,173
382,149,172
383,149,171
384,148,171
385,148,170
386,147,170
387,147,169
388,146,169
389,146,168
390,145,168
391,144,167
392,144,166
393,143,166
394,143,165
395,142,165
396,142,164
397,141,163
398,140,163
399,140,162
400,139,161
401,139,161
402,138,160
403,137,159
404,137,159
405,136,158
406,136,157
407,135,156
408,134,155
409,134,155
410,133,154
411,133,153
412,132,152
413,132,151
414,131,150
415,130,149
416,130,149
417,129,148
418,128,147
419,128,146
420,127,145
421,127,144
422,126,143
423,125,143
424,125,142
425,124,141
426,124,140
427,123,139
428,123,138
429,122,137
430,121,136
431,121,135
432,120,135
433,119,133
434,119,133
435,118,132
436,117,131
437,117,130
438,116,129
439,116,128
440,116,127
441,115,126
442,115,125
443,115,123
444,115,122
445,116,119
0,0
1,108
250,169,173
251,169,174
252,169,175
253,169,176
254,168,176
255,168,177
256,168,177
257,168,178
258,167,178
259,167,179
260,167,179
261,167,179
262,167,179
263,167,180
264,166,180
265,166,180
266,166,180
267,166,180
268,166,180
269,166,181
270,165,180
271,165,180
272,165,180
273,165,180
274,165,180
275,164,180
276,164,179
277,164,179
278,164,179
279,164,179
280,164,179
281,163,178
282,163,178
283,163,178
284,163,177
285,163,177
286,162,177
287,162,176
288,162,176
289,162,176
290,161,176
291,161,176
292,161,175
293,161,175
294,161,175
295,160,175
296,160,174
297,160,174
298,160,174
299,159,174
300,159,174
301,159,173
302,159,173
303,158,173
304,158,173
305,158,172
306,158,172
307,157,172
308,157,172
309,157,172
310,156,171
311,156,171
312,156,171
313,156,171
314,155,170
315,155,170
316,155,170
317,154,170
318,154,170
319,154,169
320,153,169
321,153,169
322,153,169
323,152,168
324,152,168
325,152,168
326,151,168
327,151,167
328,151,167
329,150,167
330,150,167
331,149,167
332,149,166
333,149,166
334,148,166
335,148,166
336,148,166
337,147,165
338,147,165
339,146,165
340,146,165
341,145,164
342,145,164
343,145,164
344,144,164
345,144,164
346,143,164
347,143,164
348,143,164
349,142,164
350,141,164
351,142,164
352,146,164
353,150,164
354,154,164
355,158,164
356,162,165
356,164,165
0,100
139,358,358
140,354,364
141,351,369
142,351,372
143,351,375
144,351,377
145,351,380
146,352,382
147,352,384
148,352,386
149,352,388
150,353,390
151,353,392
152,353,393
153,353,395
154,353,396
155,354,397
156,354,399
157,354,400
158,354,400
159,355,401
160,355,402
161,355,402
162,355,402
163,356,402
164,356,402
165,356,402
166,357,402
167,358,401
168,358,401
169,358,400
170,359,400
171,359,399
172,359,398
173,359,397
174,360,396
175,360,395
176,360,394
177,360,393
178,360,393
179,360,392
180,360,391
181,360,390
182,360,390
183,360,389
184,360,389
185,360,388
186,360,388
187,359,387
188,359,387
189,359,386
190,359,386
191,359,385
192,359,385
193,359,384
194,359,384
195,359,384
196,359,383
197,359,383
198,358,383
199,358,382
200,358,382
201,358,382
202,358,381
203,358,381
204,358,381
205,358,380
206,357,380
207,357,380
208,357,380
209,357,379
210,357,379
211,357,379
212,356,378
213,356,378
214,356,378
215,356,378
216,356,377
217,355,377
218,355,377
219,355,377
220,355,376
221,355,376
222,355,376
223,354,376
224,354,376
225,354,375
226,354,375
227,354,375
228,353,375
229,353,374
230,353,374
231,353,374
232,353,374
233,352,374
234,352,373
235,352,371
236,351,363
237,351,356
238,351,351
0,0
1,229
222,217,217
223,216,219
224,215,220
225,215,221
226,215,222
227,214,223
228,214,223
229,214,224
230,214,225
231,214,225
232,213,226
233,213,226
234,213,226
235,213,227
236,213,227
237,213,227
238,212,228
239,212,228
240,212,228
241,212,228
242,212,228
243,211,228
244,211,228
245,211,228
246,211,229
247,211,228
248,211,228
249,210,228
250,210,228
251,210,227
252,210,227
253,210,227
254,209,227
255,209,226
256,209,226
257,209,226
258,209,225
259,208,225
260,208,225
261,208,225
262,208,224
263,208,224
264,208,224
265,207,223
266,207,223
267,207,223
268,207,222
269,207,222
270,206,222
271,206,221
272,206,221
273,206,221
274,206,221
275,205,220
276,205,220
277,205,220
278,205,219
279,205,219
280,204,219
281,204,219
282,204,218
283,204,218
284,204,218
285,203,218
286,203,217
287,203,217
288,203,217
289,203,217
290,203,216
291,202,216
292,202,216
293,202,216
294,202,215
295,202,215
296,201,215
297,201,215
298,201,215
299,201,214
300,201,214
301,200,214
302,200,214
303,200,213
304,200,213
305,200,213
306,199,213
307,199,213
308,199,212
309,199,212
310,199,212
311,198,212
312,198,211
313,198,211
314,198,211
315,198,211
316,197,211
317,197,210
318,197,210
319,197,210
320,197,210
321,196,210
322,196,210
323,196,209
324,196,209
325,196,209
326,195,209
327,195,209
328,195,208
329,195,208
330,195,208
331,194,208
332,194,208
333,194,208
334,194,207
335,193,207
336,193,207
337,193,207
338,193,207
339,193,207
340,192,206
341,192,206
342,192,206
343,192,206
344,192,206
345,191,206
346,191,206
347,191,205
348,191,205
349,191,205
350,190,205
351,190,205
352,190,205
353,190,205
354,189,204
355,189,204
356,189,204
357,189,204
358,189,204
359,188,204
360,188,204
361,188,204
362,188,203
363,187,203
364,187,203
365,187,203
366,187,203
367,187,203
368,186,203
369,186,203
370,186,203
371,186,202
372,185,202
373,185,202
374,185,202
375,185,202
376,185,202
377,184,202
378,184,202
379,184,202
380,184,202
381,183,202
382,183,202
383,183,201
384,183,201
385,182,201
386,182,201
387,182,201
388,182,201
389,181,201
390,181,201
391,181,201
392,181,201
393,180,201
394,180,201
395,180,201
396,180,201
397,179,201
398,179,201
399,179,200
400,179,200
401,178,200
402,178,200
403,178,200
404,178,200
405,177,200
406,177,200
407,177,200
408,177,200
409,176,200
410,176,200
411,176,200
412,176,200
413,176,200
414,176,200
415,175,200
416,175,200
417,175,199
418,175,199
419,175,199
420,175,199
421,176,199
422,176,199
423,176,199
424,176,199
425,176,199
426,176,199
427,177,199
428,177,199
429,177,199
430,178,199
431,178,199
432,179,199
433,179,199
434,179,199
435,180,199
436,180,198
437,181,198
438,181,198
439,182,198
440,183,198
441,183,198
442,184,198
443,185,198
444,185,197
445,186,197
446,187,197
447,188,197
448,189,196
449,190,195
450,192,194
0,0
1,141
247,252,255
248,251,257
249,251,258
250,250,259
251,250,260
252,250,261
253,250,261
254,250,262
255,250,262
256,249,263
257,249,263
258,249,263
259,249,263
260,249,263
261,249,264
262,249,264
263,248,264
264,248,263
265,248,263
266,248,263
267,248,263
268,248,263
269,247,263
270,247,262
271,247,262
272,247,262
273,247,262
274,247,261
275,246,261
276,246,261
277,246,261
278,246,261
279,246,260
280,246,260
281,245,260
282,245,260
283,245,260
284,245,259
285,245,259
286,244,259
287,244,259
288,244,259
289,244,258
290,244,258
291,243,258
292,243,258
293,243,258
294,243,257
295,243,257
296,243,257
297,242,257
298,242,257
299,242,257
300,242,256
301,241,256
302,241,256
303,241,256
304,241,256
305,241,256
306,240,255
307,240,255
308,240,255
309,240,255
310,240,255
311,239,255
312,239,254
313,239,254
314,239,254
315,238,254
316,238,254
317,238,254
318,238,254
319,238,253
320,237,253
321,237,253
322,237,253
323,237,253
324,236,253
325,236,253
326,236,252
327,236,252
328,235,252
329,235,252
330,235,252
331,235,252
332,234,252
333,234,251
334,234,251
335,234,251
336,233,251
337,233,251
338,233,251
339,233,251
340,232,251
341,232,250
342,232,250
343,232,250
344,231,250
345,231,250
346,231,250
347,231,250
348,230,250
349,230,249
350,230,249
351,230,249
352,229,249
353,229,249
354,229,249
355,229,249
356,229,249
357,228,248
358,228,248
359,228,248
360,228,248
361,228,248
362,227,248
363,228,248
364,228,248
365,228,248
366,228,247
367,228,247
368,229,247
369,229,247
370,229,247
371,229,247
372,230,247
373,230,247
374,231,247
375,231,246
376,232,246
377,232,246
378,233,246
379,233,246
380,234,246
381,235,246
382,235,246
383,236,245
384,237,245
385,238,245
386,239,244
387,241,242
0,0
0,161
291,232,232
292,225,237
293,224,240
294,223,242
295,223,244
296,223,246
297,223,248
298,224,250
299,224,251
300,224,252
301,225,253
302,225,254
303,226,254
304,226,255
305,226,255
306,227,256
307,227,256
308,227,256
309,228,256
310,228,256
311,228,256
312,228,256
313,229,256
314,229,256
315,229,256
316,229,256
317,229,256
318,230,256
319,230,255
320,230,255
321,230,255
322,230,255
323,230,255
324,231,255
325,231,255
326,231,255
327,231,255
328,231,255
329,231,254
330,231,254
331,231,254
332,231,254
333,231,254
334,231,254
335,231,254
336,231,254
337,231,254
338,231,254
339,231,254
340,231,254
341,231,254
342,231,253
343,231,253
344,231,253
345,231,253
346,231,253
347,231,253
348,231,253
349,231,253
350,231,253
351,231,253
352,231,253
353,231,253
354,231,253
355,231,253
356,231,252
357,230,252
358,230,252
359,230,252
360,230,252
361,230,252
362,230,252
363,230,252
364,230,252
365,230,252
366,229,252
367,229,252
368,229,252
369,229,252
370,229,252
371,229,252
372,229,252
373,228,251
374,228,251
375,228,251
376,228,251
377,228,251
378,228,251
379,227,251
380,227,251
381,227,251
382,227,251
383,227,251
384,227,251
385,226,251
386,226,251
387,226,250
388,226,250
389,225,250
390,225,250
391,225,250
392,225,250
393,224,250
394,224,250
395,224,250
396,224,250
397,223,250
398,223,250
399,223,249
400,222,249
401,222,249
402,222,249
403,221,249
404,221,249
405,220,249
406,220,249
407,219,249
408,219,248
409,218,248
410,218,248
411,217,248
412,217,248
413,217,248
414,217,248
415,216,247
416,216,247
417,216,247
418,216,247
419,216,247
420,216,247
421,216,246
422,216,246
423,216,246
424,216,246
425,216,246
426,216,245
427,216,245
428,216,245
429,216,245
430,216,244
431,217,244
432,217,244
433,217,243
434,218,243
435,218,243
436,218,242
437,219,242
438,219,241
439,219,241
440,220,241
441,220,240
442,221,240
443,221,239
444,222,239
445,222,238
446,223,237
447,224,236
448,225,236
449,225,235
450,227,234
451,229,231
0,0
1,147
232,300,301
233,299,303
234,299,304
235,299,305
236,299,306
237,298,306
238,298,307
239,298,307
240,298,308
241,298,308
242,298,309
243,298,309
244,298,309
245,298,309
246,298,310
247,298,310
248,298,310
249,298,310
250,297,310
251,297,311
252,297,310
253,297,310
254,297,310
255,297,310
256,296,310
257,296,310
258,296,310
259,296,309
260,296,309
261,296,309
262,295,309
263,295,309
264,295,309
265,295,308
266,295,308
267,294,308
268,294,308
269,294,307
270,294,307
271,294,307
272,293,306
273,293,306
274,293,306
275,293,306
276,292,305
277,292,305
278,292,305
279,292,305
280,292,304
281,291,304
282,291,304
283,291,304
284,291,304
285,290,303
286,290,303
287,290,303
288,290,303
289,289,302
290,289,302
291,289,302
292,289,302
293,288,301
294,288,301
295,288,301
296,288,301
297,287,301
298,287,300
299,287,300
300,287,300
301,286,300
302,286,299
303,286,299
304,286,299
305,285,299
306,285,298
307,285,298
308,285,298
309,284,298
310,284,298
311,284,297
312,284,297
313,283,297
314,283,297
315,283,297
316,282,296
317,282,296
318,282,296
319,282,296
320,281,296
321,281,295
322,281,295
323,281,295
324,280,295
325,280,295
326,280,294
327,279,294
328,279,294
329,279,294
330,279,294
331,278,294
332,278,293
333,278,293
334,278,293
335,277,293
336,277,293
337,277,293
338,276,292
339,276,292
340,276,292
341,276,292
342,275,292
343,275,292
344,275,292
345,274,291
346,274,291
347,274,291
348,274,291
349,273,291
350,273,291
351,273,291
352,272,291
353,272,291
354,272,291
355,271,291
356,271,291
357,271,291
358,270,291
359,270,291
360,270,291
361,269,291
362,269,291
363,268,291
364,268,291
365,269,291
366,272,291
367,275,291
368,277,291
369,280,291
370,282,292
371,285,292
372,288,293
373,290,294
374,293,295
375,296,297
376,298,300
377,300,303
378,303,304
0,208
265,372,376
266,367,382
267,365,385
268,364,388
269,364,390
270,365,393
271,365,395
272,365,397
273,366,399
274,366,400
275,367,402
276,367,404
277,367,405
278,368,406
279,368,408
280,369,409
281,369,410
282,369,411
283,370,411
284,370,412
285,370,412
286,371,413
287,371,413
288,372,413
289,372,413
290,372,412
291,373,412
292,373,412
293,373,411
294,374,410
295,374,410
296,375,409
297,375,409
298,375,409
299,376,408
300,376,408
301,376,408
302,377,407
303,377,407
304,378,407
305,378,407
306,378,406
307,378,406
308,378,406
309,378,406
310,378,406
311,378,406
312,378,405
313,378,405
314,378,405
315,379,405
316,379,405
317,379,405
318,379,405
319,379,405
320,379,405
321,379,405
322,379,405
323,379,405
324,379,405
325,379,405
326,379,405
327,379,405
328,380,405
329,380,405
330,380,405
331,380,405
332,380,405
333,380,405
334,380,405
335,380,405
336,380,405
337,380,405
338,380,405
339,380,405
340,380,405
341,380,405
342,380,405
343,380,406
344,381,406
345,381,406
346,381,406
347,381,406
348,381,406
349,381,406
350,381,406
351,381,406
352,381,406
353,381,406
354,381,406
355,381,406
356,381,406
357,381,406
358,381,406
359,381,407
360,381,407
361,381,407
362,381,407
363,381,407
364,381,407
365,381,407
366,381,407
367,381,407
368,381,407
369,381,407
370,381,407
371,381,407
372,382,407
373,382,408
374,382,408
375,382,408
376,382,408
377,382,408
378,382,408
379,382,408
380,382,408
381,382,408
382,382,408
383,382,408
384,382,408
385,381,408
386,381,408
387,381,408
388,381,409
389,381,409
390,381,409
391,381,409
392,381,409
393,381,409
394,381,409
395,381,409
396,381,409
397,381,409
398,381,409
399,381,409
400,381,409
401,381,409
402,381,409
403,381,409
404,380,410
405,380,410
406,380,410
407,380,410
408,380,410
409,380,410
410,380,410
411,380,410
412,380,410
413,379,410
414,379,410
415,379,410
416,379,410
417,379,410
418,379,410
419,378,410
420,378,410
421,378,409
422,378,409
423,378,409
424,377,409
425,377,409
426,377,409
427,376,409
428,376,409
429,375,409
430,375,409
431,374,408
432,373,408
433,373,408
434,374,408
435,374,408
436,374,408
437,375,407
438,375,407
439,375,407
440,376,407
441,376,406
442,376,406
443,376,406
444,377,405
445,377,405
446,377,405
447,378,404
448,378,404
449,378,404
450,379,403
451,379,403
452,379,402
453,380,402
454,380,401
455,380,401
456,381,400
457,381,400
458,381,399
459,382,399
460,382,398
461,382,397
462,383,397
463,383,396
464,383,396
465,384,395
466,384,394
467,384,393
468,385,393
469,385,392
470,385,391
471,386,389
472,386,387
1,50
386,470,472
385,467,472
384,464,472
383,461,471
382,458,471
381,455,471
380,452,470
379,449,470
378,446,469
377,443,469
376,440,468
375,437,467
374,434,466
373,432,465
372,432,464
371,432,463
370,432,462
369,432,461
368,432,459
367,432,458
366,431,457
365,431,456
364,431,455
363,431,454
362,430,452
361,430,451
360,430,450
359,430,449
358,429,448
357,429,447
356,429,446
355,428,445
354,428,444
353,428,443
352,427,442
351,427,441
350,427,440
349,426,439
348,426,438
347,426,437
346,425,436
345,425,435
344,425,434
343,424,433
342,424,432
341,424,432
340,423,431
339,424,430
338,424,429
337,425,427
0,0
1,123
248,341,342
249,340,343
250,340,344
251,339,345
252,339,346
253,339,347
254,339,347
255,338,347
256,338,348
257,338,348
258,338,348
259,338,348
260,337,348
261,337,348
262,337,348
263,337,348
264,337,348
265,336,349
266,336,348
267,336,348
268,336,348
269,336,348
270,335,348
271,335,348
272,335,348
273,335,348
274,335,347
275,334,347
276,334,347
277,334,347
278,334,347
279,334,347
280,333,347
281,333,347
282,333,347
283,333,347
284,332,346
285,332,346
286,332,346
287,332,346
288,332,346
289,331,346
290,331,346
291,331,345
292,331,345
293,331,345
294,330,345
295,330,345
296,330,345
297,330,345
298,329,344
299,329,344
300,329,344
301,329,344
302,329,344
303,328,344
304,328,344
305,328,343
306,328,343
307,328,343
308,327,343
309,327,343
310,327,343
311,327,342
312,326,342
313,326,342
314,326,342
315,326,342
316,326,342
317,325,342
318,325,342
319,325,341
320,325,341
321,324,341
322,324,341
323,324,341
324,324,341
325,324,341
326,323,340
327,323,340
328,323,340
329,323,340
330,323,340
331,322,340
332,322,340
333,322,340
334,322,339
335,322,339
336,321,339
337,321,339
338,321,339
339,321,339
340,321,339
341,321,339
342,321,338
343,321,338
344,321,338
345,321,338
346,321,338
347,321,338
348,321,338
349,320,338
350,321,337
351,321,337
352,321,337
353,321,337
354,321,337
355,321,337
356,322,337
357,322,337
358,322,337
359,322,336
360,323,336
361,323,336
362,324,336
363,324,336
364,324,336
365,325,336
366,326,335
367,327,335
368,328,335
369,329,334
370,330,334
0,0
1,125
248,382,383
249,381,384
250,381,385
251,380,386
252,380,387
253,380,388
254,380,388
255,380,388
256,379,389
257,379,389
258,379,389
259,379,389
260,379,389
261,378,389
262,378,389
263,378,389
264,378,389
265,378,390
266,378,389
267,377,389
268,377,389
269,377,389
270,377,389
271,377,389
272,376,389
273,376,389
274,376,389
275,376,389
276,376,389
277,376,389
278,375,389
279,375,389
280,375,388
281,375,388
282,375,388
283,374,388
284,374,388
285,374,388
286,374,388
287,374,388
288,374,388
289,373,387
290,373,387
291,373,387
292,373,387
293,373,387
294,372,387
295,372,387
296,372,387
297,372,386
298,372,386
299,371,386
300,371,386
301,371,386
302,371,386
303,371,386
304,370,386
305,370,385
306,370,385
307,370,385
308,370,385
309,369,385
310,369,385
311,369,385
312,369,385
313,369,384
314,368,384
315,368,384
316,368,384
317,368,384
318,368,384
319,367,384
320,367,384
321,367,384
322,367,383
323,367,383
324,366,383
325,366,383
326,366,383
327,366,383
328,366,383
329,365,383
330,365,382
331,365,382
332,365,382
333,365,382
334,364,382
335,364,382
336,364,382
337,364,382
338,364,382
339,364,382
340,364,381
341,364,381
342,364,381
343,363,381
344,363,381
345,363,381
346,363,381
347,363,381
348,363,381
349,363,380
350,363,380
351,363,380
352,363,380
353,363,380
354,364,380
355,364,380
356,364,380
357,364,380
358,364,380
359,365,379
360,365,379
361,365,379
362,366,379
363,366,379
364,366,379
365,367,379
366,367,379
367,368,378
368,369,378
369,370,378
370,371,378
371,372,377
372,373,376
0,0
0,330
117,298,299
118,294,303
119,292,306
120,290,308
121,289,310
122,288,312
123,288,313
124,287,315
125,287,317
126,287,318
127,288,320
128,288,321
129,289,322
130,289,323
131,290,324
132,290,325
133,291,325
134,292,326
135,292,326
136,293,326
137,293,327
138,294,327
139,294,327
140,295,327
141,295,327
142,296,326
143,296,326
144,297,326
145,297,326
146,297,325
147,297,325
148,297,325
149,298,325
150,298,325
151,298,325
152,298,324
153,298,324
154,298,324
155,298,324
156,299,324
157,299,323
158,299,323
159,299,323
160,299,323
161,299,323
162,299,323
163,299,323
164,299,323
165,299,323
166,299,322
167,299,322
168,299,322
169,299,322
170,300,322
171,300,322
172,300,322
173,300,322
174,300,322
175,300,322
176,300,322
177,300,322
178,300,322
179,300,322
180,300,322
181,300,322
182,300,322
183,300,322
184,300,322
185,300,322
186,300,322
187,300,321
188,300,321
189,300,321
190,300,321
191,300,321
192,300,321
193,300,321
194,300,321
195,300,321
196,300,321
197,300,321
198,300,321
199,300,321
200,300,321
201,300,321
202,300,321
203,300,321
204,300,321
205,300,321
206,300,321
207,300,321
208,300,321
209,300,321
210,300,321
211,300,321
212,300,321
213,300,321
214,300,321
215,300,321
216,300,321
217,300,321
218,300,321
219,300,321
220,300,321
221,300,321
222,300,321
223,300,320
224,300,320
225,300,320
226,300,320
227,300,320
228,300,320
229,300,320
230,300,320
231,300,320
232,300,320
233,300,320
234,300,320
235,300,320
236,300,320
237,300,320
238,300,320
239,300,320
240,300,320
241,300,320
242,300,320
243,300,320
244,300,320
245,300,320
246,300,320
247,299,320
248,299,320
249,299,320
250,299,320
251,299,320
252,299,320
253,299,320
254,299,320
255,299,320
256,299,320
257,299,320
258,299,320
259,299,320
260,299,320
261,299,320
262,299,320
263,299,320
264,299,320
265,299,320
266,299,320
267,299,320
268,299,320
269,299,320
270,299,320
271,299,320
272,299,320
273,299,320
274,299,320
275,299,320
276,299,320
277,299,320
278,299,320
279,299,320
280,299,319
281,299,319
282,299,319
283,299,319
284,299,319
285,299,319
286,299,319
287,299,319
288,299,319
289,299,319
290,298,319
291,298,319
292,298,319
293,298,319
294,298,319
295,298,319
296,298,319
297,298,319
298,298,319
299,298,319
300,298,319
301,298,319
302,298,319
303,298,319
304,298,319
305,298,319
306,298,319
307,298,319
308,298,319
309,298,319
310,298,319
311,298,319
312,298,319
313,298,319
314,298,319
315,298,319
316,298,319
317,298,320
318,298,320
319,298,320
320,298,320
321,298,320
322,298,320
323,297,320
324,297,320
325,297,320
326,297,320
327,297,320
328,297,320
329,297,320
330,297,320
331,297,320
332,297,320
333,297,320
334,297,320
335,297,320
336,297,320
337,297,320
338,297,320
339,297,320
340,297,320
341,297,320
342,297,320
343,297,320
344,297,320
345,297,320
346,297,320
347,297,320
348,297,320
349,297,320
350,297,320
351,297,320
352,297,320
353,297,320
354,297,320
355,297,320
356,297,320
357,297,320
358,297,320
359,297,320
360,297,320
361,297,320
362,296,320
363,296,320
364,296,320
365,296,320
366,296,320
367,296,320
368,296,320
369,296,320
370,296,320
371,296,320
372,296,320
373,296,320
374,296,320
375,296,320
376,296,320
377,296,320
378,296,320
379,296,320
380,296,320
381,296,320
382,296,320
383,296,320
384,296,320
385,296,320
386,296,320
387,296,320
388,296,320
389,296,320
390,296,319
391,296,319
392,296,319
393,296,319
394,296,319
395,296,319
396,296,319
397,296,319
398,296,319
399,296,319
400,296,319
401,296,319
402,296,319
403,296,319
404,296,318
405,296,318
406,296,318
407,296,318
408,296,318
409,296,318
410,296,318
411,296,318
412,296,318
413,296,318
414,296,318
415,296,317
416,296,317
417,296,317
418,296,317
419,296,317
420,296,317
421,297,317
422,297,317
423,297,317
424,297,317
425,297,316
426,297,316
427,297,316
428,297,316
429,297,316
430,297,316
431,297,316
432,298,315
433,298,315
434,298,315
435,298,315
436,299,314
437,299,314
438,299,314
439,300,313
440,300,313
441,301,312
442,301,312
443,302,311
444,302,310
445,303,309
446,305,307
0,0
