1,136
45,210,211
46,209,212
47,208,213
48,208,213
49,207,214
50,207,215
51,207,215
52,206,216
53,206,216
54,206,216
55,206,217
56,205,217
57,205,217
58,205,218
59,205,218
60,205,218
61,204,219
62,204,219
63,204,219
64,204,219
65,204,220
66,204,220
67,203,220
68,203,220
69,203,220
70,203,221
71,203,221
72,202,221
73,202,221
74,202,221
75,202,221
76,201,221
77,201,221
78,201,221
79,201,221
80,201,221
81,200,221
82,200,221
83,200,221
84,200,221
85,199,220
86,199,220
87,199,220
88,199,220
89,198,220
90,198,219
91,198,219
92,198,219
93,197,219
94,197,218
95,197,218
96,196,218
97,196,218
98,196,217
99,196,217
100,195,217
101,195,216
102,195,216
103,194,216
104,194,215
105,194,215
106,193,215
107,193,215
108,193,214
109,192,214
110,192,214
111,192,214
112,191,213
113,191,213
114,191,213
115,190,212
116,190,212
117,189,212
118,189,212
119,189,211
120,188,211
121,188,211
122,188,210
123,187,210
124,187,210
125,186,210
126,186,209
127,186,209
128,185,209
129,185,208
130,184,208
131,184,208
132,184,208
133,183,207
134,183,207
135,182,207
136,182,206
137,181,206
138,181,206
139,181,206
140,180,205
141,180,205
142,180,205
143,179,204
144,179,204
145,179,204
146,179,204
147,179,203
148,178,203
149,178,203
150,178,202
151,178,202
152,178,202
153,178,202
154,178,201
155,177,201
156,178,201
157,178,200
158,178,200
159,178,200
160,178,200
161,178,199
162,178,199
163,178,199
164,179,198
165,179,198
166,179,198
167,179,197
168,179,197
169,180,197
170,180,196
171,180,196
172,180,196
173,181,195
174,181,195
175,182,195
176,182,194
177,183,194
178,183,193
179,184,193
180,185,191
0,0
0,252
63,108,114
64,105,119
65,103,123
66,102,126
67,102,128
68,101,131
69,101,133
70,101,135
71,101,136
72,101,138
73,101,140
74,101,142
75,102,143
76,102,145
77,103,146
78,104,147
79,104,149
80,105,150
81,105,151
82,106,151
83,106,152
84,107,152
85,107,153
86,108,153
87,108,153
88,109,152
89,109,152
90,109,152
91,110,152
92,110,151
93,111,151
94,111,151
95,111,151
96,111,151
97,112,150
98,112,150
99,112,150
100,113,150
101,113,150
102,113,149
103,113,149
104,114,149
105,114,149
106,114,148
107,114,148
108,114,148
109,115,148
110,115,148
111,115,148
112,115,147
113,115,147
114,116,147
115,116,147
116,116,147
117,116,147
118,116,147
119,116,147
120,117,147
121,117,146
122,117,146
123,117,146
124,117,146
125,117,146
126,117,146
127,118,146
128,118,146
129,118,146
130,118,146
131,118,146
132,118,146
133,118,145
134,118,145
135,118,145
136,118,145
137,118,145
138,119,145
139,119,145
140,119,145
141,119,145
142,119,145
143,119,145
144,119,145
145,119,145
146,119,145
147,119,145
148,119,145
149,119,145
150,119,144
151,120,144
152,120,144
153,120,144
154,120,144
155,120,144
156,120,144
157,120,144
158,120,144
159,120,144
160,120,144
161,120,144
162,120,144
163,120,144
164,120,144
165,120,144
166,120,144
167,120,144
168,120,144
169,120,144
170,120,144
171,120,144
172,120,143
173,120,143
174,120,143
175,120,143
176,120,143
177,120,143
178,120,143
179,120,143
180,120,143
181,120,143
182,120,143
183,120,143
184,120,143
185,120,143
186,120,143
187,120,143
188,120,143
189,120,143
190,120,143
191,120,143
192,120,143
193,120,143
194,120,143
195,120,142
196,120,142
197,120,142
198,120,142
199,120,142
200,120,142
201,120,142
202,120,142
203,120,142
204,120,142
205,120,142
206,120,142
207,120,142
208,120,142
209,120,142
210,120,142
211,120,142
212,120,142
213,120,142
214,120,142
215,120,142
216,120,142
217,120,142
218,120,141
219,120,141
220,120,141
221,120,141
222,120,141
223,120,141
224,120,141
225,120,141
226,120,141
227,120,141
228,120,141
229,120,141
230,120,141
231,120,141
232,120,141
233,120,141
234,120,141
235,120,141
236,120,141
237,120,141
238,120,141
239,120,141
240,120,141
241,120,140
242,120,140
243,119,140
244,119,140
245,119,140
246,119,140
247,119,140
248,119,140
249,119,140
250,119,140
251,119,140
252,119,140
253,119,140
254,119,140
255,119,140
256,119,140
257,119,140
258,119,140
259,119,140
260,119,140
261,119,140
262,119,140
263,119,139
264,119,139
265,119,139
266,119,139
267,119,139
268,119,139
269,119,139
270,119,139
271,119,139
272,119,139
273,119,139
274,118,139
275,118,139
276,118,139
277,118,139
278,118,139
279,118,139
280,118,139
281,118,139
282,118,139
283,118,139
284,118,138
285,118,138
286,118,138
287,118,138
288,118,138
289,118,138
290,118,138
291,118,138
292,118,138
293,118,138
294,118,138
295,118,138
296,117,138
297,117,138
298,117,138
299,117,138
300,117,138
301,117,138
302,117,138
303,117,138
304,117,138
305,117,138
306,117,138
307,117,137
308,117,137
309,117,136
310,117,132
311,117,129
312,117,125
313,117,122
314,117,118
0,0
1,160
30,343,348
31,341,350
32,340,351
33,339,352
34,339,353
35,338,354
36,338,354
37,338,355
38,338,356
39,338,356
40,337,357
41,337,357
42,337,358
43,337,358
44,337,359
45,336,359
46,336,360
47,336,360
48,335,360
49,335,361
50,335,361
51,335,362
52,334,362
53,334,362
54,334,363
55,333,363
56,333,363
57,333,364
58,332,364
59,332,365
60,332,365
61,331,365
62,331,365
63,330,366
64,330,366
65,330,366
66,329,366
67,329,366
68,329,366
69,328,366
70,328,367
71,327,366
72,327,366
73,327,366
74,326,365
75,326,365
76,325,364
77,325,363
78,325,362
79,324,361
80,324,360
81,323,359
82,323,358
83,322,357
84,322,356
85,322,356
86,321,355
87,321,354
88,320,353
89,320,352
90,320,351
91,319,350
92,319,350
93,318,349
94,318,348
95,317,347
96,317,347
97,316,346
98,316,345
99,316,344
100,315,344
101,315,343
102,314,342
103,314,341
104,313,341
105,313,340
106,312,339
107,312,338
108,312,338
109,311,337
110,311,337
111,310,336
112,310,335
113,309,335
114,309,334
115,308,333
116,308,333
117,307,332
118,307,332
119,306,331
120,306,330
121,305,330
122,305,329
123,305,328
124,304,328
125,304,327
126,303,326
127,303,326
128,302,325
129,302,325
130,301,324
131,301,323
132,300,323
133,300,322
134,299,321
135,299,321
136,299,320
137,298,320
138,298,319
139,297,318
140,297,318
141,296,317
142,296,316
143,295,316
144,295,315
145,294,314
146,294,314
147,293,313
148,293,312
149,292,312
150,292,311
151,291,311
152,291,310
153,290,309
154,290,309
155,290,308
156,289,307
157,289,307
158,288,306
159,288,305
160,287,305
161,287,304
162,286,303
163,286,303
164,285,302
165,285,302
166,284,301
167,284,300
168,283,299
169,283,299
170,282,298
171,282,297
172,281,297
173,281,296
174,280,295
175,280,294
176,279,294
177,279,293
178,278,292
179,278,291
180,277,290
181,277,290
182,277,289
183,276,288
184,276,287
185,276,286
186,276,285
187,277,284
188,277,283
189,278,282
0,0
0,58
73,239,239
74,235,241
75,235,244
76,234,246
77,234,247
78,234,249
79,233,251
80,233,253
81,233,254
82,234,256
83,234,257
84,234,259
85,234,261
86,235,262
87,235,263
88,236,265
89,236,266
90,237,267
91,237,269
92,238,270
93,238,271
94,239,272
95,240,273
96,240,274
97,241,275
98,242,275
99,242,276
100,243,277
101,243,277
102,244,278
103,244,278
104,245,278
105,246,278
106,246,278
107,247,278
108,247,278
109,248,278
110,248,278
111,249,278
112,249,278
113,250,278
114,250,278
115,251,278
116,251,278
117,252,277
118,252,277
119,253,277
120,253,277
121,254,277
122,254,276
123,255,276
124,256,275
125,256,275
126,257,274
127,258,273
128,259,273
129,261,271
130,264,269
0,0
0,84
44,357,363
45,355,368
46,354,370
47,353,373
48,353,375
49,353,378
50,353,380
51,353,381
52,353,383
53,354,385
54,354,386
55,354,387
56,354,389
57,354,390
58,354,391
59,354,392
60,354,393
61,354,394
62,354,394
63,353,395
64,353,395
65,353,396
66,352,396
67,352,396
68,351,395
69,350,395
70,350,394
71,350,393
72,349,392
73,349,391
74,348,389
75,348,387
76,347,386
77,347,384
78,346,383
79,346,382
80,345,380
81,345,379
82,344,378
83,343,377
84,343,376
85,342,375
86,342,374
87,341,373
88,340,372
89,340,370
90,339,369
91,339,368
92,338,367
93,337,365
94,337,364
95,336,363
96,335,362
97,335,361
98,334,359
99,333,358
100,333,357
101,332,356
102,331,355
103,330,354
104,330,353
105,329,351
106,329,350
107,328,349
108,327,348
109,326,346
110,326,345
111,325,344
112,324,342
113,324,341
114,323,340
115,322,339
116,322,337
117,321,336
118,320,334
119,320,333
120,319,332
121,319,330
122,318,329
123,318,327
124,318,326
125,318,325
126,318,323
127,320,320
0,0
0,123
152,193,193
153,190,202
154,188,207
155,188,211
156,187,214
157,188,216
158,188,218
159,188,219
160,188,219
161,189,220
162,189,221
163,190,221
164,190,221
165,191,221
166,191,221
167,192,221
168,192,222
169,193,222
170,193,222
171,193,222
172,194,222
173,194,222
174,195,222
175,195,222
176,196,223
177,196,223
178,196,223
179,197,223
180,197,223
181,198,223
182,198,223
183,198,224
184,199,224
185,199,224
186,199,224
187,200,224
188,200,224
189,200,225
190,201,225
191,201,225
192,201,225
193,202,225
194,202,225
195,202,226
196,203,226
197,203,226
198,203,226
199,204,226
200,204,226
201,204,227
202,204,227
203,205,227
204,205,227
205,205,227
206,205,228
207,206,228
208,206,228
209,206,228
210,206,228
211,207,228
212,207,229
213,207,229
214,207,229
215,207,229
216,208,229
217,208,230
218,208,230
219,208,230
220,208,230
221,209,230
222,209,231
223,209,231
224,209,231
225,209,231
226,210,231
227,210,231
228,210,232
229,210,232
230,210,232
231,210,232
232,210,232
233,211,232
234,211,233
235,211,233
236,211,233
237,211,233
238,212,233
239,212,233
240,212,233
241,212,234
242,213,234
243,213,234
244,213,234
245,213,234
246,213,234
247,214,234
248,214,234
249,214,235
250,215,235
251,215,235
252,215,235
253,216,235
254,216,235
255,216,235
256,217,235
257,217,235
258,217,235
259,218,235
260,218,235
261,219,235
262,219,235
263,220,235
264,220,235
265,221,235
266,221,235
267,222,235
268,223,235
269,224,234
270,225,234
271,226,234
272,227,233
273,228,233
274,230,232
0,0
1,205
199,157,159
200,156,160
201,156,161
202,155,161
203,155,162
204,155,163
205,155,164
206,155,164
207,155,165
208,155,165
209,155,166
210,155,167
211,155,167
212,155,168
213,155,168
214,155,168
215,155,169
216,155,169
217,154,169
218,154,169
219,154,169
220,154,170
221,154,170
222,154,170
223,154,170
224,154,170
225,154,169
226,154,169
227,154,169
228,153,169
229,153,169
230,153,168
231,153,168
232,153,168
233,153,168
234,153,167
235,153,167
236,153,167
237,152,166
238,152,166
239,152,166
240,152,166
241,152,165
242,152,165
243,152,165
244,151,165
245,151,164
246,151,164
247,151,164
248,151,164
249,151,164
250,151,163
251,151,163
252,150,163
253,150,163
254,150,162
255,150,162
256,150,162
257,150,162
258,149,162
259,149,161
260,149,161
261,149,161
262,149,161
263,149,161
264,149,160
265,148,160
266,148,160
267,148,160
268,148,160
269,148,159
270,148,159
271,147,159
272,147,159
273,147,159
274,147,158
275,147,158
276,147,158
277,146,158
278,146,158
279,146,158
280,146,157
281,146,157
282,146,157
283,145,157
284,145,157
285,145,157
286,145,156
287,145,156
288,145,156
289,144,156
290,144,156
291,144,156
292,144,156
293,144,155
294,144,155
295,144,155
296,143,155
297,143,155
298,143,155
299,143,155
300,143,154
301,143,154
302,142,154
303,142,154
304,142,154
305,142,154
306,142,154
307,142,154
308,142,153
309,141,153
310,141,153
311,141,153
312,141,153
313,141,153
314,141,153
315,141,153
316,140,152
317,140,152
318,140,152
319,140,152
320,140,152
321,140,152
322,140,152
323,140,152
324,139,152
325,139,152
326,139,151
327,139,151
328,139,151
329,139,151
330,139,151
331,139,151
332,138,151
333,138,151
334,138,151
335,138,151
336,138,150
337,138,150
338,138,150
339,138,150
340,138,150
341,137,150
342,137,150
343,137,150
344,137,150
345,137,150
346,137,150
347,137,150
348,137,149
349,137,149
350,137,149
351,136,149
352,136,149
353,136,149
354,136,149
355,136,149
356,136,149
357,136,149
358,136,149
359,136,149
360,135,149
361,135,149
362,135,149
363,135,148
364,135,148
365,135,148
366,135,148
367,135,148
368,135,148
369,134,148
370,134,148
371,134,148
372,134,148
373,134,148
374,134,148
375,134,148
376,134,148
377,133,148
378,133,148
379,133,148
380,133,148
381,133,148
382,133,148
383,133,148
384,132,148
385,132,148
386,132,148
387,132,148
388,132,148
389,132,148
390,132,148
391,131,148
392,131,148
393,131,148
394,131,148
395,131,148
396,131,148
397,130,148
398,130,148
399,130,149
400,130,149
401,129,149
402,143,150
402,150,150
0,130
129,403,408
130,401,413
131,401,416
132,401,418
133,401,420
134,401,422
135,401,423
136,401,425
137,401,426
138,401,428
139,401,429
140,401,431
141,401,432
142,401,433
143,401,435
144,402,436
145,402,437
146,402,438
147,402,440
148,402,441
149,402,442
150,402,443
151,403,444
152,403,445
153,403,446
154,403,447
155,403,448
156,403,448
157,403,449
158,403,449
159,403,449
160,403,449
161,403,449
162,402,449
163,402,449
164,402,448
165,402,447
166,402,447
167,401,446
168,401,445
169,401,444
170,401,442
171,401,441
172,400,440
173,400,438
174,400,437
175,399,436
176,399,435
177,399,434
178,399,433
179,398,432
180,398,431
181,398,430
182,398,430
183,397,429
184,397,428
185,397,427
186,396,427
187,396,426
188,396,425
189,396,425
190,395,424
191,395,424
192,395,423
193,394,423
194,394,422
195,394,422
196,393,421
197,393,420
198,393,420
199,393,420
200,392,419
201,392,419
202,392,418
203,391,418
204,391,417
205,391,417
206,390,417
207,390,416
208,390,416
209,389,416
210,389,415
211,389,415
212,388,414
213,388,414
214,388,414
215,387,413
216,387,413
217,387,412
218,386,412
219,386,412
220,385,411
221,385,411
222,385,410
223,384,410
224,384,409
225,384,409
226,383,409
227,383,408
228,382,408
229,382,407
230,381,407
231,381,406
232,381,406
233,380,406
234,380,405
235,379,405
236,378,404
237,378,404
238,378,403
239,377,403
240,377,402
241,377,402
242,377,401
243,376,401
244,376,400
245,376,400
246,376,399
247,376,398
248,377,398
249,377,397
250,377,396
251,377,395
252,378,395
253,378,394
254,379,393
255,379,392
256,380,391
257,382,388
258,385,385
0,0
0,98
149,293,297
150,291,301
151,290,303
152,289,305
153,289,307
154,289,308
155,289,310
156,290,311
157,290,312
158,291,314
159,291,315
160,292,316
161,292,317
162,293,317
163,293,318
164,293,319
165,293,320
166,294,320
167,294,321
168,294,321
169,294,321
170,294,321
171,294,321
172,295,321
173,295,321
174,295,321
175,295,321
176,295,320
177,295,320
178,295,320
179,295,320
180,295,320
181,295,320
182,295,320
183,295,320
184,295,320
185,295,319
186,295,319
187,295,319
188,295,319
189,295,319
190,295,319
191,295,319
192,295,319
193,295,319
194,295,319
195,295,319
196,295,318
197,295,318
198,295,318
199,295,318
200,295,318
201,295,318
202,295,318
203,295,318
204,295,318
205,295,318
206,295,318
207,295,318
208,295,317
209,295,317
210,295,317
211,295,317
212,295,317
213,295,317
214,295,317
215,295,317
216,295,317
217,295,317
218,295,317
219,296,317
220,296,316
221,296,316
222,296,316
223,296,316
224,296,316
225,296,316
226,296,316
227,296,316
228,296,316
229,296,316
230,296,316
231,296,316
232,296,315
233,296,315
234,296,315
235,296,315
236,296,315
237,296,315
238,296,315
239,296,315
240,296,315
241,296,315
242,296,315
243,296,315
244,296,315
245,299,314
246,314,314
0,0
0,42
184,246,246
185,244,250
186,243,253
187,243,255
188,243,257
189,243,260
190,243,262
191,243,264
192,243,266
193,243,268
194,243,269
195,244,271
196,244,272
197,245,273
198,246,274
199,246,276
200,247,276
201,247,277
202,248,278
203,249,279
204,249,279
205,250,279
206,250,279
207,251,280
208,252,280
209,252,280
210,253,280
211,254,280
212,254,280
213,255,280
214,256,280
215,256,280
216,257,280
217,258,280
218,259,280
219,260,280
220,261,279
221,262,279
222,263,278
223,265,277
224,266,276
225,269,274
0,0
0,51
167,353,353
168,350,357
169,348,361
170,348,362
171,348,364
172,348,365
173,348,366
174,348,367
175,348,368
176,348,369
177,348,370
178,348,371
179,347,372
180,347,373
181,347,373
182,346,374
183,346,375
184,345,375
185,345,375
186,344,376
187,344,375
188,343,375
189,342,374
190,342,372
191,341,370
192,340,368
193,340,366
194,339,365
195,338,363
196,338,361
197,337,360
198,336,358
199,336,357
200,335,355
201,334,353
202,333,352
203,333,350
204,332,349
205,331,347
206,331,346
207,330,344
208,329,343
209,328,341
210,328,340
211,327,338
212,326,337
213,325,335
214,325,334
215,325,333
216,326,331
217,329,329
0,0
1,160
229,248,249
230,247,251
231,246,252
232,246,253
233,246,254
234,246,255
235,245,256
236,245,257
237,245,257
238,245,258
239,245,258
240,245,258
241,245,258
242,245,258
243,245,259
244,245,259
245,245,259
246,245,258
247,245,258
248,244,258
249,244,258
250,244,258
251,244,258
252,244,258
253,244,257
254,244,257
255,244,257
256,244,257
257,244,257
258,244,257
259,243,256
260,243,256
261,243,256
262,243,256
263,243,256
264,243,256
265,243,256
266,243,255
267,243,255
268,243,255
269,242,255
270,242,255
271,242,255
272,242,255
273,242,254
274,242,254
275,242,254
276,242,254
277,242,254
278,242,254
279,241,254
280,241,254
281,241,254
282,241,253
283,241,253
284,241,253
285,241,253
286,241,253
287,240,253
288,240,253
289,240,253
290,240,253
291,240,252
292,240,252
293,240,252
294,240,252
295,239,252
296,239,252
297,239,252
298,239,252
299,239,252
300,239,252
301,239,251
302,238,251
303,238,251
304,238,251
305,238,251
306,238,251
307,238,251
308,238,251
309,237,251
310,237,251
311,237,251
312,237,251
313,237,250
314,237,250
315,237,250
316,236,250
317,236,250
318,236,250
319,236,250
320,236,250
321,236,250
322,235,250
323,235,250
324,235,250
325,235,249
326,235,249
327,235,249
328,234,249
329,234,249
330,234,249
331,234,249
332,234,249
333,234,249
334,233,249
335,233,249
336,233,249
337,233,249
338,233,249
339,233,249
340,232,249
341,232,248
342,232,248
343,232,248
344,232,248
345,231,248
346,231,248
347,231,248
348,231,248
349,231,248
350,231,248
351,230,248
352,230,248
353,230,248
354,230,248
355,230,248
356,230,248
357,229,248
358,229,247
359,229,247
360,229,247
361,229,247
362,229,247
363,228,247
364,229,247
365,229,247
366,229,247
367,229,247
368,229,247
369,229,247
370,229,247
371,229,247
372,230,247
373,230,247
374,230,247
375,231,247
376,231,247
377,232,247
378,232,247
379,233,247
380,234,246
381,234,246
382,235,246
383,236,246
384,237,246
385,238,246
386,239,245
387,240,245
388,241,244
0,0
0,161
287,239,239
288,235,243
289,233,246
290,233,248
291,233,250
292,233,252
293,233,254
294,233,255
295,234,257
296,235,258
297,235,259
298,235,260
299,236,261
300,236,262
301,237,263
302,237,263
303,237,263
304,238,264
305,238,264
306,238,264
307,239,264
308,239,264
309,239,264
310,239,264
311,240,263
312,240,263
313,240,263
314,240,263
315,240,263
316,240,263
317,240,263
318,240,263
319,240,263
320,240,262
321,241,262
322,241,262
323,241,262
324,241,262
325,241,262
326,241,262
327,241,262
328,241,262
329,241,262
330,241,262
331,241,262
332,241,262
333,241,262
334,241,262
335,241,262
336,241,262
337,241,262
338,241,262
339,241,262
340,242,262
341,242,262
342,242,262
343,242,261
344,242,261
345,242,261
346,242,261
347,242,261
348,242,261
349,242,261
350,242,261
351,242,261
352,242,261
353,242,261
354,242,261
355,242,261
356,242,261
357,242,261
358,242,261
359,242,261
360,242,261
361,242,261
362,242,261
363,242,261
364,242,261
365,242,261
366,241,261
367,241,261
368,241,261
369,241,261
370,241,261
371,241,261
372,241,261
373,241,261
374,241,261
375,241,261
376,241,261
377,241,261
378,241,261
379,241,261
380,240,261
381,240,261
382,240,261
383,240,261
384,240,261
385,240,261
386,240,261
387,240,261
388,239,261
389,239,261
390,239,261
391,239,261
392,239,261
393,239,261
394,238,261
395,238,261
396,238,261
397,238,261
398,237,261
399,237,261
400,237,261
401,237,261
402,236,260
403,236,260
404,236,260
405,236,260
406,235,260
407,235,260
408,235,260
409,234,260
410,234,260
411,234,260
412,234,260
413,234,260
414,233,259
415,233,259
416,233,259
417,233,259
418,233,259
419,233,259
420,233,259
421,233,258
422,233,258
423,233,258
424,234,258
425,234,258
426,234,257
427,234,257
428,234,257
429,235,257
430,235,257
431,235,256
432,236,256
433,236,256
434,236,256
435,237,255
436,237,255
437,237,255
438,238,254
439,238,254
440,239,253
441,240,253
442,240,252
443,241,252
444,242,251
445,243,250
446,244,249
447,247,247
0,0
1,155
241,301,302
242,300,303
243,299,305
244,299,306
245,299,306
246,299,307
247,299,308
248,298,308
249,298,309
250,298,309
251,298,310
252,298,310
253,298,310
254,298,311
255,298,311
256,298,311
257,298,311
258,298,311
259,298,311
260,298,311
261,298,311
262,298,311
263,298,312
264,297,311
265,297,311
266,297,311
267,297,311
268,297,311
269,297,311
270,297,311
271,296,311
272,296,311
273,296,310
274,296,310
275,296,310
276,296,310
277,295,310
278,295,309
279,295,309
280,295,309
281,295,309
282,295,309
283,294,308
284,294,308
285,294,308
286,294,308
287,294,308
288,293,307
289,293,307
290,293,307
291,293,307
292,293,307
293,292,306
294,292,306
295,292,306
296,292,306
297,292,306
298,291,305
299,291,305
300,291,305
301,291,305
302,290,305
303,290,304
304,290,304
305,290,304
306,289,304
307,289,304
308,289,303
309,289,303
310,289,303
311,288,303
312,288,303
313,288,302
314,288,302
315,287,302
316,287,302
317,287,302
318,286,301
319,286,301
320,286,301
321,286,301
322,285,301
323,285,300
324,285,300
325,284,300
326,284,300
327,284,300
328,284,299
329,283,299
330,283,299
331,283,299
332,282,299
333,282,298
334,282,298
335,281,298
336,281,298
337,281,298
338,280,298
339,280,297
340,279,297
341,279,297
342,279,297
343,278,297
344,278,297
345,277,297
346,277,297
347,277,297
348,276,297
349,276,297
350,275,297
351,275,297
352,275,297
353,275,297
354,274,297
355,274,298
356,274,298
357,275,299
358,275,300
359,275,301
360,275,302
361,276,303
362,276,304
363,276,305
364,276,306
365,277,307
366,277,308
367,278,309
368,278,310
369,278,311
370,279,312
371,279,313
372,280,314
373,280,315
374,281,316
375,281,317
376,282,318
377,283,319
378,283,320
379,284,321
380,284,322
381,285,323
382,285,324
383,286,325
384,287,326
385,287,327
386,288,327
387,289,319
388,290,314
389,290,311
390,291,309
391,292,307
392,293,306
393,295,305
394,296,303
394,298,303
0,172
299,357,357
300,358,358
301,358,359
302,358,360
303,359,361
304,359,362
305,359,363
306,359,364
307,359,365
308,360,366
309,360,367
310,360,368
311,360,369
312,360,370
313,360,371
314,360,372
315,361,373
316,361,374
317,361,375
318,361,376
319,361,378
320,361,379
321,361,380
322,361,381
323,361,382
324,361,383
325,361,384
326,361,385
327,361,386
328,361,386
329,361,386
330,361,386
331,361,386
332,361,386
333,361,386
334,361,386
335,361,386
336,361,386
337,362,386
338,362,386
339,362,386
340,362,386
341,362,386
342,362,387
343,362,387
344,362,387
345,362,387
346,362,387
347,362,387
348,362,387
349,361,387
350,361,387
351,361,387
352,361,387
353,361,387
354,361,387
355,361,387
356,361,387
357,361,387
358,361,387
359,361,387
360,361,387
361,361,387
362,361,387
363,361,387
364,361,387
365,361,387
366,361,387
367,361,387
368,361,387
369,361,387
370,361,387
371,361,388
372,361,388
373,361,388
374,360,388
375,360,388
376,360,388
377,360,388
378,360,388
379,360,388
380,360,388
381,360,388
382,360,388
383,360,388
384,360,388
385,360,388
386,360,388
387,360,388
388,360,388
389,359,388
390,359,388
391,359,389
392,359,389
393,359,389
394,359,389
395,359,389
396,359,389
397,359,389
398,359,389
399,359,389
400,359,389
400,333,333
400,359,389
401,331,335
401,358,389
402,330,338
402,358,389
403,330,340
403,358,389
404,330,342
404,358,389
405,331,343
405,358,389
406,331,345
406,357,390
407,331,347
407,357,390
408,332,349
408,356,390
409,332,350
409,355,390
410,333,354
410,354,390
410,333,390
411,334,390
412,334,390
413,335,390
414,336,390
415,336,389
416,337,389
417,338,389
418,339,389
419,339,389
420,340,389
421,341,389
422,342,389
423,342,389
424,343,388
425,344,388
426,345,388
427,345,388
428,346,388
429,347,387
430,347,387
431,348,387
432,349,387
433,349,386
434,350,386
435,351,386
436,351,385
437,352,385
438,352,384
439,353,384
440,353,384
441,354,383
442,355,383
443,355,382
444,356,382
445,356,381
446,357,380
447,357,380
448,358,379
449,359,379
450,359,378
451,360,377
452,361,376
453,362,376
454,362,375
455,364,374
456,365,372
457,368,370
0,0
1,79
252,359,362
253,359,363
254,358,363
255,358,364
256,357,365
257,357,365
258,356,366
259,356,366
260,356,366
261,355,366
262,355,366
263,355,366
264,354,367
265,354,366
266,353,366
267,353,366
268,353,366
269,352,366
270,352,366
271,351,365
272,351,365
273,351,365
274,350,365
275,350,365
276,349,365
277,349,365
278,349,364
279,348,364
280,348,364
281,347,364
282,347,364
283,347,363
284,346,363
285,346,363
286,346,363
287,345,363
288,345,363
289,345,362
290,345,362
291,344,362
292,344,362
293,344,362
294,344,361
295,343,361
296,343,361
297,343,361
298,343,361
299,343,361
300,342,360
301,342,360
302,342,360
303,342,360
304,342,360
305,342,360
306,341,359
307,342,359
308,342,359
309,342,359
310,342,359
311,342,359
312,342,358
313,342,358
314,342,358
315,342,358
316,343,358
317,343,358
318,343,358
319,343,357
320,344,357
321,344,357
322,344,357
323,345,357
324,345,357
325,346,356
326,346,356
327,347,356
328,348,355
329,349,354
330,351,353
0,0
1,111
245,412,415
246,412,417
247,411,418
248,411,419
249,411,420
250,411,421
251,411,422
252,410,423
253,410,423
254,410,424
255,410,424
256,410,424
257,410,424
258,410,424
259,410,425
260,410,425
261,409,425
262,409,424
263,409,424
264,409,424
265,409,424
266,409,424
267,409,424
268,409,424
269,409,424
270,408,423
271,408,423
272,408,423
273,408,423
274,408,423
275,408,423
276,408,423
277,407,422
278,407,422
279,407,422
280,407,422
281,407,422
282,407,422
283,407,422
284,406,422
285,406,422
286,406,421
287,406,421
288,406,421
289,406,421
290,405,421
291,405,421
292,405,421
293,405,421
294,405,421
295,404,421
296,404,420
297,404,420
298,404,420
299,404,420
300,404,420
301,403,420
302,403,420
303,403,420
304,403,420
305,403,420
306,402,420
307,402,420
308,402,419
309,402,419
310,402,419
311,401,419
312,401,419
313,401,419
314,401,419
315,401,419
316,400,419
317,400,419
318,400,419
319,400,419
320,400,419
321,399,419
322,399,418
323,399,418
324,399,418
325,399,418
326,399,418
327,399,418
328,398,418
329,399,418
330,399,418
331,399,418
332,399,418
333,399,418
334,399,418
335,399,418
336,399,418
337,399,418
338,400,418
339,400,418
340,400,418
341,401,418
342,401,418
343,402,418
344,402,417
345,403,417
346,404,417
347,404,417
348,405,417
349,406,417
350,406,417
351,407,417
352,408,417
353,409,416
354,410,416
355,412,414
0,0
