1,193
57,233,239
58,231,241
59,231,242
60,230,243
61,230,244
62,230,245
63,229,246
64,229,247
65,229,248
66,229,248
67,229,249
68,229,250
69,229,251
70,229,251
71,229,252
72,229,253
73,229,253
74,229,254
75,229,254
76,229,255
77,229,255
78,229,256
79,229,256
80,229,257
81,229,257
82,229,258
83,229,258
84,228,258
85,228,259
86,228,259
87,228,260
88,228,260
89,228,260
90,228,260
91,228,261
92,228,261
93,228,261
94,228,261
95,228,261
96,228,261
97,228,262
98,228,261
99,228,261
100,228,261
101,228,261
102,228,261
103,228,261
104,228,260
105,228,260
106,228,260
107,228,259
108,228,259
109,228,259
110,227,258
111,227,258
112,227,258
113,227,257
114,227,257
115,227,257
116,227,257
117,227,256
118,227,256
119,227,256
120,227,256
121,227,255
122,226,255
123,226,255
124,226,255
125,226,254
126,226,254
127,226,254
128,226,254
129,226,254
130,226,253
131,226,253
132,225,253
133,225,253
134,225,252
135,225,252
136,225,252
137,225,252
138,225,252
139,224,251
140,224,251
141,224,251
142,224,251
143,224,250
144,224,250
145,224,250
146,223,250
147,223,250
148,223,249
149,223,249
150,223,249
151,223,249
152,223,249
153,222,248
154,222,248
155,222,248
156,222,248
157,222,248
158,222,247
159,222,247
160,221,247
161,221,247
162,221,247
163,221,246
164,221,246
165,221,246
166,221,246
167,221,246
168,220,245
169,220,245
170,220,245
171,220,245
172,220,245
173,220,245
174,220,244
175,220,244
176,219,244
177,219,244
178,219,244
179,219,244
180,219,243
181,219,243
182,219,243
183,219,243
184,218,243
185,218,243
186,218,242
187,218,242
188,218,242
189,218,242
190,218,242
191,218,242
192,217,241
193,217,241
194,217,241
195,217,241
196,217,241
197,217,241
198,217,241
199,217,241
200,216,240
201,216,240
202,216,240
203,216,240
204,216,240
205,216,240
206,216,239
207,216,239
208,216,239
209,215,239
210,215,239
211,215,239
212,215,239
213,215,239
214,215,238
215,215,238
216,215,238
217,215,238
218,214,238
219,214,238
220,214,238
221,214,238
222,214,238
223,214,237
224,214,237
225,214,237
226,214,237
227,213,237
228,213,237
229,213,237
230,213,237
231,213,236
232,213,236
233,212,236
234,214,236
235,215,236
236,217,236
237,218,236
238,219,236
239,221,236
240,222,236
241,223,235
242,225,235
243,226,235
244,227,235
245,229,235
246,230,235
247,232,235
248,233,235
249,234,235
1,215
233,213,213
234,213,215
235,213,216
236,212,217
237,212,219
238,212,220
239,212,221
240,212,223
241,212,224
242,212,225
243,212,227
244,211,228
245,211,229
246,211,231
247,211,232
248,211,234
249,211,235
250,211,235
251,211,235
252,210,234
253,210,234
254,210,234
255,210,234
256,210,234
257,210,234
258,210,234
259,210,234
260,209,234
261,209,234
262,209,234
263,209,234
264,209,234
265,209,233
266,209,233
267,209,233
268,208,233
269,208,233
270,208,233
271,208,233
272,208,233
273,208,233
274,208,233
275,208,233
276,207,233
277,207,232
278,207,232
279,207,232
280,207,232
281,207,232
282,207,232
283,207,232
284,207,232
285,206,232
286,206,232
287,206,232
288,206,231
289,206,231
290,206,231
291,206,231
292,205,231
293,205,231
294,205,231
295,205,231
296,205,231
297,205,231
298,205,230
299,205,230
300,204,230
301,204,230
302,204,230
303,204,230
304,204,230
305,204,230
306,204,230
307,204,230
308,204,229
309,203,229
310,203,229
311,203,229
312,203,229
313,203,229
314,203,229
315,203,229
316,202,229
317,202,229
318,202,229
319,202,229
320,202,229
321,202,229
322,202,229
323,201,229
324,201,228
325,201,228
326,201,228
327,201,228
328,201,228
329,201,228
330,200,228
331,200,228
332,200,228
333,200,228
334,200,228
335,200,228
336,200,228
337,199,228
338,199,228
339,199,228
340,199,228
341,199,228
342,199,228
343,198,228
344,198,228
345,198,228
346,198,228
347,198,228
348,198,228
349,197,228
350,197,228
351,197,228
352,197,228
353,197,228
354,196,228
355,196,228
356,196,228
357,196,228
358,196,228
359,196,228
360,195,228
361,195,228
362,195,228
363,195,228
364,195,228
365,195,228
366,194,228
367,194,228
368,194,228
369,194,228
370,193,228
371,193,228
372,193,228
373,193,228
374,193,228
375,192,228
376,192,228
377,192,228
378,192,228
379,192,228
380,191,228
381,191,228
382,191,228
383,191,228
384,190,228
385,190,228
386,190,228
387,190,228
388,189,228
389,189,228
390,189,228
391,189,228
392,189,228
393,189,228
394,189,228
395,189,228
396,189,228
397,189,228
398,189,228
399,189,228
400,190,228
401,190,228
402,190,228
403,190,228
404,190,228
405,191,228
406,191,228
407,191,228
408,191,229
409,192,229
410,192,229
411,193,229
412,193,229
413,193,229
414,194,229
415,194,229
416,195,229
417,195,229
418,196,229
419,196,229
420,197,229
421,197,229
422,198,229
423,199,229
424,199,230
425,200,230
426,200,230
427,201,230
428,202,230
429,202,230
430,203,230
431,204,230
432,204,230
433,205,230
434,206,230
435,207,230
436,208,231
437,208,230
438,209,230
439,210,230
440,211,230
441,212,230
442,213,229
443,214,229
444,215,228
445,217,228
446,218,227
447,220,225
0,0
0,322
62,232,236
63,227,240
64,225,242
65,224,246
66,223,248
67,222,250
68,221,252
69,221,253
70,221,255
71,220,257
72,220,258
73,220,260
74,221,261
75,221,262
76,222,263
77,222,265
78,223,266
79,223,267
80,224,268
81,225,269
82,225,269
83,226,270
84,226,271
85,227,271
86,227,272
87,228,272
88,229,272
89,229,273
90,230,273
91,230,273
92,230,273
93,231,272
94,231,272
95,232,272
96,232,271
97,233,271
98,233,271
99,233,270
100,234,270
101,234,270
102,234,269
103,234,269
104,234,269
105,234,269
106,235,269
107,235,268
108,235,268
109,235,268
110,235,268
111,235,268
112,235,268
113,235,268
114,235,267
115,235,267
116,235,267
117,235,267
118,235,267
119,235,267
120,235,267
121,235,267
122,235,267
123,235,266
124,235,266
125,235,266
126,236,266
127,236,266
128,236,266
129,236,266
130,236,266
131,236,266
132,236,266
133,236,266
134,236,266
135,236,266
136,236,266
137,236,265
138,236,265
139,236,265
140,236,265
141,236,265
142,236,265
143,236,265
144,236,265
145,236,265
146,236,265
147,236,265
148,236,265
149,236,265
150,236,265
151,236,265
152,236,265
153,236,265
154,236,265
155,236,265
156,236,265
157,236,265
158,236,265
159,236,265
160,236,265
161,236,265
162,236,264
163,236,264
164,236,264
165,236,264
166,236,264
167,236,264
168,236,264
169,236,264
170,236,264
171,236,264
172,236,264
173,236,264
174,236,264
175,236,264
176,236,264
177,236,264
178,236,264
179,236,264
180,236,264
181,236,264
182,236,264
183,236,264
184,236,264
185,236,264
186,236,264
187,236,264
188,236,264
189,236,264
190,236,264
191,236,264
192,236,263
193,236,263
194,236,263
195,236,263
196,236,263
197,236,263
198,236,263
199,236,263
200,236,263
201,236,263
202,236,263
203,236,263
204,236,263
205,236,263
206,236,263
207,236,263
208,236,263
209,236,263
210,236,263
211,236,263
212,236,263
213,236,263
214,236,263
215,236,263
216,236,263
217,236,263
218,235,263
219,235,263
220,235,263
221,235,263
222,235,263
223,235,263
224,235,263
225,235,263
226,235,263
227,235,263
228,235,263
229,235,262
230,235,262
231,235,262
232,235,262
233,235,262
234,235,262
235,235,262
236,235,262
237,235,262
238,235,262
239,235,262
240,235,262
241,235,262
242,235,262
243,235,262
244,235,262
245,235,262
246,235,262
247,235,262
248,235,262
249,235,262
250,235,262
251,235,262
252,235,262
253,235,262
254,235,262
255,235,262
256,235,262
257,235,262
258,235,262
259,235,262
260,235,262
261,235,262
262,235,262
263,235,262
264,235,262
265,235,262
266,235,261
267,235,261
268,235,261
269,235,261
270,235,261
271,235,261
272,235,261
273,235,261
274,235,261
275,235,261
276,235,261
277,235,261
278,235,261
279,235,261
280,235,261
281,235,261
282,235,261
283,235,261
284,235,261
285,235,261
286,235,261
287,235,261
288,235,261
289,235,261
290,235,261
291,235,261
292,235,261
293,235,261
294,235,261
295,235,261
296,235,261
297,235,261
298,235,261
299,235,261
300,235,261
301,235,261
302,235,261
303,235,261
304,235,261
305,235,261
306,235,261
307,235,261
308,235,261
309,235,260
310,235,260
311,235,260
312,235,260
313,235,260
314,235,260
315,235,260
316,235,260
317,235,260
318,235,260
319,235,260
320,235,260
321,235,260
322,235,260
323,235,260
324,235,260
325,235,260
326,235,260
327,235,260
328,235,260
329,235,260
330,235,260
331,235,260
332,235,260
333,235,260
334,235,260
335,235,260
336,235,260
337,235,260
338,235,260
339,235,260
340,235,260
341,235,260
342,235,260
343,235,260
344,235,260
345,235,260
346,235,260
347,235,260
348,235,260
349,235,260
350,235,260
351,235,260
352,235,260
353,235,259
354,235,259
355,235,259
356,235,259
357,235,259
358,235,259
359,235,259
360,235,259
361,235,259
362,235,259
363,235,259
364,235,259
365,235,259
366,235,259
367,235,259
368,235,259
369,235,259
370,235,259
371,235,259
372,235,259
373,235,259
374,235,259
375,235,259
376,235,259
377,235,259
378,235,259
379,235,259
380,235,259
381,235,259
382,235,259
383,235,259
0,0
1,246
127,380,381
128,379,383
129,378,385
130,378,386
131,378,387
132,378,388
133,377,389
134,377,390
135,377,390
136,377,391
137,377,392
138,377,393
139,377,393
140,377,394
141,376,395
142,376,395
143,376,396
144,376,396
145,376,396
146,376,397
147,376,397
148,376,398
149,376,398
150,375,398
151,375,398
152,375,398
153,375,399
154,375,399
155,375,399
156,375,399
157,375,399
158,374,399
159,374,400
160,374,399
161,374,399
162,374,399
163,374,399
164,374,399
165,374,399
166,374,399
167,373,399
168,373,399
169,373,399
170,373,398
171,373,398
172,373,398
173,373,398
174,373,397
175,372,397
176,372,397
177,372,397
178,372,396
179,372,396
180,372,396
181,372,396
182,372,396
183,372,395
184,371,395
185,371,395
186,371,395
187,371,395
188,371,394
189,371,394
190,371,394
191,371,394
192,370,394
193,370,394
194,370,393
195,370,393
196,370,393
197,370,393
198,370,393
199,370,393
200,369,392
201,369,392
202,369,392
203,369,392
204,369,392
205,369,392
206,369,391
207,369,391
208,368,391
209,368,391
210,368,391
211,368,391
212,368,391
213,368,390
214,368,390
215,367,390
216,367,390
217,367,390
218,367,390
219,367,390
220,367,390
221,367,389
222,367,389
223,367,389
224,366,389
225,366,389
226,366,389
227,366,389
228,366,389
229,366,388
230,366,388
231,365,388
232,365,388
233,365,388
234,365,388
235,365,388
236,365,388
237,365,388
238,365,388
239,364,387
240,364,387
241,364,387
242,364,387
243,364,387
244,364,387
245,364,387
246,363,387
247,363,387
248,363,387
249,363,387
250,363,387
251,363,386
252,363,386
253,363,386
254,362,386
255,362,386
256,362,386
257,362,386
258,362,386
259,362,386
260,362,386
261,361,386
262,361,386
263,361,386
264,361,386
265,361,386
266,361,386
267,360,386
268,360,386
269,360,386
270,360,386
271,360,386
272,360,386
273,360,386
274,359,386
275,359,386
276,359,386
277,359,386
278,359,386
279,359,386
280,359,386
281,358,386
282,358,386
283,358,386
284,358,386
285,358,386
286,358,386
287,357,386
288,357,386
289,357,386
290,357,386
291,357,386
292,356,386
293,356,386
294,356,386
295,356,386
296,356,386
297,356,386
298,355,386
299,355,386
300,355,386
301,355,386
302,355,386
303,354,386
304,354,386
305,354,386
306,354,386
307,354,386
308,354,386
309,353,386
310,353,386
311,353,386
312,353,386
313,353,386
314,352,386
315,352,386
316,352,386
317,352,386
318,352,386
319,352,386
320,352,386
321,351,386
322,351,386
323,351,386
324,351,386
325,351,386
326,351,386
327,351,386
328,351,386
329,352,386
330,352,386
331,352,386
332,352,386
333,352,386
334,352,386
335,353,386
336,353,386
337,353,386
338,354,386
339,354,386
340,354,387
341,355,387
342,355,387
343,355,387
344,356,387
345,356,387
346,357,387
347,357,387
348,358,387
349,359,387
350,359,387
351,360,387
352,360,387
353,361,387
354,362,387
355,362,387
356,363,387
357,364,388
358,364,387
359,365,387
360,366,387
361,367,387
362,367,387
363,368,386
364,369,386
365,370,386
366,371,386
367,372,386
368,373,385
369,374,384
370,375,384
371,377,382
371,377,377
0,0
