0,140
73,76,78
74,73,84
75,72,88
76,71,92
77,71,95
78,71,97
79,71,99
80,71,101
81,72,103
82,72,104
83,73,104
84,73,105
85,73,105
86,74,106
87,74,106
88,75,106
89,75,106
90,75,106
91,76,106
92,76,106
93,76,106
94,77,106
95,77,106
96,77,106
97,78,106
98,78,107
99,78,107
100,79,107
101,79,107
102,79,107
103,80,107
104,80,107
105,80,107
106,81,107
107,81,107
108,81,107
109,81,108
110,82,108
111,82,108
112,82,108
113,82,108
114,83,108
115,83,108
116,83,108
117,84,108
118,84,108
119,84,109
120,84,109
121,85,109
122,85,109
123,85,109
124,85,109
125,85,109
126,86,109
127,86,109
128,86,110
129,86,110
130,86,110
131,87,110
132,87,110
133,87,110
134,87,110
135,87,110
136,88,110
137,88,111
138,88,111
139,88,111
140,88,111
141,88,111
142,89,111
143,89,111
144,89,112
145,89,112
146,89,112
147,89,112
148,89,112
149,89,112
150,90,112
151,90,112
152,90,113
153,90,113
154,90,113
155,90,113
156,90,113
157,90,113
158,90,113
159,90,113
160,90,113
161,91,114
162,91,114
163,91,114
164,91,114
165,91,114
166,91,114
167,91,114
168,91,114
169,91,114
170,92,114
171,92,115
172,92,115
173,92,115
174,92,115
175,92,115
176,92,115
177,93,115
178,93,115
179,93,115
180,93,115
181,93,115
182,93,115
183,94,115
184,94,115
185,94,115
186,94,115
187,95,115
188,95,115
189,95,115
190,95,115
191,96,115
192,96,115
193,96,115
194,96,115
195,97,115
196,97,115
197,98,115
198,98,115
199,99,115
200,99,115
201,100,115
202,100,115
203,101,115
204,101,114
205,102,114
206,103,114
207,103,114
208,104,113
209,105,113
210,106,112
211,107,112
212,110,110
0,0
1,151
82,82,85
83,81,86
84,81,88
85,81,89
86,80,90
87,80,90
88,80,91
89,80,91
90,80,92
91,80,92
92,80,93
93,80,93
94,79,93
95,79,93
96,79,94
97,79,94
98,79,94
99,79,94
100,79,94
101,79,94
102,79,95
103,78,94
104,78,94
105,78,94
106,78,94
107,78,93
108,78,93
109,78,93
110,78,93
111,78,92
112,77,92
113,77,92
114,77,92
115,77,92
116,77,91
117,77,91
118,77,91
119,76,91
120,76,90
121,76,90
122,76,90
123,76,90
124,76,90
125,75,89
126,75,89
127,75,89
128,75,89
129,75,89
130,75,88
131,75,88
132,74,88
133,74,88
134,74,88
135,74,88
136,74,87
137,74,87
138,73,87
139,73,87
140,73,87
141,73,86
142,73,86
143,73,86
144,72,86
145,72,86
146,72,86
147,72,86
148,72,85
149,72,85
150,72,85
151,71,85
152,71,85
153,71,85
154,71,84
155,71,84
156,71,84
157,70,84
158,70,84
159,70,84
160,70,84
161,70,83
162,70,83
163,69,83
164,69,83
165,69,83
166,69,83
167,69,83
168,69,82
169,68,82
170,68,82
171,68,82
172,68,82
173,68,82
174,68,82
175,68,82
176,67,82
177,67,82
178,67,81
179,67,81
180,67,81
181,67,81
182,67,81
183,66,81
184,66,81
185,66,80
186,66,80
187,66,80
188,66,80
189,66,80
190,65,80
191,65,80
192,65,80
193,65,80
194,65,80
195,65,80
196,65,80
197,64,80
198,64,80
199,64,80
200,64,80
201,64,80
202,64,80
203,64,80
204,63,80
205,63,80
206,63,80
207,63,80
208,63,80
209,63,80
210,62,80
211,62,80
212,62,80
213,62,80
214,62,80
215,61,80
216,61,80
217,61,80
218,61,80
219,61,80
220,60,80
221,60,80
222,79,80
222,60,81
223,79,80
223,60,81
224,79,80
224,60,82
225,79,80
225,59,83
226,59,77
227,59,64
227,59,59
0,142
58,229,233
59,227,238
60,227,240
61,227,242
62,227,245
63,227,247
64,227,248
65,226,250
66,226,252
67,226,253
68,226,255
69,226,257
70,226,258
71,226,260
72,226,261
73,226,262
74,226,263
75,226,265
76,226,266
77,225,267
78,225,268
79,225,269
80,225,270
81,225,270
82,225,271
83,225,271
84,226,271
85,226,271
86,227,271
87,227,271
88,227,271
89,228,270
90,228,270
91,228,269
92,228,269
93,228,268
94,228,267
95,228,266
96,228,265
97,228,264
98,228,263
99,228,263
100,228,262
101,228,261
102,228,261
103,228,260
104,228,260
105,228,259
106,228,258
107,228,258
108,228,258
109,228,257
110,228,257
111,228,256
112,227,256
113,227,255
114,227,255
115,227,255
116,227,255
117,227,254
118,227,254
119,227,254
120,226,254
121,226,253
122,226,253
123,226,253
124,226,253
125,226,253
126,226,252
127,225,252
128,225,252
129,225,252
130,225,251
131,225,251
132,225,251
133,224,251
134,224,251
135,224,250
136,224,250
137,224,250
138,224,250
139,223,250
140,223,249
141,223,249
142,223,249
143,223,249
144,222,249
145,222,248
146,222,248
147,222,248
148,222,248
149,221,247
150,221,247
151,221,247
152,221,247
153,220,246
154,220,246
155,220,246
156,220,246
157,219,246
158,219,245
159,219,245
160,218,245
161,218,245
162,218,244
163,217,244
164,217,244
165,217,244
166,216,243
167,216,243
168,215,243
169,214,243
170,213,242
171,211,242
172,208,242
173,205,242
174,204,241
175,204,241
176,204,241
177,204,240
178,205,240
179,205,240
180,205,240
181,206,239
182,207,239
183,207,239
184,208,238
185,209,238
186,209,238
187,210,237
188,211,237
189,212,236
190,213,236
191,213,236
192,214,235
193,215,234
194,216,234
195,217,233
196,218,232
197,220,231
198,221,229
199,223,227
0,0
1,93
123,134,136
124,134,138
125,134,139
126,133,140
127,133,140
128,132,141
129,132,141
130,132,141
131,132,142
132,131,142
133,131,142
134,131,142
135,130,142
136,130,142
137,130,143
138,130,142
139,129,142
140,129,142
141,129,142
142,128,142
143,128,142
144,128,142
145,128,142
146,127,142
147,127,142
148,127,141
149,126,141
150,126,141
151,126,141
152,125,141
153,125,141
154,125,141
155,124,141
156,124,141
157,124,141
158,123,140
159,123,140
160,123,140
161,123,140
162,122,140
163,122,140
164,122,139
165,121,139
166,121,139
167,121,139
168,121,139
169,120,139
170,120,139
171,120,139
172,120,138
173,119,138
174,119,138
175,119,138
176,119,138
177,119,138
178,119,138
179,118,138
180,118,137
181,118,137
182,118,137
183,118,137
184,118,137
185,118,137
186,118,137
187,118,137
188,118,136
189,117,136
190,117,136
191,117,136
192,118,136
193,118,136
194,118,136
195,118,136
196,118,136
197,118,135
198,118,135
199,119,135
200,119,135
201,119,135
202,119,135
203,120,135
204,120,135
205,120,135
206,121,134
207,121,134
208,122,134
209,123,134
210,123,134
211,124,133
212,125,133
213,126,132
214,128,132
214,128,129
0,0
1,113
110,187,190
111,187,191
112,187,192
113,186,193
114,186,194
115,186,194
116,186,195
117,185,195
118,185,195
119,185,195
120,185,195
121,185,195
122,184,196
123,184,196
124,184,196
125,184,196
126,184,196
127,183,196
128,183,196
129,183,196
130,183,196
131,183,196
132,182,195
133,182,195
134,182,195
135,182,195
136,181,195
137,181,195
138,181,195
139,181,195
140,181,195
141,180,195
142,180,195
143,180,194
144,180,194
145,180,194
146,179,194
147,179,194
148,179,194
149,179,194
150,178,194
151,178,194
152,178,193
153,178,193
154,177,193
155,177,193
156,177,193
157,177,193
158,177,193
159,176,192
160,176,192
161,176,192
162,176,192
163,175,192
164,175,192
165,175,192
166,175,192
167,175,191
168,174,191
169,174,191
170,174,191
171,174,191
172,173,191
173,173,191
174,173,191
175,173,190
176,172,190
177,172,190
178,172,190
179,172,190
180,172,190
181,171,190
182,171,190
183,171,190
184,171,189
185,171,189
186,171,189
187,171,189
188,170,189
189,170,189
190,170,189
191,170,189
192,170,189
193,170,188
194,170,188
195,170,188
196,170,188
197,170,188
198,170,188
199,169,188
200,170,188
201,170,188
202,170,187
203,170,187
204,170,187
205,171,187
206,171,187
207,171,187
208,171,187
209,171,187
210,172,187
211,172,187
212,172,186
213,173,186
214,173,186
215,174,186
216,174,186
217,175,186
218,176,186
219,177,185
220,178,185
221,179,184
222,181,183
0,0
1,226
41,255,257
42,254,258
43,254,259
44,253,260
45,253,261
46,253,262
47,253,263
48,253,264
49,253,264
50,253,265
51,252,266
52,252,267
53,252,267
54,252,268
55,252,269
56,252,270
57,252,270
58,252,271
59,252,271
60,252,272
61,252,272
62,252,273
63,252,273
64,251,273
65,251,273
66,251,273
67,251,273
68,251,274
69,251,273
70,251,273
71,251,273
72,251,273
73,251,273
74,251,273
75,251,273
76,251,272
77,251,272
78,250,272
79,250,272
80,250,272
81,250,272
82,250,271
83,250,271
84,250,271
85,250,271
86,250,271
87,250,271
88,250,270
89,250,270
90,250,270
91,250,270
92,250,270
93,249,270
94,249,270
95,249,269
96,249,269
97,249,269
98,249,269
99,249,269
100,249,269
101,249,268
102,249,268
103,249,268
104,249,268
105,249,268
106,249,268
107,249,268
108,249,267
109,248,267
110,248,267
111,248,267
112,248,267
113,248,267
114,248,267
115,248,267
116,248,266
117,248,266
118,248,266
119,248,266
120,247,266
121,247,266
122,247,266
123,247,265
124,247,265
125,247,265
126,247,265
127,247,265
128,247,265
129,247,265
130,246,264
131,246,264
132,246,264
133,246,264
134,246,264
135,246,264
136,246,264
137,246,264
138,246,263
139,245,263
140,245,263
141,245,263
142,245,263
143,245,263
144,245,263
145,245,263
146,244,262
147,244,262
148,244,262
149,244,262
150,244,262
151,244,262
152,244,262
153,243,262
154,243,262
155,243,261
156,243,261
157,243,261
158,243,261
159,242,261
160,242,261
161,242,261
162,242,261
163,242,260
164,242,260
165,241,260
166,241,260
167,241,260
168,241,260
169,241,260
170,241,260
171,240,260
172,240,259
173,240,259
174,240,259
175,240,259
176,240,259
177,239,259
178,239,259
179,239,259
180,239,259
181,239,259
182,238,258
183,238,258
184,238,258
185,238,258
186,238,258
187,238,258
188,237,258
189,237,258
190,237,258
191,237,258
192,237,257
193,236,257
194,236,257
195,236,257
196,236,257
197,236,257
198,235,257
199,235,257
200,235,257
201,235,257
202,235,256
203,234,256
204,234,256
205,234,256
206,234,256
207,234,256
208,234,256
209,233,256
210,233,256
211,233,256
212,233,256
213,233,255
214,232,255
215,232,255
216,232,255
217,232,255
218,232,255
219,231,255
220,231,255
221,231,255
222,231,255
223,231,255
224,230,254
225,230,254
226,230,254
227,230,254
228,230,254
229,229,254
230,229,254
231,229,254
232,229,254
233,229,254
234,228,254
235,229,253
236,229,253
237,229,253
238,229,253
239,229,253
240,229,253
241,229,253
242,229,253
243,230,253
244,230,253
245,230,253
246,231,253
247,231,252
248,231,252
249,232,252
250,232,252
251,233,252
252,233,252
253,234,252
254,234,252
255,235,252
256,235,252
257,236,252
258,236,252
259,237,252
260,237,252
261,238,252
262,238,251
263,239,251
264,240,250
265,241,249
266,242,247
0,0
0,367
75,155,155
76,153,159
77,151,162
78,151,164
79,151,166
80,151,168
81,151,169
82,151,171
83,151,173
84,152,174
85,152,176
86,153,177
87,153,178
88,154,179
89,154,180
90,154,181
91,155,181
92,155,182
93,155,182
94,155,182
95,155,182
96,155,182
97,155,182
98,156,181
99,156,181
100,156,181
101,156,181
102,156,181
103,156,181
104,156,181
105,156,181
106,156,181
107,156,181
108,156,181
109,156,181
110,156,181
111,156,180
112,156,180
113,156,180
114,156,180
115,156,180
116,156,180
117,156,180
118,156,180
119,156,180
120,156,180
121,156,180
122,156,180
123,156,180
124,156,180
125,156,180
126,156,180
127,156,180
128,156,180
129,156,180
130,156,180
131,156,180
132,156,180
133,156,180
134,157,180
135,157,180
136,157,180
137,157,180
138,157,180
139,157,180
140,157,180
141,157,180
142,157,180
143,157,180
144,157,180
145,157,180
146,157,180
147,157,180
148,157,180
149,157,180
150,157,180
151,157,180
152,157,180
153,157,180
154,157,180
155,157,180
156,157,180
157,157,180
158,157,180
159,157,180
160,157,180
161,157,180
162,157,180
163,157,180
164,157,180
165,157,180
166,157,180
167,157,180
168,157,180
169,157,180
170,157,180
171,157,180
172,157,180
173,157,180
174,157,180
175,157,180
176,157,180
177,157,180
178,157,180
179,157,180
180,157,180
181,157,180
182,157,180
183,157,180
184,157,180
185,157,180
186,157,180
187,157,180
188,157,180
189,157,180
190,157,180
191,157,180
192,157,180
193,157,180
194,157,180
195,157,180
196,157,180
197,157,180
198,157,180
199,157,180
200,157,180
201,157,180
202,157,180
203,157,180
204,157,180
205,157,180
206,157,180
207,157,180
208,157,180
209,157,180
210,157,180
211,157,180
212,157,180
213,157,180
214,157,180
215,157,180
216,157,180
217,157,180
218,157,180
219,157,180
220,157,180
221,157,180
222,157,180
223,157,180
224,157,180
225,157,180
226,157,180
227,157,180
228,157,180
229,157,180
230,156,180
231,156,180
232,156,180
233,156,180
234,156,180
235,156,180
236,156,180
237,156,180
238,156,180
239,156,180
240,156,180
241,156,180
242,156,180
243,156,180
244,156,180
245,156,180
246,156,180
247,156,179
248,156,179
249,156,179
250,156,179
251,156,179
252,156,179
253,156,179
254,156,179
255,156,179
256,156,179
257,156,179
258,156,179
259,156,179
260,156,179
261,156,179
262,156,179
263,156,179
264,156,179
265,156,179
266,156,179
267,156,179
268,156,179
269,156,179
270,156,179
271,155,179
272,155,179
273,155,179
274,155,179
275,155,179
276,155,179
277,155,179
278,155,179
279,155,179
280,155,179
281,155,179
282,155,179
283,155,179
284,155,179
285,155,179
286,155,179
287,155,179
288,155,179
289,155,179
290,155,179
291,155,179
292,155,179
293,155,179
294,155,179
295,155,179
296,155,179
297,155,179
298,155,179
299,154,179
300,154,179
301,154,179
302,154,179
303,154,179
304,154,179
305,154,179
306,154,179
307,154,179
308,154,179
309,154,179
310,154,179
311,154,179
312,154,179
313,154,179
314,154,179
315,154,179
316,154,179
317,154,179
318,154,179
319,154,179
320,153,179
321,153,179
322,153,179
323,153,179
324,153,179
325,153,179
326,153,179
327,153,179
328,153,179
329,153,179
330,153,179
331,153,179
332,153,179
333,153,179
334,153,179
335,153,179
336,153,179
337,153,179
338,153,179
339,153,179
340,153,179
341,153,179
342,153,179
343,152,179
344,152,179
345,152,179
346,152,179
347,152,179
348,152,179
349,152,179
350,152,179
351,152,179
352,152,179
353,152,179
354,152,179
355,152,179
356,152,179
357,152,179
358,152,179
359,152,179
360,152,179
361,152,179
362,152,179
363,152,179
364,151,179
365,151,179
366,151,179
367,151,179
368,151,179
369,151,179
370,151,179
371,151,179
372,151,179
373,151,179
374,151,180
375,151,180
376,151,180
377,151,180
378,151,180
379,151,180
380,151,180
381,151,180
382,151,180
383,151,180
384,150,180
385,150,180
386,150,180
387,150,180
388,150,180
389,150,181
390,150,181
391,150,181
392,150,181
393,150,181
394,150,181
395,150,181
396,150,181
397,150,181
398,150,181
399,149,181
400,149,181
401,149,181
402,149,181
403,149,181
404,149,181
405,149,181
406,149,181
407,149,181
408,149,181
409,149,181
410,149,180
411,149,180
412,149,180
413,149,180
414,149,180
415,150,179
416,150,179
417,150,179
418,150,179
419,150,178
420,151,178
421,151,178
422,151,177
423,152,177
424,152,177
425,152,176
426,153,176
427,153,176
428,153,175
429,154,175
430,155,174
431,155,174
432,156,173
433,156,173
434,157,172
435,157,172
436,158,171
437,159,170
438,160,170
439,161,169
440,162,167
441,164,164
0,0
0,145
245,153,156
246,151,157
247,150,158
248,149,159
249,149,160
250,148,161
251,148,161
252,147,162
253,147,163
254,146,163
255,146,164
256,145,164
257,145,164
258,145,165
259,144,165
260,144,165
261,143,166
262,143,166
263,142,166
264,142,166
265,142,166
266,141,166
267,141,166
268,140,166
269,140,166
270,139,166
271,139,166
272,138,166
273,138,166
274,137,165
275,137,165
276,136,164
277,136,164
278,135,163
279,135,163
280,134,162
281,134,162
282,133,161
283,133,160
284,132,160
285,131,159
286,131,158
287,130,158
288,130,157
289,129,156
290,128,156
291,128,155
292,127,154
293,126,153
294,126,153
295,125,152
296,124,151
297,124,151
298,123,150
299,122,149
300,122,149
301,121,148
302,120,147
303,119,146
304,119,146
305,118,145
306,117,144
307,116,143
308,116,143
309,115,142
310,114,141
311,113,140
312,112,140
313,112,139
314,111,138
315,110,138
316,109,137
317,108,136
318,107,135
319,107,134
320,106,134
321,105,133
322,104,132
323,103,131
324,102,131
325,102,130
326,101,129
327,100,128
328,99,127
329,98,126
330,97,126
331,96,125
332,95,124
333,95,123
334,94,122
335,93,121
336,92,121
337,91,120
338,90,119
339,89,118
340,88,117
341,87,116
342,86,115
343,85,114
344,84,113
345,83,112
346,81,111
347,80,110
348,79,109
349,78,108
350,77,107
351,76,106
352,75,105
353,74,104
354,73,103
355,72,102
356,71,101
357,69,100
358,68,98
359,67,97
360,66,96
361,65,94
362,64,93
363,63,92
364,61,91
365,60,89
366,59,88
367,58,86
368,57,85
369,55,84
370,54,82
371,53,81
372,52,79
373,51,77
374,50,76
375,48,74
376,47,73
377,46,71
378,45,69
379,44,67
380,42,66
381,41,64
382,40,62
383,39,60
384,38,58
385,38,55
386,37,53
387,37,51
388,37,48
389,39,45
0,0
0,62
282,193,196
283,191,200
284,190,203
285,190,206
286,190,208
287,190,210
288,190,213
289,190,215
290,190,217
291,190,219
292,191,222
293,191,224
294,192,226
295,192,228
296,193,229
297,194,231
298,195,233
299,196,235
300,197,236
301,197,238
302,198,239
303,199,241
304,200,242
305,201,243
306,202,244
307,203,245
308,204,246
309,205,247
310,206,248
311,207,248
312,208,249
313,209,249
314,210,250
315,211,250
316,212,250
317,213,251
318,214,251
319,215,251
320,216,251
321,217,251
322,218,251
323,219,252
324,220,252
325,220,252
326,221,252
327,222,252
328,223,252
329,224,252
330,225,252
331,226,252
332,227,252
333,228,252
334,229,252
335,230,251
336,230,251
337,231,251
338,232,250
339,233,250
340,234,249
341,236,248
342,238,246
343,242,242
0,0
0,117
36,331,333
37,328,337
38,326,340
39,326,342
40,326,344
41,326,346
42,326,347
43,326,349
44,326,350
45,327,351
46,327,353
47,328,354
48,328,355
49,328,356
50,328,357
51,328,358
52,328,359
53,328,360
54,328,361
55,328,361
56,328,362
57,328,362
58,328,363
59,328,363
60,327,363
61,327,363
62,327,363
63,327,363
64,326,363
65,326,362
66,326,362
67,325,361
68,325,360
69,324,359
70,324,358
71,324,357
72,323,356
73,323,355
74,322,354
75,322,354
76,322,353
77,321,352
78,321,351
79,320,350
80,320,350
81,319,349
82,319,348
83,318,348
84,318,347
85,317,346
86,317,345
87,316,345
88,316,344
89,315,344
90,314,343
91,314,342
92,313,341
93,313,341
94,312,340
95,312,339
96,311,339
97,310,338
98,310,337
99,309,336
100,309,335
101,308,335
102,308,334
103,307,333
104,306,332
105,306,332
106,305,331
107,304,330
108,304,329
109,303,328
110,302,327
111,302,327
112,301,326
113,301,325
114,300,324
115,299,323
116,299,322
117,298,321
118,297,321
119,296,320
120,296,319
121,295,318
122,295,317
123,294,316
124,293,315
125,292,314
126,292,313
127,291,312
128,290,311
129,290,310
130,289,309
131,288,308
132,288,307
133,287,306
134,286,304
135,285,303
136,285,302
137,284,301
138,283,300
139,282,299
140,282,298
141,281,296
142,280,295
143,279,294
144,278,292
145,277,291
146,277,290
147,276,289
148,276,287
149,275,286
150,275,284
151,275,282
152,275,280
0,0
1,61
328,92,92
329,91,95
330,90,96
331,90,97
332,90,98
333,90,98
334,90,99
335,89,99
336,89,99
337,89,100
338,89,100
339,89,100
340,89,100
341,88,100
342,88,100
343,88,100
344,88,100
345,88,100
346,88,100
347,87,100
348,87,99
349,87,99
350,87,99
351,87,99
352,86,99
353,86,99
354,86,98
355,86,98
356,86,98
357,85,97
358,85,97
359,85,97
360,85,97
361,85,96
362,84,96
363,84,96
364,84,96
365,84,95
366,83,95
367,83,95
368,83,95
369,83,95
370,82,94
371,82,94
372,82,94
373,81,94
374,81,94
375,81,94
376,80,93
377,80,93
378,80,93
379,79,93
380,79,93
381,79,93
382,78,93
383,78,93
384,77,93
385,89,93
385,77,94
386,89,93
386,76,95
0,162
74,395,395
75,389,403
76,387,407
77,386,410
78,386,412
79,386,414
80,386,416
81,386,418
82,386,420
83,386,422
84,386,423
85,386,425
86,386,426
87,386,427
88,386,428
89,386,429
90,386,430
91,386,430
92,386,431
93,386,431
94,386,431
95,386,431
96,387,431
97,387,430
98,387,429
99,387,429
100,386,428
101,386,426
102,386,425
103,386,424
104,386,423
105,385,422
106,385,421
107,385,420
108,384,420
109,384,419
110,384,418
111,383,418
112,383,417
113,383,416
114,382,415
115,382,414
116,381,414
117,381,413
118,381,412
119,380,412
120,380,411
121,379,411
122,379,410
123,379,409
124,378,409
125,377,408
126,377,407
127,377,407
128,376,406
129,376,405
130,375,405
131,375,404
132,374,404
133,373,403
134,373,402
135,372,402
136,372,401
137,371,400
138,370,400
139,370,399
140,369,398
141,369,398
142,368,397
143,367,396
144,367,396
145,366,395
146,365,394
147,365,394
148,364,393
149,363,392
150,362,392
151,362,391
152,361,390
153,360,389
154,359,389
155,359,388
156,358,387
157,357,386
158,356,386
159,356,385
160,355,384
161,354,383
162,353,383
163,353,382
164,352,381
165,351,380
166,350,379
167,349,378
168,348,378
169,348,377
170,347,376
171,346,375
172,345,374
173,344,373
174,343,372
175,343,371
176,342,370
177,341,370
178,340,369
179,339,368
180,338,367
181,337,366
182,336,365
183,335,364
184,334,363
185,333,362
186,332,361
187,331,360
188,330,359
189,329,358
190,328,357
191,327,356
192,326,355
193,325,354
194,324,353
195,323,352
196,322,351
197,321,349
198,320,348
199,319,347
200,317,346
201,316,345
202,315,344
203,314,343
204,313,342
205,312,340
206,310,339
207,309,338
208,308,337
209,307,336
210,306,334
211,304,333
212,303,332
213,302,330
214,301,329
215,299,327
216,298,326
217,297,325
218,296,323
219,294,322
220,293,320
221,292,318
222,290,317
223,289,315
224,288,313
225,286,311
226,285,309
227,283,307
228,282,305
229,281,303
230,279,301
231,277,298
232,276,296
233,275,293
234,274,289
235,277,285
0,0
0,40
137,319,319
138,316,322
139,315,326
140,315,329
141,315,332
142,315,335
143,315,338
144,316,340
145,316,342
146,317,344
147,317,346
148,318,348
149,319,349
150,320,351
151,321,352
152,322,353
153,323,354
154,324,354
155,325,355
156,326,355
157,327,356
158,328,356
159,330,356
160,330,356
161,331,357
162,332,357
163,333,357
164,334,357
165,335,357
166,336,357
167,337,357
168,338,357
169,339,357
170,340,357
171,341,357
172,342,356
173,343,356
174,344,355
175,346,354
176,350,350
0,0
0,119
208,348,348
209,345,353
210,343,355
211,343,357
212,343,359
213,343,360
214,343,362
215,343,363
216,343,364
217,343,365
218,344,366
219,344,367
220,344,368
221,344,369
222,344,370
223,344,371
224,344,372
225,344,373
226,344,374
227,344,374
228,344,375
229,343,376
230,343,376
231,343,377
232,342,377
233,342,377
234,342,377
235,341,377
236,341,377
237,341,376
238,340,376
239,340,375
240,339,375
241,339,374
242,338,372
243,338,371
244,337,370
245,337,369
246,336,368
247,335,367
248,335,366
249,334,365
250,334,364
251,333,363
252,332,362
253,332,362
254,331,361
255,330,360
256,330,359
257,329,358
258,329,357
259,328,357
260,327,356
261,327,355
262,326,354
263,325,353
264,324,353
265,324,352
266,323,351
267,322,350
268,322,349
269,321,348
270,320,348
271,319,347
272,319,346
273,318,345
274,317,344
275,317,343
276,316,342
277,315,342
278,314,341
279,313,340
280,313,339
281,312,338
282,311,337
283,310,336
284,309,335
285,309,334
286,308,333
287,307,332
288,306,331
289,305,330
290,305,329
291,304,328
292,303,327
293,302,326
294,301,325
295,300,324
296,299,323
297,299,322
298,298,320
299,297,319
300,296,318
301,295,317
302,294,316
303,293,315
304,292,314
305,292,312
306,291,311
307,290,310
308,289,309
309,288,308
310,287,306
311,286,305
312,285,304
313,284,302
314,283,301
315,283,299
316,282,298
317,281,297
318,279,295
319,278,294
320,278,292
321,277,291
322,276,289
323,276,287
324,275,285
325,275,283
326,276,280
0,0
1,82
330,261,264
331,260,266
332,260,267
333,260,268
334,260,269
335,260,269
336,260,270
337,259,270
338,259,271
339,259,271
340,259,272
341,259,272
342,259,272
343,259,273
344,259,273
345,259,273
346,259,274
347,259,274
348,259,274
349,259,274
350,259,274
351,259,275
352,259,275
353,259,275
354,259,276
355,258,275
356,258,275
357,258,275
358,258,275
359,258,275
360,258,275
361,257,274
362,257,274
363,257,274
364,256,274
365,256,274
366,256,273
367,256,273
368,256,273
369,255,273
370,255,273
371,255,272
372,255,272
373,254,272
374,254,271
375,254,271
376,254,271
377,253,270
378,253,270
379,253,270
380,253,269
381,252,269
382,252,269
383,252,268
384,252,268
385,251,268
386,251,267
387,251,267
388,250,267
389,250,266
390,250,266
391,250,265
392,249,265
393,249,263
394,249,262
395,248,261
396,248,260
397,248,259
398,248,258
399,247,257
400,247,256
401,247,255
402,246,253
403,246,252
404,246,251
405,245,250
406,245,249
407,245,248
408,244,247
409,244,246
410,244,245
411,243,243
0,226
239,423,423
240,417,427
241,414,430
242,413,432
243,411,434
244,410,436
245,409,438
246,409,440
247,408,441
248,407,443
249,406,445
250,405,446
251,404,448
252,403,449
253,402,451
254,401,452
255,400,453
256,400,454
257,399,455
258,398,456
259,397,457
260,396,458
261,395,459
262,394,459
263,393,460
264,392,460
264,392,404
264,404,460
265,391,393
265,406,460
266,391,391
266,407,460
266,407,460
267,407,459
268,407,459
269,407,458
270,407,457
271,407,456
272,407,455
273,407,454
274,406,453
275,406,451
276,406,450
277,406,448
278,405,447
279,405,445
280,405,444
281,404,443
282,404,442
283,404,441
284,403,440
285,403,439
286,403,438
287,402,437
288,402,437
289,402,436
290,401,435
291,401,434
292,400,434
293,400,433
294,400,432
295,399,432
296,399,431
297,399,431
298,398,430
299,398,430
300,397,429
301,397,429
302,397,428
303,396,428
304,396,427
305,395,427
306,395,426
307,395,425
308,394,425
309,394,424
310,393,424
311,393,423
312,392,423
313,392,422
314,391,422
315,391,421
316,390,420
317,390,420
318,389,419
319,389,419
320,388,418
321,388,418
322,387,417
323,387,416
324,386,416
325,386,415
326,385,415
327,384,414
328,384,414
329,383,413
330,383,412
331,382,412
332,382,411
333,381,411
334,380,410
335,380,409
336,379,409
337,379,408
338,378,407
339,377,407
340,377,406
341,376,406
342,375,405
343,375,404
344,374,404
345,374,403
346,373,402
347,372,402
348,371,401
349,371,400
350,370,400
351,370,399
352,369,398
353,368,398
354,368,397
355,367,396
356,366,396
357,365,395
358,365,394
359,364,394
360,363,393
361,362,392
362,362,391
363,361,391
364,360,390
365,359,389
366,359,388
367,358,388
368,357,387
369,356,386
370,355,385
371,354,384
372,354,384
373,353,383
374,352,382
375,351,381
376,350,381
377,349,380
378,348,379
379,347,378
380,346,377
381,346,376
382,345,376
383,344,375
384,343,374
385,342,373
386,341,372
387,340,371
388,339,370
389,338,369
390,337,368
391,336,367
392,335,367
393,334,366
394,333,365
395,331,364
396,330,363
397,329,362
398,328,361
399,327,360
400,326,359
401,325,358
402,323,357
403,322,356
404,321,355
405,320,354
406,319,353
407,317,352
408,316,350
409,315,349
410,314,348
411,312,347
412,311,346
413,310,345
414,308,344
415,307,342
416,306,341
417,304,340
418,303,339
419,302,337
420,300,336
421,299,335
422,297,333
423,296,332
424,294,331
425,293,329
426,291,328
427,290,326
428,288,325
429,287,323
430,285,321
431,284,320
432,282,318
433,281,317
434,279,315
435,277,313
436,276,312
437,274,310
438,272,308
439,270,306
440,269,304
441,267,302
442,265,300
443,263,298
444,261,296
445,259,294
446,258,292
447,256,290
448,254,287
449,252,285
450,250,282
451,247,279
452,245,276
453,243,273
454,242,270
455,240,267
456,240,263
457,239,260
458,240,256
459,242,250
0,0
0,53
317,328,328
318,324,331
319,323,334
320,323,336
321,323,339
322,323,341
323,323,343
324,323,345
325,323,347
326,324,350
327,324,351
328,325,353
329,325,355
330,326,357
331,327,359
332,328,360
333,329,362
334,330,364
335,331,365
336,332,366
337,333,367
338,334,368
339,335,369
340,336,370
341,337,371
342,338,372
343,338,372
344,339,373
345,340,373
346,341,374
347,342,374
348,343,374
349,344,374
350,345,375
351,346,375
352,347,375
353,348,375
354,348,375
355,349,375
356,350,375
357,351,375
358,352,375
359,353,375
360,354,375
361,355,375
362,356,375
363,356,375
364,357,374
365,358,374
366,359,373
367,361,372
368,362,371
369,364,368
0,0
