0,336
59,127,127
60,122,130
61,119,133
62,118,136
63,117,138
64,117,140
65,116,142
66,116,144
67,116,146
68,116,147
69,117,149
70,117,150
71,118,152
72,118,153
73,119,155
74,119,156
75,120,158
76,120,159
77,121,160
78,122,161
79,122,162
80,122,163
81,123,164
82,123,165
83,123,166
84,124,166
85,124,167
86,124,167
87,124,167
88,124,168
89,125,168
90,125,168
91,125,168
92,125,167
93,125,167
94,125,167
95,125,167
96,125,166
97,125,166
98,125,165
99,125,165
100,125,164
101,125,164
102,125,163
103,125,163
104,125,162
105,125,162
106,125,161
107,125,160
108,125,160
109,125,160
110,125,159
111,125,159
112,125,158
113,125,158
114,125,158
115,124,157
116,124,157
117,124,157
118,124,156
119,124,156
120,124,156
121,124,155
122,124,155
123,124,155
124,124,154
125,124,154
126,124,154
127,123,154
128,123,153
129,123,153
130,123,153
131,123,153
132,123,153
133,123,152
134,123,152
135,123,152
136,123,152
137,123,152
138,122,151
139,122,151
140,122,151
141,122,151
142,122,151
143,122,150
144,122,150
145,122,150
146,122,150
147,122,149
148,121,149
149,121,149
150,121,149
151,121,149
152,121,148
153,121,148
154,121,148
155,121,148
156,121,148
157,120,147
158,120,147
159,120,147
160,120,147
161,120,146
162,120,146
163,120,146
164,120,146
165,120,145
166,119,145
167,119,145
168,119,145
169,119,144
170,119,144
171,119,144
172,119,144
173,119,144
174,118,143
175,118,143
176,118,143
177,118,143
178,118,142
179,118,142
180,118,142
181,117,142
182,117,141
183,117,141
184,117,141
185,117,141
186,117,140
187,117,140
188,116,140
189,116,140
190,116,139
191,116,139
192,116,139
193,116,139
194,116,139
195,115,138
196,115,138
197,115,138
198,115,137
199,115,137
200,115,137
201,114,137
202,114,136
203,114,136
204,114,136
205,114,136
206,114,135
207,113,135
208,113,135
209,113,135
210,113,134
211,113,134
212,112,134
213,112,134
214,112,133
215,112,133
216,112,133
217,111,133
218,111,132
219,111,132
220,111,132
221,111,131
222,110,131
223,110,131
224,110,131
225,110,130
226,110,130
227,109,130
228,109,129
229,109,129
230,109,129
231,109,129
232,108,128
233,108,128
234,108,128
235,108,127
236,107,127
237,107,127
238,107,127
239,107,126
240,106,126
241,106,126
242,106,125
243,106,125
244,105,125
245,105,125
246,105,124
247,105,124
248,104,124
249,104,123
250,104,123
251,104,123
252,103,123
253,103,122
254,103,122
255,102,122
256,102,121
257,102,121
258,102,121
259,101,121
260,101,120
261,101,120
262,100,120
263,100,119
264,100,119
265,99,119
266,99,118
267,99,118
268,99,118
269,98,117
270,98,117
271,98,117
272,97,116
273,97,116
274,97,116
275,96,116
276,96,115
277,95,115
278,95,115
279,95,114
280,94,114
281,94,114
282,94,113
283,93,113
284,93,113
285,92,112
286,92,112
287,92,112
288,91,111
289,91,111
290,90,111
291,90,110
292,89,110
293,89,110
294,88,110
295,88,109
296,87,109
297,87,109
298,86,109
299,86,109
300,86,109
301,86,110
302,86,110
303,86,111
304,86,111
305,86,112
306,86,113
307,87,114
308,87,115
309,88,117
310,88,118
311,89,120
312,90,122
313,91,124
314,92,126
315,93,128
316,95,130
317,97,132
318,99,134
319,100,136
320,102,138
321,104,140
322,105,142
323,107,144
324,109,146
325,110,148
326,112,150
327,113,152
328,115,154
329,116,156
330,118,158
331,119,160
332,121,161
333,122,163
334,123,165
335,125,167
336,126,169
337,127,171
338,129,172
339,130,174
340,131,176
341,133,178
342,134,179
343,135,181
344,136,183
345,138,184
346,139,186
347,140,187
348,141,189
349,142,190
350,143,192
351,145,193
352,146,194
353,147,195
354,148,195
355,149,196
356,150,197
357,151,198
358,152,198
359,153,199
360,155,199
361,156,199
362,157,200
363,158,200
364,159,201
365,160,201
366,161,201
367,162,202
368,163,202
369,164,202
370,165,202
371,166,202
372,167,203
373,168,203
374,169,203
375,170,203
376,171,203
377,172,203
378,173,203
379,174,203
380,175,203
381,176,203
382,177,203
383,178,203
384,179,203
385,180,203
386,181,203
387,183,202
388,184,202
389,185,201
390,186,201
391,187,200
392,189,199
393,191,197
394,194,194
0,0
0,228
187,174,175
188,171,180
189,170,182
190,170,185
191,170,187
192,170,188
193,170,190
194,170,191
195,170,193
196,171,194
197,171,195
198,171,197
199,172,198
200,172,199
201,172,200
202,173,201
203,173,202
204,173,203
205,173,204
206,174,205
207,174,206
208,174,206
209,174,207
210,174,207
211,174,207
212,174,208
213,174,208
214,174,207
215,174,207
216,174,207
217,174,206
218,174,206
219,174,205
220,174,205
221,174,204
222,174,204
223,174,204
224,174,203
225,174,203
226,174,202
227,174,202
228,174,201
229,174,201
230,174,200
231,173,200
232,173,200
233,173,200
234,173,199
235,173,199
236,173,199
237,172,199
238,172,198
239,172,198
240,172,198
241,172,198
242,171,197
243,171,197
244,171,197
245,171,197
246,171,196
247,170,196
248,170,196
249,170,196
250,170,195
251,169,195
252,169,195
253,169,195
254,169,194
255,168,194
256,168,194
257,168,193
258,168,193
259,167,193
260,167,193
261,167,192
262,167,192
263,167,192
264,166,191
265,166,191
266,166,191
267,165,191
268,165,190
269,165,190
270,165,190
271,164,189
272,164,189
273,164,189
274,164,189
275,163,188
276,163,188
277,163,188
278,162,187
279,162,187
280,162,187
281,162,186
282,161,186
283,161,186
284,161,186
285,161,185
286,160,185
287,160,185
288,160,184
289,159,184
290,159,184
291,159,183
292,158,183
293,158,183
294,158,182
295,157,182
296,157,182
297,157,181
298,156,181
299,156,181
300,156,180
301,155,180
302,155,180
303,155,179
304,154,179
305,154,178
306,153,178
307,153,178
308,153,177
309,152,177
310,152,177
311,151,176
312,151,176
313,151,175
314,150,175
315,150,174
316,149,174
317,149,174
318,149,173
319,148,173
320,148,172
321,147,172
322,147,171
323,146,171
324,146,171
325,145,170
326,145,170
327,144,169
328,144,169
329,143,168
330,142,168
331,142,167
332,141,167
333,141,166
334,140,166
335,140,165
336,139,165
337,139,164
338,138,164
339,137,163
340,137,163
341,136,162
342,135,162
343,135,161
344,134,161
345,134,160
346,133,160
347,132,159
348,132,158
349,131,158
350,130,157
351,130,157
352,129,156
353,128,155
354,127,155
355,127,154
356,126,153
357,125,153
358,124,152
359,124,151
360,123,151
361,122,150
362,121,149
363,120,148
364,120,148
365,119,147
366,118,146
367,117,145
368,116,144
369,115,143
370,114,143
371,114,142
372,113,141
373,112,140
374,111,139
375,110,138
376,109,137
377,107,136
378,107,135
379,105,134
380,104,133
381,103,132
382,102,131
383,101,130
384,99,128
385,98,127
386,96,126
387,95,125
388,93,123
389,92,122
390,90,121
391,89,119
392,87,118
393,86,116
394,84,115
395,83,113
396,81,112
397,80,110
398,78,108
399,77,107
400,75,105
401,74,103
402,72,101
403,71,99
404,69,97
405,67,95
406,66,93
407,65,91
408,63,89
409,62,87
410,61,84
411,61,82
412,61,79
413,62,76
414,66,71
0,0
1,170
30,242,246
31,240,248
32,239,250
33,238,251
34,238,252
35,237,253
36,237,254
37,237,254
38,237,255
39,237,256
40,237,257
41,237,258
42,237,258
43,237,259
44,237,260
45,237,260
46,237,261
47,237,262
48,237,262
49,237,263
50,237,264
51,237,264
52,237,265
53,236,266
54,236,266
55,236,267
56,236,267
57,236,268
58,236,268
59,236,268
60,236,268
61,236,269
62,235,269
63,235,269
64,235,269
65,235,269
66,235,268
67,235,268
68,235,268
69,234,267
70,234,267
71,234,266
72,234,265
73,234,265
74,234,264
75,233,264
76,233,263
77,233,262
78,233,262
79,233,261
80,232,261
81,232,260
82,232,260
83,232,259
84,232,259
85,231,258
86,231,258
87,231,257
88,231,257
89,231,256
90,230,256
91,230,255
92,230,255
93,230,254
94,230,254
95,229,253
96,229,253
97,229,252
98,229,252
99,228,252
100,228,251
101,228,251
102,228,250
103,228,250
104,227,250
105,227,249
106,227,249
107,227,248
108,227,248
109,226,248
110,226,247
111,226,247
112,226,246
113,225,246
114,225,246
115,225,246
116,225,245
117,225,245
118,224,244
119,224,244
120,224,244
121,224,243
122,223,243
123,223,243
124,223,242
125,223,242
126,222,242
127,222,241
128,222,241
129,222,240
130,221,240
131,221,240
132,221,239
133,221,239
134,221,239
135,220,238
136,220,238
137,220,238
138,220,237
139,219,237
140,219,237
141,219,236
142,219,236
143,218,236
144,218,235
145,218,235
146,218,234
147,217,234
148,217,234
149,217,233
150,217,233
151,216,233
152,216,232
153,216,232
154,216,232
155,215,231
156,215,231
157,215,231
158,215,230
159,214,230
160,214,229
161,214,229
162,214,229
163,213,228
164,213,228
165,213,228
166,213,227
167,212,227
168,212,227
169,212,226
170,212,226
171,211,225
172,211,225
173,211,225
174,211,224
175,210,224
176,210,223
177,210,223
178,210,222
179,209,222
180,209,222
181,209,221
182,209,221
183,208,220
184,208,220
185,208,219
186,208,219
187,207,218
188,207,218
189,207,217
190,207,217
191,206,216
192,206,216
193,206,215
194,206,215
195,205,214
196,206,213
197,206,213
198,207,212
199,208,211
0,0
1,229
200,113,115
201,112,116
202,112,116
203,111,117
204,111,118
205,111,118
206,111,119
207,111,120
208,111,120
209,110,121
210,110,121
211,110,122
212,110,122
213,110,122
214,110,123
215,109,123
216,109,124
217,109,124
218,109,124
219,109,124
220,109,125
221,109,125
222,109,125
223,108,125
224,108,125
225,108,125
226,108,126
227,108,126
228,108,126
229,108,126
230,107,126
231,107,126
232,107,126
233,107,126
234,107,125
235,107,125
236,107,125
237,106,125
238,106,125
239,106,125
240,106,125
241,106,124
242,106,124
243,106,124
244,105,124
245,105,124
246,105,124
247,105,123
248,105,123
249,105,123
250,105,122
251,104,122
252,104,122
253,104,122
254,104,121
255,104,121
256,104,121
257,104,121
258,103,120
259,103,120
260,103,120
261,103,120
262,103,119
263,103,119
264,102,119
265,102,119
266,102,118
267,102,118
268,102,118
269,102,118
270,102,118
271,101,117
272,101,117
273,101,117
274,101,117
275,101,116
276,101,116
277,100,116
278,100,116
279,100,116
280,100,115
281,100,115
282,100,115
283,99,115
284,99,115
285,99,115
286,99,114
287,99,114
288,99,114
289,98,114
290,98,114
291,98,114
292,98,113
293,98,113
294,98,113
295,97,113
296,97,113
297,97,113
298,97,112
299,97,112
300,97,112
301,97,112
302,96,112
303,96,112
304,96,112
305,96,111
306,96,111
307,95,111
308,95,111
309,95,111
310,95,111
311,95,111
312,95,110
313,94,110
314,94,110
315,94,110
316,94,110
317,94,110
318,93,110
319,93,110
320,93,109
321,93,109
322,93,109
323,93,109
324,92,109
325,92,109
326,92,109
327,92,109
328,92,109
329,92,108
330,91,108
331,91,108
332,91,108
333,91,108
334,91,108
335,90,108
336,90,108
337,90,108
338,90,108
339,90,107
340,90,107
341,89,107
342,89,107
343,89,107
344,89,107
345,89,107
346,88,107
347,88,107
348,88,107
349,88,107
350,88,106
351,87,106
352,87,106
353,87,106
354,87,106
355,87,106
356,86,106
357,86,106
358,86,106
359,86,106
360,85,106
361,85,106
362,85,106
363,85,106
364,85,105
365,84,105
366,84,105
367,84,105
368,84,105
369,84,105
370,83,105
371,83,105
372,83,105
373,83,105
374,83,105
375,82,105
376,82,105
377,82,105
378,82,105
379,81,105
380,81,105
381,81,105
382,81,104
383,81,104
384,81,104
385,80,104
386,80,104
387,80,104
388,80,104
389,80,104
390,80,104
391,80,104
392,80,104
393,80,104
394,79,104
395,80,104
396,80,104
397,80,104
398,80,104
399,80,104
400,80,104
401,80,104
402,80,104
403,81,104
404,81,104
405,81,104
406,81,104
407,82,104
408,82,104
409,82,104
410,83,104
411,83,104
412,84,104
413,84,104
414,84,104
415,85,104
416,85,104
417,86,104
418,87,104
419,87,105
420,88,104
421,89,104
422,89,104
423,90,104
424,91,104
425,92,104
426,93,103
427,94,102
428,96,101
0,0
0,97
59,251,251
60,243,255
61,241,259
62,239,263
63,238,266
64,237,269
65,237,272
66,237,274
67,237,275
68,237,276
69,238,277
70,238,277
71,239,277
72,240,278
73,240,278
74,241,278
75,242,278
76,243,278
77,244,278
78,245,278
79,245,278
80,246,278
81,247,278
82,247,279
83,248,279
84,249,279
85,249,279
86,250,279
87,251,279
88,251,279
89,252,279
90,252,279
91,253,279
92,253,279
93,254,280
94,254,280
95,255,280
96,255,280
97,256,280
98,256,280
99,257,280
100,257,280
101,257,280
102,258,280
103,258,281
104,258,281
105,259,281
106,259,281
107,259,281
108,259,281
109,260,281
110,260,281
111,260,281
112,260,282
113,261,282
114,261,282
115,261,282
116,262,282
117,262,282
118,262,282
119,262,282
120,263,282
121,263,283
122,263,283
123,263,283
124,264,283
125,264,283
126,264,283
127,264,283
128,264,283
129,265,283
130,265,284
131,265,284
132,265,284
133,265,284
134,266,284
135,266,284
136,266,284
137,266,285
138,266,285
139,267,285
140,267,285
141,267,285
142,268,285
143,268,285
144,269,285
145,269,285
146,270,285
147,271,285
148,271,285
149,272,284
150,273,284
151,274,284
152,275,283
153,276,283
154,277,282
155,280,280
0,0
0,128
18,352,357
19,350,361
20,348,364
21,347,366
22,346,368
23,346,370
24,346,372
25,346,373
26,346,375
27,346,377
28,347,378
29,347,379
30,348,381
31,348,382
32,348,383
33,349,384
34,349,385
35,349,385
36,349,386
37,349,386
38,349,387
39,349,387
40,349,387
41,350,387
42,350,386
43,350,386
44,350,386
45,350,385
46,350,384
47,350,383
48,349,383
49,349,382
50,349,382
51,349,381
52,349,381
53,349,380
54,349,379
55,349,379
56,349,378
57,349,378
58,349,377
59,349,377
60,348,377
61,348,376
62,348,376
63,348,375
64,348,375
65,348,374
66,347,374
67,347,373
68,347,373
69,347,372
70,347,372
71,346,372
72,346,371
73,346,371
74,346,370
75,346,370
76,345,370
77,345,369
78,345,369
79,345,369
80,344,368
81,344,368
82,344,367
83,344,367
84,343,367
85,343,366
86,343,366
87,343,365
88,342,365
89,342,365
90,342,364
91,342,364
92,341,364
93,341,363
94,341,363
95,340,362
96,340,362
97,340,362
98,340,361
99,339,361
100,339,360
101,339,360
102,339,360
103,338,359
104,338,359
105,338,358
106,337,358
107,337,357
108,337,357
109,336,357
110,336,356
111,336,356
112,336,355
113,335,355
114,335,354
115,335,354
116,334,353
117,334,353
118,334,353
119,333,352
120,333,352
121,333,351
122,333,351
123,332,350
124,332,350
125,332,349
126,331,349
127,331,348
128,331,348
129,331,347
130,330,347
131,330,346
132,330,346
133,330,345
134,330,345
135,330,344
136,330,343
137,329,342
138,329,342
139,329,341
140,329,340
141,329,339
142,330,338
143,330,337
144,330,335
145,331,333
0,0
0,121
170,221,227
171,219,233
172,218,238
173,218,241
174,218,243
175,218,245
176,218,247
177,219,248
178,219,248
179,219,249
180,220,249
181,220,249
182,221,250
183,221,250
184,222,250
185,222,250
186,223,250
187,223,250
188,224,250
189,224,250
190,224,250
191,225,250
192,225,251
193,225,251
194,226,251
195,226,251
196,227,251
197,227,251
198,227,251
199,228,251
200,228,252
201,228,252
202,229,252
203,229,252
204,229,252
205,230,252
206,230,253
207,230,253
208,231,253
209,231,253
210,231,253
211,232,253
212,232,254
213,232,254
214,232,254
215,233,254
216,233,254
217,233,254
218,234,255
219,234,255
220,234,255
221,234,255
222,234,255
223,235,255
224,235,256
225,235,256
226,235,256
227,236,256
228,236,256
229,236,256
230,236,257
231,236,257
232,237,257
233,237,257
234,237,257
235,237,258
236,237,258
237,237,258
238,238,258
239,238,258
240,238,258
241,238,259
242,238,259
243,239,259
244,239,259
245,239,259
246,239,259
247,239,260
248,239,260
249,239,260
250,239,260
251,240,260
252,240,260
253,240,260
254,240,261
255,240,261
256,241,261
257,241,261
258,241,261
259,241,261
260,241,261
261,242,261
262,242,262
263,242,262
264,242,262
265,243,262
266,243,262
267,243,262
268,243,262
269,244,262
270,244,262
271,244,262
272,245,262
273,245,262
274,245,262
275,246,262
276,246,262
277,247,262
278,247,262
279,248,262
280,248,262
281,249,262
282,249,262
283,250,262
284,251,262
285,252,262
286,252,261
287,253,261
288,255,261
289,256,260
290,258,258
0,0
1,136
225,176,178
226,175,179
227,175,180
228,174,180
229,174,181
230,174,182
231,174,182
232,174,183
233,174,184
234,174,184
235,174,185
236,174,185
237,173,186
238,173,186
239,173,187
240,173,187
241,173,187
242,173,188
243,173,188
244,172,188
245,172,188
246,172,189
247,172,189
248,172,189
249,171,189
250,171,189
251,171,189
252,171,189
253,171,188
254,171,188
255,170,188
256,170,188
257,170,188
258,170,187
259,170,187
260,169,187
261,169,186
262,169,186
263,169,186
264,169,185
265,168,185
266,168,185
267,168,184
268,168,184
269,167,184
270,167,184
271,167,183
272,167,183
273,166,183
274,166,183
275,166,182
276,166,182
277,166,182
278,165,182
279,165,181
280,165,181
281,165,181
282,164,181
283,164,180
284,164,180
285,164,180
286,163,180
287,163,179
288,163,179
289,163,179
290,163,179
291,162,179
292,162,178
293,162,178
294,162,178
295,161,178
296,161,178
297,161,177
298,161,177
299,161,177
300,160,177
301,160,177
302,160,176
303,160,176
304,160,176
305,159,176
306,159,176
307,159,176
308,159,175
309,159,175
310,158,175
311,158,175
312,158,175
313,158,175
314,158,175
315,157,174
316,157,174
317,157,174
318,157,174
319,157,174
320,157,174
321,156,174
322,156,173
323,156,173
324,156,173
325,156,173
326,156,173
327,155,173
328,155,173
329,155,172
330,155,172
331,155,172
332,155,172
333,154,172
334,154,172
335,154,172
336,154,172
337,154,172
338,153,171
339,153,171
340,153,171
341,153,171
342,153,171
343,152,171
344,152,171
345,152,171
346,152,171
347,152,171
348,151,171
349,151,171
350,151,171
351,151,171
352,151,171
353,150,171
354,150,171
355,150,171
356,150,171
357,149,171
358,149,171
359,153,171
360,163,171
0,131
147,366,366
148,361,371
149,358,375
150,358,378
151,358,380
152,358,382
153,358,385
154,359,387
155,359,388
156,359,390
157,359,392
158,359,394
159,359,396
160,359,397
161,359,399
162,359,400
163,359,402
164,360,403
165,360,405
166,360,406
167,360,407
168,360,408
169,360,410
170,360,411
171,360,412
172,361,412
173,361,413
174,362,413
175,362,413
176,362,413
177,362,413
178,362,413
179,362,413
180,362,413
181,362,412
182,362,411
183,362,411
184,362,410
185,362,409
186,362,408
187,362,407
188,362,406
189,362,405
190,362,404
191,362,403
192,362,402
193,362,401
194,362,400
195,361,400
196,361,399
197,361,398
198,361,397
199,361,397
200,361,396
201,361,395
202,361,395
203,360,394
204,360,394
205,360,393
206,360,393
207,360,392
208,360,392
209,360,391
210,359,391
211,359,390
212,359,390
213,359,389
214,359,389
215,359,389
216,359,388
217,358,388
218,358,387
219,358,387
220,358,387
221,358,386
222,357,386
223,357,386
224,357,385
225,357,385
226,357,385
227,357,385
228,356,384
229,356,384
230,356,384
231,356,384
232,356,383
233,355,383
234,355,383
235,355,382
236,355,382
237,355,382
238,354,381
239,354,381
240,354,381
241,354,381
242,354,380
243,353,380
244,353,380
245,353,379
246,353,379
247,352,379
248,352,378
249,352,378
250,351,378
251,351,377
252,351,377
253,350,377
254,350,376
255,350,376
256,349,376
257,349,375
258,349,375
259,349,374
260,349,374
261,349,374
262,349,373
263,349,373
264,349,372
265,349,372
266,349,371
267,349,371
268,349,370
269,350,369
270,350,369
271,351,368
272,351,367
273,352,367
274,352,366
275,353,364
276,355,362
277,358,358
0,0
1,95
246,221,223
247,220,224
248,220,225
249,219,226
250,219,227
251,219,227
252,219,228
253,218,228
254,218,228
255,218,228
256,217,228
257,217,228
258,217,228
259,217,228
260,216,229
261,216,228
262,216,228
263,216,228
264,215,228
265,215,228
266,215,228
267,215,228
268,214,228
269,214,228
270,214,228
271,213,228
272,213,227
273,213,227
274,213,227
275,212,227
276,212,227
277,212,227
278,211,227
279,211,227
280,211,226
281,211,226
282,210,226
283,210,226
284,210,226
285,209,226
286,209,225
287,209,225
288,208,225
289,208,225
290,208,225
291,208,225
292,207,225
293,207,224
294,207,224
295,207,224
296,206,224
297,206,224
298,206,224
299,206,224
300,205,223
301,205,223
302,205,223
303,205,223
304,205,223
305,205,223
306,204,223
307,204,223
308,204,222
309,204,222
310,204,222
311,204,222
312,204,222
313,204,222
314,204,222
315,204,222
316,203,221
317,204,221
318,204,221
319,204,221
320,204,221
321,204,221
322,204,221
323,204,221
324,205,221
325,205,220
326,205,220
327,205,220
328,206,220
329,206,220
330,206,220
331,207,220
332,207,220
333,208,219
334,208,219
335,209,219
336,210,219
337,211,218
338,212,217
339,214,217
339,214,215
0,0
1,108
250,265,266
251,264,267
252,264,268
253,264,269
254,263,270
255,263,271
256,263,271
257,263,271
258,263,272
259,262,272
260,262,272
261,262,272
262,262,272
263,262,272
264,262,272
265,261,273
266,261,272
267,261,272
268,261,272
269,261,272
270,261,272
271,260,272
272,260,272
273,260,272
274,260,271
275,260,271
276,260,271
277,259,271
278,259,271
279,259,271
280,259,271
281,259,271
282,258,271
283,258,271
284,258,271
285,258,271
286,258,271
287,258,271
288,257,271
289,257,270
290,257,270
291,257,270
292,257,270
293,256,270
294,256,270
295,256,270
296,256,270
297,256,269
298,255,269
299,255,269
300,255,269
301,255,269
302,255,269
303,254,269
304,254,269
305,254,269
306,254,269
307,254,268
308,253,268
309,253,268
310,253,268
311,253,268
312,253,268
313,253,268
314,252,268
315,252,268
316,252,268
317,252,268
318,252,267
319,251,267
320,251,267
321,251,267
322,251,267
323,251,267
324,251,267
325,251,267
326,250,267
327,250,267
328,250,267
329,250,266
330,250,266
331,250,266
332,250,266
333,250,266
334,250,266
335,250,266
336,250,266
337,250,266
338,250,266
339,250,266
340,251,266
341,251,265
342,251,265
343,251,265
344,251,265
345,252,265
346,252,265
347,252,265
348,253,265
349,253,265
350,254,265
351,254,265
352,255,264
353,256,264
354,257,264
355,258,263
356,259,263
356,259,260
0,0
1,259
197,327,327
198,325,329
199,325,331
200,325,332
201,325,333
202,324,334
203,324,334
204,324,335
205,324,336
206,324,337
207,324,337
208,323,338
209,323,338
210,323,339
211,323,339
212,323,340
213,323,340
214,323,341
215,323,341
216,322,341
217,322,342
218,322,342
219,322,342
220,322,342
221,322,342
222,322,343
223,321,343
224,321,343
225,321,343
226,321,343
227,321,343
228,321,343
229,321,342
230,321,342
231,320,342
232,320,342
233,320,342
234,320,342
235,320,342
236,320,341
237,320,341
238,320,341
239,319,340
240,319,340
241,319,340
242,319,340
243,319,340
244,319,339
245,319,339
246,318,339
247,318,339
248,318,338
249,318,338
250,318,338
251,318,338
252,318,337
253,318,337
254,317,337
255,317,337
256,317,336
257,317,336
258,317,336
259,317,336
260,317,336
261,317,335
262,316,335
263,316,335
264,316,335
265,316,335
266,316,334
267,316,334
268,316,334
269,315,334
270,315,334
271,315,333
272,315,333
273,315,333
274,315,333
275,315,333
276,315,333
277,314,332
278,314,332
279,314,332
280,314,332
281,314,332
282,314,332
283,314,331
284,313,331
285,313,331
286,313,331
287,313,331
288,313,331
289,313,330
290,313,330
291,313,330
292,312,330
293,312,330
294,312,330
295,312,330
296,312,329
297,312,329
298,312,329
299,311,329
300,311,329
301,311,329
302,311,329
303,311,328
304,311,328
305,311,328
306,310,328
307,310,328
308,310,328
309,310,328
310,310,327
311,310,327
312,310,327
313,309,327
314,309,327
315,309,327
316,309,327
317,309,327
318,309,327
319,309,326
320,309,326
321,308,326
322,308,326
323,308,326
324,308,326
325,308,326
326,308,326
327,307,326
328,307,326
329,307,325
330,307,325
331,307,325
332,307,325
333,307,325
334,306,325
335,306,325
336,306,325
337,306,325
338,306,325
339,306,325
340,305,325
341,305,324
342,305,324
343,305,324
344,305,324
345,305,324
346,305,324
347,304,324
348,304,324
349,304,324
350,304,324
351,304,324
352,304,324
353,303,324
354,303,324
355,303,324
356,303,323
357,303,323
358,303,323
359,303,323
360,302,323
361,302,323
362,302,323
363,302,323
364,302,323
365,302,323
366,301,323
367,301,323
368,301,323
369,301,323
370,301,323
371,300,323
372,300,323
373,300,323
374,300,323
375,300,323
376,300,323
377,299,323
378,299,323
379,299,323
380,299,323
381,299,323
382,298,323
383,298,323
384,298,323
385,298,323
386,298,323
387,298,323
388,297,323
389,297,323
390,297,323
391,297,323
392,297,323
393,296,323
394,296,323
395,296,323
396,296,323
397,296,323
398,295,323
399,295,323
400,295,323
401,295,323
402,295,323
403,294,323
404,294,323
405,294,323
406,294,323
407,294,323
408,293,323
409,293,323
410,293,323
411,293,323
412,293,323
413,293,323
414,293,323
415,293,323
416,293,323
417,292,323
418,293,323
419,293,323
420,293,323
421,293,323
422,293,323
423,294,323
424,294,323
425,294,323
426,294,323
427,295,323
428,295,323
429,296,323
430,296,323
431,296,323
432,297,323
433,297,323
434,298,323
435,298,323
436,299,323
437,299,323
438,300,323
439,301,323
440,301,323
441,302,323
442,303,323
443,303,324
444,304,323
445,305,323
446,305,323
447,306,323
448,307,322
449,308,322
450,309,322
451,309,322
452,311,322
453,312,321
454,313,320
455,314,319
0,0
0,177
268,288,290
269,284,296
270,283,300
271,282,303
272,282,305
273,281,307
274,281,309
275,281,311
276,282,313
277,282,315
278,283,317
279,283,318
280,284,320
281,284,321
282,284,322
283,285,323
284,285,324
285,286,324
286,286,324
287,287,324
288,287,324
289,288,323
290,288,323
291,288,322
292,288,322
293,289,321
294,289,321
295,289,320
296,289,320
297,289,320
298,289,320
299,289,319
300,289,319
301,289,319
302,289,319
303,289,318
304,289,318
305,289,318
306,289,318
307,289,317
308,289,317
309,289,317
310,289,317
311,289,317
312,289,316
313,289,316
314,289,316
315,289,316
316,289,316
317,288,315
318,288,315
319,288,315
320,288,315
321,288,315
322,288,314
323,288,314
324,287,314
325,287,314
326,287,314
327,287,313
328,287,313
329,286,313
330,286,313
331,286,312
332,286,312
333,285,312
334,285,311
335,285,311
336,285,311
337,284,311
338,284,310
339,284,310
340,284,310
341,283,309
342,283,309
343,283,309
344,282,308
345,282,308
346,282,308
347,281,307
348,281,307
349,281,307
350,280,306
351,280,306
352,280,306
353,279,305
354,279,305
355,278,304
356,278,304
357,278,304
358,277,303
359,277,303
360,276,302
361,276,302
362,275,302
363,275,301
364,274,301
365,274,300
366,273,300
367,273,299
368,272,299
369,272,298
370,271,298
371,270,297
372,270,297
373,269,296
374,269,296
375,268,295
376,267,295
377,267,294
378,266,293
379,265,293
380,265,292
381,264,292
382,263,291
383,263,290
384,262,290
385,261,289
386,260,289
387,259,288
388,258,287
389,257,286
390,256,286
391,255,285
392,254,284
393,253,284
394,252,283
395,251,282
396,250,281
397,249,280
398,248,280
399,247,279
400,246,278
401,244,277
402,243,276
403,242,275
404,241,274
405,240,273
406,238,272
407,237,271
408,236,270
409,234,269
410,233,268
411,231,267
412,229,266
413,227,264
414,226,263
415,224,262
416,222,260
417,220,259
418,218,258
419,216,256
420,214,255
421,212,253
422,210,251
423,208,249
424,206,247
425,203,245
426,201,243
427,199,241
428,197,239
429,195,237
430,192,234
431,190,232
432,187,229
433,185,226
434,183,223
435,180,220
436,178,217
437,175,214
438,173,210
439,171,207
440,170,203
441,169,198
442,170,193
443,173,187
444,179,179
0,0
1,161
300,319,324
301,317,327
302,316,329
303,317,331
304,317,333
305,317,334
306,319,324
306,318,336
307,319,338
308,320,339
309,321,341
310,322,343
311,323,344
312,324,346
313,325,348
314,327,349
315,328,351
316,329,352
317,330,354
318,331,355
319,332,357
320,334,359
321,335,360
322,336,362
323,337,363
324,338,365
325,339,366
326,340,368
327,341,370
328,343,371
329,344,373
330,345,374
331,346,376
332,347,377
333,348,379
334,349,380
335,350,382
336,351,383
337,353,385
338,354,386
339,355,388
340,356,389
341,357,391
342,358,392
343,359,394
344,360,395
345,361,397
346,362,398
347,363,399
348,365,401
349,366,402
350,367,404
351,368,405
352,369,407
353,370,408
354,371,410
355,372,411
356,373,412
357,374,414
358,375,415
359,376,417
360,377,418
361,378,419
362,379,421
363,380,422
364,381,423
365,382,425
366,383,426
367,383,428
368,384,429
369,385,430
370,386,432
371,387,433
372,388,434
373,389,436
374,390,437
375,391,438
376,392,439
377,392,440
378,393,441
379,394,441
380,395,442
381,396,442
382,397,443
383,397,443
384,398,443
385,399,444
386,400,444
387,401,444
388,401,445
389,402,445
390,403,445
391,404,445
392,404,445
393,405,446
394,406,446
395,406,446
396,407,446
397,408,446
398,408,446
399,409,446
400,410,446
401,410,446
402,411,446
403,412,446
404,412,446
405,413,447
406,413,447
407,414,447
408,414,447
409,415,447
410,416,447
411,416,447
412,417,447
413,417,447
414,418,447
415,418,447
416,419,447
417,420,447
418,420,447
419,421,447
420,421,447
421,422,447
422,422,447
423,423,447
424,423,447
425,424,447
426,424,447
427,425,447
428,425,447
429,426,447
430,426,447
431,427,447
432,427,447
433,428,447
434,428,447
435,429,447
436,429,447
437,430,447
438,430,447
439,431,447
440,431,447
441,432,446
442,432,446
443,433,446
444,433,446
445,434,446
446,434,446
447,435,446
448,435,446
449,436,446
450,436,446
451,437,446
452,437,446
453,438,445
454,439,445
455,439,445
456,440,445
457,441,444
458,441,444
459,442,443
0,0
