0,337
58,109,109
59,104,113
60,102,117
61,100,119
62,100,122
63,99,124
64,99,126
65,99,128
66,99,130
67,99,131
68,99,133
69,100,135
70,100,136
71,101,138
72,101,139
73,102,141
74,103,142
75,103,144
76,104,145
77,104,146
78,105,147
79,105,148
80,106,149
81,106,149
82,107,150
83,107,150
84,107,151
85,107,151
86,108,151
87,108,151
88,108,151
89,108,151
90,108,151
91,108,151
92,108,150
93,109,150
94,109,150
95,109,149
96,109,149
97,109,148
98,109,148
99,109,147
100,109,147
101,109,146
102,109,146
103,109,145
104,109,145
105,109,144
106,109,144
107,109,143
108,109,143
109,109,143
110,109,142
111,109,142
112,109,142
113,109,142
114,109,141
115,109,141
116,109,141
117,109,140
118,109,140
119,109,140
120,109,140
121,108,139
122,108,139
123,108,139
124,108,139
125,108,138
126,108,138
127,108,138
128,108,138
129,108,138
130,108,138
131,108,137
132,108,137
133,108,137
134,108,137
135,108,137
136,108,137
137,108,136
138,108,136
139,108,136
140,108,136
141,107,136
142,107,136
143,107,135
144,107,135
145,107,135
146,107,135
147,107,135
148,107,134
149,107,134
150,107,134
151,107,134
152,107,134
153,107,134
154,107,133
155,106,133
156,106,133
157,106,133
158,106,133
159,106,133
160,106,132
161,106,132
162,106,132
163,106,132
164,106,132
165,106,131
166,106,131
167,106,131
168,106,131
169,105,131
170,105,130
171,105,130
172,105,130
173,105,130
174,105,130
175,105,129
176,105,129
177,105,129
178,105,129
179,105,129
180,105,128
181,104,128
182,104,128
183,104,128
184,104,128
185,104,127
186,104,127
187,104,127
188,104,127
189,103,127
190,103,126
191,103,126
192,103,126
193,103,126
194,103,126
195,103,125
196,103,125
197,103,125
198,102,125
199,102,125
200,102,124
201,102,124
202,102,124
203,102,124
204,102,123
205,102,123
206,101,123
207,101,123
208,101,122
209,101,122
210,101,122
211,101,122
212,101,122
213,100,121
214,100,121
215,100,121
216,100,121
217,100,120
218,100,120
219,99,120
220,99,120
221,99,120
222,99,119
223,99,119
224,99,119
225,98,119
226,98,118
227,98,118
228,98,118
229,98,118
230,98,118
231,97,117
232,97,117
233,97,117
234,97,117
235,97,116
236,96,116
237,96,116
238,96,116
239,96,115
240,95,115
241,95,115
242,95,115
243,95,114
244,95,114
245,94,114
246,94,114
247,94,113
248,94,113
249,94,113
250,93,113
251,93,112
252,93,112
253,93,112
254,92,112
255,92,111
256,92,111
257,92,111
258,91,111
259,91,110
260,91,110
261,91,110
262,90,109
263,90,109
264,90,109
265,90,109
266,89,108
267,89,108
268,89,108
269,89,108
270,88,107
271,88,107
272,88,107
273,87,107
274,87,106
275,87,106
276,86,106
277,86,105
278,86,105
279,85,105
280,85,104
281,85,104
282,84,104
283,84,104
284,84,103
285,83,103
286,83,103
287,82,103
288,82,102
289,82,102
290,81,102
291,81,101
292,80,101
293,80,101
294,79,101
295,79,101
296,79,101
297,78,101
298,78,101
299,78,101
300,78,102
301,78,102
302,78,103
303,78,103
304,78,104
305,79,105
306,79,106
307,80,108
308,80,109
309,81,111
310,82,113
311,83,115
312,84,117
313,85,119
314,87,121
315,89,123
316,90,125
317,92,127
318,94,128
319,95,130
320,97,132
321,98,134
322,100,136
323,101,138
324,103,140
325,104,142
326,106,144
327,107,145
328,109,147
329,110,149
330,111,151
331,113,152
332,114,154
333,115,156
334,117,158
335,118,160
336,119,161
337,121,163
338,122,165
339,123,166
340,124,168
341,125,170
342,127,171
343,128,173
344,129,174
345,130,176
346,131,177
347,132,179
348,134,180
349,135,182
350,136,183
351,137,184
352,138,185
353,139,186
354,140,186
355,141,187
356,142,188
357,143,188
358,144,189
359,145,189
360,146,190
361,147,190
362,148,191
363,149,191
364,150,191
365,151,191
366,152,192
367,153,192
368,154,192
369,155,192
370,156,192
371,157,193
372,158,193
373,159,193
374,160,193
375,161,193
376,162,193
377,163,193
378,164,193
379,165,193
380,166,193
381,167,193
382,168,193
383,169,193
384,170,193
385,171,193
386,172,193
387,173,192
388,174,192
389,175,191
390,177,191
391,178,190
392,179,189
393,182,187
394,184,184
0,0
0,254
161,163,170
162,160,174
163,158,177
164,156,179
165,156,181
166,155,183
167,155,185
168,155,186
169,155,188
170,155,190
171,156,192
172,156,193
173,156,195
174,157,196
175,158,198
176,158,199
177,159,199
178,159,200
179,159,200
180,160,201
181,160,201
182,161,201
183,161,201
184,161,201
185,162,200
186,162,200
187,162,200
188,162,199
189,162,199
190,163,198
191,163,198
192,163,197
193,163,197
194,163,197
195,163,196
196,163,196
197,163,195
198,163,195
199,163,195
200,163,194
201,163,194
202,163,194
203,163,193
204,163,193
205,163,193
206,163,193
207,163,192
208,163,192
209,163,192
210,163,191
211,163,191
212,163,191
213,163,191
214,163,191
215,163,190
216,163,190
217,163,190
218,163,190
219,163,190
220,162,190
221,162,189
222,162,189
223,162,189
224,162,189
225,162,189
226,162,189
227,162,188
228,162,188
229,162,188
230,162,188
231,162,188
232,162,188
233,162,188
234,162,187
235,162,187
236,162,187
237,162,187
238,162,187
239,161,187
240,161,186
241,161,186
242,161,186
243,161,186
244,161,186
245,161,186
246,160,186
247,160,185
248,160,185
249,160,185
250,160,185
251,160,185
252,159,185
253,159,185
254,159,184
255,159,184
256,158,184
257,158,184
258,158,184
259,158,184
260,158,184
261,157,183
262,157,183
263,157,183
264,157,183
265,156,183
266,156,183
267,156,182
268,156,182
269,155,182
270,155,182
271,155,182
272,154,181
273,154,181
274,154,181
275,154,181
276,153,180
277,153,180
278,153,180
279,153,180
280,152,179
281,152,179
282,152,179
283,151,179
284,151,178
285,151,178
286,150,178
287,150,177
288,150,177
289,149,177
290,149,176
291,149,176
292,148,176
293,148,175
294,148,175
295,147,174
296,147,174
297,146,174
298,146,173
299,146,173
300,145,172
301,145,172
302,144,171
303,144,171
304,144,171
305,143,170
306,143,170
307,142,169
308,142,169
309,142,168
310,141,168
311,141,167
312,140,167
313,140,166
314,139,166
315,139,165
316,139,165
317,138,164
318,138,164
319,137,163
320,137,163
321,136,162
322,136,162
323,135,161
324,135,161
325,134,160
326,133,160
327,133,159
328,132,159
329,132,158
330,131,158
331,131,157
332,130,157
333,130,156
334,129,156
335,128,156
336,128,155
337,127,155
338,127,154
339,126,154
340,125,153
341,125,153
342,124,152
343,123,152
344,123,151
345,122,150
346,121,150
347,120,149
348,120,148
349,119,148
350,118,147
351,117,146
352,117,145
353,116,145
354,115,144
355,114,143
356,114,142
357,113,142
358,112,141
359,111,140
360,110,139
361,109,138
362,108,137
363,108,136
364,107,135
365,106,134
366,105,133
367,104,132
368,103,131
369,102,130
370,101,129
371,100,128
372,99,127
373,98,126
374,97,125
375,96,124
376,94,123
377,93,122
378,92,121
379,91,120
380,89,118
381,88,117
382,87,116
383,86,115
384,84,113
385,83,112
386,82,111
387,81,109
388,79,108
389,78,107
390,77,105
391,75,104
392,74,103
393,73,101
394,71,99
395,70,98
396,68,96
397,67,95
398,66,93
399,64,91
400,63,90
401,62,88
402,61,86
403,59,84
404,58,82
405,57,80
406,55,78
407,54,76
408,53,74
409,52,71
410,50,69
411,50,66
412,49,63
413,51,59
414,53,53
0,0
1,162
19,230,237
20,229,239
21,228,240
22,227,241
23,227,242
24,227,243
25,227,244
26,226,245
27,226,246
28,226,247
29,226,247
30,226,248
31,226,249
32,226,250
33,226,250
34,226,251
35,226,252
36,226,253
37,226,253
38,226,254
39,226,255
40,226,255
41,226,256
42,226,257
43,226,257
44,226,258
45,226,258
46,226,259
47,226,259
48,226,259
49,226,259
50,226,260
51,225,260
52,225,260
53,225,260
54,225,260
55,225,260
56,225,260
57,225,259
58,225,259
59,224,258
60,224,258
61,224,257
62,224,256
63,224,256
64,224,255
65,224,255
66,223,254
67,223,254
68,223,253
69,223,253
70,223,252
71,223,251
72,222,251
73,222,250
74,222,250
75,222,249
76,222,249
77,222,249
78,221,248
79,221,248
80,221,247
81,221,247
82,221,246
83,220,246
84,220,245
85,220,245
86,220,245
87,220,244
88,220,244
89,219,243
90,219,243
91,219,242
92,219,242
93,219,242
94,218,241
95,218,241
96,218,241
97,218,240
98,218,240
99,217,240
100,217,239
101,217,239
102,217,238
103,217,238
104,216,238
105,216,237
106,216,237
107,216,237
108,216,236
109,216,236
110,215,236
111,215,235
112,215,235
113,215,235
114,214,234
115,214,234
116,214,234
117,214,233
118,214,233
119,213,233
120,213,232
121,213,232
122,213,232
123,213,231
124,212,231
125,212,231
126,212,230
127,212,230
128,212,229
129,211,229
130,211,229
131,211,228
132,211,228
133,211,228
134,210,227
135,210,227
136,210,227
137,210,226
138,209,226
139,209,226
140,209,225
141,209,225
142,209,224
143,208,224
144,208,224
145,208,223
146,208,223
147,207,223
148,207,222
149,207,222
150,207,222
151,207,221
152,206,221
153,206,220
154,206,220
155,206,220
156,205,219
157,205,219
158,205,218
159,205,218
160,205,218
161,204,217
162,204,217
163,204,216
164,204,216
165,203,215
166,203,215
167,203,215
168,203,214
169,203,213
170,202,213
171,202,212
172,202,212
173,202,211
174,202,211
175,201,210
176,202,210
177,202,209
178,202,208
179,203,207
180,205,206
0,0
1,154
240,136,138
241,135,139
242,135,140
243,134,140
244,134,141
245,134,142
246,133,142
247,133,143
248,133,143
249,133,143
250,133,144
251,132,144
252,132,145
253,132,145
254,132,145
255,132,146
256,132,146
257,132,146
258,132,147
259,131,147
260,131,147
261,131,147
262,131,148
263,131,148
264,131,148
265,131,148
266,131,148
267,130,148
268,130,148
269,130,149
270,130,149
271,130,148
272,130,148
273,129,148
274,129,148
275,129,148
276,129,148
277,129,148
278,129,148
279,129,148
280,128,148
281,128,148
282,128,148
283,128,148
284,128,147
285,127,147
286,127,147
287,127,147
288,127,146
289,127,146
290,126,146
291,126,146
292,126,145
293,126,145
294,126,145
295,125,145
296,125,145
297,125,144
298,125,144
299,125,144
300,124,144
301,124,143
302,124,143
303,124,143
304,123,143
305,123,143
306,123,142
307,123,142
308,122,142
309,122,142
310,122,142
311,122,141
312,121,141
313,121,141
314,121,141
315,121,140
316,120,140
317,120,140
318,120,140
319,119,140
320,119,139
321,119,139
322,118,139
323,118,139
324,118,138
325,118,138
326,117,138
327,117,138
328,117,138
329,116,137
330,116,137
331,116,137
332,115,137
333,115,136
334,115,136
335,115,136
336,114,136
337,114,136
338,114,135
339,113,135
340,113,135
341,113,135
342,112,134
343,112,134
344,112,134
345,111,134
346,111,134
347,110,133
348,110,133
349,110,133
350,109,133
351,109,132
352,109,132
353,108,132
354,108,132
355,108,132
356,107,131
357,107,131
358,107,131
359,107,131
360,107,130
361,107,130
362,106,130
363,106,130
364,106,130
365,106,129
366,106,129
367,106,129
368,106,129
369,105,128
370,106,128
371,106,128
372,106,128
373,107,127
374,107,127
375,107,127
376,107,127
377,107,126
378,107,126
379,108,126
380,108,125
381,108,125
382,109,125
383,109,125
384,109,124
385,110,124
386,110,124
387,110,123
388,111,123
389,112,123
390,112,122
391,113,122
392,114,120
393,116,119
0,0
0,202
43,298,298
44,293,303
45,290,307
46,289,310
47,288,313
48,288,315
49,287,317
50,287,320
51,287,322
52,287,323
53,288,325
54,288,327
55,288,329
56,289,330
57,289,331
58,290,333
59,291,334
60,291,335
61,292,336
62,292,337
63,293,337
64,293,337
65,294,338
66,294,338
67,295,337
68,295,337
69,295,337
70,296,337
71,296,336
72,297,336
73,297,336
74,297,336
75,297,336
76,298,335
77,298,335
78,298,335
79,299,335
80,299,334
81,299,334
82,299,334
83,299,334
84,300,334
85,300,334
86,300,333
87,300,333
88,300,333
89,301,333
90,301,333
91,301,333
92,301,333
93,301,333
94,302,332
95,302,332
96,302,332
97,302,332
98,302,332
99,302,332
100,302,332
101,302,332
102,303,332
103,303,332
104,303,332
105,303,332
106,303,331
107,303,331
108,303,331
109,303,331
110,303,331
111,303,331
112,304,331
113,304,331
114,304,331
115,304,331
116,304,331
117,304,331
118,304,331
119,304,331
120,304,331
121,304,331
122,304,331
123,304,330
124,304,330
125,304,330
126,304,330
127,305,330
128,305,330
129,305,330
130,305,330
131,305,330
132,305,330
133,305,330
134,305,330
135,305,330
136,305,330
137,305,330
138,305,330
139,305,330
140,305,330
141,305,330
142,305,329
143,305,329
144,305,329
145,305,329
146,305,329
147,305,329
148,305,329
149,305,329
150,305,329
151,305,329
152,305,329
153,305,329
154,305,329
155,305,329
156,305,329
157,305,329
158,305,329
159,305,329
160,305,329
161,306,329
162,306,328
163,306,328
164,306,328
165,306,328
166,306,328
167,306,328
168,306,328
169,306,328
170,306,328
171,306,328
172,306,328
173,306,328
174,306,328
175,306,328
176,306,328
177,306,328
178,306,328
179,306,328
180,306,328
181,306,328
182,306,327
183,306,327
184,306,327
185,306,327
186,306,327
187,306,327
188,306,327
189,306,327
190,306,327
191,306,327
192,306,327
193,306,327
194,306,327
195,305,327
196,305,327
197,305,327
198,305,327
199,305,327
200,305,327
201,305,326
202,305,326
203,305,326
204,305,326
205,305,326
206,305,326
207,305,326
208,305,326
209,305,326
210,305,326
211,305,326
212,305,326
213,305,326
214,305,326
215,305,326
216,305,326
217,305,326
218,305,326
219,305,326
220,305,325
221,305,325
222,305,325
223,305,325
224,305,325
225,305,325
226,305,325
227,305,325
228,305,325
229,305,325
230,305,325
231,305,325
232,305,325
233,305,325
234,305,325
235,305,325
236,305,325
237,305,325
238,305,325
239,305,322
240,305,319
241,305,315
242,305,312
243,305,309
244,305,305
0,0
0,48
173,239,241
174,238,244
175,237,246
176,236,248
177,236,250
178,236,252
179,236,254
180,236,256
181,236,258
182,237,260
183,237,261
184,237,263
185,238,264
186,239,266
187,239,267
188,240,268
189,240,269
190,241,270
191,242,271
192,242,272
193,243,273
194,244,274
195,244,274
196,245,275
197,246,275
198,246,275
199,247,275
200,248,275
201,248,275
202,249,275
203,249,275
204,250,275
205,250,275
206,251,275
207,252,275
208,252,275
209,253,275
210,253,275
211,254,274
212,254,274
213,255,274
214,256,273
215,257,273
216,257,272
217,258,272
218,260,271
219,261,269
220,265,267
0,0
0,61
151,379,379
152,375,386
153,374,388
154,373,390
155,373,392
156,373,394
157,373,395
158,373,396
159,373,397
160,373,398
161,373,399
162,373,401
163,373,402
164,373,402
165,373,403
166,373,404
167,373,405
168,372,406
169,372,406
170,372,407
171,371,407
172,371,407
173,371,407
174,370,407
175,369,406
176,369,406
177,368,404
178,368,402
179,367,400
180,367,399
181,366,397
182,366,395
183,365,394
184,364,392
185,364,391
186,363,389
187,363,388
188,362,387
189,361,385
190,361,384
191,360,382
192,360,381
193,359,380
194,358,378
195,358,377
196,357,375
197,356,374
198,356,373
199,355,371
200,355,370
201,354,369
202,353,367
203,353,366
204,352,365
205,351,363
206,351,362
207,350,361
208,350,360
209,350,358
210,351,357
211,354,355
0,0
1,271
197,250,251
198,249,253
199,249,255
200,249,256
201,248,257
202,248,257
203,248,258
204,248,259
205,248,260
206,247,260
207,247,261
208,247,262
209,247,262
210,247,263
211,247,263
212,247,263
213,246,264
214,246,264
215,246,265
216,246,265
217,246,265
218,246,265
219,245,265
220,245,265
221,245,266
222,245,266
223,245,266
224,245,266
225,245,266
226,244,267
227,244,266
228,244,266
229,244,266
230,244,266
231,244,265
232,243,265
233,243,265
234,243,265
235,243,265
236,243,264
237,243,264
238,243,264
239,242,264
240,242,263
241,242,263
242,242,263
243,242,262
244,242,262
245,241,262
246,241,262
247,241,261
248,241,261
249,241,261
250,241,261
251,241,260
252,240,260
253,240,260
254,240,260
255,240,259
256,240,259
257,240,259
258,239,259
259,239,258
260,239,258
261,239,258
262,239,258
263,239,257
264,239,257
265,238,257
266,238,257
267,238,256
268,238,256
269,238,256
270,238,256
271,237,256
272,237,255
273,237,255
274,237,255
275,237,255
276,237,255
277,236,254
278,236,254
279,236,254
280,236,254
281,236,254
282,236,253
283,236,253
284,235,253
285,235,253
286,235,252
287,235,252
288,235,252
289,235,252
290,234,252
291,234,252
292,234,251
293,234,251
294,234,251
295,234,251
296,233,251
297,233,250
298,233,250
299,233,250
300,233,250
301,233,250
302,233,250
303,232,249
304,232,249
305,232,249
306,232,249
307,232,249
308,232,249
309,231,249
310,231,248
311,231,248
312,231,248
313,231,248
314,231,248
315,230,248
316,230,247
317,230,247
318,230,247
319,230,247
320,230,247
321,229,247
322,229,247
323,229,246
324,229,246
325,229,246
326,229,246
327,228,246
328,228,246
329,228,246
330,228,246
331,228,245
332,228,245
333,227,245
334,227,245
335,227,245
336,227,245
337,227,245
338,227,245
339,226,244
340,226,244
341,226,244
342,226,244
343,226,244
344,225,244
345,225,244
346,225,244
347,225,244
348,225,243
349,225,243
350,224,243
351,224,243
352,224,243
353,224,243
354,224,243
355,224,243
356,223,243
357,223,243
358,223,243
359,223,242
360,223,242
361,222,242
362,222,242
363,222,242
364,222,242
365,222,242
366,221,242
367,221,242
368,221,242
369,221,242
370,221,242
371,221,242
372,220,242
373,220,242
374,220,241
375,220,241
376,220,241
377,219,241
378,219,241
379,219,241
380,219,241
381,219,241
382,218,241
383,218,241
384,218,241
385,218,241
386,218,241
387,217,241
388,217,241
389,217,241
390,217,241
391,217,241
392,216,241
393,216,241
394,216,241
395,216,241
396,216,241
397,215,241
398,215,241
399,215,240
400,215,240
401,215,240
402,214,240
403,214,240
404,214,240
405,214,240
406,213,240
407,213,240
408,213,240
409,213,240
410,212,240
411,212,240
412,212,240
413,212,240
414,212,240
415,211,240
416,211,240
417,211,240
418,211,240
419,210,240
420,210,240
421,210,240
422,210,240
423,210,240
424,210,240
425,210,240
426,210,240
427,210,240
428,209,240
429,210,240
430,210,240
431,210,240
432,210,240
433,210,240
434,211,240
435,211,240
436,211,240
437,211,240
438,211,240
439,212,240
440,212,240
441,212,240
442,213,240
443,213,240
444,214,240
445,214,240
446,214,240
447,215,240
448,215,240
449,216,240
450,217,240
451,217,240
452,218,240
453,218,240
454,219,240
455,220,240
456,220,240
457,221,239
458,222,239
459,222,239
460,223,239
461,224,239
462,225,239
463,226,238
464,227,238
465,228,237
466,229,236
467,230,235
0,0
0,172
283,216,216
284,213,221
285,211,225
286,211,227
287,211,230
288,211,232
289,211,234
290,211,235
291,212,237
292,213,238
293,213,240
294,214,241
295,214,242
296,215,243
297,215,245
298,216,246
299,216,247
300,217,247
301,217,248
302,218,249
303,218,250
304,219,250
305,219,251
306,219,251
307,220,252
308,220,252
309,221,252
310,221,252
311,221,252
312,222,252
313,222,252
314,222,252
315,223,252
316,223,252
317,223,252
318,224,252
319,224,252
320,224,252
321,224,252
322,225,252
323,225,252
324,225,252
325,225,252
326,226,252
327,226,252
328,226,252
329,226,252
330,226,252
331,227,252
332,227,252
333,227,252
334,227,252
335,228,252
336,228,252
337,228,252
338,228,252
339,228,253
340,228,253
341,229,253
342,229,253
343,229,253
344,229,253
345,229,253
346,229,253
347,229,253
348,230,253
349,230,253
350,230,253
351,230,253
352,230,253
353,230,253
354,230,253
355,230,253
356,231,254
357,231,254
358,231,254
359,231,254
360,231,254
361,231,254
362,231,254
363,231,254
364,231,254
365,231,254
366,231,254
367,232,255
368,232,255
369,232,255
370,232,255
371,232,255
372,232,255
373,232,255
374,232,255
375,232,255
376,232,255
377,232,255
378,232,255
379,232,256
380,232,256
381,233,256
382,233,256
383,233,256
384,233,256
385,233,256
386,233,256
387,233,256
388,233,256
389,233,256
390,233,256
391,233,257
392,233,257
393,233,257
394,233,257
395,233,257
396,233,257
397,233,257
398,233,257
399,233,257
400,233,257
401,233,257
402,233,257
403,233,257
404,233,258
405,233,258
406,233,258
407,233,258
408,233,258
409,233,258
410,233,258
411,233,259
412,233,259
413,233,259
414,233,259
415,233,259
416,234,260
417,234,260
418,234,260
419,234,260
420,234,260
421,234,260
422,234,261
423,235,261
424,235,261
425,235,261
426,235,261
427,236,261
428,236,261
429,236,261
430,236,261
431,237,261
432,237,262
433,238,262
434,238,262
435,238,262
436,239,262
437,239,262
438,240,262
439,240,262
440,241,262
441,241,261
442,242,261
443,243,261
444,243,261
445,244,261
446,245,261
447,245,261
448,246,261
449,247,260
450,248,260
451,249,260
452,250,259
453,252,258
454,254,257
0,0
1,176
226,295,297
227,294,298
228,294,300
229,293,300
230,293,301
231,293,302
232,293,303
233,293,303
234,293,304
235,293,305
236,293,305
237,293,306
238,293,306
239,293,307
240,293,307
241,293,308
242,293,308
243,293,308
244,293,309
245,293,309
246,293,309
247,292,310
248,292,310
249,292,310
250,292,310
251,292,310
252,292,310
253,292,310
254,292,310
255,292,310
256,292,310
257,292,310
258,292,309
259,291,309
260,291,309
261,291,309
262,291,309
263,291,308
264,291,308
265,291,308
266,291,308
267,291,308
268,291,307
269,291,307
270,291,307
271,290,307
272,290,307
273,290,306
274,290,306
275,290,306
276,290,306
277,290,306
278,290,305
279,290,305
280,290,305
281,289,305
282,289,305
283,289,304
284,289,304
285,289,304
286,289,304
287,289,303
288,289,303
289,288,303
290,288,303
291,288,303
292,288,303
293,288,302
294,288,302
295,288,302
296,287,302
297,287,302
298,287,301
299,287,301
300,287,301
301,287,301
302,287,301
303,287,300
304,286,300
305,286,300
306,286,300
307,286,300
308,286,299
309,286,299
310,285,299
311,285,299
312,285,299
313,285,299
314,285,298
315,285,298
316,284,298
317,284,298
318,284,298
319,284,297
320,284,297
321,284,297
322,283,297
323,283,297
324,283,296
325,283,296
326,283,296
327,282,296
328,282,296
329,282,296
330,282,295
331,282,295
332,281,295
333,281,295
334,281,295
335,281,295
336,281,294
337,280,294
338,280,294
339,280,294
340,280,294
341,279,293
342,279,293
343,279,293
344,279,293
345,278,293
346,278,293
347,278,292
348,278,292
349,278,292
350,277,292
351,277,292
352,277,292
353,276,291
354,276,291
355,276,291
356,276,291
357,275,291
358,275,291
359,275,290
360,275,290
361,274,290
362,274,290
363,274,290
364,273,290
365,273,290
366,273,289
367,273,289
368,272,289
369,272,289
370,272,289
371,271,289
372,271,289
373,271,289
374,271,289
375,270,288
376,270,288
377,269,288
378,269,288
379,269,288
380,269,288
381,268,288
382,268,288
383,268,288
384,267,288
385,267,288
386,267,288
387,266,288
388,266,288
389,265,288
390,265,288
391,265,288
392,268,288
393,270,288
394,273,288
395,275,288
396,278,288
397,281,289
398,283,289
399,286,290
400,288,290
401,291,291
0,208
262,405,405
263,396,411
264,392,415
265,391,418
266,391,420
267,391,422
268,392,424
269,392,426
270,392,428
271,393,430
272,393,431
273,394,433
274,394,434
275,394,436
276,395,437
277,395,439
278,396,440
279,396,441
280,396,442
281,397,443
282,397,444
283,397,444
284,398,445
285,398,445
286,399,446
287,399,446
288,399,446
289,400,446
290,400,446
291,400,446
292,401,445
293,401,445
294,402,445
295,402,444
296,402,444
297,403,443
298,403,442
299,403,442
300,403,441
301,403,440
302,403,439
303,403,439
304,403,438
305,404,438
306,404,437
307,404,437
308,404,436
309,404,436
310,404,435
311,404,435
312,404,435
313,404,434
314,404,434
315,404,434
316,404,433
317,404,433
318,404,433
319,404,432
320,404,432
321,404,432
322,404,432
323,404,432
324,404,431
325,404,431
326,404,431
327,404,431
328,404,431
329,404,431
330,404,431
331,404,430
332,404,430
333,404,430
334,404,430
335,404,430
336,404,430
337,404,430
338,404,430
339,404,430
340,404,430
341,404,429
342,404,429
343,404,429
344,404,429
345,404,429
346,404,429
347,403,429
348,403,429
349,403,429
350,403,429
351,403,429
352,403,429
353,403,428
354,403,428
355,403,428
356,403,428
357,403,428
358,402,428
359,402,428
360,402,428
361,402,428
362,402,428
363,402,428
364,402,427
365,402,427
366,402,427
367,401,427
368,401,427
369,401,427
370,401,427
371,401,427
372,401,427
373,401,427
374,400,427
375,400,427
376,400,426
377,400,426
378,400,426
379,400,426
380,399,426
381,399,426
382,399,426
383,399,426
384,399,426
385,398,426
386,398,426
387,398,426
388,398,426
389,398,425
390,397,425
391,397,425
392,397,425
393,397,425
394,397,425
395,396,425
396,396,425
397,396,424
398,396,424
399,395,424
400,395,424
401,395,424
402,395,424
403,394,424
404,394,423
404,374,374
404,394,423
405,371,377
405,394,423
406,371,379
406,393,423
407,371,381
407,393,423
408,371,382
408,392,423
409,371,384
409,392,422
410,371,386
410,391,422
411,372,389
411,389,422
411,372,422
412,372,422
413,372,421
414,372,421
415,373,421
416,373,421
417,374,420
418,374,420
419,374,420
420,375,420
421,375,419
422,376,419
423,376,419
424,376,418
425,377,418
426,377,418
427,378,417
428,378,417
429,379,416
430,379,416
431,380,416
432,380,415
433,381,415
434,381,415
435,382,414
436,382,414
437,382,413
438,383,413
439,383,412
440,384,412
441,384,412
442,385,411
443,385,411
444,386,410
445,387,410
446,387,409
447,388,409
448,388,408
449,389,408
450,390,407
451,390,407
452,391,407
453,392,406
454,392,405
455,393,405
456,394,404
457,395,403
458,397,401
459,399,399
0,0
0,66
330,278,280
331,275,287
332,275,291
333,275,294
334,275,297
335,275,299
336,275,300
337,275,301
338,276,301
339,276,302
340,277,302
341,277,302
342,278,302
343,278,302
344,279,302
345,279,302
346,280,302
347,280,302
348,281,302
349,281,302
350,281,303
351,282,303
352,282,303
353,283,303
354,283,303
355,283,303
356,284,303
357,284,303
358,284,303
359,285,303
360,285,303
361,285,303
362,286,303
363,286,304
364,286,304
365,286,304
366,287,304
367,287,304
368,287,304
369,287,304
370,287,304
371,288,304
372,288,304
373,288,304
374,288,305
375,288,305
376,289,305
377,289,305
378,289,305
379,289,305
380,290,305
381,290,305
382,291,305
383,291,305
384,291,305
385,292,305
386,292,305
387,293,305
388,293,305
389,294,304
390,295,304
391,295,304
392,296,304
393,297,304
394,298,303
395,300,301
0,0
1,56
284,335,336
285,335,338
286,334,338
287,334,339
288,334,340
289,334,340
290,334,341
291,333,341
292,333,341
293,333,342
294,333,342
295,332,342
296,332,342
297,332,342
298,332,342
299,332,343
300,331,342
301,331,342
302,331,342
303,331,342
304,330,342
305,330,341
306,330,341
307,329,341
308,329,341
309,329,340
310,329,340
311,328,340
312,328,340
313,328,339
314,327,339
315,327,339
316,327,339
317,326,338
318,326,338
319,325,338
320,325,338
321,324,337
322,324,337
323,324,337
324,323,337
325,323,337
326,322,336
327,322,336
328,321,336
329,320,336
330,320,335
331,319,335
332,319,335
333,318,335
334,317,335
335,316,335
336,319,335
337,325,335
338,330,336
339,336,337
0,61
314,343,343
315,338,346
316,336,348
317,335,350
318,335,352
319,336,354
320,336,355
321,336,357
322,336,359
323,336,360
324,336,362
325,337,364
326,337,365
327,337,367
328,337,368
329,337,370
330,337,371
331,338,371
332,338,371
333,338,372
334,338,371
335,338,371
336,338,371
337,339,371
338,339,370
339,339,369
340,339,369
341,339,368
342,339,367
343,339,366
344,339,365
345,339,364
346,339,364
347,339,363
348,338,362
349,338,362
350,338,361
351,337,361
352,337,360
353,337,360
354,337,359
355,336,359
356,336,358
357,336,358
358,336,357
359,335,357
360,335,357
361,335,356
362,335,356
363,334,355
364,334,355
365,334,355
366,334,354
367,333,354
368,333,354
369,333,353
370,333,353
371,332,353
372,332,352
373,339,352
374,352,352
0,0
1,67
295,376,378
296,376,379
297,375,380
298,375,381
299,374,381
300,374,381
301,374,381
302,373,381
303,373,382
304,373,382
305,372,382
306,372,382
307,372,382
308,371,382
309,371,381
310,371,381
311,370,381
312,370,381
313,370,381
314,369,381
315,369,381
316,369,381
317,368,381
318,368,381
319,368,381
320,367,380
321,367,380
322,367,380
323,366,380
324,366,380
325,366,380
326,365,379
327,365,379
328,365,379
329,365,379
330,365,379
331,364,379
332,364,379
333,364,378
334,364,378
335,364,378
336,364,378
337,364,378
338,364,378
339,364,378
340,363,378
341,363,377
342,363,377
343,363,377
344,363,377
345,364,377
346,364,377
347,364,377
348,364,377
349,364,377
350,364,376
351,365,376
352,365,376
353,365,376
354,366,376
355,366,376
356,367,376
357,367,375
358,368,375
359,369,375
360,370,374
361,372,372
0,0
1,149
247,420,423
248,420,424
249,419,426
250,419,427
251,419,428
252,418,429
253,418,430
254,418,430
255,418,431
256,418,431
257,418,432
258,418,432
259,418,432
260,418,432
261,417,432
262,417,433
263,417,432
264,417,432
265,417,432
266,417,432
267,417,432
268,417,432
269,417,432
270,417,431
271,416,431
272,416,431
273,416,431
274,416,431
275,416,431
276,416,430
277,416,430
278,416,430
279,416,430
280,415,430
281,415,429
282,415,429
283,415,429
284,415,429
285,415,429
286,415,429
287,414,429
288,414,428
289,414,428
290,414,428
291,414,428
292,414,428
293,414,428
294,414,428
295,413,427
296,413,427
297,413,427
298,413,427
299,413,427
300,413,427
301,412,427
302,412,427
303,412,426
304,412,426
305,412,426
306,412,426
307,411,426
308,411,426
309,411,426
310,411,426
311,411,426
312,411,425
313,411,425
314,410,425
315,410,425
316,410,425
317,410,425
318,410,425
319,409,425
320,409,425
321,409,424
322,409,424
323,409,424
324,409,424
325,408,424
326,408,424
327,408,424
328,408,424
329,408,424
330,408,424
331,407,424
332,407,423
333,407,423
334,407,423
335,407,423
336,406,423
337,406,423
338,406,423
339,406,423
340,406,423
341,405,423
342,405,423
343,405,422
344,405,422
345,405,422
346,404,422
347,404,422
348,404,422
349,404,422
350,404,422
351,403,422
352,403,422
353,403,422
354,403,422
355,403,422
356,402,421
357,402,421
358,402,421
359,402,421
360,402,421
361,401,421
362,401,421
363,401,421
364,401,421
365,401,421
366,401,421
367,401,421
368,401,421
369,401,421
370,400,420
371,401,420
372,401,420
373,401,420
374,401,420
375,401,420
376,402,420
377,402,420
378,402,420
379,403,420
380,403,420
381,403,420
382,404,420
383,404,420
384,405,420
385,406,420
386,406,419
387,407,419
388,408,419
389,409,419
390,409,419
391,410,419
392,411,418
393,412,418
394,414,417
394,414,416
0,0
