1,259
115,74,77
116,74,78
117,73,79
118,73,80
119,73,81
120,73,82
121,73,83
122,72,84
123,72,84
124,72,85
125,72,86
126,72,87
127,72,87
128,72,88
129,72,89
130,72,90
131,72,90
132,72,91
133,71,92
134,71,92
135,71,93
136,71,93
137,71,93
138,71,94
139,71,94
140,71,94
141,71,94
142,71,94
143,71,95
144,71,94
145,71,94
146,71,94
147,70,94
148,70,94
149,70,94
150,70,93
151,70,93
152,70,93
153,70,93
154,70,93
155,70,93
156,70,92
157,70,92
158,70,92
159,70,92
160,70,92
161,70,92
162,70,91
163,69,91
164,69,91
165,69,91
166,69,91
167,69,91
168,69,91
169,69,90
170,69,90
171,69,90
172,69,90
173,69,90
174,69,90
175,69,89
176,69,89
177,69,89
178,69,89
179,68,89
180,68,89
181,68,89
182,68,88
183,68,88
184,68,88
185,68,88
186,68,88
187,68,88
188,68,88
189,68,87
190,68,87
191,68,87
192,68,87
193,68,87
194,67,87
195,67,87
196,67,86
197,67,86
198,67,86
199,67,86
200,67,86
201,67,86
202,67,86
203,67,85
204,67,85
205,67,85
206,67,85
207,66,85
208,66,85
209,66,85
210,66,85
211,66,84
212,66,84
213,66,84
214,66,84
215,66,84
216,66,84
217,65,84
218,65,83
219,65,83
220,65,83
221,65,83
222,65,83
223,65,83
224,64,83
225,64,83
226,64,82
227,64,82
228,64,82
229,64,82
230,64,82
231,64,82
232,63,82
233,63,82
234,63,81
235,63,81
236,63,81
237,63,81
238,63,81
239,63,81
240,62,81
241,62,81
242,62,81
243,62,80
244,62,80
245,62,80
246,61,80
247,61,80
248,61,80
249,61,80
250,61,80
251,61,80
252,61,79
253,60,79
254,60,79
255,60,79
256,60,79
257,60,79
258,60,79
259,60,79
260,59,78
261,59,78
262,59,78
263,59,78
264,59,78
265,58,78
266,58,78
267,58,78
268,58,78
269,58,78
270,58,77
271,57,77
272,57,77
273,57,77
274,57,77
275,57,77
276,56,77
277,56,77
278,56,77
279,56,77
280,56,76
281,56,76
282,55,76
283,55,76
284,55,76
285,55,76
286,55,76
287,54,76
288,54,76
289,54,76
290,54,75
291,54,75
292,54,75
293,53,75
294,53,75
295,53,75
296,53,75
297,53,75
298,52,75
299,52,75
300,52,74
301,52,74
302,52,74
303,51,74
304,51,74
305,51,74
306,51,74
307,51,74
308,50,74
309,50,74
310,50,74
311,50,73
312,50,73
313,50,73
314,49,73
315,49,73
316,49,73
317,49,73
318,49,73
319,48,73
320,48,73
321,48,73
322,48,72
323,48,72
324,47,72
325,47,72
326,47,72
327,47,72
328,47,72
329,46,72
330,46,72
331,46,72
332,46,72
333,46,71
334,45,71
335,45,71
336,45,71
337,45,71
338,45,71
339,44,71
340,45,71
341,45,71
342,45,71
343,45,71
344,45,70
345,45,70
346,45,70
347,45,70
348,45,70
349,46,70
350,46,70
351,46,70
352,47,70
353,47,70
354,47,70
355,48,70
356,48,70
357,49,70
358,49,70
359,50,70
360,50,70
361,51,70
362,51,70
363,52,70
364,52,70
365,53,70
366,53,70
367,54,69
368,54,69
369,55,68
370,55,68
371,56,67
372,57,66
373,58,64
0,0
0,144
73,236,238
74,233,242
75,232,244
76,232,246
77,232,248
78,232,249
79,232,251
80,232,252
81,231,253
82,231,254
83,231,255
84,230,256
85,230,257
86,230,258
87,229,259
88,229,260
89,228,260
90,228,261
91,227,262
92,227,262
93,226,263
94,226,263
95,225,264
96,225,264
97,224,264
98,224,265
99,223,265
100,222,265
101,222,265
102,221,265
103,221,264
104,220,264
105,219,263
106,219,262
107,218,261
108,217,259
109,217,258
110,216,256
111,215,255
112,214,254
113,214,253
114,213,252
115,212,251
116,211,249
117,211,248
118,210,247
119,209,246
120,208,245
121,207,244
122,206,243
123,205,242
124,205,240
125,204,239
126,203,238
127,202,237
128,201,236
129,200,235
130,199,234
131,198,233
132,197,232
133,196,231
134,195,229
135,194,228
136,193,227
137,192,226
138,191,225
139,190,224
140,189,223
141,188,222
142,187,220
143,185,219
144,184,218
145,183,217
146,182,216
147,181,214
148,180,213
149,179,212
150,177,211
151,176,210
152,175,208
153,174,207
154,172,206
155,171,205
156,170,203
157,169,202
158,167,201
159,166,199
160,165,198
161,163,197
162,162,195
163,160,194
164,159,193
165,158,191
166,156,190
167,155,189
168,153,187
169,152,186
170,150,185
171,149,183
172,147,182
173,146,180
174,144,179
175,142,177
176,141,176
177,139,174
178,137,173
179,136,171
180,134,170
181,132,168
182,130,167
183,129,165
184,127,163
185,125,162
186,123,160
187,121,158
188,120,157
189,118,155
190,116,153
191,114,151
192,112,149
193,110,147
194,108,146
195,106,144
196,104,141
197,102,139
198,100,137
199,98,135
200,97,132
201,95,130
202,92,127
203,91,124
204,89,122
205,87,119
206,85,116
207,82,113
208,80,110
209,78,107
210,76,103
211,74,100
212,73,96
213,71,92
214,70,87
215,71,82
216,75,75
0,0
0,127
91,228,232
92,226,234
93,226,236
94,225,238
95,225,239
96,225,240
97,225,241
98,225,242
99,225,243
100,225,244
101,226,245
102,226,246
103,226,247
104,227,248
105,227,249
106,228,249
107,228,250
108,229,251
109,229,252
110,230,253
111,230,254
112,231,254
113,231,255
114,231,255
115,231,255
116,231,255
117,232,255
118,232,256
119,232,256
120,232,256
121,232,255
122,232,255
123,232,255
124,232,255
125,232,255
126,232,254
127,232,254
128,232,254
129,232,254
130,232,254
131,232,254
132,232,254
133,232,254
134,232,254
135,232,254
136,232,254
137,232,254
138,232,254
139,232,254
140,233,254
141,233,254
142,233,254
143,233,254
144,233,254
145,233,254
146,232,254
147,232,254
148,232,254
149,232,254
150,232,254
151,232,254
152,232,253
153,232,253
154,232,253
155,232,253
156,232,253
157,232,253
158,231,253
159,231,253
160,231,253
161,231,253
162,231,253
163,231,253
164,231,253
165,230,253
166,230,253
167,230,253
168,230,253
169,230,253
170,230,253
171,229,253
172,229,253
173,229,254
174,229,254
175,228,254
176,228,254
177,228,254
178,228,254
179,228,254
180,227,254
181,227,254
182,227,254
183,227,254
184,227,253
185,227,253
186,227,253
187,227,253
188,227,253
189,228,253
190,228,253
191,228,253
192,228,253
193,228,253
194,229,253
195,229,252
196,229,252
197,229,252
198,230,252
199,230,252
200,230,251
201,231,251
202,231,251
203,231,251
204,232,250
205,232,250
206,232,250
207,233,249
208,233,249
209,234,249
210,234,248
211,235,248
212,236,247
213,237,247
214,237,246
215,238,245
216,240,244
217,241,241
0,0
0,65
124,296,300
125,295,306
126,295,311
127,295,316
128,295,321
129,295,325
130,295,330
131,296,334
132,297,338
133,297,342
134,298,346
135,300,350
136,301,354
137,303,358
138,305,361
139,307,364
140,309,367
141,311,370
142,313,372
143,315,375
144,317,377
145,319,379
146,321,381
147,322,383
148,324,385
149,326,387
150,328,388
151,330,389
152,332,390
153,334,391
154,335,392
155,337,393
156,339,394
157,341,394
158,342,395
159,344,396
160,346,397
161,348,397
162,349,398
163,351,399
164,353,399
165,355,400
166,356,400
167,358,401
168,360,401
169,361,402
170,363,402
171,365,403
172,366,403
173,368,403
174,370,404
175,371,404
176,373,404
177,375,404
178,376,404
179,378,404
180,379,404
181,381,404
182,383,403
183,384,403
184,386,402
185,387,401
186,389,400
187,393,398
188,396,396
0,0
0,242
205,160,162
206,157,166
207,155,169
208,155,171
209,154,172
210,154,174
211,154,175
212,154,177
213,154,178
214,155,179
215,155,181
216,155,182
217,156,183
218,156,184
219,157,185
220,157,186
221,157,188
222,158,189
223,158,190
224,158,190
225,158,191
226,158,192
227,158,193
228,159,193
229,159,194
230,159,195
231,159,195
232,159,195
233,159,196
234,159,196
235,158,196
236,158,195
237,158,195
238,158,195
239,158,195
240,158,194
241,158,194
242,158,193
243,158,192
244,157,192
245,157,191
246,157,190
247,157,189
248,157,189
249,156,188
250,156,187
251,156,187
252,156,186
253,156,185
254,155,185
255,155,184
256,155,184
257,155,183
258,155,183
259,154,182
260,154,182
261,154,182
262,154,181
263,153,181
264,153,180
265,153,180
266,153,179
267,153,179
268,152,179
269,152,178
270,152,178
271,152,178
272,151,177
273,151,177
274,151,177
275,151,176
276,150,176
277,150,176
278,150,175
279,150,175
280,149,174
281,149,174
282,149,174
283,149,173
284,148,173
285,148,172
286,148,172
287,148,171
288,147,171
289,147,171
290,147,170
291,147,170
292,146,169
293,146,169
294,146,169
295,145,168
296,145,168
297,145,167
298,144,167
299,144,167
300,144,166
301,144,166
302,143,165
303,143,165
304,143,164
305,142,164
306,142,164
307,142,163
308,141,163
309,141,162
310,141,162
311,140,161
312,140,161
313,140,160
314,139,160
315,139,160
316,139,159
317,138,159
318,138,158
319,138,158
320,137,157
321,137,157
322,136,156
323,136,156
324,136,155
325,135,155
326,135,155
327,135,154
328,134,154
329,134,153
330,133,153
331,133,152
332,132,152
333,132,151
334,131,151
335,131,150
336,131,150
337,130,149
338,130,149
339,129,148
340,129,148
341,128,147
342,128,147
343,127,146
344,127,146
345,126,145
346,126,145
347,125,144
348,125,144
349,124,143
350,124,143
351,123,142
352,122,142
353,122,141
354,121,141
355,120,140
356,120,140
357,120,140
358,119,140
359,119,140
360,119,140
361,119,140
362,119,141
363,119,142
364,120,142
365,120,143
366,120,145
367,121,147
368,122,149
369,122,151
370,123,153
371,124,155
372,126,157
373,127,159
374,130,161
375,131,163
376,133,165
377,135,167
378,137,169
379,139,171
380,141,174
381,142,176
382,144,178
383,146,180
384,147,182
385,149,184
386,151,186
387,152,188
388,154,190
389,156,191
390,157,193
391,159,195
392,160,197
393,161,199
394,163,201
395,164,203
396,166,205
397,167,206
398,169,208
399,170,210
400,171,212
401,172,213
402,174,215
403,175,217
404,176,218
405,178,220
406,179,222
407,180,223
408,181,225
409,182,226
410,184,227
411,185,228
412,186,229
413,187,230
414,189,231
415,190,231
416,191,232
417,192,232
418,193,233
419,194,233
420,196,234
421,197,234
422,198,234
423,199,235
424,200,235
425,201,235
426,202,235
427,204,236
428,205,236
429,206,236
430,207,236
431,208,236
432,209,236
433,210,236
434,211,236
435,212,237
436,214,237
437,215,236
438,216,236
439,217,236
440,218,236
441,219,236
442,220,235
443,222,235
444,223,234
445,225,233
446,227,230
0,0
0,192
262,209,214
263,205,218
264,203,220
265,203,222
266,202,223
267,202,225
268,202,226
269,202,228
270,202,229
271,202,230
272,203,231
273,203,233
274,203,234
275,204,235
276,204,237
277,204,238
278,205,239
279,205,240
280,205,241
281,205,241
282,205,242
283,206,242
284,206,242
285,206,242
286,206,242
287,206,242
288,206,242
289,206,241
290,205,241
291,205,240
292,205,239
293,205,239
294,205,238
295,205,237
296,205,237
297,204,236
298,204,236
299,204,235
300,204,235
301,204,234
302,204,234
303,204,233
304,203,233
305,203,232
306,203,232
307,203,231
308,203,231
309,203,231
310,203,230
311,202,230
312,202,230
313,202,229
314,202,229
315,202,229
316,202,228
317,202,228
318,201,228
319,201,227
320,201,227
321,201,227
322,201,226
323,200,226
324,200,226
325,200,225
326,200,225
327,199,225
328,199,224
329,199,224
330,198,224
331,198,224
332,198,223
333,197,223
334,197,223
335,197,222
336,197,222
337,196,222
338,196,221
339,195,221
340,195,221
341,195,220
342,194,220
343,194,220
344,193,220
345,193,219
346,193,219
347,192,219
348,192,218
349,191,218
350,191,218
351,191,217
352,190,217
353,190,217
354,189,216
355,189,216
356,188,216
357,188,215
358,188,215
359,187,214
360,187,214
361,186,214
362,186,213
363,185,213
364,185,212
365,184,212
366,184,211
367,183,211
368,183,210
369,182,210
370,182,209
371,181,209
372,181,208
373,180,208
374,179,207
375,179,206
376,178,206
377,178,205
378,177,205
379,177,204
380,176,203
381,175,203
382,175,202
383,174,201
384,174,200
385,173,200
386,172,199
387,172,198
388,171,198
389,170,197
390,170,196
391,169,196
392,168,195
393,167,194
394,167,194
395,166,193
396,165,192
397,164,192
398,163,191
399,163,190
400,162,190
401,161,189
402,160,188
403,159,188
404,158,187
405,157,186
406,156,186
407,155,185
408,154,184
409,154,183
410,153,182
411,152,182
412,150,181
413,149,180
414,148,179
415,147,178
416,146,177
417,145,176
418,144,175
419,143,173
420,141,172
421,140,171
422,139,170
423,138,169
424,136,167
425,135,166
426,133,165
427,132,163
428,130,162
429,128,160
430,127,159
431,125,157
432,123,156
433,122,154
434,120,153
435,118,151
436,116,149
437,115,147
438,113,146
439,111,144
440,109,142
441,107,140
442,106,138
443,104,136
444,102,133
445,100,131
446,98,128
447,97,126
448,95,123
449,93,120
450,92,117
451,91,113
452,92,109
453,94,103
0,0
1,189
44,314,318
45,312,321
46,311,322
47,311,323
48,310,324
49,310,325
50,310,326
51,309,327
52,309,328
53,309,329
54,309,329
55,309,330
56,309,331
57,309,332
58,309,332
59,309,333
60,309,334
61,309,335
62,309,335
63,309,336
64,309,337
65,309,337
66,309,338
67,309,338
68,309,339
69,309,339
70,309,340
71,309,340
72,309,341
73,309,341
74,309,341
75,309,341
76,308,341
77,308,342
78,308,341
79,308,341
80,308,341
81,308,341
82,308,340
83,307,340
84,307,339
85,307,339
86,307,338
87,307,338
88,307,337
89,306,337
90,306,336
91,306,335
92,306,335
93,306,334
94,306,334
95,306,333
96,305,333
97,305,332
98,305,332
99,305,331
100,305,331
101,304,330
102,304,330
103,304,330
104,304,329
105,304,329
106,304,328
107,303,328
108,303,327
109,303,327
110,303,326
111,303,326
112,302,326
113,302,325
114,302,325
115,302,324
116,302,324
117,301,324
118,301,323
119,301,323
120,301,322
121,301,322
122,300,322
123,300,321
124,300,321
125,300,321
126,299,320
127,299,320
128,299,320
129,299,319
130,299,319
131,298,319
132,298,318
133,298,318
134,298,318
135,297,317
136,297,317
137,297,317
138,297,316
139,297,316
140,296,316
141,296,315
142,296,315
143,296,315
144,296,314
145,295,314
146,295,314
147,295,313
148,295,313
149,294,313
150,294,313
151,294,312
152,294,312
153,293,312
154,293,311
155,293,311
156,293,311
157,293,310
158,292,310
159,292,310
160,292,309
161,292,309
162,292,309
163,291,308
164,291,308
165,291,308
166,291,308
167,290,307
168,290,307
169,290,307
170,290,306
171,289,306
172,289,306
173,289,305
174,289,305
175,288,305
176,288,304
177,288,304
178,288,304
179,288,303
180,287,303
181,287,303
182,287,302
183,287,302
184,286,302
185,286,301
186,286,301
187,286,301
188,285,300
189,285,300
190,285,300
191,285,300
192,284,299
193,284,299
194,284,298
195,284,298
196,283,298
197,283,297
198,283,297
199,283,297
200,282,296
201,282,296
202,282,296
203,282,295
204,281,295
205,281,295
206,281,294
207,281,294
208,281,293
209,280,293
210,280,293
211,280,292
212,280,292
213,279,292
214,279,291
215,279,291
216,279,290
217,278,290
218,278,289
219,278,289
220,278,288
221,277,288
222,277,288
223,277,287
224,277,286
225,276,286
226,276,285
227,276,285
228,276,284
229,276,284
230,277,283
231,277,282
232,278,281
0,0
1,106
256,231,234
257,230,236
258,230,238
259,229,240
260,229,241
261,229,242
262,229,243
263,229,244
264,229,245
265,229,246
266,229,247
267,229,247
268,229,248
269,229,249
270,229,250
271,229,250
272,229,251
273,229,251
274,229,251
275,229,252
276,229,252
277,229,252
278,229,252
279,229,252
280,229,253
281,229,253
282,229,253
283,229,253
284,229,253
285,229,252
286,229,252
287,229,252
288,229,252
289,229,252
290,229,252
291,229,251
292,229,251
293,229,250
294,229,250
295,228,250
296,228,249
297,228,249
298,228,248
299,228,248
300,228,248
301,228,247
302,228,247
303,227,246
304,227,246
305,227,246
306,227,245
307,227,245
308,226,245
309,226,245
310,226,244
311,226,244
312,226,243
313,225,243
314,225,243
315,225,242
316,225,242
317,224,242
318,224,241
319,224,241
320,224,241
321,223,240
322,223,240
323,223,240
324,223,239
325,222,239
326,222,239
327,222,238
328,222,238
329,221,238
330,221,238
331,221,237
332,221,237
333,220,236
334,220,236
335,220,236
336,220,236
337,219,235
338,219,235
339,219,235
340,218,234
341,218,234
342,218,234
343,218,233
344,217,233
345,217,233
346,217,232
347,216,232
348,216,232
349,216,231
350,216,230
351,215,229
352,215,227
353,215,226
354,214,224
355,214,222
356,214,221
357,214,219
358,213,218
359,213,216
360,213,214
361,212,213
0,87
211,367,367
212,361,373
213,361,376
214,360,379
215,359,381
216,359,383
217,358,385
218,357,387
219,357,388
220,356,390
221,356,392
222,355,393
223,354,395
224,354,396
225,353,398
226,352,399
227,352,400
228,351,402
229,351,403
230,350,404
231,349,405
231,349,354
231,354,405
232,349,349
232,358,406
232,358,406
233,360,407
234,361,408
235,362,408
236,363,409
237,363,409
238,363,410
239,364,410
240,364,410
241,363,410
242,363,410
243,363,410
244,362,410
245,361,409
246,360,408
247,360,406
248,359,404
249,358,401
250,358,398
251,357,395
252,356,393
253,355,391
254,355,389
255,354,387
256,353,385
257,352,384
258,352,382
259,351,380
260,350,379
261,350,377
262,349,376
263,348,374
264,347,373
265,347,372
266,346,370
267,345,369
268,345,368
269,344,366
270,343,365
271,342,363
272,342,362
273,341,361
274,340,359
275,339,358
276,339,356
277,338,355
278,337,354
279,337,352
280,336,351
281,335,349
282,334,348
283,334,347
284,333,345
285,332,344
286,332,343
287,331,341
288,330,340
289,329,339
290,329,337
291,328,336
292,329,334
293,331,331
0,0
0,186
278,315,315
279,309,321
280,307,325
281,306,328
282,306,331
283,306,333
284,306,335
285,307,337
286,308,338
287,309,339
288,310,340
289,311,341
290,312,342
291,314,343
292,315,344
293,316,345
294,317,345
295,318,346
296,319,347
297,320,347
298,321,348
299,322,349
300,322,349
301,323,350
302,324,350
303,324,350
304,325,351
305,325,351
306,326,352
307,326,352
308,327,352
309,327,353
310,328,353
311,328,354
312,329,354
313,329,354
314,329,355
315,330,355
316,330,355
317,330,356
318,330,356
319,331,356
320,331,356
321,331,357
322,331,357
323,332,357
324,332,357
325,332,358
326,333,358
327,333,358
328,333,358
329,333,358
330,333,359
331,334,359
332,334,359
333,334,359
334,334,360
335,335,360
336,335,360
337,335,360
338,335,360
339,335,360
340,336,361
341,336,361
342,336,361
343,336,361
344,336,361
345,336,361
346,337,362
347,337,362
348,337,362
349,337,362
350,337,362
351,337,362
352,338,362
353,338,363
354,338,363
355,338,363
356,338,363
357,338,363
358,338,363
359,338,363
360,338,363
361,338,363
362,338,364
363,338,364
364,338,364
365,339,364
366,339,364
367,339,364
368,339,364
369,339,364
370,339,364
371,339,364
372,339,364
373,339,364
374,339,364
375,339,365
376,339,365
377,339,365
378,339,365
379,339,365
380,338,365
381,338,365
382,338,365
383,338,365
384,338,365
385,338,365
386,338,365
387,338,365
388,338,365
389,338,365
390,338,365
391,338,365
392,337,365
393,337,365
394,337,365
395,337,365
396,337,365
397,337,365
398,336,365
399,336,364
400,336,364
401,336,364
402,336,364
403,335,364
404,335,364
405,335,364
406,334,364
407,334,364
408,334,364
409,334,363
410,333,363
411,333,363
412,333,363
413,332,363
414,332,363
415,331,363
416,331,362
417,331,362
418,330,362
419,330,362
420,330,362
421,329,361
422,329,361
423,329,361
424,328,360
425,328,360
426,328,360
427,327,360
428,327,359
429,327,359
430,326,358
431,326,358
432,326,358
433,325,357
434,325,357
435,324,356
436,324,356
437,324,355
438,323,355
439,323,354
440,323,353
441,322,353
442,322,352
443,322,351
444,321,351
445,321,350
446,321,349
447,320,348
448,320,348
449,320,347
450,319,346
451,319,345
452,319,344
453,318,343
454,318,342
455,318,341
456,317,340
457,318,338
458,319,337
459,319,336
460,321,334
461,322,333
462,324,330
463,327,327
1,55
332,413,415
331,415,417
330,416,420
329,417,423
328,419,426
327,419,429
326,420,432
325,421,435
324,421,438
323,422,440
322,422,443
321,422,446
320,422,449
319,423,452
318,423,455
317,423,456
316,423,454
315,423,453
314,423,451
313,423,450
312,423,449
311,423,448
310,422,447
309,422,445
308,422,444
307,422,443
306,422,442
305,422,442
304,421,441
303,421,440
302,421,439
301,421,438
300,421,437
299,421,437
298,420,436
297,420,435
296,420,435
295,420,434
294,420,433
293,420,432
292,419,432
291,419,431
290,419,430
289,419,430
288,419,429
287,418,428
286,418,428
285,418,427
284,418,426
283,418,425
282,418,424
281,417,424
280,417,423
279,417,422
278,417,421
0,0
1,227
234,335,335
235,334,337
236,333,338
237,333,340
238,333,340
239,332,341
240,332,342
241,332,343
242,332,344
243,332,344
244,331,345
245,331,345
246,331,346
247,331,346
248,331,347
249,331,347
250,330,348
251,330,348
252,330,348
253,330,349
254,330,349
255,330,349
256,330,349
257,329,349
258,329,349
259,329,349
260,329,349
261,329,350
262,329,350
263,328,349
264,328,349
265,328,349
266,328,349
267,328,349
268,328,349
269,327,349
270,327,348
271,327,348
272,327,348
273,327,348
274,327,347
275,326,347
276,326,347
277,326,346
278,326,346
279,326,346
280,326,346
281,326,345
282,325,345
283,325,345
284,325,345
285,325,344
286,325,344
287,325,344
288,324,344
289,324,343
290,324,343
291,324,343
292,324,343
293,324,342
294,323,342
295,323,342
296,323,342
297,323,342
298,323,341
299,323,341
300,322,341
301,322,341
302,322,341
303,322,340
304,322,340
305,322,340
306,321,340
307,321,339
308,321,339
309,321,339
310,321,339
311,321,339
312,320,338
313,320,338
314,320,338
315,320,338
316,320,338
317,320,338
318,319,337
319,319,337
320,319,337
321,319,337
322,319,337
323,319,337
324,318,336
325,318,336
326,318,336
327,318,336
328,318,336
329,318,336
330,317,335
331,317,335
332,317,335
333,317,335
334,317,335
335,316,335
336,316,335
337,316,334
338,316,334
339,316,334
340,316,334
341,315,334
342,315,334
343,315,334
344,315,333
345,315,333
346,314,333
347,314,333
348,314,333
349,314,333
350,314,333
351,314,333
352,313,332
353,313,332
354,313,332
355,313,332
356,313,332
357,312,332
358,312,332
359,312,332
360,312,332
361,312,332
362,312,331
363,311,331
364,311,331
365,311,331
366,311,331
367,311,331
368,310,331
369,310,331
370,310,331
371,310,331
372,310,331
373,309,330
374,309,330
375,309,330
376,309,330
377,309,330
378,308,330
379,308,330
380,308,330
381,308,330
382,308,330
383,307,330
384,307,330
385,307,330
386,307,330
387,306,330
388,306,330
389,306,329
390,306,329
391,306,329
392,305,329
393,305,329
394,305,329
395,305,329
396,305,329
397,304,329
398,304,329
399,304,329
400,304,329
401,303,329
402,303,329
403,303,329
404,303,329
405,303,329
406,302,329
407,302,329
408,302,329
409,302,329
410,301,329
411,301,329
412,301,329
413,301,329
414,301,329
415,301,329
416,300,329
417,300,329
418,300,329
419,300,329
420,300,329
421,300,329
422,299,329
423,300,329
424,300,329
425,300,329
426,300,329
427,300,329
428,301,329
429,301,329
430,301,329
431,301,329
432,302,329
433,302,329
434,302,329
435,303,329
436,303,329
437,304,329
438,304,329
439,305,329
440,305,329
441,306,329
442,306,329
443,307,329
444,307,329
445,308,329
446,308,329
447,309,329
448,310,329
449,310,328
450,311,328
451,312,328
452,313,328
453,313,328
454,314,328
455,315,327
456,316,327
457,317,326
458,318,326
459,319,325
460,322,323
0,0
