0,206
72,99,99
73,94,103
74,91,107
75,90,111
76,89,113
77,89,115
78,88,118
79,88,120
80,88,122
81,88,123
82,88,125
83,89,127
84,89,129
85,89,130
86,90,132
87,91,133
88,91,134
89,92,135
90,92,136
91,93,137
92,94,137
93,94,138
94,94,138
95,95,138
96,95,138
97,96,138
98,96,138
99,96,137
100,97,137
101,97,137
102,97,137
103,98,136
104,98,136
105,98,136
106,99,136
107,99,136
108,99,135
109,99,135
110,99,135
111,100,135
112,100,134
113,100,134
114,100,134
115,101,134
116,101,134
117,101,134
118,101,133
119,101,133
120,101,133
121,101,133
122,102,133
123,102,133
124,102,133
125,102,133
126,102,133
127,102,132
128,103,132
129,103,132
130,103,132
131,103,132
132,103,132
133,103,132
134,103,132
135,103,132
136,103,132
137,103,132
138,104,131
139,104,131
140,104,131
141,104,131
142,104,131
143,104,131
144,104,131
145,104,131
146,104,131
147,104,131
148,104,131
149,104,131
150,104,131
151,104,131
152,104,131
153,105,130
154,105,130
155,105,130
156,105,130
157,105,130
158,105,130
159,105,130
160,105,130
161,105,130
162,105,130
163,105,130
164,105,130
165,105,130
166,105,130
167,105,130
168,105,130
169,105,130
170,105,130
171,105,129
172,105,129
173,105,129
174,105,129
175,105,129
176,105,129
177,105,129
178,105,129
179,105,129
180,105,129
181,105,129
182,105,129
183,105,129
184,105,129
185,105,129
186,105,129
187,105,128
188,105,128
189,105,128
190,105,128
191,105,128
192,105,128
193,105,128
194,105,128
195,105,128
196,105,128
197,105,128
198,105,128
199,105,128
200,105,128
201,105,128
202,105,128
203,105,128
204,105,127
205,105,127
206,105,127
207,105,127
208,105,127
209,105,127
210,105,127
211,105,127
212,105,127
213,105,127
214,105,127
215,105,127
216,105,127
217,105,127
218,105,127
219,105,127
220,105,127
221,105,126
222,105,126
223,105,126
224,105,126
225,105,126
226,105,126
227,105,126
228,105,126
229,105,126
230,105,126
231,105,126
232,105,126
233,105,126
234,105,126
235,105,126
236,105,126
237,105,126
238,105,125
239,105,125
240,105,125
241,105,125
242,105,125
243,105,125
244,104,125
245,104,125
246,104,125
247,104,125
248,104,125
249,104,125
250,104,125
251,104,125
252,104,125
253,104,125
254,104,125
255,104,124
256,104,124
257,104,124
258,104,124
259,104,124
260,104,124
261,104,124
262,104,124
263,104,124
264,104,124
265,104,124
266,104,124
267,104,124
268,104,124
269,104,124
270,104,124
271,104,124
272,104,122
273,104,118
274,104,115
275,104,111
276,104,108
277,104,104
0,0
0,122
203,36,42
204,34,45
205,34,48
206,33,49
207,33,51
208,33,53
209,33,54
210,34,56
211,34,57
212,35,58
213,35,59
214,35,60
215,36,61
216,36,62
217,37,63
218,37,64
219,38,64
220,38,65
221,38,65
222,39,66
223,39,66
224,39,66
225,40,66
226,40,67
227,40,67
228,41,67
229,41,67
230,41,67
231,41,67
232,42,67
233,42,67
234,42,67
235,42,67
236,42,66
237,43,66
238,43,66
239,43,66
240,43,66
241,43,66
242,43,66
243,43,66
244,44,66
245,44,66
246,44,66
247,44,65
248,44,65
249,44,65
250,44,65
251,44,65
252,44,65
253,44,65
254,44,65
255,44,65
256,44,65
257,44,65
258,43,64
259,43,64
260,43,64
261,43,64
262,43,64
263,43,64
264,43,64
265,42,64
266,42,64
267,42,64
268,42,64
269,42,63
270,42,63
271,41,63
272,41,63
273,41,63
274,41,63
275,40,63
276,40,63
277,40,63
278,39,63
279,39,62
280,39,62
281,39,63
282,38,63
283,38,64
283,38,64
283,69,69
284,37,67
284,67,69
284,37,69
285,37,69
286,36,69
287,36,69
288,35,69
289,35,69
290,34,70
291,33,70
292,33,70
293,32,70
294,31,70
295,30,70
296,29,70
297,29,70
298,28,70
299,28,70
300,27,70
301,27,71
302,27,71
303,27,71
304,27,71
305,27,69
306,27,67
307,28,65
308,28,64
309,29,62
310,30,60
311,31,59
312,32,57
313,33,56
314,34,54
315,35,53
316,37,52
317,38,51
318,40,50
319,42,48
320,45,45
1,112
69,283,290
70,283,301
71,283,304
72,282,303
73,282,303
74,281,302
75,281,302
76,281,302
77,280,301
78,280,301
79,280,300
80,279,300
81,279,299
82,278,299
83,278,298
84,278,298
85,277,298
86,277,297
87,277,297
88,276,296
89,276,296
90,276,295
91,275,295
92,275,295
93,275,294
94,274,294
95,274,293
96,274,293
97,273,292
98,273,292
99,273,292
100,273,291
101,272,291
102,272,290
103,272,290
104,271,290
105,271,289
106,271,289
107,270,289
108,270,288
109,270,288
110,270,287
111,269,287
112,269,287
113,269,286
114,268,286
115,268,286
116,268,285
117,268,285
118,267,285
119,267,284
120,267,284
121,266,284
122,266,283
123,266,283
124,266,283
125,265,282
126,265,282
127,265,282
128,265,281
129,264,281
130,264,281
131,264,280
132,264,280
133,263,280
134,263,279
135,263,279
136,263,279
137,262,279
138,262,278
139,262,278
140,262,278
141,261,277
142,261,277
143,261,277
144,261,277
145,260,276
146,260,276
147,260,276
148,260,276
149,259,275
150,259,275
151,259,275
152,259,275
153,259,275
154,258,275
155,258,275
156,258,275
157,258,275
158,257,275
159,257,275
160,257,275
161,257,275
162,257,274
163,256,274
164,256,273
165,256,273
166,256,272
167,256,272
168,255,271
169,255,271
170,255,270
171,255,270
172,254,269
173,254,268
174,254,267
175,253,266
176,254,266
177,254,264
178,254,263
179,254,261
180,256,259
0,0
0,121
174,163,168
175,162,171
176,161,174
177,160,175
178,160,177
179,160,179
180,160,180
181,160,182
182,160,183
183,161,185
184,161,186
185,162,187
186,162,188
187,162,190
188,163,191
189,163,192
190,163,193
191,164,193
192,164,194
193,164,195
194,164,195
195,164,195
196,165,196
197,165,196
198,165,196
199,165,195
200,165,195
201,165,195
202,165,194
203,165,194
204,165,193
205,165,193
206,165,192
207,165,192
208,165,191
209,165,191
210,165,191
211,165,190
212,165,190
213,165,190
214,165,190
215,165,189
216,165,189
217,165,189
218,165,189
219,165,189
220,165,188
221,165,188
222,165,188
223,164,188
224,164,188
225,164,188
226,164,187
227,164,187
228,164,187
229,164,187
230,164,187
231,164,187
232,164,186
233,164,186
234,164,186
235,164,186
236,163,186
237,163,186
238,163,185
239,163,185
240,163,185
241,163,185
242,162,185
243,162,184
244,162,184
245,162,184
246,162,184
247,161,184
248,161,184
249,161,184
250,161,184
251,160,184
252,160,183
253,160,183
254,159,183
255,159,183
256,158,183
257,158,183
258,158,183
259,157,183
260,157,183
261,157,183
262,157,183
263,157,183
264,157,182
265,157,182
266,157,182
267,157,182
268,157,182
269,157,182
270,157,182
271,157,182
272,157,181
273,157,181
274,158,181
275,158,181
276,158,180
277,158,180
278,159,180
279,159,179
280,159,179
281,159,179
282,160,178
283,160,178
284,160,177
285,161,177
286,161,176
287,162,176
288,162,175
289,163,174
290,163,173
291,164,172
292,165,171
293,166,170
294,168,168
0,0
1,146
381,65,68
380,63,69
379,62,70
378,61,70
377,60,71
376,59,71
375,58,71
374,57,72
373,56,72
372,56,72
371,55,72
370,54,72
369,54,73
368,53,73
367,52,73
366,52,73
365,51,73
364,51,73
363,50,74
362,50,74
361,49,74
360,49,74
359,48,74
358,48,75
357,47,75
356,47,75
355,46,75
354,46,76
353,45,76
352,45,76
351,45,76
350,44,77
349,44,77
348,44,77
347,43,78
346,43,78
345,43,78
344,42,79
343,42,79
342,42,79
341,42,80
340,42,80
339,42,80
338,42,81
337,43,81
336,43,82
335,44,82
334,45,82
333,50,83
332,53,83
331,55,84
330,56,84
329,57,84
328,58,85
327,59,85
326,59,86
325,60,86
324,61,86
323,62,87
322,62,87
321,63,88
320,65,68
320,64,88
319,65,68
319,64,88
318,65,89
317,66,89
316,66,90
315,67,90
314,68,90
313,68,91
312,69,91
311,70,91
310,70,92
309,71,92
308,71,92
307,72,93
306,73,93
305,73,93
304,74,94
303,74,94
302,75,94
301,75,95
300,76,95
299,77,95
298,77,95
297,78,96
296,78,96
295,79,96
294,79,97
293,80,97
292,80,97
291,81,98
290,81,98
289,82,98
288,83,99
287,83,99
286,84,99
285,84,99
284,85,100
283,85,100
282,86,100
281,86,100
280,86,101
279,87,101
278,87,101
277,88,101
276,88,102
275,89,102
274,89,102
273,90,102
272,90,103
271,91,103
270,91,103
269,92,103
268,92,104
267,93,104
266,93,104
265,93,104
264,94,105
263,94,105
262,95,105
261,95,105
260,96,105
259,96,106
258,97,106
257,97,106
256,98,106
255,98,106
254,98,107
253,99,107
252,99,107
251,100,107
250,100,107
249,100,107
248,101,107
247,101,108
246,102,108
245,102,108
244,103,108
243,103,108
242,103,109
241,104,109
240,104,109
239,105,109
238,106,108
0,0
1,228
207,156,157
208,155,159
209,155,160
210,154,161
211,154,161
212,154,162
213,154,163
214,154,164
215,154,165
216,154,166
217,153,166
218,153,167
219,153,168
220,153,169
221,153,169
222,153,170
223,153,171
224,153,171
225,153,172
226,153,172
227,153,173
228,153,173
229,153,173
230,152,173
231,152,173
232,152,173
233,152,174
234,152,173
235,152,173
236,152,173
237,152,173
238,152,173
239,152,173
240,152,173
241,152,172
242,152,172
243,152,172
244,151,172
245,151,172
246,151,172
247,151,171
248,151,171
249,151,171
250,151,171
251,151,171
252,151,171
253,151,171
254,151,170
255,151,170
256,151,170
257,151,170
258,151,170
259,150,170
260,150,169
261,150,169
262,150,169
263,150,169
264,150,169
265,150,169
266,150,169
267,150,168
268,150,168
269,150,168
270,150,168
271,150,168
272,150,168
273,150,168
274,150,167
275,149,167
276,149,167
277,149,167
278,149,167
279,149,167
280,149,166
281,149,166
282,149,166
283,149,166
284,149,166
285,149,166
286,149,166
287,148,166
288,148,165
289,148,165
290,148,165
291,148,165
292,148,165
293,148,165
294,148,165
295,148,164
296,148,164
297,147,164
298,147,164
299,147,164
300,147,164
301,147,164
302,147,164
303,147,163
304,147,163
305,146,163
306,146,163
307,146,163
308,146,163
309,146,163
310,146,162
311,146,162
312,146,162
313,145,162
314,145,162
315,145,162
316,145,162
317,145,162
318,145,162
319,144,161
320,144,161
321,144,161
322,144,161
323,144,161
324,144,161
325,144,161
326,143,161
327,143,161
328,143,160
329,143,160
330,143,160
331,143,160
332,142,160
333,142,160
334,142,160
335,142,160
336,142,159
337,142,159
338,141,159
339,141,159
340,141,159
341,141,159
342,141,159
343,141,159
344,140,159
345,140,159
346,140,158
347,140,158
348,140,158
349,140,158
350,139,158
351,139,158
352,139,158
353,139,158
354,139,158
355,138,158
356,138,157
357,138,157
358,138,157
359,138,157
360,137,157
361,137,157
362,137,157
363,137,157
364,137,157
365,137,157
366,136,156
367,136,156
368,136,156
369,136,156
370,136,156
371,135,156
372,135,156
373,135,156
374,135,156
375,135,156
376,134,155
377,134,155
378,134,155
379,134,155
380,134,155
381,133,155
382,133,155
383,133,155
384,133,155
385,133,155
386,132,155
387,132,154
388,132,154
389,132,154
390,132,154
391,131,154
392,131,154
393,131,154
394,131,154
395,131,154
396,130,154
397,130,154
398,130,153
399,130,153
400,130,153
401,130,153
402,130,153
403,129,153
404,129,153
405,129,153
406,129,153
407,129,153
408,129,153
409,130,153
410,130,152
411,130,152
412,130,152
413,130,152
414,131,152
415,131,152
416,131,152
417,132,152
418,132,152
419,133,152
420,133,152
421,134,152
422,134,152
423,135,152
424,135,152
425,136,152
426,136,152
427,137,152
428,137,151
429,138,151
430,138,151
431,139,150
432,139,150
433,140,149
434,142,147
0,0
0,221
80,301,301
81,298,305
82,296,308
83,295,311
84,294,313
85,294,315
86,294,317
87,294,319
88,294,320
89,294,322
90,294,324
91,295,325
92,295,326
93,295,328
94,295,329
95,295,329
96,295,330
97,295,331
98,295,331
99,295,331
100,295,331
101,295,331
102,295,331
103,295,330
104,295,330
105,295,329
106,295,329
107,295,328
108,295,328
109,295,327
110,295,327
111,295,326
112,295,326
113,295,325
114,295,325
115,295,325
116,295,324
117,295,324
118,295,323
119,295,323
120,295,322
121,295,322
122,294,322
123,294,321
124,294,321
125,294,321
126,294,320
127,294,320
128,293,319
129,293,319
130,293,318
131,293,318
132,293,318
133,292,318
134,292,317
135,292,317
136,292,316
137,291,316
138,291,316
139,291,315
140,291,315
141,290,315
142,290,314
143,290,314
144,289,314
145,289,313
146,289,313
147,288,313
148,288,312
149,288,312
150,287,312
151,287,311
152,287,311
153,286,310
154,286,310
155,285,310
156,285,309
157,285,309
158,284,309
159,284,308
160,283,308
161,283,307
162,283,307
163,282,307
164,282,306
165,281,306
166,281,305
167,281,305
168,280,305
169,280,304
170,279,304
171,279,303
172,278,303
173,278,303
174,277,302
175,277,302
176,276,301
177,276,301
178,276,300
179,275,300
180,274,299
181,274,299
182,274,298
183,273,298
184,272,297
185,272,297
186,271,296
187,271,296
188,270,295
189,270,295
190,269,295
191,269,294
192,268,293
193,267,293
194,267,292
195,266,292
196,266,291
197,265,291
198,265,290
199,264,290
200,263,289
201,263,289
202,262,288
203,261,288
204,261,287
205,260,286
206,259,286
207,259,285
208,258,285
209,258,284
210,257,283
211,256,283
212,255,282
213,255,282
214,254,281
215,253,280
216,253,280
217,252,279
218,251,278
219,250,278
220,250,277
221,249,276
222,248,276
223,247,275
224,247,274
225,246,273
226,245,273
227,244,272
228,244,271
229,243,270
230,242,270
231,241,269
232,240,268
233,240,267
234,239,266
235,238,266
236,237,265
237,236,264
238,235,263
239,234,262
240,234,261
241,233,260
242,232,259
243,231,258
244,230,258
245,229,257
246,228,256
247,227,255
248,226,254
249,225,253
250,224,252
251,223,251
252,222,250
253,221,249
254,220,248
255,219,246
256,218,245
257,217,244
258,216,243
259,215,242
260,214,241
261,213,240
262,212,239
263,211,238
264,210,236
265,209,235
266,208,234
267,207,233
268,206,231
269,204,230
270,203,229
271,202,228
272,201,226
273,200,225
274,199,223
275,198,222
276,197,221
277,196,219
278,195,218
279,193,217
280,192,215
281,191,214
282,190,212
283,189,211
284,188,209
285,187,207
286,186,206
287,184,204
288,183,203
289,182,201
290,181,199
291,180,197
292,179,195
293,177,194
294,176,192
295,175,190
296,174,188
297,174,186
298,174,184
299,174,182
300,177,177
0,0
1,164
330,151,159
331,150,162
332,149,165
333,148,166
334,149,168
335,149,169
336,150,171
337,150,172
338,151,174
339,151,175
340,152,176
341,153,178
342,154,179
343,155,181
344,157,182
345,158,184
346,159,185
347,160,187
348,161,188
349,162,189
350,163,191
351,165,192
352,166,194
353,167,195
354,168,196
355,169,198
356,170,199
357,171,200
358,172,202
359,173,203
360,174,204
361,176,206
362,177,207
363,178,208
364,179,210
365,180,211
366,181,213
367,182,214
368,183,215
369,184,217
370,185,218
371,186,219
372,187,220
373,188,222
374,189,223
375,191,224
376,192,226
377,193,227
378,194,228
379,195,230
380,196,231
381,197,232
382,198,233
383,199,235
384,200,236
385,201,237
386,202,238
387,203,240
388,204,241
389,205,242
390,206,243
391,207,245
392,208,246
393,209,247
394,209,249
395,211,250
396,211,251
397,212,252
398,213,254
399,214,255
400,215,256
401,216,257
402,217,258
403,218,260
404,219,261
405,219,262
406,220,263
407,221,264
408,222,266
409,223,267
410,224,268
411,224,269
412,225,269
413,226,270
414,227,270
415,228,271
416,229,271
417,229,272
418,230,272
419,231,272
420,232,272
421,232,273
422,233,273
423,234,273
424,235,273
425,235,273
426,236,274
427,237,274
428,237,274
429,238,274
430,238,274
431,239,274
432,239,274
433,240,274
434,241,275
435,241,275
436,242,275
437,242,275
438,243,275
439,243,275
440,244,275
441,244,275
442,245,275
443,245,275
444,246,275
445,246,275
446,247,275
447,247,275
448,248,275
449,248,275
450,249,275
451,249,274
452,250,274
453,250,274
454,250,274
455,251,274
456,251,274
457,252,274
458,252,274
459,253,274
460,253,274
461,254,274
462,254,274
463,254,274
464,255,274
465,255,274
466,256,274
467,256,274
468,257,274
469,257,274
470,258,274
471,258,274
472,258,273
473,259,273
474,259,273
475,260,273
476,260,273
477,261,273
478,261,273
479,261,273
480,262,273
481,262,273
482,263,273
483,263,272
484,264,272
485,264,272
486,265,272
487,265,271
488,266,271
489,266,271
490,267,271
491,267,270
492,268,270
493,269,269
0,0
0,173
256,256,263
257,253,267
258,251,269
259,250,271
260,249,274
261,249,276
262,249,278
263,249,280
264,249,282
265,249,284
266,250,285
267,250,287
268,251,288
269,251,289
270,252,289
271,253,290
272,253,290
273,254,290
274,254,290
275,254,290
276,255,290
277,255,289
278,255,289
279,255,288
280,255,288
281,256,288
282,256,287
283,256,287
284,256,287
285,256,286
286,256,286
287,256,286
288,256,285
289,256,285
290,256,285
291,256,285
292,257,285
293,257,284
294,257,284
295,257,284
296,257,284
297,257,284
298,257,284
299,257,284
300,257,283
301,257,283
302,257,283
303,257,283
304,257,283
305,257,283
306,258,283
307,258,283
308,258,283
309,258,282
310,257,282
311,257,282
312,257,282
313,257,282
314,257,282
315,257,282
316,257,282
317,257,282
318,257,282
319,257,281
320,257,281
321,256,281
322,256,281
323,256,281
324,256,281
325,256,281
326,256,281
327,256,281
328,255,281
329,255,280
330,255,280
331,255,280
332,255,280
333,254,280
334,254,280
335,254,279
336,254,279
337,254,279
338,253,279
339,253,279
340,253,278
341,253,278
342,253,278
343,252,278
344,252,277
345,252,277
346,251,277
347,251,276
348,251,276
349,251,276
350,250,275
351,250,275
352,250,274
353,250,274
354,249,274
355,249,273
356,249,273
357,248,272
358,248,272
359,248,271
360,247,271
361,247,270
362,246,270
363,246,270
364,246,269
365,245,269
366,245,268
367,244,268
368,244,267
369,243,267
370,243,267
371,243,266
372,242,266
373,242,265
374,241,265
375,240,265
376,240,264
377,239,264
378,239,263
379,238,263
380,237,262
381,237,261
382,236,261
383,236,260
384,235,260
385,234,259
386,234,258
387,233,257
388,232,257
389,232,256
390,231,255
391,230,254
392,229,253
393,228,252
394,228,252
395,227,251
396,226,250
397,225,249
398,224,248
399,223,247
400,222,246
401,221,245
402,220,244
403,219,243
404,218,242
405,217,240
406,216,239
407,215,238
408,214,237
409,213,236
410,212,234
411,210,233
412,209,231
413,208,230
414,207,229
415,206,227
416,205,226
417,204,224
418,202,223
419,201,221
420,200,219
421,199,217
422,198,215
423,197,213
424,196,211
425,195,208
426,194,206
427,194,202
428,197,197
0,0
0,227
242,349,352
243,345,355
244,343,358
245,342,360
246,341,362
247,340,364
248,339,366
249,339,367
250,339,369
251,339,370
252,339,372
253,340,373
254,340,374
255,341,375
256,342,376
257,342,377
258,343,378
259,343,379
260,344,379
261,344,379
262,345,380
263,345,380
264,346,380
265,346,380
266,346,380
267,346,379
268,347,379
269,347,379
270,347,379
271,347,379
272,347,378
273,347,378
274,347,378
275,347,378
276,348,378
277,348,377
278,348,377
279,348,377
280,348,377
281,348,377
282,348,377
283,348,377
284,348,377
285,348,376
286,348,376
287,348,376
288,348,376
289,348,376
290,348,376
291,348,376
292,348,376
293,348,376
294,349,376
295,349,376
296,349,376
297,349,376
298,349,376
299,349,376
300,349,376
301,349,376
302,349,376
303,349,375
304,349,375
305,349,375
306,349,375
307,349,375
308,349,375
309,349,375
310,349,375
311,349,375
312,349,375
313,349,375
314,349,375
315,349,375
316,349,375
317,349,375
318,349,375
319,349,375
320,349,375
321,349,375
322,349,375
323,349,375
324,349,375
325,349,375
326,349,375
327,349,375
328,349,374
329,349,374
330,349,374
331,349,374
332,349,374
333,349,374
334,349,374
335,349,374
336,349,374
337,349,374
338,349,374
339,349,374
340,349,374
341,349,374
342,349,374
343,349,374
344,349,374
345,349,374
346,349,374
347,349,374
348,349,374
349,349,374
350,349,374
351,349,374
352,349,374
353,349,374
354,349,374
355,349,374
356,349,374
357,349,373
358,349,373
359,349,373
360,349,373
361,349,373
362,349,373
363,349,373
364,349,373
365,349,373
366,349,373
367,349,373
368,349,373
369,349,373
370,349,373
371,349,373
372,349,373
373,349,373
374,349,373
375,349,373
376,349,373
377,349,373
378,349,373
379,349,373
380,349,373
381,349,373
382,349,373
383,349,373
384,349,373
385,349,373
386,348,373
387,348,373
388,348,373
389,348,373
390,348,373
391,348,373
392,348,373
393,348,373
394,348,373
395,348,373
396,348,373
397,348,373
398,348,373
399,348,373
400,348,373
401,348,373
402,348,373
403,348,373
404,348,373
405,348,373
406,348,373
407,348,373
408,348,373
409,348,373
410,348,373
411,348,373
412,348,373
413,348,373
414,348,373
415,348,373
416,348,373
417,348,373
418,348,373
419,348,372
420,348,372
421,348,372
422,348,372
423,349,372
424,349,372
425,349,372
426,349,372
427,349,372
428,349,372
429,349,372
430,349,371
431,349,371
432,349,371
433,349,371
434,349,371
435,349,371
436,349,371
437,349,371
438,349,371
439,349,371
440,349,370
441,349,370
442,349,370
443,349,370
444,349,370
445,349,370
446,349,370
447,349,370
448,349,370
449,350,369
450,350,369
451,350,369
452,350,369
453,350,369
454,351,368
455,351,368
456,351,368
457,351,368
458,352,367
459,352,367
460,352,367
461,353,366
462,353,366
463,353,365
464,354,365
465,355,364
466,356,363
467,357,362
468,359,359
0,0
