0,101
20,241,241
21,236,244
22,234,248
23,233,251
24,232,253
25,232,255
26,232,257
27,232,259
28,232,261
29,232,263
30,232,264
31,232,265
32,233,267
33,233,268
34,234,270
35,235,271
36,235,272
37,236,273
38,236,274
39,236,274
40,237,275
41,237,275
42,237,276
43,238,276
44,238,275
45,238,275
46,238,275
47,238,274
48,239,274
49,239,273
50,239,273
51,239,273
52,239,272
53,239,272
54,240,272
55,240,272
56,240,271
57,240,271
58,240,271
59,240,271
60,240,271
61,240,270
62,240,270
63,240,270
64,241,270
65,241,270
66,241,269
67,241,269
68,241,269
69,241,269
70,241,269
71,241,268
72,241,268
73,241,268
74,241,268
75,241,268
76,241,267
77,241,267
78,241,267
79,241,267
80,241,267
81,241,266
82,241,266
83,241,266
84,241,266
85,241,266
86,241,265
87,241,265
88,241,265
89,241,265
90,241,265
91,241,264
92,241,264
93,242,264
94,242,264
95,242,264
96,242,264
97,242,263
98,242,263
99,242,263
100,242,263
101,242,263
102,242,262
103,242,262
104,242,262
105,242,262
106,242,262
107,242,261
108,242,261
109,242,261
110,242,261
111,242,261
112,242,260
113,242,260
114,242,260
115,242,260
116,242,260
117,242,256
118,242,252
119,242,247
120,242,243
0,0
0,99
56,152,152
57,149,156
58,148,158
59,147,160
60,147,162
61,147,163
62,147,165
63,147,166
64,147,167
65,148,168
66,148,169
67,148,170
68,149,171
69,149,172
70,149,173
71,150,174
72,150,174
73,150,175
74,150,176
75,151,176
76,151,177
77,151,177
78,151,177
79,151,178
80,151,178
81,152,178
82,152,178
83,152,178
84,152,178
85,152,178
86,152,178
87,152,178
88,152,178
89,152,178
90,152,177
91,152,177
92,152,177
93,152,177
94,152,176
95,152,176
96,152,176
97,152,176
98,151,176
99,151,175
100,151,175
101,151,175
102,151,175
103,150,175
104,150,174
105,150,174
106,150,174
107,149,174
108,149,173
109,149,173
110,148,173
111,148,173
112,148,173
113,147,172
114,147,172
115,147,172
116,146,172
117,146,172
118,145,172
119,145,172
120,144,174
121,143,179
122,143,178
123,142,178
124,141,178
125,140,178
126,139,178
127,138,178
128,137,178
129,136,178
130,135,178
131,135,178
132,134,178
133,134,178
134,134,178
135,133,178
136,133,178
137,133,177
138,134,177
139,134,177
140,135,177
141,135,177
142,136,177
143,136,174
144,137,171
145,138,168
146,139,166
147,140,164
148,141,162
149,142,160
150,143,158
151,144,157
152,146,156
153,148,154
154,151,151
1,178
177,136,142
178,122,141
179,121,141
180,121,141
181,121,140
182,120,140
183,120,140
184,120,140
185,120,139
186,119,139
187,119,139
188,119,139
189,119,138
190,119,138
191,118,138
192,118,138
193,118,137
194,118,137
195,118,137
196,118,136
197,117,136
198,117,136
199,117,136
200,117,135
201,117,135
202,116,135
203,116,135
204,116,135
205,116,134
206,116,134
207,115,134
208,115,134
209,115,133
210,115,133
211,115,133
212,115,133
213,114,132
214,114,132
215,114,132
216,114,132
217,114,132
218,114,131
219,113,131
220,113,131
221,113,131
222,113,130
223,113,130
224,113,130
225,112,130
226,112,130
227,112,129
228,112,129
229,112,129
230,112,129
231,112,128
232,111,128
233,111,128
234,111,128
235,111,128
236,111,127
237,111,127
238,111,127
239,110,127
240,110,127
241,110,127
242,110,126
243,110,126
244,110,126
245,110,126
246,110,126
247,109,125
248,109,125
249,109,125
250,109,125
251,109,125
252,109,125
253,109,124
254,109,124
255,108,124
256,108,124
257,108,124
258,108,124
259,108,123
260,108,123
261,108,123
262,108,123
263,108,123
264,107,123
265,107,123
266,107,122
267,107,122
268,107,122
269,107,122
270,107,122
271,107,122
272,107,121
273,106,121
274,106,121
275,106,121
276,106,121
277,106,121
278,106,121
279,106,121
280,106,120
281,106,120
282,106,120
283,106,120
284,105,120
285,105,120
286,105,120
287,105,119
288,105,119
289,105,119
290,105,119
291,105,119
292,105,119
293,105,119
294,105,119
295,105,119
296,104,119
297,104,118
298,104,118
299,104,118
300,104,118
301,104,118
302,104,118
303,104,118
304,104,118
305,104,118
306,104,118
307,104,118
308,104,118
309,104,118
310,103,118
311,103,118
312,103,118
313,103,118
314,103,118
315,103,118
316,103,118
317,103,118
318,103,118
319,103,118
320,103,118
321,103,118
322,103,118
323,103,118
324,103,118
325,102,118
326,102,118
327,102,118
328,102,118
329,102,118
330,102,118
331,102,119
332,102,119
333,102,119
334,102,119
335,102,118
336,102,118
337,102,118
338,102,118
339,102,117
340,102,117
341,102,117
342,102,116
343,102,116
344,101,115
345,101,115
346,101,114
347,101,114
348,101,113
349,101,112
350,100,111
351,101,111
352,101,109
353,102,108
354,103,106
0,0
0,108
36,338,339
37,335,343
38,333,345
39,333,347
40,332,348
41,332,350
42,332,352
43,332,353
44,332,354
45,333,356
46,333,357
47,334,358
48,334,359
49,335,360
50,335,361
51,335,362
52,335,363
53,336,364
54,336,365
55,336,366
56,336,367
57,336,367
58,336,368
59,336,368
60,336,368
61,336,369
62,336,369
63,336,368
64,336,368
65,336,368
66,336,367
67,336,367
68,336,366
69,336,365
70,336,365
71,336,364
72,336,364
73,336,363
74,336,363
75,336,363
76,336,362
77,336,362
78,336,362
79,336,361
80,336,361
81,335,360
82,335,360
83,335,360
84,335,359
85,335,359
86,334,359
87,334,358
88,334,358
89,334,358
90,333,357
91,333,357
92,333,357
93,333,356
94,332,356
95,332,356
96,332,356
97,331,356
98,331,355
99,330,355
100,330,355
101,330,355
102,329,355
103,328,355
104,328,355
105,328,354
106,327,354
107,327,354
108,327,354
109,327,354
110,326,354
111,326,354
112,326,353
113,326,353
114,326,353
115,326,353
116,326,353
117,326,352
118,326,352
119,326,352
120,326,352
121,326,351
122,326,351
123,327,351
124,327,351
125,327,350
126,327,350
127,327,350
128,328,349
129,328,349
130,328,348
131,328,348
132,329,347
133,329,347
134,329,346
135,330,345
136,330,345
137,330,344
138,331,343
139,331,342
140,332,341
141,332,340
142,334,339
143,336,336
0,0
0,59
131,231,233
132,229,237
133,228,240
134,227,242
135,227,244
136,227,246
137,227,248
138,227,250
139,227,252
140,228,254
141,228,256
142,228,258
143,229,259
144,229,261
145,230,263
146,231,264
147,232,265
148,232,267
149,233,268
150,234,269
151,235,270
152,235,272
153,236,273
154,237,274
155,238,275
156,238,276
157,239,277
158,240,278
159,241,279
160,242,279
161,242,280
162,243,281
163,244,281
164,245,282
165,246,282
166,246,282
167,247,283
168,248,283
169,249,283
170,250,283
171,251,284
172,252,284
173,252,284
174,253,284
175,254,284
176,255,284
177,256,284
178,257,284
179,258,283
180,259,283
181,261,283
182,262,282
183,263,282
184,264,281
185,266,281
186,268,280
187,269,279
188,271,277
189,274,274
0,0
0,108
183,108,111
184,107,112
185,106,113
186,106,114
187,105,115
188,105,116
189,105,117
190,105,118
191,105,119
192,105,120
193,105,121
194,105,121
195,105,122
196,105,122
197,105,123
198,105,123
199,105,124
200,105,125
201,104,125
202,104,125
203,104,126
204,104,126
205,104,126
206,104,127
207,104,127
208,104,127
209,103,127
210,103,128
211,102,128
212,102,128
213,102,128
214,101,128
215,101,128
216,100,128
217,100,128
218,99,127
219,98,127
220,98,126
221,97,126
222,96,125
223,95,125
224,94,125
225,93,124
226,92,124
227,91,123
228,90,123
229,89,122
230,88,122
231,87,122
232,86,121
233,85,121
234,84,120
235,82,120
236,81,119
237,80,119
238,79,119
239,78,118
240,77,118
241,76,118
242,75,117
243,75,117
244,74,116
245,74,116
246,74,116
247,73,115
248,73,115
249,73,115
250,73,114
251,73,114
252,73,113
253,73,113
254,73,113
255,73,112
256,73,112
257,73,111
258,73,111
259,73,111
260,74,110
261,74,110
262,74,109
263,74,109
264,74,108
265,74,108
266,75,107
267,75,107
268,75,106
269,75,106
270,76,106
271,76,105
272,76,104
273,77,104
274,77,103
275,77,103
276,78,102
277,78,102
278,78,101
279,79,100
280,79,100
281,80,99
282,80,98
283,81,97
284,81,96
285,82,96
286,82,95
287,83,94
288,84,92
289,85,90
290,89,89
0,0
1,275
116,209,211
117,208,213
118,208,214
119,207,215
120,207,216
121,207,217
122,207,218
123,206,219
124,206,220
125,206,220
126,206,221
127,206,222
128,206,222
129,206,223
130,206,223
131,206,224
132,206,224
133,205,224
134,205,225
135,205,225
136,205,225
137,205,225
138,205,225
139,205,225
140,205,225
141,205,225
142,205,225
143,205,226
144,204,226
145,204,225
146,204,225
147,204,225
148,204,225
149,204,225
150,204,225
151,204,225
152,203,224
153,203,224
154,203,224
155,203,223
156,203,223
157,203,223
158,203,223
159,203,222
160,203,222
161,202,222
162,202,221
163,202,221
164,202,221
165,202,221
166,202,220
167,202,220
168,202,220
169,201,220
170,201,219
171,201,219
172,201,219
173,201,219
174,201,218
175,201,218
176,200,218
177,200,218
178,200,217
179,200,217
180,200,217
181,200,217
182,200,217
183,200,216
184,199,216
185,199,216
186,199,216
187,199,215
188,199,215
189,199,215
190,199,215
191,199,215
192,198,214
193,198,214
194,198,214
195,198,214
196,198,213
197,198,213
198,198,213
199,197,213
200,197,213
201,197,212
202,197,212
203,197,212
204,197,212
205,197,212
206,197,212
207,196,211
208,196,211
209,196,211
210,196,211
211,196,211
212,196,210
213,195,210
214,195,210
215,195,210
216,195,210
217,195,209
218,195,209
219,195,209
220,194,209
221,194,209
222,194,209
223,194,209
224,194,208
225,194,208
226,194,208
227,193,208
228,193,208
229,193,208
230,193,207
231,193,207
232,193,207
233,193,207
234,193,207
235,192,207
236,192,206
237,192,206
238,192,206
239,192,206
240,192,206
241,192,206
242,191,206
243,191,205
244,191,205
245,191,205
246,191,205
247,191,205
248,191,205
249,190,205
250,190,204
251,190,204
252,190,204
253,190,204
254,190,204
255,190,204
256,190,204
257,189,203
258,189,203
259,189,203
260,189,203
261,189,203
262,189,203
263,189,203
264,188,202
265,188,202
266,188,202
267,188,202
268,188,202
269,188,202
270,188,202
271,188,202
272,187,201
273,187,201
274,187,201
275,187,201
276,187,201
277,187,201
278,187,201
279,187,201
280,186,200
281,186,200
282,186,200
283,186,200
284,186,200
285,186,200
286,186,200
287,186,199
288,185,199
289,185,199
290,185,199
291,185,199
292,185,199
293,185,199
294,185,199
295,185,199
296,184,198
297,184,198
298,184,198
299,184,198
300,184,198
301,184,198
302,184,198
303,184,198
304,183,198
305,183,197
306,183,197
307,183,197
308,183,197
309,183,197
310,183,197
311,183,197
312,182,197
313,182,197
314,182,196
315,182,196
316,182,196
317,182,196
318,182,196
319,182,196
320,181,196
321,181,196
322,181,196
323,181,195
324,181,195
325,181,195
326,181,195
327,181,195
328,180,195
329,180,195
330,180,195
331,180,195
332,180,194
333,180,194
334,180,194
335,180,194
336,179,194
337,179,194
338,179,194
339,179,194
340,179,194
341,179,194
342,179,194
343,179,193
344,178,193
345,178,193
346,178,193
347,178,193
348,178,193
349,178,193
350,178,193
351,178,193
352,177,193
353,177,193
354,177,193
355,177,193
356,177,193
357,177,192
358,177,192
359,177,192
360,176,192
361,176,192
362,176,192
363,176,192
364,176,192
365,176,192
366,176,192
367,176,192
368,175,192
369,175,192
370,175,192
371,175,192
372,175,192
373,175,192
374,175,192
375,175,192
376,174,192
377,174,193
378,174,192
379,174,191
380,174,189
381,174,188
382,174,186
383,174,184
384,173,183
385,173,181
386,173,179
387,173,178
388,173,176
389,173,175
390,172,173
0,74
172,393,393
173,390,398
174,389,401
175,388,404
176,388,406
177,387,408
178,387,409
179,386,411
180,385,413
181,385,414
182,384,416
183,384,417
184,383,419
185,382,420
186,382,421
187,381,423
188,380,424
189,380,425
190,379,426
191,379,427
192,378,428
193,377,430
194,379,431
195,380,432
196,381,433
197,382,434
198,382,435
199,383,436
200,383,437
201,383,439
202,382,440
203,382,441
204,382,442
205,381,443
206,381,444
207,380,445
208,379,445
209,379,446
210,378,447
211,378,448
212,377,448
213,377,449
214,376,449
215,376,449
216,375,448
217,375,446
218,374,444
219,374,441
220,373,437
221,373,433
222,372,428
223,371,422
224,371,418
225,370,415
226,370,412
227,369,409
228,369,406
229,368,403
230,368,401
231,367,398
232,367,396
233,366,394
234,366,391
235,365,389
236,364,387
237,364,385
238,363,383
239,363,381
240,363,379
241,363,377
242,363,375
243,363,374
244,364,371
245,366,366
0,0
1,142
172,250,253
173,250,254
174,249,255
175,249,255
176,248,256
177,248,256
178,248,257
179,248,258
180,248,258
181,247,259
182,247,259
183,247,260
184,247,260
185,247,261
186,247,261
187,247,261
188,247,262
189,247,262
190,247,262
191,247,263
192,247,263
193,247,263
194,246,264
195,246,264
196,246,264
197,246,264
198,246,264
199,246,265
200,246,265
201,246,265
202,246,265
203,246,265
204,246,265
205,245,265
206,245,265
207,245,265
208,245,265
209,245,266
210,245,265
211,245,265
212,245,265
213,244,265
214,244,265
215,244,265
216,244,265
217,244,265
218,244,264
219,244,264
220,243,264
221,243,264
222,243,264
223,243,264
224,243,263
225,243,263
226,242,263
227,242,263
228,242,263
229,242,263
230,242,262
231,241,262
232,241,262
233,241,262
234,241,262
235,241,262
236,240,261
237,240,261
238,240,261
239,240,261
240,240,261
241,239,261
242,239,260
243,239,260
244,239,260
245,238,260
246,238,260
247,238,260
248,238,259
249,238,259
250,237,259
251,237,259
252,237,259
253,236,259
254,236,258
255,236,258
256,236,258
257,235,258
258,235,258
259,235,258
260,235,257
261,234,257
262,234,257
263,234,257
264,234,257
265,233,257
266,233,256
267,233,256
268,232,256
269,232,256
270,232,256
271,231,256
272,231,255
273,231,255
274,231,255
275,231,255
276,230,255
277,230,255
278,230,254
279,230,254
280,230,254
281,230,254
282,230,254
283,230,254
284,230,253
285,230,253
286,230,253
287,230,253
288,229,253
289,230,252
290,230,252
291,230,252
292,230,252
293,231,252
294,231,252
295,231,251
296,231,251
297,232,251
298,232,251
299,232,250
300,233,250
301,233,250
302,233,250
303,234,250
304,234,249
305,235,249
306,235,249
307,236,249
308,236,248
309,237,248
310,238,247
311,238,247
312,240,245
312,240,244
0,0
1,261
123,315,317
124,314,318
125,313,319
126,313,320
127,313,321
128,313,322
129,312,323
130,312,324
131,312,324
132,312,325
133,312,326
134,312,326
135,312,327
136,311,327
137,311,328
138,311,328
139,311,329
140,311,329
141,311,329
142,311,330
143,310,330
144,310,330
145,310,330
146,310,330
147,310,330
148,310,331
149,310,331
150,310,331
151,309,331
152,309,331
153,309,331
154,309,331
155,309,331
156,309,330
157,309,330
158,308,330
159,308,330
160,308,330
161,308,330
162,308,329
163,308,329
164,308,329
165,307,329
166,307,328
167,307,328
168,307,328
169,307,328
170,307,327
171,307,327
172,307,327
173,306,327
174,306,326
175,306,326
176,306,326
177,306,326
178,306,325
179,306,325
180,305,325
181,305,325
182,305,324
183,305,324
184,305,324
185,305,324
186,305,324
187,304,323
188,304,323
189,304,323
190,304,323
191,304,323
192,304,322
193,304,322
194,303,322
195,303,322
196,303,322
197,303,321
198,303,321
199,303,321
200,303,321
201,302,321
202,302,320
203,302,320
204,302,320
205,302,320
206,302,320
207,302,319
208,301,319
209,301,319
210,301,319
211,301,319
212,301,319
213,301,318
214,301,318
215,300,318
216,300,318
217,300,318
218,300,318
219,300,317
220,300,317
221,300,317
222,299,317
223,299,317
224,299,317
225,299,317
226,299,316
227,299,316
228,299,316
229,298,316
230,298,316
231,298,316
232,298,316
233,298,315
234,298,315
235,298,315
236,297,315
237,297,315
238,297,315
239,297,315
240,297,315
241,297,314
242,297,314
243,296,314
244,296,314
245,296,314
246,296,314
247,296,314
248,296,314
249,295,313
250,295,313
251,295,313
252,295,313
253,295,313
254,295,313
255,295,313
256,294,313
257,294,313
258,294,312
259,294,312
260,294,312
261,294,312
262,293,312
263,293,312
264,293,312
265,293,312
266,293,312
267,293,312
268,292,312
269,292,312
270,292,311
271,292,311
272,292,311
273,292,311
274,291,311
275,291,311
276,291,311
277,291,311
278,291,311
279,291,311
280,290,311
281,290,311
282,290,311
283,290,311
284,290,311
285,290,310
286,289,310
287,289,310
288,289,310
289,289,310
290,289,310
291,289,310
292,288,310
293,288,310
294,288,310
295,288,310
296,288,310
297,288,310
298,287,310
299,287,310
300,287,310
301,287,310
302,287,310
303,286,310
304,286,310
305,286,310
306,286,310
307,286,310
308,285,310
309,285,310
310,285,310
311,285,310
312,285,310
313,284,310
314,284,310
315,284,310
316,284,310
317,284,310
318,284,310
319,283,310
320,283,310
321,283,310
322,283,310
323,282,310
324,282,310
325,282,310
326,282,310
327,282,310
328,281,310
329,281,310
330,281,310
331,281,310
332,281,310
333,280,310
334,280,310
335,280,310
336,280,310
337,280,310
338,280,310
339,279,310
340,279,310
341,279,310
342,279,310
343,279,310
344,279,310
345,279,310
346,279,310
347,280,310
348,280,310
349,280,310
350,280,310
351,280,310
352,281,310
353,281,310
354,281,310
355,281,310
356,282,310
357,282,310
358,283,310
359,283,310
360,283,310
361,284,310
362,284,310
363,285,310
364,285,310
365,286,310
366,287,310
367,287,310
368,288,310
369,288,310
370,289,310
371,290,310
372,290,310
373,291,310
374,292,309
375,293,309
376,293,309
377,294,309
378,295,309
379,296,308
380,297,308
381,298,307
382,299,306
383,301,305
0,0
0,160
311,240,243
312,238,246
313,237,248
314,236,250
315,236,251
316,236,252
317,236,254
318,236,255
319,236,256
320,236,257
321,236,258
322,236,259
323,237,260
324,237,261
325,237,262
326,238,263
327,238,263
328,238,264
329,239,265
330,239,265
331,239,266
332,239,266
333,240,267
334,240,267
335,240,267
336,240,268
337,240,268
338,240,268
339,240,268
340,241,269
341,241,269
342,241,269
343,241,269
344,241,269
345,241,269
346,241,269
347,241,269
348,241,269
349,241,269
350,242,269
351,242,269
352,242,269
353,242,268
354,242,268
355,242,268
356,242,268
357,242,268
358,242,268
359,242,268
360,242,268
361,242,268
362,242,268
363,242,268
364,242,268
365,242,268
366,242,268
367,242,268
368,242,268
369,242,268
370,242,268
371,242,268
372,242,268
373,242,268
374,242,268
375,242,268
376,242,268
377,242,268
378,242,268
379,242,268
380,242,268
381,242,268
382,242,268
383,242,268
384,242,268
385,242,268
386,242,268
387,242,268
388,242,269
389,242,269
390,242,269
391,242,269
392,242,269
393,242,269
394,242,269
395,242,269
396,242,269
397,242,269
398,242,269
399,242,269
400,242,269
401,242,269
402,242,269
403,242,269
404,242,269
405,242,269
406,242,269
407,242,269
408,242,269
409,241,269
410,241,269
411,241,269
412,241,269
413,241,269
414,241,269
415,240,269
416,240,269
417,240,269
418,240,269
419,240,269
420,241,269
421,241,269
422,241,269
423,241,269
424,241,269
425,242,269
426,242,269
427,242,269
428,242,269
429,242,269
430,243,269
431,243,268
432,243,268
433,243,268
434,243,268
435,244,268
436,244,268
437,244,268
438,244,267
439,244,267
440,245,267
441,245,267
442,245,267
443,245,266
444,245,266
445,246,266
446,246,266
447,246,265
448,246,265
449,246,265
450,246,264
451,247,264
452,247,263
453,247,263
454,247,263
455,247,262
456,248,262
457,248,261
458,248,261
459,248,260
460,248,260
461,249,259
462,249,258
463,249,258
464,249,257
465,249,257
466,250,256
467,250,255
468,250,254
469,250,253
470,250,252
1,61
251,469,470
250,464,470
249,459,470
248,454,470
247,449,470
246,443,469
245,438,469
244,433,468
243,428,467
242,423,466
241,418,466
240,416,465
239,418,464
238,419,462
237,420,461
236,420,460
235,420,459
234,420,458
233,420,456
232,420,455
231,420,454
230,420,453
229,420,452
228,420,451
227,420,450
226,420,449
225,419,448
224,419,447
223,419,446
222,418,445
221,418,444
220,418,443
219,418,442
218,417,441
217,417,441
216,417,440
215,416,439
214,416,438
213,416,437
212,416,436
211,415,435
210,415,434
209,415,433
208,414,432
207,414,432
206,414,431
205,414,430
204,413,429
203,413,428
202,413,427
201,413,426
200,412,426
199,412,425
198,412,424
197,412,423
196,412,422
195,411,421
194,412,420
193,412,419
192,412,418
191,413,417
0,0
0,86
351,153,155
352,151,157
353,150,158
354,149,159
355,148,159
356,148,160
357,147,160
358,146,161
359,146,161
360,145,161
361,144,161
362,143,161
363,143,161
364,142,162
365,141,162
366,141,162
367,140,162
368,139,162
369,139,162
370,138,161
371,137,161
372,136,161
373,136,161
374,135,161
375,134,161
376,133,160
377,133,160
378,132,160
379,131,160
380,130,160
381,129,159
382,128,159
383,128,159
384,127,159
385,126,158
386,125,158
387,124,158
388,123,158
389,122,157
390,122,157
391,121,157
392,120,157
393,119,156
394,118,156
395,117,156
396,116,156
397,115,155
398,115,155
399,114,154
400,114,154
401,113,154
402,113,153
403,112,153
404,112,152
405,112,152
406,111,151
407,111,151
408,111,150
409,110,150
410,110,149
411,110,149
412,110,148
413,109,148
414,109,147
415,109,146
416,109,146
417,109,145
418,109,144
419,109,143
420,109,143
421,109,142
422,109,141
423,109,140
424,109,139
425,109,138
426,109,137
427,109,136
428,109,135
429,110,134
430,110,132
431,110,131
432,110,129
433,111,128
434,112,126
435,113,124
436,114,121
0,0
0,86
346,324,324
347,322,325
348,321,327
349,321,330
350,321,333
351,320,336
352,320,339
353,320,342
354,320,344
355,320,347
356,321,349
357,321,352
358,321,354
359,322,357
360,322,359
361,323,362
362,324,364
363,325,367
364,326,369
365,327,371
366,328,373
367,329,375
368,330,377
369,331,379
370,332,381
371,333,383
372,334,385
373,335,386
374,336,388
375,337,390
376,338,391
377,339,392
378,340,393
379,341,394
380,342,395
381,343,395
382,344,396
383,345,397
384,346,397
385,347,398
386,348,399
387,349,399
388,350,400
389,351,400
390,352,400
391,353,401
392,354,401
393,355,402
394,356,402
395,357,403
396,358,403
397,359,403
398,360,404
399,361,404
400,361,404
401,362,405
402,363,405
403,364,405
404,365,405
405,366,406
406,367,406
407,368,406
408,369,406
409,370,406
410,371,407
411,372,407
412,373,407
413,373,407
414,374,407
415,375,407
416,376,407
417,377,407
418,378,407
419,379,407
420,380,407
421,380,407
422,381,406
423,382,406
424,383,405
425,384,405
426,385,404
427,387,403
428,388,402
429,390,400
430,392,398
431,396,396
0,0
