0,134
162,51,51
163,47,55
164,44,59
165,43,61
166,43,64
167,43,66
168,44,67
169,44,69
170,44,70
171,45,71
172,45,72
173,46,72
174,46,73
175,47,73
176,47,74
177,47,74
178,48,74
179,48,74
180,48,74
181,48,74
182,49,74
183,49,74
184,49,74
185,49,74
186,50,74
187,50,74
188,50,73
189,50,73
190,50,73
191,50,73
192,51,73
193,51,73
194,51,73
195,51,73
196,51,73
197,51,73
198,51,73
199,51,73
200,51,73
201,51,73
202,51,73
203,51,73
204,51,73
205,51,72
206,51,72
207,51,72
208,51,72
209,51,72
210,51,72
211,51,72
212,51,72
213,51,72
214,51,72
215,51,72
216,51,72
217,51,72
218,51,72
219,51,72
220,51,72
221,50,72
222,50,72
223,50,72
224,50,72
225,50,72
226,50,72
227,50,72
228,50,72
229,50,72
230,50,71
231,49,71
232,49,71
233,49,71
234,49,71
235,49,71
236,49,71
237,49,71
238,48,71
239,48,71
240,48,71
241,48,71
242,48,71
243,47,71
244,47,71
245,47,71
246,47,71
247,46,71
248,46,71
249,46,70
250,46,70
251,45,70
252,45,70
253,45,70
254,44,70
255,44,70
256,43,70
257,43,70
258,42,70
259,42,70
260,42,70
261,41,69
262,41,69
263,41,69
264,41,69
265,41,69
266,41,69
267,41,69
268,41,68
269,41,68
270,41,68
271,41,68
272,41,68
273,41,68
274,41,67
275,41,67
276,42,67
277,42,67
278,42,66
279,42,66
280,43,66
281,43,65
282,43,65
283,44,64
284,44,64
285,45,64
286,45,63
287,46,63
288,46,62
289,47,62
290,47,61
291,48,60
292,49,60
293,50,59
294,51,58
295,53,55
0,0
1,161
51,172,174
52,171,175
53,170,176
54,170,177
55,170,178
56,169,179
57,169,179
58,169,180
59,169,180
60,169,181
61,169,181
62,169,181
63,168,182
64,168,182
65,168,182
66,168,182
67,168,182
68,168,183
69,167,183
70,167,183
71,167,183
72,167,182
73,167,182
74,167,182
75,166,182
76,166,182
77,166,182
78,166,182
79,166,181
80,166,181
81,165,181
82,165,181
83,165,180
84,165,180
85,165,180
86,165,180
87,164,179
88,164,179
89,164,179
90,164,179
91,164,178
92,164,178
93,163,178
94,163,178
95,163,177
96,163,177
97,163,177
98,162,177
99,162,177
100,162,176
101,162,176
102,162,176
103,162,176
104,161,175
105,161,175
106,161,175
107,161,175
108,161,175
109,160,174
110,160,174
111,160,174
112,160,174
113,160,174
114,160,173
115,159,173
116,159,173
117,159,173
118,159,173
119,159,172
120,158,172
121,158,172
122,158,172
123,158,172
124,158,171
125,157,171
126,157,171
127,157,171
128,157,171
129,156,171
130,156,170
131,156,170
132,156,170
133,156,170
134,155,170
135,155,170
136,155,169
137,155,169
138,155,169
139,154,169
140,154,169
141,154,169
142,154,168
143,153,168
144,153,168
145,153,168
146,152,168
147,152,168
148,152,168
149,152,167
150,151,167
151,151,167
152,151,167
153,151,167
154,150,167
155,150,167
156,150,167
157,149,166
158,149,166
159,149,166
160,148,166
161,148,166
162,147,166
163,147,166
164,146,166
165,146,166
166,145,166
167,144,166
168,166,166
168,143,167
169,166,166
169,143,167
170,166,166
170,143,168
171,166,166
171,143,170
172,166,166
172,143,173
173,166,166
173,143,172
174,166,166
174,143,170
174,142,172
175,166,166
175,143,172
176,166,166
176,144,172
177,166,166
177,144,172
178,145,172
179,145,171
180,146,171
181,146,171
182,147,171
183,147,171
184,148,171
185,149,171
186,150,171
187,150,171
188,151,170
189,152,170
190,153,170
191,154,170
192,154,170
193,155,170
194,156,170
195,157,170
196,159,170
197,160,170
198,162,169
199,166,168
199,168,168
0,112
170,197,198
171,187,198
172,178,198
173,172,198
174,172,198
175,172,197
176,172,197
177,173,197
178,173,197
179,173,197
180,173,197
181,173,197
182,173,197
183,173,196
184,173,196
185,173,196
186,173,196
187,173,196
188,173,196
189,173,196
190,173,196
191,173,196
192,173,196
193,173,196
194,173,196
195,173,196
196,173,196
197,173,196
198,173,196
199,173,196
200,173,196
201,173,196
202,173,195
203,173,195
204,173,195
205,173,195
206,173,195
207,173,195
208,173,195
209,173,195
210,173,195
211,173,195
212,173,195
213,173,195
214,173,195
215,173,195
216,173,195
217,173,195
218,173,195
219,173,195
220,173,195
221,173,195
222,173,195
223,173,195
224,173,195
225,173,196
226,172,196
227,172,196
228,172,196
229,172,196
230,172,196
231,172,196
232,172,196
233,172,196
234,171,196
235,171,196
236,171,196
237,171,196
238,171,196
239,170,196
240,170,196
241,170,196
242,169,196
243,169,196
244,168,196
245,168,196
246,168,196
247,168,196
248,169,196
249,169,196
250,169,196
251,169,195
252,169,195
253,169,195
254,169,195
255,170,195
256,170,195
257,170,195
258,170,194
259,170,194
260,170,194
261,170,194
262,171,194
263,171,193
264,171,193
265,171,192
266,171,192
267,171,192
268,171,191
269,172,191
270,172,190
271,172,189
272,172,189
273,172,188
274,172,188
275,172,187
276,173,186
277,173,185
278,173,184
279,174,183
280,175,181
281,178,178
1,40
173,275,279
172,268,278
171,261,277
170,254,276
169,248,275
168,244,274
167,245,273
166,246,273
165,246,272
164,247,271
163,247,270
162,247,269
161,247,268
160,247,268
159,247,267
158,247,266
157,247,265
156,247,264
155,247,264
154,247,263
153,247,262
152,247,262
151,246,261
150,246,260
149,246,259
148,246,258
147,246,258
146,246,257
145,246,256
144,246,256
143,245,255
142,245,254
141,245,253
140,244,253
139,245,252
138,245,251
137,245,250
136,246,249
135,246,248
135,246,247
0,0
0,384
52,100,106
53,98,109
54,97,112
55,96,114
56,95,116
57,95,117
58,95,119
59,94,121
60,94,122
61,94,124
62,94,125
63,94,127
64,95,128
65,95,130
66,96,131
67,96,133
68,97,134
69,98,135
70,98,136
71,99,137
72,99,139
73,100,140
74,100,141
75,101,141
76,102,142
77,102,143
78,102,143
79,103,144
80,103,144
81,104,144
82,104,144
83,105,144
84,105,144
85,105,143
86,106,143
87,106,143
88,106,142
89,107,142
90,107,141
91,107,141
92,107,141
93,108,140
94,108,140
95,108,140
96,108,140
97,109,139
98,109,139
99,109,139
100,109,139
101,109,139
102,109,139
103,109,138
104,110,138
105,110,138
106,110,138
107,110,138
108,110,138
109,110,138
110,110,137
111,110,137
112,110,137
113,110,137
114,110,137
115,110,137
116,110,137
117,110,137
118,110,137
119,110,136
120,110,136
121,111,136
122,111,136
123,111,136
124,111,136
125,111,136
126,111,136
127,111,136
128,111,136
129,111,136
130,111,135
131,111,135
132,111,135
133,111,135
134,111,135
135,111,135
136,111,135
137,111,135
138,111,135
139,111,135
140,111,135
141,111,135
142,111,135
143,111,135
144,111,134
145,111,134
146,111,134
147,111,134
148,111,134
149,111,134
150,111,134
151,111,134
152,111,134
153,111,134
154,111,134
155,111,134
156,111,134
157,111,134
158,111,134
159,111,134
160,111,134
161,111,133
162,111,133
163,111,133
164,111,133
165,111,133
166,111,133
167,111,133
168,111,133
169,111,133
170,111,133
171,111,133
172,111,133
173,111,133
174,111,133
175,111,133
176,111,133
177,111,133
178,111,133
179,110,133
180,110,133
181,110,133
182,110,133
183,110,133
184,110,133
185,110,132
186,110,132
187,110,132
188,110,132
189,110,132
190,110,132
191,110,132
192,110,132
193,110,132
194,110,132
195,110,132
196,110,132
197,110,132
198,110,132
199,110,132
200,110,132
201,110,132
202,110,132
203,110,132
204,110,132
205,110,132
206,110,132
207,110,132
208,110,132
209,110,132
210,110,132
211,110,132
212,110,132
213,110,132
214,110,132
215,110,132
216,110,132
217,110,132
218,110,132
219,110,132
220,110,131
221,110,131
222,110,131
223,110,131
224,110,131
225,110,131
226,110,131
227,110,131
228,110,131
229,110,131
230,110,131
231,110,131
232,110,131
233,110,131
234,110,131
235,110,131
236,110,131
237,110,131
238,110,131
239,110,131
240,110,131
241,110,131
242,110,131
243,110,131
244,110,131
245,109,131
246,109,131
247,109,131
248,109,131
249,109,131
250,109,131
251,109,131
252,109,131
253,109,131
254,109,131
255,109,131
256,109,131
257,109,131
258,109,131
259,109,131
260,109,131
261,109,131
262,109,131
263,109,131
264,109,131
265,109,131
266,109,131
267,109,131
268,109,131
269,109,131
270,109,131
271,109,131
272,109,131
273,109,131
274,109,131
275,109,131
276,109,131
277,109,131
278,109,131
279,109,131
280,109,131
281,109,131
282,109,131
283,109,131
284,108,130
285,108,130
286,108,130
287,108,130
288,108,130
289,108,130
290,108,130
291,108,130
292,108,130
293,108,130
294,108,130
295,108,130
296,108,130
297,108,130
298,108,130
299,108,130
300,108,130
301,108,130
302,108,130
303,108,130
304,108,130
305,108,130
306,108,130
307,108,130
308,107,130
309,107,130
310,107,130
311,107,130
312,107,130
313,107,130
314,107,130
315,107,130
316,107,130
317,107,130
318,107,130
319,107,130
320,107,130
321,107,130
322,106,130
323,106,130
324,106,130
325,106,130
326,106,130
327,106,130
328,106,130
329,106,130
330,106,130
331,106,130
332,105,130
333,105,130
334,105,130
335,105,130
336,105,130
337,105,130
338,105,130
339,105,130
340,105,130
341,104,130
342,104,130
343,104,130
344,104,130
345,104,130
346,104,130
347,104,130
348,103,130
349,103,130
350,103,130
351,103,130
352,103,130
353,103,130
354,102,130
355,102,130
356,102,130
357,102,130
358,102,130
359,102,130
360,101,130
361,101,130
362,101,130
363,101,130
364,100,130
365,100,130
366,100,130
367,100,130
368,100,130
369,99,130
370,99,130
371,99,130
372,99,130
373,98,130
374,98,130
375,98,130
376,98,130
377,97,130
378,97,130
379,97,130
380,97,130
381,96,130
382,96,130
383,96,130
384,96,130
385,96,130
386,95,130
387,95,130
388,95,130
389,95,130
390,95,130
391,95,130
392,95,130
393,95,130
394,95,130
395,95,130
396,95,130
397,95,130
398,95,130
399,95,130
400,96,130
401,96,130
402,96,130
403,96,130
404,97,130
405,97,129
406,97,129
407,98,129
408,98,129
409,98,129
410,99,129
411,99,128
412,100,128
413,100,128
414,100,128
415,101,127
416,101,127
417,101,127
418,102,126
419,102,126
420,102,126
421,103,125
422,103,125
423,104,124
424,104,124
425,104,123
426,105,122
427,105,122
428,106,121
429,107,121
430,107,120
431,108,119
432,108,119
433,109,118
434,110,116
435,113,114
0,0
0,125
62,218,221
63,215,227
64,214,231
65,214,235
66,214,238
67,214,240
68,214,242
69,214,243
70,215,244
71,215,244
72,216,245
73,216,245
74,217,245
75,217,245
76,217,245
77,218,245
78,218,246
79,219,246
80,219,246
81,219,246
82,220,246
83,220,246
84,221,246
85,221,246
86,221,246
87,222,246
88,222,246
89,222,247
90,223,247
91,223,247
92,223,247
93,224,247
94,224,247
95,224,247
96,225,248
97,225,248
98,225,248
99,225,248
100,226,248
101,226,248
102,226,248
103,227,248
104,227,249
105,227,249
106,227,249
107,228,249
108,228,249
109,228,249
110,228,250
111,229,250
112,229,250
113,229,250
114,229,250
115,230,250
116,230,250
117,230,251
118,230,251
119,230,251
120,231,251
121,231,251
122,231,251
123,231,252
124,231,252
125,232,252
126,232,252
127,232,252
128,232,252
129,232,253
130,232,253
131,232,253
132,233,253
133,233,253
134,233,253
135,233,253
136,233,254
137,233,254
138,233,254
139,233,254
140,234,254
141,234,254
142,234,254
143,234,255
144,234,255
145,234,255
146,234,255
147,235,255
148,235,255
149,235,255
150,235,256
151,235,256
152,235,256
153,235,256
154,236,256
155,236,256
156,236,256
157,236,256
158,237,256
159,237,256
160,237,256
161,237,256
162,237,257
163,238,257
164,238,257
165,238,257
166,239,257
167,239,257
168,239,257
169,239,257
170,240,257
171,240,257
172,241,257
173,241,257
174,241,257
175,242,257
176,242,257
177,243,257
178,243,256
179,244,256
180,245,256
181,246,256
182,246,256
183,247,255
184,248,255
185,249,254
186,251,253
0,0
1,130
228,71,72
229,70,74
230,70,74
231,69,75
232,69,76
233,69,77
234,69,78
235,69,78
236,69,79
237,69,79
238,69,80
239,69,81
240,69,81
241,69,82
242,69,82
243,69,82
244,68,83
245,68,83
246,68,83
247,68,84
248,68,84
249,68,84
250,68,84
251,68,84
252,68,84
253,68,84
254,68,84
255,67,84
256,67,83
257,67,83
258,67,83
259,67,83
260,67,83
261,67,82
262,66,82
263,66,82
264,66,82
265,66,81
266,66,81
267,66,81
268,66,81
269,65,81
270,65,80
271,65,80
272,65,80
273,65,80
274,65,80
275,64,79
276,64,79
277,64,79
278,64,79
279,64,79
280,64,78
281,63,78
282,63,78
283,63,78
284,63,78
285,63,78
286,63,78
287,62,77
288,62,77
289,62,77
290,62,77
291,62,77
292,62,77
293,61,77
294,61,76
295,61,76
296,61,76
297,61,76
298,61,76
299,61,76
300,60,76
301,60,76
302,60,76
303,60,75
304,60,75
305,60,75
306,60,75
307,59,75
308,59,75
309,59,75
310,59,75
311,59,75
312,59,75
313,59,75
314,59,75
315,58,74
316,58,74
317,58,74
318,58,74
319,58,74
320,58,74
321,58,74
322,58,74
323,58,74
324,57,74
325,57,74
326,57,74
327,57,74
328,57,74
329,57,74
330,57,74
331,57,74
332,57,74
333,56,74
334,56,74
335,56,74
336,56,74
337,56,74
338,56,74
339,56,74
340,56,74
341,55,74
342,55,74
343,55,74
344,55,74
345,55,74
346,55,74
347,55,74
348,54,74
349,54,74
350,54,74
351,54,74
352,54,74
353,54,74
354,53,74
355,58,74
356,74,75
356,75,75
0,121
52,358,364
53,354,368
54,354,371
55,354,374
56,354,376
57,354,378
58,355,379
59,355,381
60,355,383
61,355,385
62,355,386
63,355,388
64,355,390
65,355,391
66,355,393
67,355,394
68,355,396
69,355,397
70,355,398
71,355,399
72,355,400
73,355,401
74,356,402
75,356,403
76,356,404
77,357,404
78,357,404
79,357,404
80,357,404
81,357,404
82,357,403
83,357,403
84,357,402
85,357,402
86,357,401
87,357,400
88,357,399
89,357,398
90,357,397
91,357,396
92,357,394
93,357,393
94,357,393
95,357,392
96,357,391
97,356,390
98,356,389
99,356,388
100,356,388
101,356,387
102,356,386
103,356,386
104,356,385
105,355,385
106,355,384
107,355,384
108,355,383
109,355,383
110,355,382
111,354,382
112,354,381
113,354,381
114,354,380
115,354,380
116,354,380
117,353,379
118,353,379
119,353,379
120,353,378
121,353,378
122,352,378
123,352,377
124,352,377
125,352,377
126,352,376
127,352,376
128,351,376
129,351,375
130,351,375
131,351,375
132,351,375
133,350,374
134,350,374
135,350,374
136,350,374
137,349,373
138,349,373
139,349,373
140,349,372
141,348,372
142,348,372
143,348,371
144,348,371
145,347,371
146,347,370
147,347,370
148,347,370
149,346,369
150,346,369
151,345,369
152,345,368
153,345,368
154,345,368
155,344,367
156,344,367
157,344,366
158,344,366
159,344,366
160,344,365
161,344,364
162,344,364
163,344,363
164,345,363
165,345,362
166,345,362
167,346,361
168,347,360
169,347,359
170,348,357
171,350,355
172,352,352
0,0
1,94
238,124,125
239,123,126
240,123,127
241,122,128
242,122,129
243,122,129
244,121,130
245,121,130
246,121,130
247,121,130
248,120,130
249,120,130
250,120,131
251,120,131
252,119,131
253,119,131
254,119,130
255,119,130
256,118,130
257,118,130
258,118,130
259,118,130
260,117,130
261,117,130
262,117,130
263,117,130
264,116,130
265,116,129
266,116,129
267,115,129
268,115,129
269,115,129
270,115,129
271,114,129
272,114,128
273,114,128
274,113,128
275,113,128
276,113,128
277,113,128
278,112,128
279,112,127
280,112,127
281,111,127
282,111,127
283,111,127
284,111,127
285,110,126
286,110,126
287,110,126
288,110,126
289,109,126
290,109,126
291,109,126
292,108,125
293,108,125
294,108,125
295,108,125
296,108,125
297,108,125
298,107,125
299,107,124
300,107,124
301,107,124
302,107,124
303,107,124
304,107,124
305,107,124
306,107,124
307,106,123
308,106,123
309,106,123
310,106,123
311,106,123
312,106,123
313,107,123
314,107,123
315,107,122
316,107,122
317,107,122
318,107,122
319,108,122
320,108,122
321,108,122
322,109,122
323,109,121
324,109,121
325,110,121
326,110,121
327,111,121
328,112,120
329,113,120
330,114,119
331,115,119
0,0
1,108
248,168,168
249,167,170
250,166,171
251,166,172
252,166,173
253,166,173
254,165,173
255,165,173
256,165,173
257,165,173
258,165,174
259,165,174
260,164,174
261,164,174
262,164,174
263,164,175
264,164,174
265,164,174
266,163,174
267,163,174
268,163,174
269,163,174
270,163,174
271,162,174
272,162,174
273,162,174
274,162,174
275,162,174
276,162,174
277,161,174
278,161,173
279,161,173
280,161,173
281,161,173
282,160,173
283,160,173
284,160,173
285,160,173
286,160,173
287,160,173
288,159,173
289,159,173
290,159,172
291,159,172
292,159,172
293,158,172
294,158,172
295,158,172
296,158,172
297,158,172
298,157,172
299,157,171
300,157,171
301,157,171
302,157,171
303,156,171
304,156,171
305,156,171
306,156,171
307,156,171
308,155,171
309,155,170
310,155,170
311,155,170
312,155,170
313,155,170
314,154,170
315,154,170
316,154,170
317,154,170
318,154,170
319,153,170
320,153,169
321,153,169
322,153,169
323,153,169
324,153,169
325,153,169
326,153,169
327,153,169
328,153,169
329,153,169
330,152,169
331,152,169
332,152,168
333,152,168
334,152,168
335,152,168
336,152,168
337,153,168
338,153,168
339,153,168
340,153,168
341,154,168
342,154,168
343,154,168
344,154,167
345,155,167
346,155,167
347,156,167
348,156,167
349,157,167
350,157,167
351,158,167
352,159,166
353,160,166
354,162,165
354,162,163
0,0
0,113
167,286,286
168,282,290
169,280,294
170,279,296
171,278,299
172,278,301
173,278,303
174,278,304
175,278,306
176,278,308
177,279,309
178,279,311
179,280,312
180,280,313
181,281,314
182,281,315
183,282,316
184,282,317
185,283,317
186,283,317
187,283,317
188,284,317
189,284,317
190,284,316
191,284,316
192,285,316
193,285,315
194,285,315
195,285,315
196,285,314
197,286,314
198,286,314
199,286,314
200,286,314
201,286,313
202,286,313
203,286,313
204,287,313
205,287,313
206,287,313
207,287,312
208,287,312
209,287,312
210,287,312
211,287,312
212,287,312
213,287,312
214,287,311
215,287,311
216,287,311
217,287,311
218,288,311
219,288,311
220,288,311
221,288,311
222,288,310
223,288,310
224,288,310
225,288,310
226,288,310
227,288,310
228,288,310
229,288,310
230,288,309
231,288,309
232,288,309
233,288,309
234,288,309
235,288,309
236,288,309
237,288,308
238,288,308
239,288,308
240,288,308
241,288,308
242,288,308
243,288,308
244,288,308
245,288,307
246,288,307
247,288,307
248,288,307
249,288,307
250,288,307
251,288,307
252,288,307
253,288,306
254,288,306
255,288,306
256,288,306
257,288,306
258,288,306
259,288,306
260,288,305
261,288,305
262,288,305
263,288,305
264,288,305
265,288,305
266,288,305
267,288,305
268,288,304
269,288,304
270,288,304
271,288,304
272,288,304
273,288,304
274,288,304
275,288,303
276,288,299
277,288,295
278,288,291
279,288,288
0,0
0,45
204,222,223
205,220,228
206,219,231
207,219,234
208,219,236
209,219,239
210,219,241
211,219,244
212,219,246
213,220,248
214,220,250
215,221,251
216,222,253
217,222,255
218,223,256
219,224,257
220,225,258
221,226,259
222,226,259
223,227,260
224,228,261
225,229,261
226,230,261
227,231,261
228,232,261
229,232,262
230,233,262
231,234,262
232,235,262
233,236,262
234,237,262
235,237,262
236,238,262
237,239,262
238,240,262
239,240,262
240,241,262
241,242,262
242,242,261
243,243,261
244,244,260
245,245,260
246,246,259
247,248,258
248,250,256
0,0
0,59
177,372,375
178,369,379
179,369,381
180,368,383
181,368,384
182,368,385
183,368,386
184,368,387
185,368,388
186,367,389
187,367,390
188,367,391
189,367,392
190,366,392
191,366,393
192,365,394
193,365,394
194,364,395
195,364,396
196,363,396
197,362,397
198,361,397
199,360,398
200,359,398
201,358,398
202,357,398
203,357,398
204,356,398
205,355,398
206,354,397
207,353,395
208,352,392
209,351,389
210,350,387
211,349,384
212,348,382
213,347,380
214,346,377
215,345,375
216,344,373
217,343,371
218,342,369
219,341,367
220,340,365
221,339,363
222,338,361
223,337,358
224,336,357
225,335,355
226,334,353
227,333,350
228,332,349
229,331,347
230,330,345
231,329,343
232,329,341
233,329,339
234,330,337
235,333,333
0,0
1,214
198,277,280
199,277,281
200,276,282
201,276,283
202,276,283
203,276,284
204,276,285
205,275,286
206,275,287
207,275,287
208,275,288
209,275,289
210,275,290
211,275,290
212,275,291
213,275,292
214,275,292
215,275,293
216,275,293
217,274,293
218,274,294
219,274,294
220,274,294
221,274,294
222,274,294
223,274,294
224,274,294
225,274,294
226,274,294
227,274,294
228,274,293
229,274,293
230,274,293
231,274,293
232,273,293
233,273,293
234,273,292
235,273,292
236,273,292
237,273,292
238,273,292
239,273,292
240,273,291
241,273,291
242,273,291
243,273,291
244,273,291
245,273,291
246,273,291
247,272,290
248,272,290
249,272,290
250,272,290
251,272,290
252,272,290
253,272,289
254,272,289
255,272,289
256,272,289
257,272,289
258,272,289
259,272,289
260,272,288
261,272,288
262,271,288
263,271,288
264,271,288
265,271,288
266,271,288
267,271,287
268,271,287
269,271,287
270,271,287
271,271,287
272,271,287
273,271,287
274,270,286
275,270,286
276,270,286
277,270,286
278,270,286
279,270,286
280,270,286
281,270,286
282,270,285
283,270,285
284,269,285
285,269,285
286,269,285
287,269,285
288,269,285
289,269,285
290,269,284
291,269,284
292,268,284
293,268,284
294,268,284
295,268,284
296,268,284
297,268,284
298,268,283
299,267,283
300,267,283
301,267,283
302,267,283
303,267,283
304,267,283
305,267,283
306,266,283
307,266,282
308,266,282
309,266,282
310,266,282
311,266,282
312,265,282
313,265,282
314,265,282
315,265,281
316,265,281
317,265,281
318,264,281
319,264,281
320,264,281
321,264,281
322,264,281
323,264,281
324,263,281
325,263,280
326,263,280
327,263,280
328,263,280
329,262,280
330,262,280
331,262,280
332,262,280
333,262,280
334,262,280
335,261,279
336,261,279
337,261,279
338,261,279
339,261,279
340,260,279
341,260,279
342,260,279
343,260,279
344,260,279
345,260,278
346,259,278
347,259,278
348,259,278
349,259,278
350,259,278
351,258,278
352,258,278
353,258,278
354,258,278
355,258,278
356,257,277
357,257,277
358,257,277
359,257,277
360,257,277
361,256,277
362,256,277
363,256,277
364,256,277
365,256,277
366,256,276
367,255,276
368,255,276
369,255,276
370,255,276
371,254,276
372,254,276
373,254,276
374,254,276
375,254,276
376,253,276
377,253,275
378,253,275
379,253,275
380,253,275
381,253,275
382,252,275
383,253,275
384,253,275
385,253,275
386,253,275
387,253,275
388,253,275
389,253,275
390,253,274
391,254,274
392,254,274
393,254,274
394,255,274
395,255,274
396,256,274
397,256,274
398,256,274
399,257,274
400,257,274
401,258,274
402,258,274
403,259,274
404,259,274
405,260,274
406,261,273
407,261,273
408,262,273
409,262,272
410,263,271
411,265,269
0,0
0,141
285,254,254
286,251,257
287,250,260
288,249,262
289,248,264
290,248,265
291,248,267
292,248,268
293,248,270
294,248,271
295,248,273
296,248,274
297,248,275
298,248,276
299,248,277
300,248,278
301,248,279
302,248,280
303,248,281
304,248,281
305,247,281
306,247,282
307,247,282
308,247,282
309,247,281
310,247,281
311,246,281
312,246,280
313,246,279
314,246,278
315,245,277
316,245,277
317,245,276
318,245,275
319,244,275
320,244,274
321,244,274
322,243,273
323,243,272
324,243,272
325,242,271
326,242,270
327,241,270
328,241,269
329,240,269
330,240,268
331,239,268
332,239,267
333,239,266
334,238,266
335,238,265
336,237,265
337,236,264
338,236,264
339,235,263
340,235,263
341,234,262
342,234,262
343,233,261
344,233,260
345,232,260
346,231,259
347,231,259
348,230,258
349,230,257
350,229,257
351,228,256
352,228,255
353,227,255
354,226,254
355,226,254
356,225,253
357,224,252
358,223,252
359,223,251
360,222,250
361,221,249
362,220,249
363,220,248
364,219,247
365,218,246
366,217,246
367,216,245
368,216,244
369,215,244
370,214,243
371,213,242
372,212,241
373,211,240
374,210,240
375,209,239
376,209,238
377,208,237
378,207,236
379,206,235
380,205,234
381,204,233
382,203,232
383,202,231
384,201,230
385,200,229
386,198,228
387,197,227
388,196,226
389,195,225
390,194,224
391,193,223
392,192,222
393,190,221
394,189,219
395,188,218
396,187,217
397,185,215
398,184,214
399,183,213
400,181,211
401,180,210
402,179,209
403,177,207
404,176,206
405,175,204
406,173,202
407,172,201
408,170,199
409,169,197
410,168,195
411,166,194
412,165,191
413,163,189
414,162,187
415,161,185
416,159,183
417,158,181
418,156,178
419,155,176
420,153,174
421,152,171
422,151,168
423,151,165
424,151,162
425,154,158
0,0
0,134
277,311,311
278,305,315
279,305,318
280,304,321
281,304,323
282,304,325
283,304,326
284,304,328
285,304,329
286,304,330
287,304,332
288,305,333
289,305,334
290,305,334
291,305,335
292,306,336
293,306,336
294,306,336
295,306,337
296,307,337
297,307,337
298,307,337
299,307,337
300,308,337
301,308,337
302,308,336
303,308,336
304,308,336
305,309,336
306,309,335
307,309,335
308,309,335
309,309,335
310,309,335
311,309,335
312,309,334
313,309,334
314,309,334
315,309,334
316,309,334
317,309,333
318,309,333
319,309,333
320,309,333
321,309,333
322,309,333
323,309,332
324,309,332
325,309,332
326,309,332
327,308,332
328,308,332
329,308,332
330,308,331
331,308,331
332,308,331
333,308,331
334,308,331
335,308,331
336,308,331
337,308,330
338,308,330
339,308,330
340,308,330
341,307,330
342,307,330
343,307,330
344,307,330
345,307,329
346,307,329
347,307,329
348,307,329
349,307,329
350,307,329
351,307,329
352,307,329
353,307,328
354,307,328
355,307,328
356,307,328
357,307,328
358,306,328
359,306,328
360,306,328
361,306,328
362,306,328
363,306,328
364,306,328
365,306,328
366,306,328
367,306,328
368,306,328
369,306,328
370,306,327
371,306,327
372,306,327
373,306,327
374,306,327
375,306,327
376,306,328
377,306,328
378,306,328
379,306,328
380,306,328
381,306,328
382,306,328
383,306,328
384,306,328
385,306,328
386,306,328
387,306,328
388,306,328
389,306,329
390,306,329
391,306,329
392,306,329
393,306,329
394,306,330
395,306,330
396,306,330
397,307,330
398,307,331
399,307,331
400,307,332
401,307,331
402,307,329
403,307,326
404,307,324
405,307,321
406,308,318
407,308,316
408,308,313
409,308,310
410,309,309
1,215
309,410,412
310,409,414
311,409,416
312,409,417
313,408,419
314,408,420
315,408,422
316,407,423
317,407,424
318,406,425
319,406,426
320,406,427
321,405,428
322,405,429
323,405,430
324,404,431
325,404,431
326,403,432
327,403,433
328,403,433
329,402,434
330,402,435
331,401,435
332,401,436
333,402,436
334,404,437
335,405,437
336,406,438
337,407,438
338,408,438
339,409,439
340,409,439
341,410,440
342,411,440
343,411,440
344,412,441
345,412,441
346,413,441
347,413,442
348,414,442
349,414,442
350,415,443
351,415,443
352,415,443
353,416,443
354,416,444
355,416,444
356,417,444
357,417,444
358,417,444
359,417,445
360,418,445
361,418,445
362,418,445
363,418,445
364,419,446
365,419,446
366,419,446
367,419,446
368,419,446
369,419,446
370,420,446
371,420,447
372,420,447
373,420,447
374,420,447
375,420,447
376,420,447
377,420,447
378,420,435
378,420,447
379,420,435
379,420,447
380,420,435
380,420,447
381,420,435
381,420,447
382,420,435
382,420,447
383,420,435
383,420,447
384,420,435
384,420,447
385,420,435
385,420,447
386,420,435
386,420,447
387,420,435
387,420,447
388,420,435
388,420,447
389,420,435
389,420,448
390,420,435
390,420,448
391,420,435
391,420,448
392,420,435
392,420,448
393,420,435
393,420,448
394,420,435
394,420,448
395,420,435
395,420,448
396,420,435
396,420,448
397,420,435
397,420,448
398,420,435
398,420,448
399,420,435
399,420,448
400,420,435
400,420,448
401,420,435
401,420,448
402,420,435
402,420,448
403,420,435
403,420,448
404,420,435
404,420,448
405,420,435
405,420,448
406,420,435
406,419,447
407,420,435
407,419,447
408,420,435
408,419,447
409,420,435
409,419,447
410,420,435
410,419,447
411,420,435
411,418,447
412,420,435
412,418,447
413,420,435
413,418,447
414,420,435
414,418,447
415,420,435
415,418,447
416,420,435
416,417,447
417,420,435
417,417,447
418,417,446
419,417,446
420,416,446
421,416,446
422,416,446
423,415,446
424,415,446
425,414,445
426,414,445
427,414,445
428,413,445
429,413,445
430,412,445
431,411,444
432,411,444
433,410,444
434,409,444
435,408,443
436,407,443
437,406,443
438,405,443
439,405,442
440,405,442
441,405,442
442,405,442
443,405,441
444,405,441
445,405,440
446,405,440
447,405,440
448,405,439
449,405,439
450,405,439
451,405,438
452,405,438
453,405,437
454,405,437
455,405,436
456,405,436
457,405,435
458,405,435
459,405,434
460,405,434
461,405,433
462,404,433
463,404,432
464,404,432
465,404,431
466,404,430
467,404,430
468,404,429
469,404,429
470,404,428
471,404,427
472,404,427
473,404,426
474,404,425
475,404,425
476,404,424
477,404,423
478,404,422
479,404,422
480,404,421
481,404,420
482,406,418
483,409,416
0,70
404,438,462
403,439,480
402,439,480
401,439,479
400,440,479
399,440,479
398,441,478
397,441,478
396,442,478
395,442,477
394,442,477
393,443,477
392,443,476
391,443,476
390,444,476
389,444,475
388,444,475
387,445,475
386,445,475
385,446,474
384,446,474
383,446,474
382,446,473
381,447,473
380,447,473
379,447,473
378,448,472
377,448,472
376,448,472
375,448,472
374,449,471
373,449,471
372,449,471
371,450,471
370,450,471
369,450,470
368,450,470
367,451,470
366,451,470
365,451,469
364,451,469
363,452,469
362,452,469
361,452,469
360,452,468
359,453,468
358,453,468
357,453,468
356,453,468
355,454,467
354,454,467
353,454,467
352,454,467
351,455,467
350,455,466
349,455,466
348,455,466
347,456,466
346,456,466
345,456,465
344,456,465
343,457,465
342,457,465
341,457,465
340,457,465
339,458,464
338,458,464
337,458,463
336,459,462
335,460,460
0,0
