0,140
44,146,146
45,144,153
46,143,155
47,142,157
48,142,159
49,142,160
50,142,162
51,142,163
52,142,164
53,142,165
54,143,166
55,143,167
56,143,168
57,143,169
58,143,170
59,143,171
60,143,172
61,143,173
62,143,174
63,143,175
64,143,176
65,143,176
66,143,177
67,142,178
68,142,178
69,142,179
70,141,179
71,141,180
72,141,180
73,140,180
74,140,180
75,140,180
76,139,180
77,139,180
78,138,180
79,138,179
80,137,179
81,137,178
82,136,177
83,135,176
84,135,174
85,134,173
86,134,172
87,133,171
88,133,170
89,132,169
90,131,168
91,131,167
92,130,166
93,129,165
94,129,164
95,128,163
96,127,162
97,127,161
98,126,160
99,125,159
100,125,158
101,124,157
102,123,157
103,122,156
104,122,155
105,121,154
106,120,153
107,120,152
108,119,152
109,118,151
110,117,150
111,117,149
112,116,148
113,115,147
114,114,146
115,114,145
116,113,145
117,112,144
118,111,143
119,110,142
120,110,141
121,109,140
122,108,139
123,107,138
124,106,137
125,106,136
126,105,135
127,104,134
128,103,134
129,102,133
130,101,132
131,100,131
132,99,130
133,99,129
134,98,128
135,97,127
136,96,125
137,95,124
138,94,123
139,93,122
140,92,121
141,92,120
142,91,119
143,90,118
144,89,117
145,88,116
146,87,115
147,86,114
148,85,113
149,84,111
150,83,110
151,82,109
152,81,108
153,80,107
154,80,106
155,79,104
156,78,103
157,77,102
158,76,101
159,75,99
160,74,98
161,73,97
162,72,95
163,71,94
164,70,93
165,69,92
166,68,90
167,67,89
168,66,87
169,65,86
170,64,84
171,63,83
172,62,81
173,61,80
174,59,78
175,58,77
176,57,75
177,57,74
178,56,72
179,55,70
180,55,68
181,54,66
182,54,64
183,55,61
0,0
0,193
155,150,150
156,146,154
157,145,157
158,144,159
159,143,161
160,143,163
161,143,164
162,143,165
163,143,167
164,143,168
165,144,169
166,144,170
167,144,171
168,144,172
169,145,173
170,145,174
171,145,176
172,145,177
173,145,177
174,145,178
175,145,179
176,145,180
177,145,181
178,145,182
179,145,182
180,145,183
181,145,184
182,144,184
183,144,185
184,144,185
185,144,185
186,144,185
187,143,185
188,143,185
189,143,185
190,142,185
191,142,185
192,142,184
193,141,184
194,141,183
195,140,182
196,140,181
197,140,180
198,139,179
199,139,178
200,138,177
201,138,176
202,137,175
203,137,174
204,136,173
205,136,172
206,135,171
207,134,170
208,134,169
209,133,168
210,133,167
211,132,167
212,132,166
213,131,165
214,131,164
215,130,163
216,129,162
217,129,161
218,128,161
219,127,160
220,127,159
221,126,158
222,125,157
223,125,157
224,124,156
225,123,155
226,123,154
227,122,153
228,121,153
229,121,152
230,120,151
231,119,151
232,119,150
233,118,149
234,117,148
235,116,147
236,116,147
237,115,146
238,114,145
239,114,144
240,113,144
241,112,143
242,111,142
243,111,141
244,110,141
245,109,140
246,109,139
247,108,138
248,107,137
249,106,137
250,105,136
251,105,135
252,104,134
253,103,133
254,102,133
255,101,132
256,101,131
257,100,130
258,99,129
259,98,129
260,97,128
261,97,127
262,96,126
263,95,125
264,94,124
265,93,123
266,93,122
267,92,122
268,91,121
269,90,120
270,89,119
271,88,118
272,87,117
273,87,116
274,86,115
275,85,114
276,84,114
277,83,113
278,82,112
279,81,111
280,81,110
281,80,109
282,79,108
283,78,107
284,77,106
285,76,105
286,75,104
287,74,103
288,74,102
289,73,101
290,72,100
291,71,99
292,70,98
293,69,97
294,68,96
295,67,95
296,66,94
297,65,93
298,65,92
299,64,91
300,63,90
301,62,89
302,61,88
303,60,87
304,59,86
305,58,85
306,57,84
307,56,83
308,55,81
309,54,80
310,53,79
311,52,78
312,51,77
313,50,76
314,49,75
315,48,74
316,48,72
317,47,71
318,45,70
319,45,69
320,44,68
321,43,67
322,42,65
323,41,64
324,40,63
325,39,62
326,38,61
327,37,59
328,36,58
329,35,57
330,34,55
331,33,54
332,32,53
333,31,51
334,30,50
335,29,49
336,27,47
337,26,46
338,25,44
339,24,43
340,24,41
341,23,40
342,22,38
343,21,36
344,21,35
345,21,33
346,21,30
347,22,27
0,0
0,197
255,117,119
256,114,121
257,113,124
258,112,126
259,112,127
260,112,128
261,112,130
262,111,131
263,111,132
264,111,133
265,112,134
266,112,135
267,112,135
268,112,136
269,113,137
270,113,138
271,113,139
272,114,140
273,114,141
274,115,142
275,115,143
276,115,144
277,116,145
278,116,145
279,117,146
280,117,147
281,118,148
282,118,148
283,119,148
284,119,149
285,119,149
286,120,149
287,120,149
288,120,149
289,120,149
290,121,149
291,121,149
292,121,149
293,121,149
294,121,149
295,121,149
296,122,149
297,122,148
298,122,148
299,122,148
300,122,148
301,122,148
302,122,147
303,122,147
304,122,147
305,122,147
306,122,147
307,122,147
308,122,147
309,122,147
310,122,147
311,122,147
312,122,146
313,122,146
314,122,146
315,122,146
316,122,146
317,122,146
318,122,146
319,122,146
320,122,146
321,122,146
322,122,146
323,122,146
324,122,146
325,122,145
326,122,145
327,122,145
328,122,145
329,122,145
330,121,145
331,121,145
332,121,145
333,121,145
334,121,145
335,121,145
336,121,145
337,121,145
338,121,145
339,121,145
340,121,145
341,121,145
342,121,145
343,121,145
344,121,144
345,121,144
346,121,144
347,121,144
348,121,144
349,121,144
350,121,144
351,121,144
352,121,144
353,120,144
354,120,144
355,120,144
356,120,144
357,120,144
358,120,144
359,120,144
360,119,144
361,119,144
362,119,144
363,119,144
364,119,144
365,119,144
366,119,144
367,118,144
368,118,143
369,118,143
370,118,143
371,118,143
372,118,143
373,117,143
374,117,143
375,117,143
376,117,143
377,117,143
378,116,143
379,116,143
380,116,143
381,116,143
382,116,143
383,115,143
384,115,143
385,115,143
386,115,143
387,114,143
388,114,143
389,114,143
390,114,143
391,113,143
392,113,143
393,113,143
394,113,143
395,112,143
396,112,143
397,112,143
398,112,143
399,111,142
400,111,142
401,111,142
402,111,142
403,111,142
404,110,142
405,110,142
406,110,142
407,110,142
408,110,142
409,110,142
410,110,142
411,110,142
412,110,142
413,110,142
414,110,142
415,110,142
416,110,142
417,110,142
418,111,142
419,111,142
420,111,141
421,111,141
422,111,141
423,112,141
424,112,141
425,112,141
426,112,141
427,113,140
428,113,140
429,113,140
430,114,140
431,114,140
432,114,139
433,115,139
434,115,139
435,115,138
436,116,138
437,116,138
438,117,137
439,117,137
440,118,137
441,118,136
442,119,136
443,119,135
444,120,135
445,120,134
446,121,134
447,122,133
448,123,132
449,124,131
450,126,130
451,127,127
0,0
1,111
225,91,93
226,90,94
227,90,94
228,90,95
229,89,96
230,89,96
231,89,97
232,89,97
233,89,98
234,88,98
235,88,99
236,88,99
237,88,100
238,88,100
239,87,100
240,87,101
241,87,101
242,87,101
243,86,101
244,86,101
245,86,102
246,86,102
247,85,102
248,85,102
249,85,102
250,85,102
251,84,101
252,84,101
253,84,101
254,83,101
255,83,100
256,83,100
257,83,100
258,82,99
259,82,99
260,82,98
261,81,98
262,81,98
263,81,97
264,81,97
265,80,96
266,80,96
267,80,96
268,79,95
269,79,95
270,79,95
271,78,94
272,78,94
273,78,94
274,77,93
275,77,93
276,77,93
277,76,92
278,76,92
279,76,92
280,76,91
281,75,91
282,75,91
283,75,91
284,74,90
285,74,90
286,74,90
287,74,89
288,73,89
289,73,89
290,73,89
291,72,88
292,72,88
293,72,88
294,72,88
295,71,87
296,71,87
297,71,87
298,71,87
299,70,87
300,70,86
301,70,86
302,70,86
303,69,86
304,69,85
305,69,85
306,69,85
307,68,85
308,68,85
309,68,84
310,68,84
311,67,84
312,67,84
313,67,84
314,67,83
315,66,83
316,66,83
317,66,83
318,66,83
319,65,82
320,65,82
321,65,82
322,64,82
323,64,82
324,64,82
325,63,81
326,63,81
327,63,81
328,63,81
329,62,81
330,62,81
331,62,81
332,61,81
333,61,81
334,66,81
335,74,81
0,166
59,341,341
60,336,346
61,333,350
62,333,353
63,333,355
64,333,357
65,333,359
66,333,361
67,334,363
68,334,365
69,334,367
70,334,369
71,334,371
72,334,372
73,334,374
74,334,375
75,335,377
76,335,378
77,335,380
78,335,381
79,335,383
80,335,384
81,335,385
82,336,386
83,337,386
84,337,387
85,338,387
86,338,387
87,338,387
88,338,387
89,338,387
90,338,387
91,338,387
92,338,386
93,339,385
94,339,385
95,339,384
96,339,383
97,339,382
98,339,381
99,339,380
100,339,379
101,338,378
102,338,377
103,338,376
104,338,375
105,338,375
106,338,374
107,338,373
108,338,372
109,338,372
110,338,371
111,338,370
112,338,370
113,338,369
114,337,369
115,337,368
116,337,368
117,337,367
118,337,367
119,337,366
120,337,366
121,337,365
122,336,365
123,336,364
124,336,364
125,336,364
126,336,363
127,336,363
128,336,363
129,336,362
130,335,362
131,335,362
132,335,361
133,335,361
134,335,361
135,335,360
136,334,360
137,334,360
138,334,360
139,334,360
140,334,359
141,334,359
142,333,359
143,333,359
144,333,359
145,333,359
146,333,358
147,333,358
148,333,358
149,332,358
150,332,358
151,332,358
152,332,357
153,332,357
154,332,357
155,331,357
156,331,356
157,331,356
158,331,356
159,331,356
160,330,356
161,330,356
162,330,355
163,330,355
164,330,355
165,330,355
166,329,355
167,329,354
168,329,354
169,329,354
170,329,354
171,328,354
172,328,353
173,328,353
174,328,353
175,328,353
176,327,353
177,327,352
178,327,352
179,327,352
180,327,352
181,326,351
182,326,351
183,326,351
184,326,351
185,325,351
186,325,350
187,325,350
188,325,350
189,324,350
190,324,349
191,324,349
192,324,349
193,323,349
194,323,348
195,323,348
196,322,348
197,322,347
198,322,347
199,321,347
200,321,347
201,321,346
202,320,346
203,320,346
204,320,345
205,320,345
206,319,345
207,319,344
208,319,344
209,319,343
210,319,343
211,319,343
212,319,342
213,320,342
214,320,341
215,320,341
216,320,340
217,321,340
218,321,339
219,322,338
220,322,338
221,323,336
222,324,335
223,325,334
224,327,331
0,0
1,74
240,153,156
241,153,157
242,152,158
243,152,159
244,151,159
245,151,160
246,150,160
247,150,160
248,149,161
249,148,160
250,148,160
251,147,160
252,147,160
253,146,160
254,146,160
255,145,160
256,145,160
257,144,160
258,143,159
259,143,159
260,142,159
261,142,159
262,141,159
263,141,158
264,141,158
265,140,158
266,140,158
267,139,158
268,139,157
269,139,157
270,138,157
271,138,157
272,138,156
273,137,156
274,137,156
275,137,156
276,136,155
277,136,155
278,136,155
279,136,155
280,135,154
281,135,154
282,135,154
283,135,154
284,135,154
285,134,153
286,134,153
287,134,153
288,134,153
289,134,152
290,134,152
291,134,152
292,134,152
293,134,152
294,134,151
295,134,151
296,134,151
297,134,151
298,134,151
299,134,150
300,135,150
301,135,150
302,135,150
303,135,149
304,136,149
305,136,149
306,136,149
307,137,149
308,138,148
309,138,148
310,139,147
311,140,147
312,141,146
313,142,145
0,0
1,96
236,212,212
237,211,214
238,210,215
239,209,216
240,209,217
241,209,218
242,209,219
243,208,220
244,208,220
245,208,221
246,208,221
247,208,221
248,207,221
249,207,222
250,207,222
251,207,222
252,206,222
253,206,222
254,206,222
255,206,221
256,205,221
257,205,221
258,205,221
259,205,221
260,204,220
261,204,220
262,204,220
263,204,220
264,203,219
265,203,219
266,203,219
267,203,219
268,202,218
269,202,218
270,202,218
271,201,218
272,201,217
273,201,217
274,201,217
275,200,217
276,200,217
277,200,216
278,200,216
279,199,216
280,199,216
281,199,216
282,198,216
283,198,215
284,198,215
285,197,215
286,197,215
287,197,215
288,196,214
289,196,214
290,196,214
291,195,214
292,195,214
293,195,214
294,194,213
295,194,213
296,194,213
297,194,213
298,193,213
299,193,213
300,193,212
301,193,212
302,193,212
303,192,212
304,192,212
305,192,212
306,192,212
307,192,211
308,192,211
309,192,211
310,193,211
311,193,211
312,193,211
313,193,211
314,193,210
315,193,210
316,194,210
317,194,210
318,194,210
319,195,210
320,195,210
321,196,209
322,197,209
323,197,209
324,198,209
325,198,209
326,199,209
327,200,209
328,201,208
329,201,208
330,203,207
331,205,205
0,0
0,379
75,217,217
76,211,222
77,210,224
78,209,227
79,209,229
80,209,231
81,209,233
82,209,234
83,209,236
84,209,237
85,210,239
86,210,240
87,210,241
88,211,243
89,211,244
90,211,245
91,212,246
92,212,247
93,213,248
94,213,248
95,214,249
96,214,250
97,215,250
98,215,251
99,216,251
100,216,251
101,217,251
102,217,252
103,217,252
104,218,251
105,218,251
106,219,251
107,219,251
108,219,250
109,219,250
110,220,250
111,220,250
112,220,250
113,221,250
114,221,250
115,221,250
116,221,249
117,221,249
118,222,249
119,222,249
120,222,249
121,222,249
122,222,249
123,223,249
124,223,249
125,223,249
126,223,249
127,223,249
128,223,249
129,223,248
130,223,248
131,224,248
132,224,248
133,224,248
134,224,248
135,224,248
136,224,248
137,224,248
138,224,248
139,224,248
140,224,248
141,224,248
142,225,248
143,225,248
144,225,248
145,225,248
146,225,248
147,225,248
148,225,248
149,225,248
150,225,248
151,225,248
152,225,248
153,225,248
154,225,248
155,225,248
156,226,248
157,226,248
158,226,248
159,226,248
160,226,248
161,226,248
162,226,248
163,226,248
164,226,248
165,226,248
166,226,248
167,226,248
168,226,248
169,226,248
170,226,248
171,226,248
172,226,248
173,226,248
174,226,248
175,227,248
176,227,248
177,227,248
178,227,248
179,227,248
180,227,248
181,227,248
182,227,248
183,227,248
184,227,248
185,227,248
186,227,248
187,227,248
188,227,248
189,227,248
190,227,249
191,227,249
192,227,249
193,227,249
194,227,249
195,227,249
196,227,249
197,227,249
198,227,249
199,227,249
200,227,249
201,227,249
202,227,249
203,227,249
204,227,249
205,227,249
206,227,249
207,227,249
208,227,249
209,227,249
210,227,249
211,227,249
212,227,249
213,227,249
214,227,249
215,227,249
216,227,249
217,227,249
218,227,249
219,227,249
220,227,249
221,227,249
222,227,249
223,227,249
224,227,249
225,227,249
226,227,249
227,227,249
228,227,249
229,227,249
230,227,249
231,227,249
232,227,249
233,227,249
234,227,249
235,227,249
236,227,249
237,227,249
238,227,249
239,227,249
240,227,249
241,227,249
242,227,249
243,227,249
244,227,249
245,226,249
246,226,249
247,226,249
248,226,249
249,226,249
250,226,249
251,226,249
252,226,249
253,226,248
254,226,248
255,226,248
256,226,248
257,226,248
258,226,248
259,226,248
260,226,248
261,226,248
262,226,248
263,226,248
264,226,248
265,226,248
266,226,248
267,226,248
268,226,248
269,225,248
270,225,248
271,225,248
272,225,248
273,225,248
274,225,248
275,225,248
276,225,248
277,225,248
278,225,248
279,225,248
280,225,248
281,225,248
282,225,247
283,225,247
284,225,247
285,225,247
286,224,247
287,224,247
288,224,247
289,224,247
290,224,247
291,224,247
292,224,247
293,224,247
294,224,247
295,224,247
296,224,247
297,224,247
298,224,247
299,224,247
300,224,247
301,224,247
302,223,246
303,223,246
304,223,246
305,223,246
306,223,246
307,223,246
308,223,246
309,223,246
310,223,246
311,223,246
312,223,246
313,223,246
314,222,246
315,222,246
316,222,246
317,222,246
318,222,246
319,222,246
320,222,246
321,222,245
322,222,245
323,222,245
324,222,245
325,222,245
326,221,245
327,221,245
328,221,245
329,221,245
330,221,245
331,221,245
332,221,245
333,221,245
334,221,245
335,221,245
336,221,245
337,221,245
338,220,244
339,220,244
340,220,244
341,220,244
342,220,244
343,220,244
344,220,244
345,220,244
346,220,244
347,220,244
348,219,244
349,219,244
350,219,244
351,219,244
352,219,243
353,219,243
354,219,243
355,219,243
356,219,243
357,219,243
358,218,243
359,218,243
360,218,243
361,218,243
362,218,243
363,218,243
364,218,243
365,218,243
366,218,243
367,218,242
368,217,242
369,217,242
370,217,242
371,217,242
372,217,242
373,216,242
374,216,242
375,216,242
376,216,242
377,215,242
378,215,242
379,215,242
380,215,242
381,214,241
382,214,241
383,214,241
384,213,242
385,213,242
386,212,243
386,212,243
386,250,250
387,212,244
387,244,250
387,212,250
388,212,249
389,211,248
390,210,248
391,210,247
392,209,247
393,209,246
394,208,246
395,208,245
396,207,244
397,206,244
398,206,243
399,205,243
400,204,242
401,204,242
402,203,241
403,202,241
404,201,240
405,200,239
406,200,239
407,199,238
408,198,238
409,198,237
410,197,237
411,197,236
412,196,235
413,196,235
414,195,234
415,195,234
416,194,233
417,194,233
418,194,232
419,193,231
420,193,231
421,193,230
422,193,230
423,193,229
424,193,229
425,193,228
426,193,227
427,193,227
428,193,226
429,194,226
430,194,225
431,194,225
432,195,224
433,195,224
434,195,223
435,196,222
436,196,222
437,197,221
438,197,221
439,198,220
440,198,220
441,199,219
442,199,218
443,200,218
444,201,217
445,202,216
446,203,216
447,204,215
448,205,213
449,207,212
0,84
444,217,217
443,218,218
442,218,219
441,219,220
440,220,221
439,220,221
438,221,222
437,221,223
436,222,225
435,222,226
434,223,227
433,224,228
432,224,229
431,225,230
430,225,231
429,226,233
428,226,234
427,227,235
426,228,236
425,228,237
424,229,239
423,229,240
422,230,241
421,230,242
420,231,244
419,231,245
418,232,246
417,233,247
416,233,249
415,234,250
414,234,251
413,235,253
412,235,254
411,236,256
410,237,257
409,237,258
408,238,259
407,238,261
406,239,262
405,239,264
404,240,265
403,241,266
402,241,268
401,242,269
400,242,271
399,243,272
398,243,273
397,244,275
396,244,276
395,245,277
394,246,279
393,246,280
392,247,282
391,247,283
390,248,284
389,248,286
388,249,287
387,250,289
386,250,290
385,252,292
384,255,293
383,257,294
382,259,296
381,262,297
380,264,299
379,266,300
378,269,302
377,271,303
376,274,305
375,276,306
374,278,308
373,281,309
372,283,311
371,286,312
370,288,313
369,291,314
368,294,315
367,296,316
366,298,316
365,300,317
364,302,317
363,305,317
362,310,315
361,313,313
0,0
0,84
212,375,375
213,371,380
214,370,383
215,369,385
216,369,387
217,369,388
218,369,390
219,369,392
220,369,393
221,369,395
222,369,396
223,369,397
224,369,399
225,369,400
226,369,401
227,369,402
228,369,403
229,368,404
230,368,405
231,367,405
232,367,406
233,366,407
234,365,408
235,365,408
236,364,409
237,363,409
238,362,409
239,362,409
240,361,409
241,360,409
242,360,408
243,359,407
244,358,406
245,357,405
246,357,403
247,356,400
248,355,398
249,354,396
250,354,394
251,353,392
252,352,390
253,351,389
254,350,387
255,349,386
256,348,384
257,348,383
258,347,382
259,346,380
260,345,378
261,344,377
262,343,375
263,342,374
264,341,372
265,340,371
266,339,369
267,338,368
268,337,366
269,336,365
270,335,363
271,335,362
272,334,360
273,333,359
274,332,357
275,331,356
276,330,354
277,329,353
278,328,351
279,327,349
280,326,348
281,325,346
282,324,344
283,323,343
284,322,341
285,321,339
286,320,337
287,319,335
288,318,334
289,318,332
290,317,330
291,317,328
292,316,326
293,316,324
294,316,322
295,319,319
0,0
1,244
237,218,221
238,217,222
239,217,222
240,216,223
241,216,224
242,216,224
243,216,225
244,216,225
245,216,226
246,216,227
247,216,228
248,216,229
249,215,229
250,215,230
251,216,231
252,216,232
253,216,233
254,217,234
255,217,235
256,218,236
257,218,237
258,219,238
259,220,239
260,220,240
261,221,241
262,222,242
263,223,243
264,224,244
265,225,245
266,226,246
267,226,247
268,227,248
269,228,249
270,229,251
271,230,252
272,231,253
273,232,254
274,233,255
275,234,256
276,235,258
277,236,259
278,237,260
279,238,261
280,239,262
281,240,264
282,242,265
283,243,266
284,244,268
285,245,269
286,246,270
287,247,271
288,248,273
289,249,274
290,250,275
291,251,276
292,252,278
293,253,279
294,254,280
295,255,282
296,257,283
297,258,284
298,259,286
299,260,287
300,261,288
301,262,290
302,263,291
303,264,292
304,265,294
305,266,295
306,268,296
307,269,297
308,270,299
309,271,300
310,272,301
311,273,303
312,274,304
313,275,305
314,276,306
315,277,308
316,278,309
317,279,310
318,280,311
319,281,313
320,282,314
321,283,315
322,284,316
323,285,318
324,286,319
325,287,320
326,288,321
327,289,323
328,290,324
329,291,325
330,292,326
331,293,328
332,294,329
333,295,330
334,295,331
335,296,332
336,297,333
337,298,335
338,299,336
339,300,337
340,301,338
341,302,339
342,302,341
343,303,342
344,304,343
345,305,344
346,306,345
347,307,346
348,308,348
349,308,349
350,309,350
351,310,351
352,311,352
353,311,353
354,312,354
355,313,356
356,314,357
357,315,358
358,315,359
359,316,360
360,317,361
361,317,362
362,318,363
363,319,364
364,320,365
365,320,366
366,321,367
367,322,368
368,323,369
369,323,370
370,324,371
371,325,372
372,325,373
373,326,374
374,327,375
375,327,376
376,328,377
377,329,377
378,330,378
379,330,379
380,331,380
381,332,380
382,332,381
383,333,382
384,334,382
385,334,383
386,335,384
387,336,384
388,336,385
389,337,385
390,337,386
391,338,386
392,339,386
393,339,387
394,340,387
395,340,387
396,341,387
397,341,387
398,342,388
399,342,388
400,343,388
401,344,387
402,344,387
403,345,387
404,345,387
405,346,387
406,346,387
407,347,387
408,347,387
409,347,387
410,348,387
411,348,387
412,349,387
413,349,387
414,350,387
415,350,386
416,351,386
417,351,386
418,352,386
419,352,386
420,352,386
421,353,386
422,353,386
423,354,386
424,354,386
425,354,386
426,355,386
427,355,386
428,355,385
429,356,385
430,356,385
431,357,385
432,357,385
433,357,385
434,358,385
435,358,385
436,358,385
437,359,385
438,359,385
439,359,385
440,359,385
441,360,385
442,360,384
443,360,384
444,361,384
445,361,384
446,361,384
447,362,384
448,362,384
449,362,384
450,363,384
451,363,384
452,363,383
453,364,383
454,364,383
455,364,383
456,365,383
457,365,383
458,365,383
459,366,383
460,366,382
461,366,382
462,366,382
463,367,382
464,367,382
465,367,382
466,368,381
467,368,381
468,368,381
469,369,381
470,369,381
471,370,380
472,370,380
473,370,380
474,371,379
475,371,379
476,372,378
477,372,378
478,373,377
479,374,377
480,375,375
0,0
