0,143
49,147,154
50,146,157
51,145,160
52,144,162
53,144,163
54,144,165
55,144,166
56,144,167
57,144,169
58,145,170
59,145,171
60,145,172
61,146,173
62,146,174
63,146,175
64,146,176
65,146,177
66,146,178
67,146,179
68,146,180
69,146,181
70,146,182
71,146,182
72,145,183
73,145,184
74,145,184
75,145,184
76,144,185
77,144,185
78,144,185
79,143,185
80,143,185
81,143,185
82,142,185
83,142,185
84,141,184
85,141,184
86,140,183
87,140,182
88,139,182
89,139,180
90,138,179
91,138,177
92,137,177
93,137,175
94,136,174
95,136,174
96,135,173
97,135,172
98,134,171
99,133,170
100,133,169
101,132,168
102,132,167
103,131,166
104,130,166
105,130,165
106,129,164
107,128,163
108,128,162
109,127,162
110,126,161
111,126,160
112,125,159
113,125,158
114,124,158
115,123,157
116,123,156
117,122,155
118,121,154
119,120,154
120,120,153
121,119,152
122,118,151
123,118,150
124,117,149
125,116,149
126,115,148
127,115,147
128,114,146
129,113,145
130,112,144
131,112,143
132,111,142
133,110,142
134,109,141
135,109,140
136,108,139
137,107,138
138,106,137
139,105,136
140,105,135
141,104,134
142,103,133
143,102,132
144,102,131
145,101,130
146,100,129
147,99,128
148,98,127
149,97,126
150,97,125
151,96,124
152,95,123
153,94,122
154,93,121
155,92,120
156,92,119
157,91,118
158,90,117
159,89,116
160,88,114
161,87,113
162,86,112
163,86,111
164,85,110
165,84,109
166,83,108
167,82,106
168,81,105
169,80,104
170,79,103
171,78,101
172,78,100
173,77,99
174,76,98
175,75,96
176,74,95
177,73,94
178,72,92
179,71,91
180,70,89
181,69,88
182,68,86
183,67,85
184,66,83
185,66,82
186,65,80
187,64,79
188,64,77
189,64,75
190,64,73
191,66,69
0,0
0,184
162,141,141
163,137,146
164,135,148
165,135,150
166,134,152
167,134,154
168,134,156
169,134,157
170,134,158
171,135,160
172,135,161
173,135,162
174,136,163
175,136,164
176,136,165
177,136,166
178,136,167
179,136,168
180,137,169
181,137,170
182,137,171
183,137,172
184,137,173
185,136,173
186,136,174
187,136,174
188,136,175
189,136,175
190,136,176
191,136,176
192,135,176
193,135,176
194,135,176
195,134,176
196,134,175
197,134,175
198,133,175
199,133,174
200,133,173
201,132,172
202,132,171
203,131,170
204,131,169
205,131,168
206,130,167
207,130,166
208,129,165
209,129,164
210,128,163
211,128,162
212,127,161
213,127,161
214,126,160
215,126,159
216,125,158
217,125,157
218,124,157
219,124,156
220,123,155
221,122,154
222,122,153
223,121,153
224,121,152
225,120,151
226,119,151
227,119,150
228,118,149
229,118,148
230,117,147
231,116,147
232,116,146
233,115,145
234,114,145
235,114,144
236,113,143
237,112,142
238,112,142
239,111,141
240,110,140
241,110,140
242,109,139
243,108,138
244,108,138
245,107,137
246,106,136
247,106,135
248,105,134
249,104,134
250,104,133
251,103,132
252,102,132
253,101,131
254,101,130
255,100,129
256,99,128
257,98,128
258,98,127
259,97,126
260,96,125
261,95,125
262,95,124
263,94,123
264,93,122
265,93,121
266,92,121
267,91,120
268,90,119
269,89,118
270,89,117
271,88,116
272,87,116
273,86,115
274,85,114
275,85,113
276,84,112
277,83,111
278,82,110
279,81,109
280,81,109
281,80,108
282,79,107
283,78,106
284,77,105
285,77,104
286,76,103
287,75,102
288,74,101
289,73,100
290,73,99
291,72,99
292,71,98
293,70,97
294,69,96
295,68,95
296,67,94
297,67,93
298,66,92
299,65,91
300,64,90
301,63,89
302,62,88
303,61,87
304,61,86
305,60,85
306,59,84
307,58,83
308,57,82
309,56,81
310,55,80
311,54,78
312,53,78
313,53,76
314,52,75
315,51,74
316,50,73
317,49,72
318,48,71
319,47,70
320,46,69
321,45,68
322,44,66
323,44,65
324,43,64
325,42,63
326,41,62
327,40,60
328,39,59
329,38,58
330,37,57
331,36,55
332,35,54
333,34,53
334,33,52
335,32,50
336,31,49
337,30,47
338,29,46
339,29,45
340,28,43
341,27,41
342,27,40
343,27,38
344,26,36
345,27,33
0,0
0,201
253,109,110
254,106,113
255,105,116
256,104,117
257,104,119
258,104,120
259,104,122
260,103,123
261,103,124
262,103,125
263,104,126
264,104,126
265,104,127
266,104,128
267,105,129
268,105,130
269,105,131
270,106,132
271,106,133
272,107,134
273,107,135
274,107,136
275,108,136
276,108,137
277,109,138
278,109,139
279,110,139
280,110,140
281,111,140
282,111,141
283,112,141
284,112,141
285,112,141
286,113,141
287,113,141
288,113,141
289,113,141
290,114,141
291,114,141
292,114,141
293,114,141
294,114,141
295,114,140
296,114,140
297,114,140
298,114,140
299,115,140
300,115,140
301,115,139
302,115,139
303,115,139
304,115,139
305,115,139
306,115,139
307,115,139
308,115,139
309,115,139
310,115,139
311,115,139
312,115,139
313,115,139
314,115,138
315,115,138
316,115,138
317,115,138
318,115,138
319,115,138
320,115,138
321,115,138
322,115,138
323,115,138
324,115,138
325,115,138
326,115,138
327,115,138
328,115,138
329,115,138
330,115,138
331,115,138
332,115,138
333,115,138
334,115,138
335,115,138
336,115,138
337,115,138
338,115,137
339,115,137
340,115,137
341,115,137
342,115,137
343,115,137
344,115,137
345,115,137
346,114,137
347,114,137
348,114,137
349,114,137
350,114,137
351,114,137
352,114,137
353,114,137
354,114,137
355,114,137
356,114,137
357,114,137
358,113,137
359,113,137
360,113,137
361,113,137
362,113,137
363,113,137
364,113,137
365,113,137
366,112,137
367,112,137
368,112,137
369,112,137
370,112,137
371,112,137
372,111,137
373,111,137
374,111,137
375,111,137
376,111,137
377,111,137
378,110,137
379,110,137
380,110,137
381,110,137
382,110,137
383,109,137
384,109,137
385,109,136
386,109,136
387,109,136
388,108,136
389,108,136
390,108,136
391,108,136
392,108,136
393,107,136
394,107,136
395,107,136
396,107,136
397,106,136
398,106,136
399,106,136
400,106,136
401,105,136
402,105,136
403,105,136
404,105,136
405,105,136
406,104,136
407,104,136
408,104,136
409,104,136
410,104,136
411,104,136
412,104,136
413,104,136
414,104,136
415,104,136
416,104,136
417,104,136
418,104,136
419,104,136
420,105,136
421,105,136
422,105,135
423,105,135
424,105,135
425,106,135
426,106,135
427,106,135
428,106,135
429,107,134
430,107,134
431,107,134
432,108,134
433,108,134
434,108,133
435,109,133
436,109,133
437,109,132
438,110,132
439,110,132
440,111,131
441,111,131
442,112,131
443,112,130
444,113,130
445,113,129
446,114,129
447,115,128
448,115,128
449,116,127
450,117,126
451,118,125
452,120,124
453,121,121
0,0
0,184
53,283,288
54,279,293
55,278,297
56,277,300
57,276,302
58,276,304
59,276,306
60,276,308
61,276,310
62,276,312
63,276,314
64,276,315
65,277,317
66,277,318
67,278,320
68,278,321
69,279,322
70,280,323
71,280,324
72,281,325
73,281,325
74,282,325
75,282,326
76,282,326
77,283,325
78,283,325
79,284,325
80,284,325
81,284,324
82,285,324
83,285,324
84,285,324
85,285,323
86,286,323
87,286,323
88,286,323
89,286,323
90,287,322
91,287,322
92,287,322
93,287,322
94,287,321
95,288,321
96,288,321
97,288,321
98,288,321
99,288,321
100,288,321
101,289,321
102,289,320
103,289,320
104,289,320
105,289,320
106,289,320
107,289,320
108,289,320
109,290,320
110,290,320
111,290,320
112,290,319
113,290,319
114,290,319
115,290,319
116,290,319
117,290,319
118,290,319
119,291,319
120,291,319
121,291,319
122,291,319
123,291,319
124,291,318
125,291,318
126,291,318
127,291,318
128,291,318
129,291,318
130,291,318
131,291,318
132,291,318
133,291,318
134,291,318
135,291,318
136,291,318
137,291,318
138,291,317
139,291,317
140,292,317
141,292,317
142,292,317
143,292,317
144,292,317
145,292,317
146,292,317
147,292,317
148,292,317
149,292,317
150,292,317
151,292,317
152,292,317
153,292,316
154,292,316
155,292,316
156,292,316
157,292,316
158,292,316
159,292,316
160,292,316
161,292,316
162,292,316
163,292,316
164,292,316
165,292,316
166,292,316
167,292,315
168,292,315
169,292,315
170,292,315
171,292,315
172,292,315
173,292,315
174,292,315
175,292,315
176,292,315
177,292,315
178,292,315
179,292,315
180,292,315
181,292,314
182,292,314
183,292,314
184,292,314
185,292,314
186,292,314
187,292,314
188,292,314
189,292,314
190,292,314
191,292,314
192,292,314
193,292,314
194,292,314
195,292,314
196,292,313
197,292,313
198,292,313
199,292,313
200,292,313
201,292,313
202,292,313
203,292,313
204,292,313
205,292,313
206,292,313
207,292,313
208,292,313
209,292,313
210,292,312
211,292,312
212,292,312
213,291,312
214,291,312
215,291,312
216,291,312
217,291,312
218,291,312
219,291,312
220,291,312
221,291,312
222,291,312
223,291,312
224,291,311
225,291,311
226,291,311
227,291,311
228,291,311
229,291,311
230,291,311
231,291,310
232,291,306
233,291,302
234,291,299
235,291,295
236,291,292
0,0
1,92
301,133,136
302,133,137
303,132,137
304,131,138
305,131,138
306,131,139
307,130,139
308,130,139
309,130,140
310,129,140
311,129,141
312,129,141
313,129,141
314,129,141
315,128,142
316,128,142
317,128,142
318,128,142
319,128,143
320,128,143
321,127,143
322,127,143
323,127,143
324,127,143
325,126,143
326,126,144
327,126,144
328,126,144
329,125,144
330,125,144
331,125,144
332,124,144
333,124,144
334,124,144
335,124,144
336,123,143
337,123,143
338,123,143
339,122,143
340,122,143
341,122,143
342,121,143
343,121,142
344,120,142
345,120,142
346,119,142
347,119,141
348,119,141
349,118,141
350,118,141
351,117,140
352,117,140
353,117,139
354,116,139
355,116,139
356,116,139
357,115,138
358,115,138
359,115,138
360,115,137
361,115,137
362,115,137
363,114,136
364,114,136
365,114,136
366,114,136
367,114,135
368,114,135
369,114,135
370,114,135
371,114,134
372,114,134
373,114,134
374,115,133
375,115,133
376,115,133
377,115,133
378,115,132
379,115,132
380,115,132
381,116,131
382,116,131
383,116,131
384,116,130
385,117,130
386,117,130
387,118,130
388,118,129
389,119,129
390,119,128
391,121,127
392,122,125
0,0
0,102
139,218,218
140,215,222
141,212,227
142,211,230
143,211,232
144,211,234
145,211,236
146,211,238
147,211,239
148,211,241
149,212,242
150,212,244
151,213,245
152,213,246
153,214,247
154,214,248
155,215,249
156,216,249
157,216,250
158,217,250
159,217,250
160,218,251
161,218,251
162,219,251
163,219,251
164,220,251
165,220,251
166,220,251
167,221,251
168,221,251
169,222,251
170,222,251
171,222,251
172,223,251
173,223,251
174,223,251
175,224,251
176,224,251
177,224,251
178,224,251
179,225,251
180,225,251
181,225,251
182,225,251
183,226,251
184,226,251
185,226,251
186,226,251
187,226,251
188,227,251
189,227,251
190,227,251
191,227,251
192,227,251
193,228,251
194,228,251
195,228,251
196,228,251
197,228,251
198,229,251
199,229,252
200,229,252
201,229,252
202,229,252
203,230,252
204,230,252
205,230,252
206,230,252
207,230,252
208,230,252
209,231,252
210,231,252
211,231,252
212,231,252
213,231,252
214,232,252
215,232,252
216,232,253
217,232,253
218,232,253
219,232,253
220,233,253
221,233,253
222,233,253
223,233,253
224,233,253
225,234,253
226,234,253
227,234,253
228,234,253
229,234,254
230,234,254
231,235,254
232,235,254
233,235,254
234,235,254
235,235,254
236,235,254
237,236,254
238,236,254
239,236,247
240,236,239
0,0
1,266
181,243,244
182,242,245
183,241,246
184,241,248
185,241,248
186,240,249
187,240,250
188,240,251
189,240,251
190,240,252
191,239,253
192,239,253
193,239,254
194,239,254
195,239,255
196,239,255
197,238,255
198,238,256
199,238,256
200,238,256
201,238,256
202,237,256
203,237,257
204,237,257
205,237,257
206,237,257
207,236,257
208,236,257
209,236,257
210,236,257
211,236,257
212,236,257
213,235,256
214,235,256
215,235,256
216,235,256
217,235,256
218,235,255
219,234,255
220,234,255
221,234,254
222,234,254
223,234,254
224,233,253
225,233,253
226,233,253
227,233,253
228,233,252
229,233,252
230,232,252
231,232,251
232,232,251
233,232,251
234,232,250
235,231,250
236,231,250
237,231,250
238,231,249
239,231,249
240,230,249
241,230,248
242,230,248
243,230,248
244,230,248
245,230,247
246,229,247
247,229,247
248,229,247
249,229,246
250,229,246
251,228,246
252,228,246
253,228,245
254,228,245
255,228,245
256,227,245
257,227,244
258,227,244
259,227,244
260,227,244
261,226,243
262,226,243
263,226,243
264,226,243
265,226,242
266,225,242
267,225,242
268,225,242
269,225,241
270,225,241
271,225,241
272,224,241
273,224,241
274,224,240
275,224,240
276,224,240
277,223,240
278,223,240
279,223,239
280,223,239
281,223,239
282,222,239
283,222,238
284,222,238
285,222,238
286,222,238
287,221,238
288,221,237
289,221,237
290,221,237
291,221,237
292,221,237
293,220,237
294,220,236
295,220,236
296,220,236
297,219,236
298,219,236
299,219,235
300,219,235
301,219,235
302,218,235
303,218,235
304,218,235
305,218,234
306,218,234
307,218,234
308,217,234
309,217,234
310,217,234
311,217,233
312,216,233
313,216,233
314,216,233
315,216,233
316,216,233
317,215,232
318,215,232
319,215,232
320,215,232
321,215,232
322,214,232
323,214,231
324,214,231
325,214,231
326,214,231
327,213,231
328,213,231
329,213,231
330,213,231
331,213,230
332,212,230
333,212,230
334,212,230
335,212,230
336,212,230
337,211,230
338,211,230
339,211,229
340,211,229
341,210,229
342,210,229
343,210,229
344,210,229
345,210,229
346,209,229
347,209,229
348,209,228
349,209,228
350,208,228
351,208,228
352,208,228
353,208,228
354,208,228
355,207,228
356,207,228
357,207,228
358,207,227
359,206,227
360,206,227
361,206,227
362,206,227
363,206,227
364,205,227
365,205,227
366,205,227
367,205,227
368,204,227
369,204,227
370,204,227
371,204,227
372,203,226
373,203,226
374,203,226
375,203,226
376,202,226
377,202,226
378,202,226
379,202,226
380,201,226
381,201,226
382,201,226
383,201,226
384,200,226
385,200,226
386,200,226
387,200,226
388,199,226
389,199,226
390,199,225
391,199,225
392,198,225
393,198,225
394,198,225
395,198,225
396,197,225
397,197,225
398,197,225
399,197,225
400,196,225
401,196,225
402,196,225
403,196,225
404,196,225
405,196,225
406,196,225
407,195,225
408,195,225
409,195,225
410,196,225
411,196,224
412,196,224
413,196,224
414,196,224
415,196,224
416,196,224
417,197,224
418,197,224
419,197,224
420,198,224
421,198,224
422,198,224
423,199,224
424,199,224
425,199,224
426,200,224
427,200,224
428,201,224
429,201,224
430,202,224
431,202,224
432,203,223
433,204,223
434,204,223
435,205,223
436,205,223
437,206,223
438,207,223
439,207,223
440,208,222
441,209,222
442,210,222
443,211,222
444,212,221
445,213,220
446,214,219
0,0
0,166
228,287,291
229,284,295
230,283,298
231,282,300
232,282,302
233,282,303
234,282,305
235,282,307
236,282,308
237,283,309
238,283,310
239,284,311
240,284,313
241,285,314
242,285,314
243,285,315
244,286,316
245,286,317
246,287,318
247,287,318
248,288,319
249,288,319
250,288,320
251,289,320
252,289,320
253,289,320
254,289,320
255,289,320
256,289,320
257,290,320
258,290,320
259,290,319
260,290,319
261,290,319
262,290,319
263,290,319
264,290,319
265,290,319
266,290,319
267,290,318
268,290,318
269,290,318
270,290,318
271,290,318
272,290,318
273,290,318
274,290,318
275,290,318
276,290,318
277,290,318
278,291,318
279,291,318
280,291,318
281,291,318
282,291,318
283,291,318
284,291,318
285,291,317
286,291,317
287,291,317
288,291,317
289,291,317
290,291,317
291,291,317
292,291,317
293,291,317
294,291,317
295,291,317
296,291,317
297,291,317
298,291,317
299,291,317
300,291,317
301,291,317
302,291,317
303,291,317
304,291,317
305,291,316
306,291,316
307,291,316
308,291,316
309,291,316
310,291,316
311,291,316
312,291,316
313,291,316
314,291,316
315,291,316
316,291,316
317,291,316
318,291,316
319,291,316
320,291,316
321,291,316
322,291,316
323,291,316
324,291,316
325,291,316
326,291,315
327,291,315
328,291,315
329,291,315
330,291,315
331,291,315
332,291,315
333,291,315
334,291,315
335,291,315
336,291,315
337,291,315
338,291,315
339,291,315
340,291,315
341,291,315
342,291,315
343,291,315
344,291,315
345,291,315
346,291,314
347,291,314
348,291,314
349,291,314
350,291,314
351,291,314
352,291,314
353,291,314
354,291,314
355,291,314
356,291,314
357,291,314
358,291,314
359,291,314
360,291,314
361,291,314
362,291,314
363,291,314
364,291,314
365,291,314
366,291,314
367,291,313
368,291,313
369,291,313
370,291,313
371,291,313
372,291,313
373,291,313
374,291,313
375,291,313
376,291,313
377,291,313
378,291,313
379,291,313
380,291,313
381,291,313
382,291,313
383,291,313
384,291,313
385,291,313
386,291,313
387,291,313
388,291,313
389,291,313
390,291,312
391,291,312
392,298,312
393,312,312
0,0
1,103
299,301,304
300,301,305
301,300,306
302,300,307
303,299,308
304,299,309
305,299,309
306,298,310
307,298,310
308,298,310
309,297,310
310,297,310
311,297,310
312,296,310
313,296,310
314,296,310
315,295,311
316,295,310
317,295,310
318,294,310
319,294,310
320,294,310
321,293,310
322,293,310
323,293,310
324,292,310
325,292,310
326,292,310
327,291,309
328,291,309
329,291,309
330,290,309
331,290,309
332,290,309
333,289,309
334,289,309
335,288,308
336,288,308
337,288,308
338,287,308
339,287,308
340,287,308
341,286,307
342,286,307
343,286,307
344,286,307
345,285,307
346,285,307
347,285,307
348,285,306
349,284,306
350,284,306
351,284,306
352,284,306
353,283,306
354,283,306
355,283,305
356,283,305
357,283,305
358,282,305
359,282,305
360,282,305
361,282,305
362,282,304
363,282,304
364,282,304
365,282,304
366,282,304
367,282,304
368,281,304
369,281,304
370,281,303
371,281,303
372,281,303
373,281,303
374,281,303
375,281,303
376,282,303
377,282,302
378,282,302
379,282,302
380,282,302
381,282,302
382,282,302
383,282,302
384,283,302
385,283,301
386,283,301
387,283,301
388,284,301
389,284,301
390,284,301
391,285,301
392,285,301
393,286,300
394,287,300
395,287,300
396,288,300
397,289,299
398,290,299
399,291,298
400,293,297
400,293,294
0,0
0,161
280,214,221
281,211,225
282,210,227
283,209,229
284,209,231
285,209,233
286,209,234
287,210,235
288,210,237
289,210,238
290,211,239
291,211,240
292,212,241
293,212,242
294,213,243
295,213,243
296,213,244
297,214,245
298,214,246
299,214,246
300,214,247
301,214,248
302,214,248
303,214,249
304,214,249
305,214,249
306,214,249
307,213,249
308,213,249
309,213,249
310,213,249
311,213,248
312,213,248
313,213,247
314,213,247
315,213,246
316,212,246
317,212,245
318,212,245
319,212,244
320,212,244
321,212,243
322,211,243
323,211,243
324,211,242
325,211,242
326,211,241
327,210,241
328,210,240
329,210,240
330,210,240
331,209,239
332,209,239
333,209,238
334,209,238
335,208,238
336,208,237
337,208,237
338,208,236
339,207,236
340,207,235
341,207,235
342,206,235
343,206,234
344,206,234
345,205,233
346,205,233
347,205,232
348,204,232
349,204,231
350,203,231
351,203,230
352,203,230
353,202,230
354,202,229
355,201,228
356,201,228
357,201,227
358,200,227
359,200,226
360,199,226
361,199,225
362,199,225
363,198,224
364,198,224
365,197,223
366,197,222
367,196,222
368,196,221
369,195,221
370,195,220
371,194,220
372,194,219
373,193,219
374,193,218
375,193,217
376,192,217
377,192,216
378,191,216
379,191,215
380,190,214
381,190,214
382,189,213
383,189,213
384,188,212
385,188,211
386,187,211
387,187,210
388,186,209
389,186,209
390,185,208
391,185,207
392,184,207
393,184,206
394,183,205
395,183,205
396,182,204
397,181,203
398,181,203
399,180,202
400,180,201
401,179,201
402,179,200
403,178,199
404,177,198
405,177,198
406,176,197
407,176,196
408,175,196
409,175,195
410,174,194
411,173,193
412,173,192
413,172,191
414,171,190
415,171,189
416,170,189
417,170,188
418,169,187
419,168,186
420,168,185
421,167,184
422,166,183
423,166,182
424,165,181
425,164,180
426,164,179
427,163,178
428,162,177
429,162,175
430,161,174
431,161,173
432,160,172
433,159,171
434,159,170
435,158,169
436,158,168
437,158,166
438,158,165
439,158,163
440,160,160
0,0
1,267
215,334,340
216,334,342
217,333,344
218,334,345
219,334,346
220,334,347
221,335,348
222,335,349
223,336,349
224,336,350
225,337,351
226,337,351
227,338,352
228,338,353
229,339,354
230,339,354
231,340,355
232,340,356
233,341,357
234,341,357
235,342,358
236,342,359
237,343,360
238,344,360
239,344,361
240,345,362
241,345,363
242,346,363
243,346,364
244,347,365
245,347,365
246,348,366
247,349,367
248,349,368
249,350,368
250,350,369
251,351,370
252,351,371
253,352,371
254,353,372
255,353,373
256,354,373
257,354,374
258,355,375
259,355,376
260,356,376
261,357,377
262,357,378
263,358,378
264,358,379
265,359,380
266,359,380
267,360,381
268,361,382
269,361,383
270,362,383
271,362,384
272,363,385
273,363,385
274,364,386
275,364,387
276,365,388
277,366,388
278,366,389
279,367,390
280,367,390
281,368,391
282,368,392
283,369,392
284,369,393
285,370,394
286,370,394
287,371,395
288,371,396
289,372,396
290,373,397
291,373,398
292,374,399
293,374,399
294,375,400
295,375,401
296,376,401
297,376,402
298,377,403
299,377,403
300,378,404
301,378,405
302,379,405
303,379,406
304,380,407
305,380,407
306,380,408
307,381,409
308,381,409
309,382,410
310,382,411
311,383,411
312,383,412
313,384,413
314,384,413
315,385,414
316,385,414
317,385,415
318,386,416
319,386,417
320,387,417
321,387,418
322,388,418
323,388,419
324,389,420
325,389,420
326,389,421
327,390,422
328,390,422
329,391,423
330,391,424
331,391,424
332,392,425
333,392,426
334,392,426
335,393,427
336,393,428
337,394,428
338,394,429
339,394,430
340,395,430
341,395,431
342,395,431
343,396,432
344,396,433
345,397,433
346,397,434
347,397,435
348,397,435
349,398,436
350,398,436
351,398,437
352,399,438
353,399,438
354,399,439
355,400,440
356,400,440
357,400,441
358,401,441
359,401,442
360,401,443
361,402,443
362,402,444
363,402,445
364,402,445
365,403,446
366,403,446
367,403,447
368,404,448
369,404,448
370,404,449
371,404,449
372,405,449
373,405,450
374,405,450
375,405,450
376,406,451
377,406,451
378,406,451
379,406,451
380,406,451
381,407,452
382,407,452
383,407,452
384,407,452
385,408,452
386,408,452
387,408,452
388,408,452
389,408,452
390,409,452
391,409,452
392,409,452
393,409,452
394,409,453
395,409,452
396,410,452
397,410,452
398,410,452
399,410,452
400,410,452
401,411,452
402,411,451
403,411,451
404,411,451
405,411,451
406,411,451
407,412,451
408,412,451
409,412,451
410,412,450
411,412,450
412,412,450
413,412,450
414,413,450
415,413,450
416,413,449
417,413,449
418,413,449
419,413,449
420,413,449
421,413,448
422,414,448
423,414,448
424,414,448
425,414,448
426,414,447
427,414,447
428,415,447
429,415,447
430,415,446
431,415,446
432,415,446
433,415,446
434,415,445
435,416,445
436,416,445
437,416,445
438,416,444
439,416,444
440,416,444
441,417,443
442,417,443
443,417,443
444,417,443
445,417,442
446,417,442
447,417,442
448,418,441
449,418,441
450,418,441
451,418,440
452,418,440
453,418,440
454,419,439
455,419,439
456,419,438
457,419,438
458,419,438
459,419,437
460,420,437
461,420,437
462,420,436
463,420,436
464,420,435
465,420,435
466,421,434
467,421,434
468,421,434
469,421,433
470,421,433
471,421,432
472,422,432
473,422,431
474,422,431
475,422,430
476,422,430
477,423,429
478,423,428
479,424,428
480,424,427
481,425,426
0,0
