0,144
78,188,188
79,183,191
80,182,195
81,182,198
82,181,200
83,181,202
84,181,204
85,181,206
86,181,207
87,181,209
88,181,210
89,181,211
90,181,212
91,181,213
92,181,214
93,181,215
94,180,215
95,180,216
96,180,217
97,180,217
98,179,218
99,179,218
100,179,219
101,178,219
102,178,219
103,178,219
104,178,219
105,177,219
106,177,219
107,177,218
108,176,217
109,176,216
110,175,215
111,175,214
112,174,213
113,174,212
114,174,211
115,173,211
116,173,210
117,172,209
118,172,208
119,171,207
120,171,206
121,170,205
122,170,205
123,169,204
124,168,203
125,168,202
126,167,201
127,167,201
128,166,200
129,165,199
130,165,198
131,164,198
132,164,197
133,163,196
134,162,195
135,162,194
136,161,194
137,160,193
138,160,192
139,159,191
140,158,190
141,158,189
142,157,189
143,156,188
144,155,187
145,155,186
146,154,185
147,153,184
148,152,183
149,152,183
150,151,182
151,150,181
152,149,180
153,148,179
154,148,178
155,147,177
156,146,176
157,145,175
158,144,174
159,143,173
160,143,172
161,142,171
162,141,170
163,140,169
164,139,168
165,138,167
166,137,167
167,136,165
168,135,165
169,134,164
170,133,162
171,132,161
172,131,161
173,130,159
174,129,158
175,128,157
176,127,156
177,126,155
178,125,154
179,124,153
180,123,152
181,122,151
182,121,150
183,119,148
184,118,147
185,117,146
186,116,145
187,115,144
188,114,143
189,112,141
190,111,140
191,110,139
192,109,137
193,108,136
194,106,134
195,105,133
196,104,132
197,103,130
198,102,129
199,100,127
200,99,126
201,98,124
202,97,122
203,95,121
204,94,119
205,93,117
206,92,115
207,90,113
208,89,112
209,88,110
210,87,108
211,85,106
212,84,103
213,83,101
214,82,99
215,80,97
216,79,94
217,78,92
218,77,89
219,76,86
220,76,83
221,78,79
0,0
1,242
231,60,62
232,59,63
233,58,64
234,57,64
235,56,65
236,56,65
237,56,65
238,56,66
239,56,66
240,55,66
241,55,66
242,55,66
243,55,67
244,55,67
245,54,67
246,54,67
247,54,68
248,54,68
249,53,68
250,53,69
251,53,69
252,53,69
253,53,69
254,53,70
255,53,70
256,53,70
257,53,71
258,53,71
259,54,71
260,54,72
261,54,73
262,54,73
263,54,74
264,54,74
265,55,75
266,55,76
267,55,76
268,56,77
269,56,78
270,57,79
271,57,80
272,58,80
273,58,81
274,59,82
275,60,83
276,60,84
277,61,85
278,62,86
279,63,87
280,63,87
281,64,88
282,65,89
283,66,90
284,67,91
285,67,92
286,68,93
287,69,94
288,70,95
289,71,96
290,72,97
291,73,98
292,74,99
293,75,101
294,76,102
295,77,103
296,78,104
297,79,105
298,80,106
299,81,107
300,82,108
301,83,109
302,84,111
303,85,112
304,86,113
305,88,114
306,89,115
307,90,116
308,91,117
309,92,119
310,93,120
311,94,121
312,95,122
313,97,124
314,98,125
315,99,126
316,100,127
317,101,129
318,102,130
319,103,131
320,104,132
321,105,134
322,107,135
323,108,136
324,109,137
325,110,139
326,111,140
327,112,141
328,113,142
329,114,143
330,115,145
331,116,146
332,117,147
333,118,148
334,119,149
335,120,150
336,121,152
337,122,153
338,123,154
339,124,155
340,125,156
341,126,157
342,127,158
343,128,159
344,129,160
345,130,162
346,130,162
347,131,164
348,132,165
349,133,166
350,134,167
351,135,168
352,136,169
353,137,170
354,137,171
355,138,172
356,139,173
357,140,174
358,141,175
359,142,176
360,142,177
361,143,178
362,144,179
363,145,180
364,145,181
365,146,182
366,147,183
367,148,184
368,149,184
369,149,185
370,150,186
371,151,187
372,151,188
373,152,189
374,153,189
375,153,190
376,154,191
377,155,191
378,155,192
379,156,193
380,157,193
381,157,194
382,158,194
383,158,195
384,159,196
385,159,196
386,160,197
387,161,197
388,161,198
389,161,198
390,162,198
391,162,199
392,163,199
393,163,199
394,164,199
395,164,200
396,165,200
397,165,200
398,166,200
399,166,200
400,166,200
401,167,201
402,167,201
403,167,201
404,168,201
405,168,201
406,168,201
407,169,201
408,169,200
409,169,200
410,169,200
411,170,200
412,170,200
413,170,200
414,171,200
415,171,200
416,171,199
417,171,199
418,171,199
419,172,199
420,172,199
421,172,199
422,172,199
423,173,199
424,173,199
425,173,198
426,173,198
427,173,198
428,174,198
429,174,198
430,174,198
431,174,198
432,174,197
433,175,197
434,175,197
435,175,197
436,175,197
437,176,197
438,176,197
439,176,196
440,176,196
441,176,196
442,177,196
443,177,196
444,177,196
445,177,196
446,178,195
447,178,195
448,178,195
449,178,195
450,178,195
451,179,195
452,179,195
453,179,195
454,179,194
455,180,194
456,180,194
457,180,194
458,180,194
459,180,194
460,180,194
461,180,193
462,181,193
463,181,193
464,181,193
465,181,192
466,182,192
467,182,191
468,183,191
469,183,190
470,183,190
471,184,189
472,185,188
0,0
1,175
149,176,180
150,175,181
151,174,182
152,174,182
153,174,183
154,174,184
155,173,184
156,173,185
157,173,186
158,173,186
159,173,187
160,173,187
161,173,188
162,173,188
163,173,188
164,172,189
165,172,189
166,172,189
167,172,189
168,172,190
169,172,190
170,172,190
171,172,190
172,172,190
173,172,190
174,171,190
175,171,189
176,171,189
177,171,189
178,171,189
179,171,188
180,171,188
181,170,188
182,170,187
183,170,187
184,170,187
185,170,187
186,170,186
187,169,186
188,169,186
189,169,185
190,169,185
191,169,185
192,169,185
193,168,184
194,168,184
195,168,184
196,168,183
197,168,183
198,168,183
199,167,183
200,167,182
201,167,182
202,167,182
203,166,182
204,166,181
205,166,181
206,166,181
207,166,180
208,166,180
209,165,180
210,165,180
211,165,179
212,165,179
213,164,179
214,164,179
215,164,178
216,164,178
217,164,178
218,163,178
219,163,177
220,163,177
221,163,177
222,162,177
223,162,176
224,162,176
225,162,176
226,161,176
227,161,175
228,161,175
229,161,175
230,160,175
231,160,175
232,160,174
233,160,174
234,159,174
235,159,174
236,159,173
237,159,173
238,158,173
239,158,173
240,158,173
241,157,172
242,157,172
243,157,172
244,157,172
245,156,172
246,156,171
247,156,171
248,155,171
249,155,171
250,155,171
251,155,171
252,154,170
253,154,170
254,154,170
255,153,170
256,153,170
257,153,170
258,152,169
259,152,169
260,152,169
261,151,169
262,151,169
263,151,169
264,150,169
265,150,169
266,150,169
267,149,169
268,149,169
269,148,169
270,148,169
271,147,169
272,147,169
273,147,169
274,146,169
275,145,169
276,145,169
277,144,169
278,144,169
279,169,169
279,143,170
280,143,169
281,143,169
282,143,169
283,143,169
284,143,169
285,143,169
286,142,169
287,143,169
288,143,169
289,143,169
290,143,169
291,143,169
292,143,169
293,144,169
294,144,169
295,144,169
296,144,169
297,145,169
298,145,169
299,145,169
300,146,169
301,146,169
302,147,168
303,147,168
304,147,168
305,148,168
306,148,168
307,149,168
308,149,168
309,150,168
310,150,168
311,151,168
312,151,168
313,152,168
314,152,168
315,153,168
316,154,168
317,154,168
318,155,168
319,156,168
320,157,167
321,158,165
322,159,163
0,128
168,319,319
169,301,318
170,279,317
171,279,317
172,280,316
173,280,316
174,280,316
175,281,315
176,281,315
177,281,314
178,281,314
179,281,314
180,281,313
181,281,313
182,281,313
183,281,313
184,282,312
185,282,312
186,282,312
187,282,312
188,282,311
189,282,311
190,282,311
191,282,311
192,282,310
193,282,310
194,281,310
195,281,310
196,281,310
197,281,309
198,281,309
199,281,309
200,281,309
201,281,309
202,281,309
203,281,308
204,281,308
205,281,308
206,281,308
207,281,308
208,281,308
209,281,307
210,280,307
211,280,307
212,280,307
213,280,307
214,280,307
215,280,307
216,280,307
217,279,306
218,279,306
219,279,306
220,279,306
221,279,306
222,279,306
223,278,305
224,278,305
225,278,305
226,278,305
227,277,305
228,277,305
229,277,304
230,276,304
231,276,304
232,276,304
233,276,304
234,275,303
235,275,303
236,275,303
237,274,303
238,274,303
239,273,302
240,273,302
241,273,302
242,272,302
243,272,301
244,271,301
245,270,301
246,270,301
247,269,300
248,268,300
249,267,300
250,266,300
251,266,299
252,264,299
253,263,299
254,261,298
255,259,298
256,251,298
257,251,297
258,252,297
259,252,297
260,252,296
261,252,296
262,252,295
263,252,295
264,252,294
265,253,294
266,253,293
267,253,293
268,253,292
269,253,292
270,253,291
271,254,291
272,254,290
273,254,289
274,254,289
275,254,288
276,254,287
277,254,287
278,255,286
279,255,285
280,255,285
281,255,284
282,255,283
283,255,282
284,255,281
285,256,280
286,256,280
287,256,279
288,256,278
289,256,277
290,256,276
291,257,274
292,258,273
293,259,272
294,261,270
295,264,265
1,33
257,290,291
256,284,290
255,277,289
254,271,287
253,264,286
252,257,284
251,256,283
250,256,282
249,256,280
248,255,279
247,255,278
246,255,277
245,255,275
244,254,274
243,254,273
242,254,272
241,254,271
240,254,270
239,253,269
238,253,268
237,253,267
236,253,266
235,252,265
234,252,264
233,252,263
232,252,262
231,252,261
230,251,260
229,251,259
228,251,258
227,251,257
226,251,255
225,252,253
0,0
0,124
176,200,206
177,198,209
178,198,211
179,197,212
180,197,214
181,197,215
182,197,216
183,198,217
184,198,218
185,198,219
186,198,220
187,198,221
188,199,221
189,199,222
190,199,223
191,199,223
192,199,224
193,198,224
194,198,225
195,198,226
196,198,226
197,197,226
198,197,227
199,197,227
200,196,228
201,196,228
202,196,228
203,195,228
204,195,228
205,195,228
206,194,228
207,194,228
208,193,228
209,193,227
210,192,226
211,192,225
212,192,225
213,191,224
214,191,223
215,190,222
216,190,221
217,189,220
218,189,220
219,188,219
220,188,218
221,187,218
222,187,217
223,186,216
224,186,215
225,185,215
226,184,214
227,184,213
228,183,212
229,183,212
230,182,211
231,181,210
232,181,209
233,180,209
234,179,208
235,179,207
236,178,206
237,177,206
238,177,205
239,176,204
240,175,203
241,174,202
242,174,201
243,173,200
244,172,200
245,171,199
246,171,198
247,170,197
248,169,196
249,168,195
250,168,194
251,167,193
252,166,193
253,165,192
254,164,191
255,164,190
256,163,189
257,162,188
258,161,187
259,160,186
260,159,185
261,159,184
262,158,183
263,157,182
264,156,181
265,155,180
266,154,179
267,153,178
268,153,177
269,152,176
270,151,175
271,150,174
272,149,172
273,148,171
274,147,170
275,146,169
276,145,168
277,144,167
278,143,166
279,142,164
280,141,163
281,140,162
282,139,160
283,138,159
284,137,158
285,136,156
286,135,155
287,134,153
288,133,152
289,132,150
290,131,148
291,130,147
292,129,145
293,128,143
294,127,141
295,126,140
296,126,138
297,125,136
298,125,134
299,126,130
0,0
0,103
330,108,108
331,106,110
332,104,111
333,103,112
334,102,113
335,102,113
336,101,114
337,101,114
338,100,115
339,100,115
340,99,115
341,99,116
342,99,116
343,98,116
344,98,116
345,97,116
346,97,116
347,96,117
348,96,117
349,95,117
350,95,117
351,94,117
352,94,117
353,93,117
354,93,116
355,92,116
356,91,116
357,91,116
358,91,116
359,90,116
360,89,116
361,89,116
362,88,116
363,88,115
364,87,115
365,87,115
366,86,115
367,86,115
368,85,115
369,84,115
370,84,115
371,83,114
372,83,114
373,82,114
374,81,114
375,81,114
376,80,114
377,80,113
378,79,113
379,78,113
380,78,113
381,77,113
382,77,112
383,76,112
384,75,112
385,75,111
386,74,111
387,73,111
388,73,110
389,72,110
390,71,110
391,71,109
392,70,109
393,70,109
394,69,108
395,69,108
396,68,108
397,68,107
398,68,107
399,67,106
400,67,106
401,67,105
402,66,105
403,66,104
404,66,104
405,66,104
406,66,103
407,66,102
408,66,102
409,65,101
410,65,101
411,65,100
412,65,100
413,65,99
414,65,98
415,65,98
416,65,97
417,65,96
418,66,96
419,66,95
420,66,94
421,66,93
422,66,92
423,67,91
424,67,90
425,67,89
426,68,88
427,68,87
428,69,85
429,69,84
430,70,82
431,71,80
432,73,77
0,0
1,250
149,328,337
150,327,344
151,326,349
152,326,353
153,326,356
154,326,359
155,326,363
156,326,365
157,327,368
158,327,371
159,327,373
160,328,375
161,329,377
162,329,379
163,330,381
164,331,383
165,332,385
166,333,386
167,335,388
168,337,390
169,340,391
170,343,392
171,347,394
172,351,395
173,354,396
174,357,398
175,360,399
176,362,400
177,365,401
178,366,402
179,368,403
180,370,404
181,372,405
182,374,406
183,375,407
184,376,408
185,378,409
186,379,410
187,380,411
188,381,412
189,382,412
190,384,413
191,385,414
192,385,415
193,386,416
194,387,416
195,388,417
196,389,418
197,390,418
198,391,419
199,391,420
200,392,420
201,393,421
202,394,422
203,394,422
204,395,423
205,396,424
206,396,424
207,397,425
208,397,425
209,398,426
210,398,426
211,399,427
212,400,427
213,400,428
214,401,428
215,401,429
216,402,429
217,402,430
218,403,430
219,403,430
220,403,431
221,404,431
222,404,432
223,405,432
224,405,432
225,406,433
226,406,433
227,406,434
228,407,434
229,407,434
230,408,435
231,408,435
232,408,435
233,409,436
234,409,436
235,409,436
236,410,437
237,410,437
238,410,437
239,411,437
240,411,438
241,411,438
242,411,438
243,412,439
244,412,439
245,412,439
246,412,439
247,413,440
248,413,440
249,413,440
250,413,440
251,413,441
252,414,441
253,414,441
254,414,441
255,414,442
256,414,442
257,415,442
258,415,442
259,415,442
260,415,443
261,415,443
262,416,443
263,416,443
264,416,443
265,416,444
266,416,444
267,416,444
268,416,444
269,417,444
270,417,445
271,417,445
272,417,445
273,417,445
274,417,445
275,417,445
276,417,446
277,417,446
278,418,446
279,418,446
280,418,446
281,418,446
282,418,446
283,418,447
284,418,447
285,418,447
286,418,447
287,418,447
288,418,447
289,418,447
290,418,448
291,418,448
292,418,448
293,419,448
294,419,448
295,419,448
296,419,448
297,419,448
298,419,448
299,419,448
300,419,448
301,419,449
302,419,449
303,419,449
304,419,449
305,419,449
306,419,449
307,419,449
308,419,449
309,419,449
310,419,449
311,419,449
312,419,449
313,419,449
314,419,449
315,418,449
316,418,449
317,418,449
318,417,449
319,417,449
320,416,450
321,414,450
322,412,450
323,402,450
324,403,450
325,403,450
326,403,450
327,404,450
328,404,450
329,405,450
330,405,450
331,406,450
332,406,450
333,406,449
334,411,449
334,407,410
335,411,449
335,407,410
336,411,449
336,408,410
337,411,449
337,408,410
338,411,449
338,409,410
339,411,449
339,409,410
340,411,449
340,409,410
341,410,449
342,410,449
343,411,449
344,411,449
345,412,449
346,412,449
347,412,449
348,413,449
349,413,449
350,414,449
351,414,448
352,415,448
353,415,448
354,415,448
355,416,448
356,416,448
357,417,448
358,417,447
359,418,447
360,418,447
361,418,447
362,419,447
363,419,447
364,420,447
365,420,446
366,420,446
367,421,446
368,421,446
369,422,445
370,422,445
371,423,445
372,423,444
373,423,444
374,424,444
375,424,443
376,425,443
377,425,442
378,426,442
379,426,441
380,426,441
381,427,440
382,427,440
383,428,439
384,428,439
385,429,438
386,429,438
387,429,437
388,430,436
389,430,435
390,431,433
391,431,431
0,80
431,391,391
430,389,391
429,386,391
428,384,391
427,382,390
426,379,389
425,377,389
424,375,388
423,372,387
422,370,386
421,368,385
420,365,384
419,363,383
418,361,382
417,358,381
416,356,380
415,354,379
414,351,378
413,349,376
412,346,375
411,344,374
410,342,373
409,339,372
408,337,370
407,335,369
406,332,367
405,330,366
404,328,365
403,325,363
402,323,362
401,322,361
400,322,360
399,321,358
398,321,357
397,321,356
396,320,355
395,320,354
394,320,352
393,319,351
392,319,350
391,319,349
390,318,348
389,318,347
388,317,345
387,317,344
386,317,343
385,316,342
384,316,341
383,316,340
382,315,339
381,315,338
380,314,337
379,314,336
378,314,335
377,313,334
376,313,333
375,312,332
374,312,331
373,312,330
372,311,329
371,311,328
370,310,327
369,310,326
368,309,325
367,309,324
366,309,323
365,308,322
364,308,321
363,307,321
362,307,320
361,307,319
360,306,318
359,306,317
358,306,316
357,306,315
356,306,314
355,306,313
354,307,313
353,307,311
352,308,309
0,0
0,57
303,216,221
304,215,224
305,214,227
306,214,229
307,213,231
308,213,233
309,213,235
310,213,237
311,213,239
312,214,241
313,214,243
314,214,245
315,215,247
316,215,248
317,216,250
318,217,251
319,217,252
320,218,254
321,219,255
322,220,256
323,220,257
324,221,258
325,222,259
326,222,260
327,223,261
328,224,262
329,224,262
330,225,263
331,226,264
332,227,264
333,227,265
334,228,265
335,229,265
336,230,266
337,230,266
338,231,266
339,232,266
340,233,266
341,233,266
342,234,266
343,235,266
344,236,266
345,237,266
346,238,266
347,239,266
348,240,266
349,241,266
350,242,265
351,243,265
352,244,265
353,245,264
354,246,264
355,248,263
356,250,262
357,251,261
358,253,259
359,256,256
0,0
0,87
286,333,334
287,331,337
288,331,340
289,330,343
290,330,346
291,330,349
292,330,351
293,330,354
294,330,357
295,330,359
296,331,362
297,331,365
298,332,367
299,332,370
300,333,372
301,334,375
302,335,377
303,336,380
304,337,382
305,338,384
306,339,387
307,341,389
308,342,391
309,343,393
310,344,395
311,345,397
312,346,399
313,347,401
314,349,402
315,350,404
316,351,406
317,352,407
318,353,408
319,354,410
320,355,411
321,356,412
322,357,412
323,359,413
324,360,414
325,361,415
326,362,415
327,363,416
328,364,417
329,365,417
330,366,418
331,367,418
332,368,419
333,369,419
334,370,420
335,371,420
336,372,421
337,373,421
338,374,421
339,376,422
340,377,422
341,378,423
342,379,423
343,380,423
344,381,424
345,382,424
346,383,424
347,384,424
348,385,425
349,386,425
350,387,425
351,388,425
352,389,426
353,390,426
354,391,426
355,392,426
356,393,426
357,394,426
358,395,426
359,396,426
360,397,426
361,398,426
362,398,426
363,399,426
364,400,425
365,401,425
366,402,425
367,404,424
368,405,423
369,406,422
370,407,421
371,409,419
372,412,417
0,0
