1,228
100,178,181
101,177,182
102,176,182
103,176,183
104,175,183
105,175,184
106,175,185
107,174,185
108,174,186
109,174,186
110,174,186
111,174,187
112,173,187
113,173,188
114,173,188
115,173,188
116,173,189
117,173,189
118,172,189
119,172,190
120,172,190
121,172,190
122,172,191
123,172,191
124,172,191
125,171,191
126,171,191
127,171,192
128,171,192
129,171,192
130,171,192
131,170,192
132,170,192
133,170,192
134,170,193
135,170,193
136,170,193
137,169,193
138,169,193
139,169,193
140,169,193
141,169,193
142,169,193
143,168,193
144,168,193
145,168,193
146,168,192
147,168,192
148,167,192
149,167,192
150,167,192
151,167,192
152,167,191
153,166,191
154,166,191
155,166,191
156,166,191
157,166,190
158,165,190
159,165,190
160,165,190
161,165,189
162,165,189
163,164,189
164,164,189
165,164,188
166,164,188
167,164,188
168,163,187
169,163,187
170,163,187
171,163,187
172,162,186
173,162,186
174,162,186
175,162,186
176,161,185
177,161,185
178,161,185
179,161,185
180,161,184
181,160,184
182,160,184
183,160,184
184,160,183
185,159,183
186,159,183
187,159,183
188,159,182
189,158,182
190,158,182
191,158,182
192,157,181
193,157,181
194,157,181
195,157,181
196,156,180
197,156,180
198,156,180
199,156,180
200,155,179
201,155,179
202,155,179
203,154,179
204,154,178
205,154,178
206,153,178
207,153,178
208,153,177
209,153,177
210,152,177
211,152,177
212,152,176
213,151,176
214,151,176
215,151,176
216,150,175
217,150,175
218,150,175
219,150,175
220,149,174
221,149,174
222,149,174
223,148,174
224,148,173
225,148,173
226,147,173
227,147,172
228,147,172
229,146,172
230,146,172
231,146,171
232,145,171
233,145,171
234,145,171
235,144,170
236,144,170
237,144,170
238,143,170
239,143,169
240,143,169
241,142,169
242,142,169
243,142,168
244,141,168
245,141,168
246,141,168
247,140,167
248,140,167
249,139,167
250,139,167
251,139,166
252,138,166
253,138,166
254,138,166
255,137,165
256,137,165
257,137,165
258,136,165
259,136,164
260,135,164
261,135,164
262,135,164
263,134,163
264,134,163
265,134,163
266,133,163
267,133,162
268,132,162
269,132,162
270,132,162
271,131,161
272,131,161
273,130,161
274,130,160
275,130,160
276,129,160
277,129,160
278,128,159
279,128,159
280,128,159
281,128,159
282,127,158
283,127,158
284,127,158
285,127,158
286,126,157
287,126,157
288,126,157
289,126,156
290,126,156
291,126,156
292,126,156
293,126,155
294,125,155
295,125,155
296,125,154
297,125,154
298,125,154
299,125,154
300,126,153
301,126,153
302,126,153
303,126,152
304,126,152
305,126,152
306,126,152
307,127,151
308,127,151
309,127,151
310,127,150
311,127,150
312,128,150
313,128,149
314,128,149
315,129,149
316,129,148
317,129,148
318,130,148
319,130,147
320,130,147
321,131,146
322,131,146
323,132,145
324,133,145
325,134,144
326,135,143
327,136,142
0,0
1,186
53,300,305
54,299,306
55,298,307
56,297,308
57,297,309
58,297,310
59,296,311
60,296,311
61,296,312
62,296,312
63,296,313
64,296,313
65,296,314
66,295,314
67,295,315
68,295,315
69,295,316
70,295,316
71,295,316
72,295,317
73,294,317
74,294,317
75,294,317
76,294,318
77,294,318
78,294,318
79,293,318
80,293,318
81,293,318
82,293,319
83,293,319
84,293,319
85,293,319
86,292,318
87,292,318
88,292,318
89,292,318
90,292,318
91,292,318
92,291,318
93,291,318
94,291,317
95,291,317
96,291,317
97,291,316
98,290,316
99,290,316
100,290,315
101,290,315
102,289,314
103,289,314
104,289,314
105,289,313
106,289,313
107,288,313
108,288,312
109,288,312
110,288,312
111,287,311
112,287,311
113,287,310
114,287,310
115,286,310
116,286,309
117,286,309
118,286,309
119,286,308
120,285,308
121,285,308
122,285,307
123,285,307
124,284,307
125,284,306
126,284,306
127,284,306
128,283,305
129,283,305
130,283,304
131,283,304
132,282,304
133,282,304
134,282,303
135,282,303
136,281,302
137,281,302
138,281,302
139,281,301
140,280,301
141,280,301
142,280,300
143,279,300
144,279,300
145,279,300
146,279,299
147,278,299
148,278,299
149,278,298
150,278,298
151,277,298
152,277,297
153,277,297
154,277,297
155,276,297
156,276,296
157,276,296
158,276,296
159,275,295
160,275,295
161,275,295
162,274,295
163,274,294
164,274,294
165,274,294
166,273,293
167,273,293
168,273,293
169,273,293
170,272,292
171,272,292
172,272,292
173,272,292
174,271,291
175,271,291
176,271,291
177,270,291
178,270,290
179,270,290
180,270,290
181,269,290
182,269,289
183,269,289
184,269,289
185,268,289
186,268,289
187,268,288
188,268,288
189,267,288
190,267,288
191,267,287
192,267,287
193,266,287
194,266,287
195,266,287
196,265,286
197,265,286
198,265,286
199,265,286
200,264,285
201,264,285
202,264,285
203,264,285
204,263,285
205,263,284
206,263,284
207,263,284
208,262,284
209,262,284
210,262,283
211,262,283
212,262,283
213,261,283
214,262,283
215,262,282
216,262,282
217,262,282
218,262,282
219,262,282
220,262,281
221,263,281
222,263,281
223,263,281
224,263,281
225,264,281
226,264,280
227,264,280
228,265,280
229,265,280
230,266,280
231,266,279
232,267,279
233,267,279
234,268,278
235,269,278
236,270,277
237,271,276
238,272,275
0,0
0,191
208,163,166
209,158,171
210,156,174
211,155,177
212,153,180
213,153,182
214,152,185
215,152,187
216,152,189
217,152,191
218,153,193
219,153,194
220,154,195
221,155,195
222,155,196
223,156,196
224,157,196
225,157,196
226,158,196
227,158,196
228,159,196
229,159,195
230,160,195
231,160,195
232,160,194
233,161,194
234,161,194
235,161,194
236,161,193
237,161,193
238,162,193
239,162,193
240,162,193
241,162,192
242,162,192
243,162,192
244,162,192
245,163,192
246,163,192
247,163,192
248,163,191
249,163,191
250,163,191
251,163,191
252,164,191
253,164,191
254,164,191
255,164,191
256,164,191
257,164,191
258,165,191
259,165,191
260,165,191
261,165,191
262,165,191
263,165,191
264,165,191
265,165,191
266,165,191
267,165,191
268,165,191
269,165,191
270,165,191
271,165,191
272,165,191
273,165,191
274,165,191
275,165,191
276,165,191
277,165,191
278,165,191
279,165,191
280,165,191
281,165,191
282,165,191
283,165,190
284,164,190
285,164,190
286,164,190
287,164,190
288,164,190
289,164,190
290,164,190
291,164,190
292,164,190
293,163,190
294,163,189
295,163,189
296,163,189
297,163,189
298,163,189
299,163,189
300,163,188
301,162,188
302,162,188
303,162,188
304,162,188
305,162,187
306,161,187
307,161,187
308,161,186
309,161,186
310,161,186
311,160,186
312,160,185
313,160,185
314,160,184
315,160,184
316,159,184
317,159,183
318,159,183
319,159,183
320,158,182
321,158,182
322,158,182
323,157,181
324,157,181
325,157,181
326,156,180
327,156,180
328,156,180
329,155,179
330,155,179
331,155,179
332,154,178
333,154,178
334,154,178
335,153,177
336,153,177
337,152,177
338,152,176
339,151,176
340,151,175
341,150,175
342,150,174
343,149,174
344,149,173
345,148,173
346,148,172
347,147,172
348,147,171
349,146,171
350,146,170
351,145,169
352,144,168
353,144,168
354,143,167
355,142,166
356,142,166
357,141,165
358,140,164
359,140,163
360,139,163
361,138,162
362,138,161
363,137,160
364,136,159
365,135,158
366,134,157
367,133,156
368,132,155
369,132,155
370,131,154
371,130,153
372,129,152
373,128,151
374,127,150
375,126,148
376,125,147
377,124,146
378,123,145
379,122,144
380,121,143
381,120,141
382,119,140
383,118,139
384,117,138
385,116,136
386,115,135
387,114,133
388,113,132
389,112,130
390,111,129
391,110,127
392,109,125
393,108,123
394,107,121
395,107,119
396,106,117
397,106,114
398,108,111
0,0
0,441
26,211,216
27,204,220
28,201,223
29,199,226
30,198,228
31,197,230
32,197,232
33,197,234
34,198,236
35,199,237
36,200,239
37,201,240
38,202,242
39,203,243
40,203,244
41,204,245
42,205,246
43,205,246
44,206,247
45,207,247
46,207,247
47,208,247
48,208,248
49,209,248
50,209,248
51,210,247
52,210,247
53,211,247
54,211,247
55,212,247
56,212,247
57,213,247
58,213,246
59,213,246
60,214,246
61,214,246
62,215,246
63,215,246
64,215,246
65,216,246
66,216,246
67,216,246
68,217,246
69,217,246
70,218,246
71,218,246
72,218,247
73,219,247
74,219,247
75,219,247
76,220,247
77,220,247
78,220,247
79,221,247
80,221,248
81,221,248
82,222,248
83,222,248
84,222,248
85,223,248
86,223,249
87,223,249
88,224,249
89,224,249
90,224,249
91,225,250
92,225,250
93,225,250
94,226,250
95,226,250
96,226,251
97,226,251
98,227,251
99,227,251
100,227,251
101,227,251
102,227,252
103,228,252
104,228,252
105,228,252
106,228,253
107,228,253
108,229,253
109,229,253
110,229,253
111,229,254
112,230,254
113,230,254
114,230,254
115,230,255
116,230,255
117,231,255
118,231,255
119,231,255
120,231,256
121,232,256
122,232,256
123,232,256
124,232,257
125,233,257
126,233,257
127,233,257
128,233,258
129,234,258
130,234,258
131,234,258
132,234,258
133,235,259
134,235,259
135,235,259
136,235,260
137,235,260
138,236,260
139,236,260
140,236,261
141,236,261
142,237,261
143,237,261
144,237,261
145,238,262
146,238,262
147,238,262
148,238,262
149,238,263
150,239,263
151,239,263
152,239,263
153,240,264
154,240,264
155,240,264
156,240,264
157,241,265
158,241,265
159,241,265
160,241,265
161,242,266
162,242,266
163,242,266
164,243,266
165,243,267
166,243,267
167,243,267
168,244,268
169,244,268
170,244,268
171,245,268
172,245,269
173,245,269
174,245,269
175,246,269
176,246,270
177,246,270
178,247,270
179,247,270
180,247,271
181,247,271
182,248,271
183,248,272
184,248,272
185,249,272
186,249,272
187,249,273
188,250,273
189,250,273
190,250,274
191,250,274
192,251,274
193,251,274
194,251,275
195,252,275
196,252,275
197,252,276
198,253,276
199,253,276
200,253,277
201,254,277
202,254,277
203,254,278
204,255,278
205,255,278
206,255,278
207,255,279
208,256,279
209,256,279
210,256,280
211,257,280
212,257,280
213,258,281
214,258,281
215,258,281
216,258,282
217,259,282
218,259,282
219,259,283
220,260,283
221,260,283
222,261,284
223,261,284
224,261,284
225,262,285
226,262,285
227,262,285
228,263,286
229,263,286
230,263,286
231,264,287
232,264,287
233,264,287
234,265,288
235,265,288
236,265,289
237,266,289
238,266,289
239,266,290
240,267,290
241,267,290
242,267,291
243,268,291
244,268,292
245,269,292
246,269,292
247,269,293
248,270,293
249,270,293
250,270,294
251,271,294
252,271,295
253,271,295
254,272,295
255,272,296
256,273,296
257,273,297
258,273,297
259,274,298
260,274,298
261,274,298
262,275,299
263,275,299
264,276,300
265,276,300
266,276,301
267,277,301
268,277,301
269,277,302
270,278,302
271,278,303
272,279,303
273,279,304
274,279,304
275,280,304
276,280,305
277,281,305
278,281,306
279,281,306
280,282,307
281,282,307
282,283,308
283,283,308
284,284,309
285,284,309
286,284,310
287,285,310
288,285,310
289,286,311
290,286,311
291,286,312
292,287,312
293,287,313
294,288,313
295,288,314
296,288,314
297,289,315
298,289,315
299,290,316
300,290,316
301,291,317
302,291,318
303,291,318
304,292,319
305,292,319
306,293,320
307,293,320
308,294,321
309,294,321
310,295,322
311,295,322
312,296,323
313,296,323
314,296,324
315,297,324
316,297,325
317,298,326
318,298,326
319,299,327
320,299,327
321,300,328
322,300,328
323,301,329
324,301,330
325,302,330
326,302,331
327,303,331
328,303,332
329,304,333
330,304,333
331,305,334
332,305,334
333,306,335
334,306,336
335,307,336
336,307,337
337,308,338
338,308,338
339,309,339
340,310,340
341,310,340
342,311,341
343,311,342
344,312,342
345,312,343
346,313,344
347,313,345
348,314,345
349,315,346
350,315,347
351,316,347
352,316,348
353,317,349
354,317,350
355,318,350
356,319,351
357,319,352
358,320,353
359,320,353
360,321,354
361,322,355
362,322,356
363,323,356
364,324,357
365,324,358
366,325,359
367,326,360
368,326,360
369,327,361
370,327,362
371,328,363
372,329,364
373,329,364
374,330,365
375,331,366
376,331,367
377,332,368
378,333,369
379,334,370
380,334,370
381,335,371
382,336,372
383,336,373
384,337,374
385,338,375
386,339,376
387,339,377
388,340,378
389,341,379
390,342,380
391,342,381
392,343,382
393,344,384
394,345,385
395,345,386
396,346,387
397,347,388
398,348,389
399,349,391
400,349,392
401,350,394
402,351,395
403,352,397
404,353,399
405,354,403
406,355,405
407,355,406
408,356,407
409,357,408
410,358,409
411,359,411
412,360,412
413,361,413
414,361,414
415,362,415
416,363,417
417,364,418
418,365,419
419,366,420
420,367,421
421,368,423
422,369,424
423,370,425
424,371,426
425,372,428
426,373,429
427,374,430
428,375,431
429,376,432
430,377,434
431,378,435
432,379,436
433,380,437
434,381,438
435,382,438
436,383,438
437,384,439
438,385,439
439,386,439
440,388,439
441,389,439
442,390,439
443,391,440
444,392,440
445,393,440
446,395,440
447,396,440
448,397,440
449,398,440
450,400,440
451,401,440
452,402,440
453,404,440
454,405,440
455,406,440
456,408,440
457,409,440
458,410,440
459,412,439
460,413,439
461,415,438
462,417,438
463,419,437
464,421,435
465,423,433
466,427,427
0,97
433,437,438
432,436,438
431,435,438
430,433,438
429,432,437
428,431,437
427,430,437
426,429,437
425,427,437
424,426,437
423,425,437
422,424,437
421,423,437
420,421,437
419,420,437
418,419,437
417,418,437
416,416,437
415,415,437
414,414,437
413,413,437
412,412,437
411,410,437
410,409,437
409,408,437
408,407,437
407,406,437
406,404,437
405,403,437
404,404,438
403,406,438
402,407,438
401,408,438
400,408,438
399,409,438
398,410,438
397,410,438
396,411,438
395,412,438
394,412,438
393,413,438
392,413,438
391,414,438
390,414,438
389,415,438
388,415,438
387,415,439
386,416,439
385,416,439
384,417,439
383,417,439
382,418,439
381,418,439
380,418,439
379,419,439
378,419,439
377,420,439
376,420,439
375,421,439
374,421,439
373,421,440
372,422,440
371,422,440
370,422,440
369,423,440
368,423,440
367,424,440
366,424,440
365,424,440
364,425,440
363,425,440
362,425,441
361,426,441
360,426,441
359,426,441
358,427,441
357,427,441
356,427,441
355,428,441
354,428,442
353,428,442
352,429,442
351,429,442
350,429,442
349,430,442
348,430,442
347,431,442
346,431,442
345,431,442
344,432,442
343,432,442
342,433,442
341,434,442
340,434,442
339,435,442
338,436,441
337,437,440
0,0
0,197
191,340,345
192,337,349
193,336,351
194,335,353
195,334,355
196,334,357
197,334,359
198,334,360
199,334,361
200,334,363
201,334,364
202,334,365
203,334,367
204,334,368
205,334,369
206,334,370
207,334,371
208,334,372
209,334,373
210,334,374
211,334,375
212,334,376
213,334,377
214,334,377
215,334,378
216,333,378
217,333,378
218,333,379
219,333,379
220,333,378
221,333,378
222,333,378
223,332,377
224,332,377
225,332,376
226,332,375
227,332,374
228,331,373
229,331,373
230,331,372
231,331,371
232,331,370
233,330,370
234,330,369
235,330,368
236,329,367
237,329,366
238,329,366
239,328,365
240,328,364
241,328,364
242,327,363
243,327,362
244,327,361
245,326,361
246,326,360
247,325,359
248,325,359
249,325,358
250,324,357
251,324,356
252,323,356
253,323,355
254,322,354
255,322,354
256,321,353
257,321,352
258,320,351
259,320,351
260,319,350
261,318,349
262,318,349
263,317,348
264,317,347
265,316,346
266,316,346
267,315,345
268,314,344
269,314,344
270,313,343
271,313,342
272,312,342
273,311,341
274,311,340
275,310,340
276,310,339
277,309,338
278,308,338
279,308,337
280,307,336
281,306,336
282,306,335
283,305,334
284,304,334
285,304,333
286,303,332
287,302,332
288,301,331
289,301,330
290,300,330
291,299,329
292,298,328
293,298,328
294,297,327
295,296,326
296,296,326
297,295,325
298,294,324
299,293,324
300,292,323
301,292,322
302,291,321
303,290,321
304,289,320
305,289,319
306,288,318
307,287,318
308,286,317
309,285,316
310,284,315
311,284,315
312,283,314
313,282,313
314,281,312
315,280,311
316,279,310
317,278,309
318,278,309
319,277,308
320,276,307
321,275,306
322,274,305
323,273,304
324,272,303
325,271,302
326,270,302
327,269,301
328,268,300
329,267,299
330,266,298
331,265,297
332,264,296
333,263,295
334,262,294
335,261,292
336,260,291
337,259,290
338,258,289
339,257,288
340,256,287
341,255,286
342,254,285
343,253,284
344,251,283
345,250,281
346,249,280
347,248,279
348,247,278
349,245,277
350,244,275
351,243,274
352,242,273
353,240,271
354,239,270
355,238,269
356,236,267
357,235,266
358,234,265
359,233,263
360,232,262
361,230,260
362,229,259
363,228,257
364,227,256
365,225,254
366,224,253
367,223,251
368,222,249
369,221,248
370,220,246
371,219,245
372,217,243
373,216,241
374,215,240
375,214,238
376,213,236
377,212,234
378,211,233
379,210,231
380,209,229
381,208,227
382,207,225
383,207,223
384,206,220
385,206,217
386,207,214
387,208,208
0,0
0,57
50,310,310
51,304,317
52,303,324
53,302,329
54,301,334
55,301,339
56,301,343
57,302,346
58,302,350
59,302,353
60,302,356
61,303,358
62,303,361
63,304,363
64,305,364
65,306,366
66,307,367
67,308,369
68,309,370
69,311,371
70,312,371
71,313,372
72,315,373
73,316,373
74,318,374
75,320,375
76,321,375
77,323,375
78,324,376
79,326,376
80,327,377
81,329,377
82,330,377
83,331,378
84,333,378
85,334,378
86,336,378
87,337,379
88,338,379
89,340,379
90,341,379
91,343,379
92,344,380
93,346,380
94,347,380
95,348,380
96,350,379
97,351,379
98,352,379
99,354,379
100,355,378
101,356,378
102,358,377
103,359,376
104,361,375
105,363,373
106,368,368
0,0
