1,142
61,177,180
62,177,181
63,176,182
64,175,182
65,175,183
66,175,183
67,174,184
68,174,184
69,174,184
70,174,185
71,173,185
72,173,186
73,173,186
74,173,186
75,173,187
76,172,187
77,172,187
78,172,187
79,172,188
80,172,188
81,171,188
82,171,188
83,171,189
84,171,189
85,171,189
86,171,189
87,170,189
88,170,189
89,170,189
90,170,189
91,169,189
92,169,190
93,169,190
94,169,190
95,169,190
96,168,190
97,168,190
98,168,189
99,168,189
100,167,189
101,167,189
102,167,189
103,167,189
104,166,189
105,166,189
106,166,188
107,166,188
108,165,188
109,165,188
110,165,188
111,165,187
112,164,187
113,164,187
114,164,186
115,163,186
116,163,186
117,163,186
118,162,185
119,162,185
120,162,185
121,161,184
122,161,184
123,161,184
124,161,183
125,160,183
126,160,183
127,159,183
128,159,182
129,159,182
130,158,182
131,158,182
132,158,181
133,157,181
134,157,181
135,157,180
136,156,180
137,156,180
138,156,180
139,155,179
140,155,179
141,154,179
142,154,178
143,154,178
144,153,178
145,153,178
146,153,177
147,152,177
148,152,177
149,151,176
150,151,176
151,151,176
152,150,176
153,150,175
154,149,175
155,149,175
156,148,174
157,148,174
158,148,174
159,147,174
160,147,173
161,146,173
162,146,173
163,146,172
164,146,172
165,146,172
166,145,172
167,145,171
168,145,171
169,145,171
170,145,170
171,145,170
172,145,170
173,145,170
174,144,169
175,144,169
176,144,169
177,145,168
178,145,168
179,145,168
180,145,168
181,145,167
182,145,167
183,145,167
184,145,166
185,145,166
186,145,166
187,146,165
188,146,165
189,146,165
190,146,164
191,146,164
192,147,164
193,147,163
194,147,163
195,148,163
196,148,162
197,149,162
198,149,162
199,150,161
200,150,160
201,152,159
202,153,158
0,0
0,412
40,132,132
41,127,140
42,125,144
43,124,147
44,123,150
45,123,153
46,123,155
47,123,158
48,123,160
49,123,162
50,123,163
51,124,165
52,124,166
53,125,167
54,125,169
55,126,170
56,127,171
57,128,171
58,128,172
59,129,173
60,130,173
61,130,174
62,131,174
63,131,174
64,132,174
65,132,174
66,133,174
67,133,174
68,134,174
69,134,174
70,135,174
71,135,174
72,135,174
73,135,174
74,136,173
75,136,173
76,136,173
77,136,172
78,137,172
79,137,171
80,137,171
81,137,171
82,137,171
83,137,170
84,137,170
85,137,170
86,138,170
87,138,169
88,138,169
89,138,169
90,138,169
91,138,168
92,138,168
93,138,168
94,138,168
95,138,168
96,138,168
97,138,167
98,138,167
99,138,167
100,138,167
101,138,167
102,138,167
103,138,166
104,138,166
105,138,166
106,139,166
107,139,166
108,139,166
109,139,166
110,139,166
111,139,166
112,139,165
113,139,165
114,139,165
115,139,165
116,139,165
117,139,165
118,139,165
119,139,165
120,139,165
121,139,165
122,139,165
123,139,164
124,139,164
125,139,164
126,139,164
127,139,164
128,139,164
129,139,164
130,139,164
131,139,164
132,139,164
133,139,164
134,139,164
135,139,164
136,139,164
137,139,164
138,139,164
139,139,164
140,139,164
141,139,164
142,139,164
143,139,164
144,139,163
145,139,163
146,139,163
147,139,163
148,139,163
149,139,163
150,139,163
151,139,163
152,139,163
153,139,163
154,139,163
155,139,163
156,139,163
157,139,163
158,139,163
159,139,163
160,139,163
161,139,163
162,139,163
163,139,163
164,139,163
165,139,163
166,139,163
167,139,163
168,139,163
169,139,163
170,139,163
171,139,163
172,139,163
173,139,163
174,139,163
175,139,163
176,139,163
177,139,163
178,139,163
179,139,163
180,139,163
181,139,163
182,139,163
183,139,163
184,139,163
185,139,163
186,139,163
187,139,163
188,139,163
189,139,163
190,139,163
191,139,163
192,139,163
193,139,163
194,139,163
195,139,163
196,139,163
197,139,163
198,139,163
199,139,163
200,139,163
201,139,163
202,139,163
203,139,163
204,139,163
205,139,163
206,139,163
207,139,163
208,139,163
209,139,163
210,139,163
211,139,163
212,139,163
213,139,163
214,139,163
215,139,163
216,139,163
217,139,163
218,139,163
219,139,163
220,139,163
221,139,163
222,139,163
223,139,163
224,139,163
225,139,163
226,139,163
227,139,163
228,139,163
229,139,163
230,139,163
231,139,163
232,139,163
233,139,163
234,139,163
235,139,163
236,139,163
237,139,163
238,139,163
239,139,163
240,139,163
241,139,163
242,139,163
243,139,163
244,139,163
245,139,163
246,139,163
247,139,163
248,139,163
249,139,163
250,139,163
251,139,163
252,139,163
253,139,163
254,139,163
255,139,163
256,139,163
257,139,163
258,139,163
259,139,163
260,139,163
261,139,163
262,139,163
263,139,163
264,139,164
265,139,164
266,139,164
267,139,164
268,139,164
269,139,164
270,139,164
271,139,164
272,139,164
273,139,164
274,139,164
275,139,164
276,139,164
277,139,164
278,139,164
279,139,164
280,139,164
281,139,164
282,139,164
283,139,164
284,139,164
285,139,164
286,139,164
287,139,164
288,139,164
289,139,164
290,139,164
291,139,164
292,139,164
293,139,164
294,139,164
295,139,165
296,139,165
297,139,165
298,139,165
299,139,165
300,139,165
301,139,165
302,139,165
303,139,165
304,139,165
305,139,165
306,139,165
307,139,165
308,139,165
309,138,165
310,138,165
311,138,165
312,138,165
313,138,165
314,138,165
315,138,165
316,138,165
317,138,165
318,138,165
319,138,166
320,138,166
321,138,166
322,138,166
323,138,166
324,138,166
325,138,166
326,138,166
327,138,166
328,138,166
329,138,166
330,138,166
331,138,166
332,138,166
333,138,166
334,138,166
335,138,166
336,138,166
337,138,166
338,138,167
339,138,167
340,138,167
341,138,167
342,138,167
343,138,167
344,137,167
345,137,167
346,137,167
347,137,167
348,137,167
349,137,167
350,137,167
351,137,167
352,137,167
353,137,167
354,137,167
355,137,168
356,137,168
357,137,168
358,137,168
359,137,168
360,137,168
361,137,168
362,137,168
363,137,168
364,136,168
365,136,168
366,136,168
367,136,168
368,136,168
369,136,168
370,136,169
371,136,169
372,136,169
373,136,169
374,136,169
375,136,169
376,136,169
377,135,169
378,135,169
379,135,169
380,135,169
381,135,169
382,135,169
383,135,169
384,134,169
385,134,169
386,134,169
387,134,169
388,133,169
389,133,169
390,133,169
391,133,169
392,133,169
393,133,169
394,134,169
395,134,169
396,134,169
397,134,169
398,135,169
399,135,169
400,135,169
401,135,169
402,135,169
403,136,168
404,136,168
405,136,168
406,136,168
407,137,168
408,137,168
409,137,168
410,137,168
411,138,168
412,138,167
413,138,167
414,138,167
415,139,167
416,139,167
417,139,167
418,139,166
419,140,166
420,140,166
421,140,166
422,140,165
423,141,165
424,141,165
425,141,165
426,141,164
427,142,164
428,142,164
429,142,163
430,142,163
431,143,163
432,143,162
433,143,162
434,143,162
435,144,161
436,144,161
437,144,160
438,144,160
439,145,159
440,145,159
441,145,158
442,145,158
443,146,157
444,146,156
445,146,156
446,146,155
447,147,154
448,147,153
449,147,152
450,147,150
451,148,148
1,70
148,450,451
147,446,450
146,442,450
145,438,450
144,434,449
143,430,449
142,426,448
141,422,448
140,418,447
139,414,446
138,409,445
137,405,444
136,401,443
135,397,441
134,393,440
133,390,439
132,391,437
131,391,435
130,391,434
129,391,432
128,392,431
127,392,429
126,392,428
125,392,427
124,392,426
123,392,425
122,391,423
121,391,422
120,391,421
119,391,420
118,391,419
117,391,418
116,390,417
115,390,416
114,390,415
113,390,414
112,389,413
111,389,412
110,389,411
109,389,411
108,389,410
107,388,409
106,388,408
105,388,407
104,388,406
103,387,405
102,387,405
101,387,404
100,387,403
99,387,402
98,386,401
97,386,400
96,386,400
95,386,399
94,385,398
93,385,397
92,385,397
91,384,396
90,384,395
89,384,394
88,384,393
87,383,393
86,383,392
85,383,391
84,383,390
83,383,389
82,383,388
81,382,387
80,383,386
79,383,384
0,0
1,161
29,319,323
30,318,325
31,317,326
32,316,327
33,315,328
34,315,329
35,315,330
36,314,331
37,314,331
38,313,332
39,313,333
40,312,334
41,312,334
42,311,335
43,311,335
44,310,336
45,310,336
46,309,337
47,309,337
48,308,338
49,307,338
50,307,338
51,306,339
52,306,339
53,305,339
54,305,340
55,304,340
56,303,340
57,303,340
58,302,341
59,301,340
60,301,340
61,300,340
62,300,340
63,299,340
64,298,339
65,298,339
66,297,338
67,296,337
68,295,336
69,295,335
70,294,334
71,294,333
72,293,332
73,292,330
74,292,330
75,291,329
76,290,328
77,290,326
78,289,326
79,288,325
80,288,324
81,287,323
82,286,322
83,286,321
84,285,320
85,284,319
86,284,318
87,283,317
88,282,316
89,282,315
90,281,314
91,280,313
92,280,312
93,279,311
94,278,310
95,278,309
96,277,308
97,276,307
98,276,306
99,275,305
100,275,305
101,274,304
102,273,303
103,273,302
104,272,301
105,271,300
106,271,299
107,270,298
108,269,297
109,269,296
110,268,295
111,267,295
112,267,294
113,266,293
114,265,292
115,265,291
116,264,290
117,264,289
118,263,288
119,262,287
120,262,286
121,261,285
122,260,284
123,260,283
124,259,283
125,258,282
126,258,281
127,257,280
128,256,279
129,256,278
130,255,277
131,255,276
132,254,275
133,253,274
134,253,273
135,252,273
136,251,272
137,251,271
138,250,270
139,249,269
140,249,268
141,248,267
142,248,267
143,247,266
144,246,265
145,246,264
146,245,263
147,244,262
148,244,261
149,243,261
150,243,260
151,242,259
152,241,258
153,241,257
154,240,256
155,239,256
156,239,255
157,238,254
158,237,253
159,237,252
160,236,252
161,236,251
162,235,250
163,234,249
164,234,249
165,233,248
166,233,247
167,232,246
168,231,245
169,231,244
170,230,244
171,229,243
172,228,242
173,228,241
174,227,241
175,226,240
176,226,239
177,225,238
178,225,237
179,224,236
180,224,235
181,223,235
182,223,234
183,222,233
184,222,232
185,222,231
186,222,230
187,221,228
188,222,227
189,222,225
0,0
0,53
51,294,297
52,291,304
53,290,308
54,290,313
55,289,316
56,289,320
57,289,323
58,290,326
59,290,328
60,290,331
61,290,334
62,291,335
63,291,337
64,292,339
65,293,340
66,294,341
67,294,342
68,295,343
69,296,344
70,297,345
71,298,345
72,300,346
73,301,346
74,302,346
75,303,347
76,304,347
77,306,347
78,307,347
79,308,348
80,309,348
81,310,348
82,311,348
83,312,348
84,313,349
85,314,349
86,315,349
87,316,349
88,317,349
89,318,349
90,319,349
91,320,349
92,321,349
93,322,349
94,323,349
95,323,348
96,324,348
97,325,347
98,327,347
99,328,346
100,329,345
101,331,344
102,334,342
103,339,339
0,0
1,197
228,146,148
229,146,149
230,145,150
231,145,151
232,144,151
233,144,152
234,144,153
235,144,153
236,143,154
237,143,154
238,143,155
239,143,155
240,143,156
241,143,156
242,143,157
243,142,157
244,142,158
245,142,158
246,142,158
247,142,159
248,142,159
249,142,159
250,142,160
251,142,160
252,142,160
253,142,160
254,142,161
255,141,161
256,141,161
257,141,161
258,141,161
259,141,161
260,141,161
261,141,161
262,141,161
263,141,162
264,141,162
265,141,162
266,140,162
267,140,162
268,140,162
269,140,162
270,140,162
271,140,162
272,140,162
273,140,162
274,140,161
275,139,161
276,139,161
277,139,161
278,139,161
279,139,161
280,139,161
281,139,160
282,139,160
283,138,160
284,138,160
285,138,160
286,138,160
287,138,159
288,138,159
289,138,159
290,137,159
291,137,159
292,137,158
293,137,158
294,137,158
295,137,158
296,136,158
297,136,158
298,136,157
299,136,157
300,136,157
301,136,157
302,135,157
303,135,157
304,135,156
305,135,156
306,135,156
307,134,156
308,134,156
309,134,156
310,134,155
311,134,155
312,134,155
313,133,155
314,133,155
315,133,154
316,133,154
317,132,154
318,132,154
319,132,154
320,132,154
321,132,153
322,131,153
323,131,153
324,131,153
325,131,153
326,130,152
327,130,152
328,130,152
329,130,152
330,130,152
331,129,152
332,129,152
333,129,151
334,129,151
335,128,151
336,128,151
337,128,151
338,128,150
339,127,150
340,127,150
341,127,150
342,127,150
343,126,150
344,126,149
345,126,149
346,126,149
347,125,149
348,125,149
349,125,148
350,125,148
351,124,148
352,124,148
353,124,148
354,123,148
355,123,147
356,123,147
357,123,147
358,122,147
359,122,147
360,122,146
361,121,146
362,121,146
363,121,146
364,121,146
365,120,146
366,120,145
367,120,145
368,119,145
369,119,145
370,119,145
371,119,144
372,118,144
373,118,144
374,118,144
375,117,144
376,117,144
377,117,143
378,116,143
379,116,143
380,116,143
381,116,143
382,115,143
383,115,142
384,115,142
385,115,142
386,115,142
387,115,142
388,114,141
389,114,141
390,114,141
391,114,141
392,114,141
393,114,140
394,114,140
395,114,140
396,114,140
397,114,140
398,113,139
399,114,139
400,114,139
401,114,139
402,114,139
403,115,138
404,115,138
405,115,138
406,116,138
407,116,137
408,116,137
409,117,137
410,117,137
411,117,136
412,118,136
413,118,136
414,118,136
415,119,135
416,119,135
417,120,135
418,120,134
419,121,134
420,121,134
421,122,133
422,123,132
423,124,131
424,126,129
0,0
0,54
183,256,261
184,255,263
185,254,266
186,254,268
187,253,270
188,253,272
189,253,274
190,253,276
191,253,278
192,254,279
193,254,281
194,254,283
195,255,284
196,255,286
197,256,288
198,256,289
199,257,290
200,257,292
201,258,293
202,259,294
203,259,295
204,260,296
205,261,296
206,262,297
207,263,297
208,263,298
209,264,298
210,264,298
211,265,299
212,266,299
213,266,299
214,267,299
215,268,299
216,268,299
217,269,299
218,269,299
219,270,299
220,270,299
221,271,299
222,272,299
223,272,298
224,273,298
225,273,298
226,274,298
227,274,298
228,275,297
229,276,297
230,276,297
231,277,296
232,278,295
233,279,295
234,281,294
235,282,292
236,285,290
0,0
0,121
140,360,364
141,357,368
142,356,371
143,354,373
144,354,375
145,353,376
146,353,378
147,353,380
148,354,381
149,354,383
150,355,384
151,355,385
152,355,387
153,355,388
154,356,389
155,356,390
156,356,391
157,356,392
158,356,392
159,356,393
160,356,393
161,356,394
162,356,394
163,356,394
164,356,394
165,356,394
166,356,393
167,356,393
168,356,392
169,356,391
170,356,390
171,356,390
172,356,389
173,356,388
174,356,388
175,355,387
176,355,386
177,355,386
178,355,385
179,355,385
180,355,384
181,354,384
182,354,383
183,354,382
184,354,382
185,354,381
186,353,381
187,353,380
188,353,380
189,353,379
190,352,379
191,352,378
192,352,378
193,352,377
194,351,377
195,351,376
196,351,376
197,351,375
198,350,375
199,350,375
200,350,374
201,350,374
202,349,373
203,349,373
204,349,373
205,348,372
206,348,372
207,348,371
208,347,371
209,347,370
210,347,370
211,346,369
212,346,369
213,346,368
214,345,368
215,345,368
216,345,367
217,345,367
218,344,366
219,344,366
220,344,365
221,343,365
222,343,364
223,343,364
224,342,363
225,342,363
226,341,362
227,341,362
228,341,361
229,341,361
230,340,360
231,340,360
232,339,359
233,339,359
234,339,358
235,338,358
236,338,357
237,338,357
238,337,356
239,337,356
240,337,355
241,336,354
242,336,354
243,336,353
244,335,353
245,335,352
246,335,352
247,335,351
248,335,350
249,334,350
250,334,349
251,334,348
252,334,347
253,334,347
254,334,346
255,334,345
256,334,344
257,334,343
258,334,342
259,334,340
260,335,338
0,0
1,282
195,275,276
196,274,278
197,273,279
198,273,280
199,273,281
200,273,282
201,272,283
202,272,284
203,272,285
204,272,285
205,272,286
206,272,287
207,271,287
208,271,288
209,271,288
210,271,289
211,271,289
212,271,289
213,270,290
214,270,290
215,270,290
216,270,291
217,270,291
218,270,291
219,269,291
220,269,291
221,269,291
222,269,291
223,269,291
224,269,292
225,269,292
226,268,292
227,268,292
228,268,292
229,268,292
230,268,292
231,268,291
232,267,291
233,267,291
234,267,291
235,267,291
236,267,290
237,267,290
238,266,290
239,266,289
240,266,289
241,266,289
242,266,288
243,266,288
244,265,288
245,265,288
246,265,287
247,265,287
248,265,287
249,265,286
250,264,286
251,264,286
252,264,286
253,264,285
254,264,285
255,264,285
256,263,285
257,263,284
258,263,284
259,263,284
260,263,284
261,263,283
262,263,283
263,262,283
264,262,283
265,262,282
266,262,282
267,262,282
268,262,282
269,261,282
270,261,281
271,261,281
272,261,281
273,261,281
274,261,280
275,260,280
276,260,280
277,260,280
278,260,280
279,260,279
280,260,279
281,259,279
282,259,279
283,259,278
284,259,278
285,259,278
286,259,278
287,258,278
288,258,277
289,258,277
290,258,277
291,258,277
292,258,277
293,257,276
294,257,276
295,257,276
296,257,276
297,257,276
298,257,276
299,256,275
300,256,275
301,256,275
302,256,275
303,256,275
304,255,274
305,255,274
306,255,274
307,255,274
308,255,274
309,255,274
310,254,273
311,254,273
312,254,273
313,254,273
314,254,273
315,254,273
316,253,272
317,253,272
318,253,272
319,253,272
320,253,272
321,253,272
322,252,272
323,252,271
324,252,271
325,252,271
326,252,271
327,252,271
328,251,271
329,251,270
330,251,270
331,251,270
332,251,270
333,250,270
334,250,270
335,250,270
336,250,270
337,250,269
338,250,269
339,249,269
340,249,269
341,249,269
342,249,269
343,249,269
344,248,269
345,248,268
346,248,268
347,248,268
348,248,268
349,248,268
350,247,268
351,247,268
352,247,268
353,247,268
354,247,267
355,246,267
356,246,267
357,246,267
358,246,267
359,246,267
360,245,267
361,245,267
362,245,267
363,245,267
364,245,267
365,244,266
366,244,266
367,244,266
368,244,266
369,244,266
370,244,266
371,243,266
372,243,266
373,243,266
374,243,266
375,243,266
376,242,266
377,242,266
378,242,265
379,242,265
380,242,265
381,241,265
382,241,265
383,241,265
384,241,265
385,240,265
386,240,265
387,240,265
388,240,265
389,240,265
390,239,265
391,239,265
392,239,265
393,239,265
394,239,265
395,238,265
396,238,265
397,238,265
398,238,265
399,237,264
400,237,264
401,237,264
402,237,264
403,237,264
404,236,264
405,236,264
406,236,264
407,236,264
408,235,264
409,235,264
410,235,264
411,235,264
412,235,264
413,234,264
414,234,264
415,234,264
416,234,264
417,233,264
418,233,264
419,233,264
420,233,264
421,232,264
422,232,264
423,232,264
424,232,264
425,232,264
426,232,264
427,232,264
428,231,264
429,231,264
430,231,264
431,231,264
432,231,264
433,230,264
434,231,264
435,231,264
436,231,264
437,231,263
438,231,263
439,231,263
440,232,263
441,232,263
442,232,263
443,232,263
444,233,263
445,233,263
446,233,263
447,234,263
448,234,263
449,234,263
450,235,263
451,235,263
452,236,263
453,236,263
454,237,263
455,237,263
456,238,263
457,238,263
458,239,263
459,240,263
460,240,263
461,241,263
462,241,263
463,242,263
464,243,263
465,243,263
466,244,263
467,245,263
468,246,262
469,246,262
470,247,262
471,248,261
472,249,261
473,250,260
474,251,260
475,253,259
476,255,257
0,0
0,124
323,234,239
324,231,245
325,231,249
326,230,252
327,230,255
328,230,258
329,230,260
330,231,262
331,231,263
332,231,264
333,232,265
334,232,266
335,233,266
336,233,267
337,233,267
338,234,267
339,234,267
340,234,267
341,235,267
342,235,267
343,236,267
344,236,267
345,236,267
346,237,267
347,237,268
348,237,268
349,238,268
350,238,268
351,238,268
352,239,268
353,239,268
354,240,268
355,240,268
356,240,268
357,240,268
358,241,268
359,241,268
360,241,268
361,242,268
362,242,269
363,242,269
364,242,269
365,243,269
366,243,269
367,243,269
368,243,269
369,244,269
370,244,269
371,244,269
372,244,269
373,245,270
374,245,270
375,245,270
376,245,270
377,245,270
378,246,270
379,246,270
380,246,270
381,246,270
382,246,271
383,247,271
384,247,271
385,247,271
386,247,271
387,247,271
388,247,271
389,248,271
390,248,271
391,248,272
392,248,272
393,248,272
394,248,272
395,248,272
396,248,272
397,249,272
398,249,272
399,249,272
400,249,272
401,249,273
402,249,273
403,249,273
404,249,273
405,250,273
406,250,273
407,250,273
408,250,273
409,250,273
410,250,273
411,250,273
412,251,273
413,251,273
414,251,274
415,251,274
416,251,274
417,252,274
418,252,274
419,252,274
420,252,274
421,252,274
422,253,274
423,253,274
424,253,274
425,253,274
426,254,274
427,254,274
428,254,274
429,255,274
430,255,274
431,255,274
432,256,274
433,256,274
434,257,273
435,257,273
436,258,273
437,258,273
438,259,273
439,260,273
440,260,272
441,261,272
442,262,272
443,263,271
444,264,271
445,265,270
446,267,269
0,0
1,144
241,330,333
242,329,334
243,329,335
244,329,336
245,328,337
246,328,338
247,328,338
248,328,339
249,328,339
250,328,340
251,327,340
252,327,341
253,327,341
254,327,342
255,327,342
256,327,342
257,327,343
258,327,343
259,327,343
260,327,343
261,327,343
262,327,343
263,327,343
264,327,343
265,326,343
266,326,344
267,326,343
268,326,343
269,326,343
270,326,343
271,326,343
272,326,343
273,326,343
274,326,343
275,325,342
276,325,342
277,325,342
278,325,342
279,325,342
280,325,341
281,325,341
282,325,341
283,325,341
284,325,341
285,324,340
286,324,340
287,324,340
288,324,340
289,324,340
290,324,340
291,324,339
292,324,339
293,324,339
294,323,339
295,323,339
296,323,339
297,323,339
298,323,338
299,323,338
300,322,338
301,322,338
302,322,338
303,322,338
304,322,337
305,322,337
306,322,337
307,321,337
308,321,337
309,321,337
310,321,337
311,321,336
312,321,336
313,320,336
314,320,336
315,320,336
316,320,336
317,320,335
318,320,335
319,319,335
320,319,335
321,319,335
322,319,335
323,319,335
324,318,334
325,318,334
326,318,334
327,318,334
328,318,334
329,317,334
330,317,334
331,317,333
332,317,333
333,317,333
334,316,333
335,316,333
336,316,333
337,316,332
338,315,332
339,315,332
340,315,332
341,315,332
342,314,332
343,314,331
344,314,331
345,314,331
346,313,331
347,313,331
348,313,331
349,312,331
350,312,330
351,312,330
352,312,330
353,311,330
354,311,330
355,311,330
356,310,329
357,310,329
358,310,329
359,310,329
360,309,329
361,309,329
362,309,329
363,308,329
364,308,328
365,308,328
366,307,328
367,307,328
368,307,328
369,306,328
370,306,328
371,306,328
372,305,328
373,305,328
374,305,328
375,304,328
376,304,328
377,304,328
378,303,328
379,304,329
380,310,329
381,316,330
382,322,330
383,328,331
383,329,331
0,115
302,382,391
303,378,395
304,379,399
305,379,401
306,379,404
307,379,406
308,379,408
309,379,410
310,379,412
311,380,414
312,380,415
313,380,417
314,380,419
315,380,420
316,380,422
317,381,424
318,381,425
319,381,426
320,381,428
321,381,429
322,381,430
323,382,431
324,382,432
325,382,433
326,382,434
327,382,434
328,382,435
329,383,435
330,383,436
331,383,436
332,384,436
333,384,436
334,385,436
335,385,436
336,385,435
337,385,435
338,386,434
339,386,433
340,386,433
341,386,432
342,386,431
343,386,430
344,386,429
345,386,428
346,386,427
347,386,426
348,386,425
349,386,424
350,386,423
351,385,422
352,385,421
353,385,420
354,385,420
355,385,419
356,385,418
357,385,418
358,384,417
359,384,416
360,384,416
361,384,415
362,384,414
363,384,414
364,383,413
365,383,413
366,383,412
367,383,412
368,383,411
369,382,411
370,382,410
371,382,410
372,382,410
373,381,409
374,381,409
375,381,408
376,381,408
377,381,407
378,380,407
379,380,407
380,380,406
381,380,406
382,379,406
383,379,405
384,379,405
385,379,405
386,378,404
387,378,404
388,378,403
389,378,403
390,377,403
391,377,403
392,377,402
393,376,402
394,376,401
395,376,401
396,376,401
397,375,400
398,375,400
399,375,400
400,374,399
401,374,399
402,374,399
403,374,399
404,373,398
405,373,398
406,373,398
407,372,397
408,372,397
409,372,397
410,371,396
411,371,396
412,371,396
413,370,396
414,370,395
415,370,393
416,369,373
0,0
1,155
261,415,418
262,415,420
263,414,421
264,414,423
265,414,424
266,413,425
267,413,426
268,413,427
269,413,427
270,413,428
271,413,428
272,413,429
273,413,429
274,413,429
275,413,429
276,413,430
277,413,430
278,412,430
279,412,430
280,412,430
281,412,430
282,412,430
283,412,430
284,412,430
285,412,429
286,412,429
287,412,429
288,412,429
289,412,429
290,412,429
291,411,429
292,411,428
293,411,428
294,411,428
295,411,428
296,411,428
297,411,428
298,411,428
299,411,427
300,411,427
301,410,427
302,410,427
303,410,427
304,410,427
305,410,427
306,410,427
307,410,427
308,410,426
309,410,426
310,410,426
311,409,426
312,409,426
313,409,426
314,409,426
315,409,426
316,409,426
317,409,426
318,409,425
319,409,425
320,408,425
321,408,425
322,408,425
323,408,425
324,408,425
325,408,425
326,408,425
327,407,425
328,407,425
329,407,425
330,407,425
331,407,424
332,407,424
333,407,424
334,406,424
335,406,424
336,406,424
337,406,424
338,406,424
339,406,424
340,406,424
341,405,424
342,405,424
343,405,424
344,405,424
345,405,424
346,405,424
347,405,423
348,404,423
349,404,423
350,404,423
351,404,423
352,404,423
353,404,423
354,403,423
355,403,423
356,403,423
357,403,423
358,403,423
359,403,423
360,402,423
361,402,423
362,402,423
363,402,423
364,402,423
365,402,423
366,401,423
367,401,422
368,401,422
369,401,422
370,401,422
371,400,422
372,400,422
373,400,422
374,400,422
375,400,422
376,400,422
377,400,422
378,399,422
379,399,422
380,399,422
381,399,422
382,399,422
383,399,422
384,398,422
385,399,422
386,399,422
387,399,422
388,399,422
389,399,422
390,399,422
391,399,422
392,399,422
393,400,422
394,400,422
395,400,422
396,400,422
397,401,421
398,401,421
399,402,421
400,402,421
401,403,421
402,403,421
403,404,421
404,404,421
405,405,421
406,406,421
407,407,421
408,407,421
409,408,421
410,409,421
411,410,421
412,411,420
413,412,420
414,413,420
415,415,418
0,0
