0,51
66,104,104
67,101,110
68,99,116
69,98,120
70,98,124
71,98,128
72,98,131
73,98,135
74,99,138
75,99,141
76,99,143
77,100,145
78,101,147
79,101,149
80,102,151
81,103,152
82,104,153
83,105,154
84,107,155
85,108,156
86,109,156
87,110,157
88,112,157
89,113,158
90,114,158
91,116,158
92,117,159
93,118,159
94,119,159
95,121,160
96,122,160
97,123,160
98,124,160
99,126,161
100,127,161
101,128,161
102,129,161
103,130,161
104,132,161
105,133,161
106,134,161
107,135,161
108,136,161
109,137,161
110,138,160
111,139,160
112,141,159
113,142,159
114,144,158
115,146,156
116,149,154
0,0
1,145
42,192,193
43,191,194
44,190,195
45,190,196
46,189,196
47,189,197
48,189,197
49,188,197
50,188,198
51,188,198
52,188,198
53,187,199
54,187,199
55,187,199
56,187,199
57,187,200
58,186,200
59,186,200
60,186,200
61,186,200
62,186,201
63,185,201
64,185,201
65,185,201
66,185,201
67,184,201
68,184,201
69,184,201
70,184,201
71,184,202
72,183,201
73,183,201
74,183,201
75,183,201
76,182,201
77,182,201
78,182,200
79,182,200
80,181,200
81,181,200
82,181,200
83,180,199
84,180,199
85,180,199
86,180,198
87,179,198
88,179,198
89,179,197
90,179,197
91,178,197
92,178,196
93,178,196
94,177,196
95,177,196
96,177,195
97,176,195
98,176,195
99,176,194
100,175,194
101,175,194
102,175,193
103,174,193
104,174,193
105,174,192
106,173,192
107,173,192
108,173,191
109,172,191
110,172,191
111,172,191
112,171,190
113,171,190
114,170,190
115,170,189
116,170,189
117,169,189
118,169,188
119,169,188
120,168,188
121,168,188
122,167,187
123,167,187
124,167,187
125,166,186
126,166,186
127,165,186
128,165,185
129,165,185
130,164,185
131,164,184
132,163,184
133,163,184
134,163,183
135,162,183
136,162,183
137,161,183
138,161,182
139,160,182
140,160,182
141,159,181
142,159,181
143,159,181
144,158,180
145,158,180
146,157,180
147,157,179
148,156,179
149,156,179
150,155,178
151,155,178
152,155,178
153,155,178
154,154,177
155,154,177
156,154,177
157,154,176
158,154,176
159,153,176
160,153,175
161,153,175
162,153,175
163,153,174
164,153,174
165,153,174
166,153,173
167,153,173
168,153,173
169,153,172
170,153,172
171,153,172
172,154,171
173,154,171
174,154,171
175,154,170
176,154,170
177,155,169
178,155,169
179,155,169
180,155,168
181,156,168
182,156,167
183,157,167
184,158,166
185,158,166
186,160,164
0,0
0,186
179,135,137
180,132,142
181,130,145
182,130,147
183,129,150
184,129,152
185,129,154
186,129,156
187,129,157
188,129,159
189,130,160
190,130,162
191,130,163
192,130,164
193,130,164
194,130,165
195,131,165
196,131,165
197,131,165
198,131,165
199,131,165
200,131,164
201,131,164
202,131,163
203,131,163
204,131,162
205,131,162
206,131,161
207,131,161
208,131,160
209,131,160
210,131,160
211,131,159
212,131,159
213,131,159
214,131,158
215,131,158
216,131,158
217,131,157
218,131,157
219,130,156
220,130,156
221,130,156
222,130,155
223,130,155
224,130,155
225,130,154
226,129,154
227,129,154
228,129,153
229,129,153
230,128,153
231,128,153
232,128,152
233,128,152
234,127,152
235,127,151
236,127,151
237,126,151
238,126,150
239,126,150
240,126,150
241,125,149
242,125,149
243,125,149
244,124,148
245,124,148
246,124,148
247,123,148
248,123,147
249,123,147
250,122,146
251,122,146
252,122,146
253,121,145
254,121,145
255,120,144
256,120,144
257,120,144
258,119,143
259,119,143
260,118,143
261,118,142
262,118,142
263,117,141
264,117,141
265,116,140
266,116,140
267,115,140
268,115,139
269,114,139
270,114,138
271,113,138
272,113,137
273,112,137
274,112,136
275,111,136
276,111,135
277,110,135
278,110,134
279,109,134
280,109,133
281,108,133
282,107,132
283,107,132
284,106,131
285,106,131
286,105,130
287,105,130
288,104,129
289,103,129
290,103,128
291,102,127
292,101,127
293,101,126
294,100,125
295,100,125
296,99,124
297,98,124
298,98,123
299,97,122
300,96,122
301,96,121
302,95,120
303,94,120
304,93,119
305,93,118
306,92,117
307,91,117
308,90,116
309,90,115
310,89,114
311,88,113
312,87,113
313,87,112
314,86,111
315,85,110
316,84,109
317,83,108
318,82,108
319,82,107
320,81,106
321,80,105
322,79,104
323,78,103
324,77,102
325,76,101
326,75,100
327,74,99
328,74,98
329,73,97
330,72,96
331,71,95
332,70,94
333,69,92
334,68,91
335,67,90
336,66,89
337,65,88
338,64,87
339,63,86
340,62,84
341,61,83
342,60,82
343,59,80
344,58,79
345,57,78
346,56,76
347,55,75
348,54,74
349,53,72
350,52,71
351,51,69
352,50,68
353,49,66
354,48,65
355,47,63
356,46,62
357,45,60
358,44,58
359,43,57
360,42,55
361,41,53
362,41,51
363,41,49
364,42,47
0,0
0,123
207,76,76
208,75,77
209,74,79
210,74,80
211,73,81
212,73,83
213,73,84
214,73,85
215,73,87
216,74,88
217,74,89
218,74,90
219,75,91
220,76,93
221,77,94
222,78,95
223,78,96
224,79,97
225,80,99
226,81,100
227,82,101
228,83,102
229,84,103
230,84,105
231,85,106
232,86,107
233,87,108
234,88,109
235,88,110
236,89,112
237,90,113
238,91,114
239,92,115
240,93,116
241,93,117
242,94,118
243,95,120
244,96,121
245,97,122
246,97,123
247,98,124
248,99,125
249,100,126
250,101,128
251,101,129
252,102,130
253,103,131
254,104,132
255,105,133
256,105,134
257,106,135
258,107,136
259,108,137
260,108,138
261,109,139
262,110,140
263,111,141
264,112,142
265,112,143
266,113,145
267,114,146
268,115,147
269,115,147
270,116,148
271,117,149
272,118,150
273,118,151
274,119,152
275,120,153
276,121,154
277,121,155
278,122,156
279,123,157
280,124,158
281,124,158
282,125,159
283,126,160
284,127,161
285,127,162
286,128,162
287,129,163
288,129,164
289,130,164
290,131,165
291,132,166
292,132,167
293,133,167
294,134,168
295,135,168
296,135,169
297,136,169
298,137,170
299,138,170
300,138,170
301,139,171
302,140,171
303,141,171
304,141,171
305,142,172
306,143,172
307,143,172
308,144,172
309,145,172
310,146,172
311,146,172
312,147,173
313,148,173
314,148,173
315,149,173
316,150,173
317,150,173
318,151,173
319,152,173
320,153,173
321,153,172
322,154,172
323,154,172
324,155,171
325,156,171
326,157,170
327,158,169
328,159,168
329,161,166
0,0
0,48
63,231,231
64,229,236
65,228,239
66,228,241
67,227,244
68,227,246
69,227,248
70,227,250
71,227,252
72,227,254
73,228,256
74,228,258
75,229,259
76,229,261
77,230,262
78,231,263
79,231,265
80,232,266
81,233,267
82,233,268
83,234,268
84,235,269
85,235,270
86,236,270
87,237,271
88,237,271
89,238,271
90,239,271
91,239,272
92,240,272
93,241,272
94,242,272
95,242,272
96,243,272
97,244,272
98,245,272
99,245,272
100,246,272
101,247,272
102,248,272
103,249,272
104,250,271
105,251,271
106,252,270
107,254,270
108,255,269
109,257,268
110,260,266
0,0
0,305
102,185,191
103,183,194
104,182,197
105,181,199
106,181,201
107,181,203
108,181,205
109,181,207
110,182,208
111,182,210
112,183,211
113,183,212
114,184,214
115,184,215
116,185,216
117,185,217
118,186,217
119,186,218
120,186,218
121,187,219
122,187,219
123,187,220
124,188,220
125,188,220
126,188,220
127,189,220
128,189,220
129,189,220
130,190,220
131,190,219
132,190,219
133,191,219
134,191,219
135,191,219
136,191,219
137,192,218
138,192,218
139,192,218
140,192,218
141,192,218
142,193,218
143,193,218
144,193,218
145,193,218
146,193,217
147,193,217
148,193,217
149,194,217
150,194,217
151,194,217
152,194,217
153,194,217
154,194,217
155,194,217
156,194,217
157,194,217
158,194,216
159,194,216
160,194,216
161,195,216
162,195,216
163,195,216
164,195,216
165,195,216
166,195,216
167,195,216
168,195,216
169,195,216
170,195,216
171,195,216
172,195,216
173,195,215
174,195,215
175,195,215
176,195,215
177,195,215
178,195,215
179,195,215
180,195,215
181,195,215
182,195,215
183,195,215
184,195,215
185,195,215
186,195,215
187,195,215
188,195,215
189,195,215
190,195,215
191,195,215
192,195,215
193,195,214
194,195,214
195,196,214
196,196,214
197,196,214
198,196,214
199,196,214
200,196,214
201,196,214
202,196,214
203,196,214
204,196,214
205,196,214
206,196,214
207,196,214
208,196,214
209,196,214
210,196,214
211,196,214
212,196,214
213,196,214
214,196,214
215,196,214
216,196,214
217,196,214
218,196,214
219,196,214
220,195,214
221,195,214
222,195,214
223,195,214
224,195,214
225,195,214
226,195,213
227,195,213
228,195,213
229,195,213
230,195,213
231,195,213
232,195,213
233,195,213
234,195,213
235,195,213
236,195,213
237,195,213
238,195,213
239,195,213
240,195,213
241,195,213
242,195,213
243,195,213
244,195,213
245,195,213
246,195,213
247,195,213
248,195,213
249,195,213
250,195,213
251,194,213
252,194,213
253,194,213
254,194,213
255,194,213
256,194,213
257,194,213
258,194,213
259,194,213
260,194,213
261,194,213
262,194,213
263,194,213
264,194,213
265,194,212
266,194,212
267,193,212
268,193,212
269,193,212
270,193,212
271,193,212
272,193,212
273,193,212
274,193,212
275,193,212
276,193,212
277,193,212
278,193,212
279,193,212
280,192,212
281,192,212
282,192,212
283,192,212
284,192,212
285,192,212
286,192,212
287,192,212
288,192,212
289,191,212
290,191,212
291,191,212
292,191,212
293,191,212
294,191,212
295,191,212
296,191,212
297,190,212
298,190,212
299,190,212
300,190,212
301,190,212
302,190,212
303,189,212
304,189,212
305,189,212
306,189,212
307,189,212
308,189,212
309,188,211
310,188,211
311,188,211
312,188,211
313,188,211
314,187,211
315,187,211
316,187,211
317,187,211
318,187,211
319,186,211
320,186,211
321,186,211
322,186,211
323,186,211
324,185,211
325,185,211
326,185,211
327,185,211
328,184,211
329,184,211
330,184,211
331,184,211
332,183,211
333,183,211
334,183,211
335,183,210
336,182,210
337,182,210
338,182,210
339,182,210
340,181,210
341,181,210
342,181,210
343,180,210
344,180,210
345,180,209
346,179,209
347,179,209
348,179,209
349,179,209
350,178,209
351,178,209
352,178,209
353,177,209
354,177,209
355,177,208
356,176,208
357,176,208
358,176,208
359,175,208
360,175,208
361,175,207
362,175,207
363,175,207
364,174,207
365,174,207
366,174,207
367,174,207
368,174,206
369,174,206
370,174,206
371,174,206
372,174,205
373,174,205
374,174,205
375,174,205
376,174,205
377,174,204
378,174,204
379,174,204
380,175,204
381,175,204
382,175,203
383,175,203
384,176,203
385,176,203
386,176,202
387,176,202
388,177,202
389,177,202
390,177,201
391,178,201
392,178,201
393,179,200
394,179,200
395,179,199
396,180,199
397,180,199
398,181,198
399,182,198
400,182,197
401,183,196
402,184,195
403,185,195
404,186,193
405,187,192
406,190,190
0,0
1,94
293,77,80
294,77,82
295,77,84
296,76,85
297,76,86
298,76,87
299,76,87
300,76,88
301,76,89
302,76,90
303,76,90
304,76,91
305,76,91
306,76,92
307,76,92
308,75,93
309,75,93
310,75,93
311,75,93
312,75,94
313,75,94
314,75,94
315,75,94
316,74,94
317,74,94
318,74,95
319,74,94
320,74,94
321,74,94
322,74,94
323,74,94
324,73,93
325,73,93
326,73,93
327,73,93
328,73,92
329,73,92
330,73,92
331,72,91
332,72,91
333,72,91
334,72,90
335,72,90
336,72,90
337,71,89
338,71,89
339,71,89
340,71,89
341,71,88
342,70,88
343,70,88
344,70,88
345,70,87
346,70,87
347,69,87
348,69,87
349,69,86
350,69,86
351,69,86
352,68,85
353,68,85
354,68,85
355,68,85
356,68,84
357,67,84
358,67,84
359,67,84
360,67,83
361,67,83
362,66,83
363,66,83
364,66,83
365,66,82
366,65,82
367,65,82
368,65,82
369,65,81
370,64,81
371,64,81
372,64,81
373,64,81
374,63,80
375,63,78
376,63,77
377,63,75
378,62,73
379,62,72
380,62,70
381,62,68
382,61,67
383,61,65
384,61,64
385,60,62
386,60,60
0,386
59,391,391
60,386,397
61,385,401
62,385,403
63,384,406
64,383,408
65,383,410
66,382,412
67,382,413
68,381,415
69,380,417
70,380,419
71,379,420
72,379,422
73,378,423
74,377,425
75,377,426
76,376,427
77,375,428
78,375,430
79,374,431
80,374,431
81,373,432
82,382,433
83,384,433
84,385,434
85,386,434
86,387,434
87,388,434
88,389,434
89,390,434
90,390,434
91,391,434
92,391,433
93,392,433
94,392,433
95,392,432
96,392,432
97,393,431
98,393,431
99,393,430
100,393,430
101,394,429
102,394,429
103,394,428
104,394,428
105,394,428
106,395,428
107,395,427
108,395,427
109,395,427
110,395,426
111,396,426
112,396,426
113,396,426
114,396,426
115,396,425
116,396,425
117,396,425
118,396,425
119,397,425
120,397,425
121,397,425
122,397,425
123,397,425
124,397,425
125,397,424
126,397,424
127,398,424
128,398,424
129,398,424
130,398,424
131,398,424
132,398,424
133,398,424
134,398,424
135,399,424
136,399,424
137,399,424
138,399,424
139,399,424
140,399,424
141,399,424
142,399,424
143,399,424
144,399,424
145,400,424
146,400,424
147,400,424
148,400,424
149,400,424
150,400,424
151,400,424
152,400,424
153,400,424
154,400,424
155,400,424
156,400,424
157,401,424
158,401,424
159,401,424
160,401,424
161,401,424
162,401,424
163,401,424
164,401,424
165,401,424
166,401,424
167,401,425
168,401,425
169,401,425
170,402,425
171,402,425
172,402,425
173,402,425
174,402,425
175,402,425
176,402,425
177,402,425
178,402,425
179,402,425
180,402,425
181,402,425
182,402,425
183,402,425
184,402,425
185,402,425
186,403,425
187,403,425
188,403,425
189,403,425
190,403,425
191,403,425
192,403,425
193,403,425
194,403,425
195,403,425
196,403,425
197,403,425
198,403,425
199,403,425
200,403,425
201,403,425
202,403,425
203,403,425
204,403,425
205,403,425
206,404,425
207,404,426
208,404,426
209,404,426
210,404,426
211,404,426
212,404,426
213,404,426
214,404,426
215,404,426
216,404,426
217,404,426
218,404,426
219,404,426
220,404,426
221,404,426
222,404,426
223,404,426
224,404,426
225,404,426
226,404,426
227,404,426
228,404,426
229,404,426
230,404,426
231,404,426
232,404,426
233,404,426
234,404,426
235,404,426
236,404,427
237,404,427
238,404,427
239,405,427
240,405,427
241,405,427
242,405,427
243,405,427
244,405,427
245,405,427
246,405,427
247,405,427
248,405,427
249,405,427
250,405,427
251,405,427
252,405,427
253,405,427
254,405,427
255,405,427
256,405,427
257,405,427
258,405,427
259,405,427
260,405,427
261,405,428
262,405,428
263,405,428
264,405,428
265,405,428
266,405,428
267,405,428
268,405,428
269,405,428
270,405,428
271,405,428
272,405,428
273,405,428
274,405,428
275,404,428
276,404,428
277,404,428
278,404,428
279,404,428
280,404,428
281,404,428
282,404,429
283,404,429
284,404,429
285,404,429
286,404,429
287,404,429
288,404,429
289,404,429
290,404,429
291,404,429
292,404,429
293,404,429
294,404,429
295,404,429
296,404,429
297,404,429
298,404,429
299,404,429
300,404,429
301,404,429
302,404,429
303,404,429
304,404,430
305,404,430
306,404,430
307,404,430
308,404,430
309,404,430
310,403,430
311,403,430
312,403,430
313,403,430
314,403,430
315,403,430
316,403,430
317,403,430
318,403,430
319,403,430
320,403,430
321,403,430
322,403,430
323,403,430
324,403,431
325,403,431
326,403,431
327,403,431
328,403,431
329,403,431
330,403,431
331,402,431
332,402,431
333,402,431
334,402,431
335,402,431
336,402,431
337,402,431
338,402,431
339,402,431
340,402,431
341,402,431
342,402,431
343,402,431
344,402,432
345,401,432
346,401,432
347,401,432
348,401,432
349,401,432
350,401,432
351,401,432
352,401,432
353,401,432
354,401,432
355,401,432
356,401,432
357,400,432
358,400,432
359,400,432
360,400,432
361,400,432
362,400,433
363,400,433
364,400,433
365,400,433
366,399,433
367,399,433
368,399,433
369,399,433
370,399,433
371,399,433
372,399,433
373,398,433
374,398,433
375,398,433
376,398,433
377,398,433
378,398,433
379,397,433
380,397,433
381,397,433
382,397,433
383,396,433
384,396,433
385,396,433
386,396,433
387,395,433
388,395,433
389,394,433
390,394,433
391,393,433
392,393,433
393,393,433
394,394,433
395,394,433
396,394,433
397,394,433
398,394,433
399,394,433
400,394,433
401,394,433
402,395,433
403,395,433
404,395,432
405,395,432
406,395,432
407,395,432
408,395,432
409,396,432
410,396,432
411,396,432
412,396,431
413,396,431
414,396,431
415,396,431
416,396,431
417,397,430
418,397,430
419,397,430
420,397,430
421,397,429
422,397,429
423,397,429
424,398,428
425,398,428
426,398,428
427,398,427
428,398,427
429,398,427
430,398,426
431,398,426
432,399,425
433,399,425
434,399,424
435,399,424
436,399,423
437,400,423
438,401,422
439,402,422
440,404,421
441,405,420
442,407,419
443,409,418
444,411,417
1,61
399,431,436
398,423,435
397,416,434
396,408,433
395,400,432
394,393,432
393,391,431
392,391,430
391,392,429
390,392,428
389,392,427
388,393,426
387,393,426
386,393,425
385,393,424
384,393,423
383,393,423
382,393,422
381,393,421
380,393,420
379,393,420
378,393,419
377,393,418
376,393,417
375,393,417
374,393,416
373,393,415
372,393,414
371,392,414
370,392,413
369,392,412
368,392,412
367,392,411
366,392,410
365,392,410
364,392,409
363,391,408
362,391,408
361,391,407
360,391,406
359,391,406
358,390,405
357,390,404
356,390,404
355,390,403
354,390,402
353,390,402
352,389,401
351,389,400
350,389,400
349,389,399
348,388,398
347,388,398
346,388,397
345,388,397
344,388,396
343,387,396
342,388,395
341,388,394
340,388,393
339,389,392
0,0
1,109
248,171,173
249,170,173
250,169,174
251,169,175
252,169,175
253,169,176
254,168,176
255,168,177
256,168,177
257,168,177
258,167,178
259,167,178
260,167,178
261,167,179
262,167,179
263,167,179
264,166,179
265,166,180
266,166,180
267,166,180
268,166,180
269,166,180
270,165,180
271,165,180
272,165,181
273,165,181
274,165,181
275,165,181
276,164,181
277,164,181
278,164,181
279,164,180
280,163,180
281,163,180
282,163,180
283,163,180
284,163,180
285,162,180
286,162,179
287,162,179
288,162,179
289,161,179
290,161,178
291,161,178
292,160,178
293,160,178
294,160,177
295,160,177
296,159,177
297,159,177
298,159,176
299,158,176
300,158,176
301,158,176
302,157,175
303,157,175
304,157,175
305,156,175
306,156,174
307,156,174
308,155,174
309,155,174
310,155,173
311,154,173
312,154,173
313,154,173
314,153,172
315,153,172
316,153,172
317,152,172
318,152,171
319,151,171
320,151,171
321,151,171
322,150,170
323,150,170
324,150,170
325,150,170
326,149,169
327,149,169
328,149,169
329,149,168
330,149,168
331,149,168
332,148,168
333,148,168
334,148,167
335,148,167
336,148,167
337,148,166
338,149,166
339,149,166
340,149,166
341,149,165
342,149,165
343,149,165
344,150,165
345,150,164
346,150,164
347,150,164
348,151,163
349,151,163
350,151,163
351,152,162
352,152,162
353,153,162
354,154,161
355,155,160
356,158,158
0,0
0,83
211,224,224
212,221,233
213,220,237
214,220,241
215,220,243
216,220,245
217,220,246
218,221,247
219,221,247
220,222,247
221,222,248
222,223,248
223,223,248
224,224,248
225,224,248
226,225,248
227,225,248
228,226,248
229,226,248
230,226,249
231,227,249
232,227,249
233,228,249
234,228,249
235,229,249
236,229,249
237,229,250
238,230,250
239,230,250
240,230,250
241,231,250
242,231,250
243,231,251
244,232,251
245,232,251
246,232,251
247,233,251
248,233,251
249,233,251
250,234,252
251,234,252
252,234,252
253,234,252
254,234,252
255,235,252
256,235,253
257,235,253
258,235,253
259,236,253
260,236,253
261,236,253
262,236,254
263,236,254
264,237,254
265,237,254
266,237,254
267,237,254
268,237,254
269,238,255
270,238,255
271,238,255
272,238,255
273,239,255
274,239,255
275,239,255
276,239,255
277,240,255
278,240,255
279,241,256
280,241,256
281,241,256
282,242,256
283,242,256
284,243,256
285,243,256
286,244,256
287,244,256
288,245,255
289,246,255
290,247,255
291,248,255
292,249,254
293,250,254
0,0
1,131
225,215,217
226,214,218
227,214,218
228,214,219
229,214,220
230,213,220
231,213,221
232,213,221
233,213,222
234,213,222
235,213,223
236,213,223
237,212,224
238,212,224
239,212,224
240,212,224
241,212,225
242,212,225
243,211,225
244,211,225
245,211,225
246,211,225
247,211,225
248,211,225
249,210,224
250,210,224
251,210,224
252,210,224
253,210,223
254,210,223
255,209,223
256,209,222
257,209,222
258,209,222
259,208,221
260,208,221
261,208,221
262,208,220
263,208,220
264,207,220
265,207,220
266,207,219
267,207,219
268,206,219
269,206,219
270,206,218
271,206,218
272,205,218
273,205,218
274,205,217
275,205,217
276,204,217
277,204,216
278,204,216
279,204,216
280,204,216
281,203,216
282,203,215
283,203,215
284,203,215
285,202,215
286,202,214
287,202,214
288,202,214
289,201,214
290,201,214
291,201,213
292,201,213
293,201,213
294,200,213
295,200,213
296,200,213
297,200,212
298,200,212
299,199,212
300,199,212
301,199,212
302,199,211
303,198,211
304,198,211
305,198,211
306,198,211
307,198,211
308,198,210
309,197,210
310,197,210
311,197,210
312,197,210
313,197,210
314,196,210
315,196,209
316,196,209
317,196,209
318,196,209
319,196,209
320,195,209
321,195,209
322,195,208
323,195,208
324,195,208
325,195,208
326,194,208
327,194,208
328,194,208
329,194,207
330,194,207
331,193,207
332,193,207
333,193,207
334,193,207
335,193,207
336,192,207
337,192,207
338,192,206
339,192,206
340,192,206
341,191,206
342,191,206
343,191,206
344,191,206
345,191,206
346,190,206
347,190,206
348,190,206
349,190,206
350,189,206
351,189,206
352,190,206
353,198,206
354,206,207
354,206,207
0,99
187,358,358
188,354,361
189,351,365
190,351,368
191,352,370
192,352,372
193,352,374
194,352,376
195,352,378
196,352,380
197,352,381
198,352,383
199,353,385
200,353,386
201,353,387
202,353,389
203,353,390
204,353,391
205,353,393
206,353,393
207,354,394
208,354,395
209,355,395
210,355,395
211,355,395
212,355,395
213,355,394
214,355,394
215,355,393
216,355,393
217,355,392
218,355,391
219,355,390
220,355,389
221,355,388
222,355,387
223,355,386
224,354,385
225,354,384
226,354,383
227,354,383
228,354,382
229,354,381
230,354,381
231,353,380
232,353,380
233,353,379
234,353,379
235,353,378
236,353,378
237,353,377
238,352,377
239,352,376
240,352,376
241,352,375
242,352,375
243,351,375
244,351,374
245,351,374
246,351,374
247,351,373
248,351,373
249,350,373
250,350,373
251,350,372
252,350,372
253,350,372
254,350,371
255,349,371
256,349,371
257,349,370
258,349,370
259,348,369
260,348,369
261,348,369
262,347,368
263,347,368
264,347,368
265,347,367
266,346,367
267,346,367
268,346,366
269,345,366
270,345,365
271,345,365
272,345,365
273,345,364
274,345,364
275,345,363
276,345,363
277,345,362
278,345,361
279,346,361
280,346,360
281,347,359
282,347,359
283,348,357
284,349,356
285,352,352
0,0
0,31
234,257,260
235,256,263
236,256,265
237,256,267
238,256,269
239,256,271
240,257,272
241,257,274
242,258,275
243,258,277
244,259,278
245,260,279
246,260,280
247,261,281
248,262,282
249,262,282
250,263,283
251,264,283
252,264,283
253,265,284
254,266,284
255,267,284
256,267,284
257,268,284
258,269,284
259,270,284
260,271,283
261,272,283
262,273,282
263,275,282
264,277,279
0,0
0,38
217,326,330
218,324,333
219,323,335
220,323,337
221,323,338
222,323,339
223,324,341
224,324,342
225,324,343
226,324,343
227,323,344
228,323,345
229,323,345
230,323,345
231,322,344
232,322,343
233,321,342
234,321,340
235,320,339
236,320,337
237,319,336
238,319,334
239,318,333
240,318,332
241,317,331
242,317,329
243,316,328
244,316,327
245,315,326
246,314,324
247,314,323
248,313,322
249,313,321
250,312,319
251,312,318
252,311,317
253,312,316
254,313,313
0,0
1,115
244,279,280
245,279,282
246,278,282
247,278,283
248,278,284
249,278,284
250,278,284
251,277,285
252,277,285
253,277,285
254,277,285
255,277,285
256,277,285
257,276,285
258,276,285
259,276,285
260,276,285
261,276,285
262,275,285
263,275,284
264,275,284
265,275,284
266,275,284
267,274,284
268,274,284
269,274,284
270,274,284
271,274,284
272,273,284
273,273,283
274,273,283
275,273,283
276,273,283
277,272,283
278,272,283
279,272,282
280,272,282
281,272,282
282,271,282
283,271,282
284,271,282
285,271,282
286,270,281
287,270,281
288,270,281
289,270,281
290,270,281
291,269,280
292,269,280
293,269,280
294,269,280
295,269,280
296,268,280
297,268,279
298,268,279
299,268,279
300,267,279
301,267,279
302,267,279
303,267,278
304,267,278
305,266,278
306,266,278
307,266,278
308,266,278
309,266,277
310,265,277
311,265,277
312,265,277
313,265,277
314,265,277
315,264,276
316,264,276
317,264,276
318,264,276
319,263,276
320,263,276
321,263,276
322,263,275
323,263,275
324,262,275
325,262,275
326,262,275
327,262,275
328,261,274
329,261,274
330,261,274
331,261,274
332,261,274
333,260,274
334,260,274
335,260,273
336,260,273
337,260,273
338,260,273
339,260,273
340,260,273
341,260,273
342,260,272
343,259,272
344,260,272
345,260,272
346,260,272
347,260,272
348,261,272
349,261,271
350,261,271
351,261,271
352,262,271
353,262,271
354,263,271
355,263,270
356,264,270
357,265,270
358,266,269
0,0
0,269
123,287,289
124,284,292
125,283,295
126,282,297
127,282,298
128,283,300
129,283,301
130,284,303
131,284,304
132,285,305
133,285,306
134,286,307
135,286,308
136,287,309
137,287,309
138,287,310
139,287,310
140,288,310
141,288,310
142,288,310
143,288,310
144,288,310
145,289,310
146,289,309
147,289,309
148,289,309
149,289,309
150,289,309
151,290,309
152,290,309
153,290,309
154,290,309
155,290,309
156,290,308
157,290,308
158,290,308
159,290,308
160,290,308
161,291,308
162,291,308
163,291,308
164,291,308
165,291,308
166,291,308
167,291,308
168,291,308
169,291,308
170,291,308
171,291,308
172,291,308
173,291,307
174,291,307
175,291,307
176,291,307
177,291,307
178,291,307
179,291,307
180,291,307
181,291,307
182,291,307
183,291,307
184,291,307
185,291,307
186,291,307
187,291,307
188,291,307
189,291,307
190,291,307
191,291,307
192,291,307
193,291,307
194,291,307
195,291,307
196,291,307
197,291,307
198,291,307
199,291,307
200,291,307
201,291,307
202,291,307
203,291,307
204,291,307
205,291,307
206,291,307
207,291,307
208,291,307
209,291,306
210,291,306
211,291,306
212,291,306
213,291,306
214,291,306
215,291,306
216,291,306
217,291,306
218,291,306
219,291,306
220,291,306
221,291,306
222,291,306
223,291,306
224,291,306
225,291,306
226,291,306
227,291,306
228,291,306
229,291,306
230,291,306
231,291,306
232,291,306
233,291,306
234,291,306
235,291,306
236,291,306
237,291,306
238,291,306
239,291,306
240,291,306
241,291,306
242,291,306
243,291,306
244,290,306
245,290,306
246,290,306
247,290,306
248,290,306
249,290,306
250,290,306
251,290,306
252,290,306
253,290,306
254,290,306
255,290,306
256,290,306
257,290,306
258,290,306
259,290,306
260,290,306
261,290,306
262,290,306
263,290,306
264,290,306
265,290,306
266,290,306
267,290,306
268,290,306
269,289,306
270,289,306
271,289,306
272,289,306
273,289,306
274,289,306
275,289,306
276,289,306
277,289,306
278,289,307
279,289,307
280,289,307
281,289,307
282,289,307
283,289,307
284,289,307
285,289,307
286,289,307
287,289,307
288,289,307
289,288,307
290,288,307
291,288,307
292,288,307
293,288,307
294,288,307
295,288,307
296,288,307
297,288,307
298,288,307
299,288,307
300,288,307
301,288,307
302,288,307
303,288,307
304,287,307
305,287,307
306,287,307
307,287,307
308,287,307
309,287,307
310,287,307
311,287,307
312,287,307
313,287,307
314,287,307
315,287,307
316,286,307
317,286,307
318,286,307
319,286,307
320,286,307
321,286,307
322,286,307
323,286,307
324,286,307
325,285,307
326,285,307
327,285,307
328,285,307
329,285,307
330,285,307
331,285,307
332,284,307
333,284,307
334,284,307
335,284,308
336,284,308
337,284,308
338,283,308
339,283,308
340,283,308
341,283,308
342,283,308
343,282,308
344,282,308
345,282,308
346,282,308
347,281,308
348,281,308
349,281,308
350,281,308
351,281,308
352,281,308
353,281,308
354,281,308
355,281,308
356,281,308
357,281,308
358,281,308
359,281,308
360,281,308
361,282,308
362,282,308
363,282,308
364,282,308
365,282,309
366,283,309
367,283,309
368,283,309
369,284,309
370,284,309
371,284,309
372,285,309
373,285,309
374,286,309
375,286,308
376,287,308
377,287,308
378,288,308
379,288,308
380,289,308
381,289,307
382,290,307
383,291,307
384,291,306
385,292,306
386,293,305
387,294,305
388,295,304
389,296,304
390,297,303
391,299,301
0,0
0,91
271,288,291
272,287,292
273,287,292
274,286,293
275,286,293
276,285,293
277,285,294
278,284,294
279,284,294
280,283,294
281,283,294
282,282,295
283,281,295
284,281,295
285,280,295
286,280,295
287,279,295
288,279,295
289,278,295
290,278,295
291,277,295
292,276,295
293,276,294
294,275,294
295,274,294
296,274,294
297,273,293
298,273,293
299,272,292
300,271,292
301,271,291
302,270,291
303,269,290
304,269,289
305,268,289
306,267,288
307,267,287
308,266,286
309,265,286
310,264,285
311,264,284
312,263,284
313,262,283
314,261,282
315,260,281
316,260,280
317,259,280
318,258,279
319,257,278
320,256,277
321,256,276
322,255,275
323,254,274
324,253,274
325,252,273
326,251,272
327,250,271
328,250,270
329,249,269
330,248,268
331,247,267
332,246,266
333,245,265
334,244,264
335,243,263
336,242,262
337,242,261
338,241,259
339,240,258
340,239,257
341,238,256
342,237,255
343,236,253
344,235,252
345,234,251
346,233,250
347,232,248
348,231,247
349,231,246
350,230,244
351,229,243
352,228,241
353,227,240
354,226,239
355,225,237
356,224,235
357,223,234
358,223,232
359,222,231
360,223,229
361,225,226
0,0
0,53
305,325,326
306,324,329
307,324,332
308,324,335
309,323,338
310,323,341
311,324,344
312,324,347
313,324,349
314,324,352
315,325,354
316,326,356
317,327,358
318,328,360
319,329,362
320,330,364
321,331,364
322,331,365
323,332,366
324,333,367
325,334,367
326,335,368
327,336,368
328,337,369
329,338,369
330,338,370
331,339,370
332,340,370
333,341,371
334,342,371
335,343,371
336,343,371
337,344,372
338,345,372
339,346,372
340,347,372
341,348,372
342,348,372
343,349,373
344,350,373
345,351,373
346,351,373
347,352,373
348,353,373
349,354,373
350,354,372
351,355,372
352,356,372
353,357,371
354,358,371
355,359,370
356,361,368
357,363,365
0,0
