0,284
94,61,61
95,58,64
96,56,68
97,54,70
98,54,72
99,54,74
100,54,76
101,54,77
102,54,79
103,55,80
104,55,82
105,55,83
106,56,84
107,56,85
108,56,86
109,57,87
110,57,87
111,58,87
112,58,88
113,58,88
114,59,88
115,59,88
116,60,88
117,60,88
118,61,88
119,61,88
120,62,88
121,62,88
122,62,88
123,63,88
124,63,88
125,63,87
126,63,87
127,64,87
128,64,87
129,64,87
130,64,87
131,64,87
132,64,87
133,65,87
134,65,87
135,65,87
136,65,87
137,65,87
138,65,87
139,65,87
140,65,87
141,66,87
142,66,87
143,66,87
144,66,87
145,66,87
146,66,87
147,66,86
148,66,86
149,66,86
150,66,86
151,66,86
152,67,86
153,67,86
154,67,86
155,67,86
156,67,86
157,67,86
158,67,86
159,67,86
160,67,86
161,67,86
162,67,86
163,67,86
164,67,86
165,67,86
166,67,86
167,67,86
168,67,86
169,67,86
170,67,86
171,67,86
172,67,86
173,67,86
174,67,86
175,67,86
176,67,86
177,68,86
178,68,86
179,68,86
180,68,86
181,68,86
182,68,86
183,68,86
184,68,86
185,68,86
186,68,86
187,68,86
188,68,86
189,68,86
190,68,86
191,68,86
192,68,86
193,68,86
194,68,86
195,68,86
196,68,86
197,68,86
198,68,86
199,68,86
200,68,86
201,68,86
202,68,86
203,68,86
204,68,86
205,68,85
206,68,85
207,68,85
208,68,85
209,68,85
210,68,85
211,68,85
212,67,85
213,67,85
214,67,85
215,67,85
216,67,85
217,67,85
218,67,85
219,67,85
220,67,85
221,67,85
222,67,85
223,67,85
224,67,85
225,67,85
226,67,85
227,67,85
228,67,85
229,67,85
230,67,85
231,67,85
232,67,85
233,67,85
234,67,85
235,67,85
236,67,85
237,67,85
238,67,85
239,67,85
240,67,85
241,67,85
242,67,85
243,67,85
244,67,85
245,67,85
246,66,85
247,66,85
248,66,85
249,66,85
250,66,85
251,66,85
252,66,85
253,66,85
254,66,85
255,66,85
256,66,85
257,66,85
258,66,85
259,66,85
260,66,85
261,66,85
262,65,85
263,65,85
264,65,85
265,65,85
266,65,85
267,65,85
268,65,85
269,65,85
270,65,85
271,65,85
272,65,85
273,65,85
274,65,85
275,64,85
276,64,85
277,64,85
278,64,85
279,64,85
280,64,85
281,64,84
282,64,84
283,64,84
284,63,84
285,63,84
286,63,84
287,63,84
288,63,84
289,63,84
290,63,84
291,63,84
292,62,84
293,62,84
294,62,84
295,62,84
296,62,84
297,62,84
298,62,84
299,61,84
300,61,84
301,61,84
302,61,84
303,61,84
304,61,84
305,60,84
306,60,84
307,60,84
308,60,84
309,60,84
310,60,84
311,59,84
312,59,84
313,59,84
314,59,84
315,59,84
316,58,84
317,58,84
318,58,84
319,58,84
320,57,84
321,57,84
322,57,84
323,57,83
324,57,83
325,56,83
326,56,83
327,56,83
328,56,83
329,55,83
330,55,83
331,55,83
332,55,83
333,54,83
334,54,83
335,54,83
336,54,83
337,54,83
338,54,83
339,54,83
340,54,83
341,54,83
342,54,83
343,54,83
344,54,83
345,54,83
346,54,82
347,54,82
348,54,82
349,54,82
350,54,82
351,54,82
352,54,82
353,55,82
354,55,82
355,55,82
356,56,82
357,56,82
358,56,81
359,57,81
360,57,81
361,57,81
362,58,81
363,58,81
364,59,81
365,59,81
366,60,80
367,60,80
368,61,80
369,61,79
370,62,79
371,63,78
372,63,78
373,64,77
374,65,76
375,66,75
376,67,74
377,69,72
0,0
1,78
62,110,112
63,110,113
64,109,114
65,109,115
66,109,115
67,109,116
68,109,117
69,108,117
70,108,117
71,108,118
72,108,118
73,108,118
74,108,118
75,108,119
76,107,119
77,107,119
78,107,119
79,107,119
80,107,119
81,107,119
82,106,119
83,106,119
84,106,119
85,106,119
86,106,118
87,105,118
88,105,118
89,105,118
90,105,118
91,104,117
92,104,117
93,104,117
94,104,117
95,103,116
96,103,116
97,103,116
98,103,116
99,102,116
100,102,115
101,102,115
102,101,115
103,101,115
104,101,114
105,100,114
106,100,114
107,100,114
108,99,113
109,99,113
110,99,113
111,98,113
112,98,112
113,98,112
114,97,112
115,97,112
116,97,111
117,96,111
118,96,111
119,95,111
120,95,110
121,95,110
122,94,109
123,94,109
124,93,109
125,93,109
126,93,109
127,92,109
128,92,109
129,91,109
130,91,109
131,92,109
132,95,109
133,97,109
134,99,109
135,102,109
136,104,110
137,107,110
138,109,111
139,111,112
0,297
89,135,142
90,132,148
91,130,152
92,130,155
93,131,158
94,131,160
95,132,163
96,132,165
97,132,167
98,133,169
99,133,171
100,134,172
101,134,173
102,135,174
103,135,175
104,135,175
105,136,176
106,136,176
107,137,176
108,137,176
109,137,176
110,138,176
111,138,175
112,139,175
113,140,175
114,140,174
115,141,173
116,141,173
117,141,172
118,142,172
119,142,172
120,142,171
121,142,171
122,143,171
123,143,170
124,143,170
125,143,170
126,143,170
127,143,170
128,144,169
129,144,169
130,144,169
131,144,169
132,144,169
133,144,169
134,144,169
135,144,168
136,145,168
137,145,168
138,145,168
139,145,168
140,145,168
141,145,168
142,145,168
143,145,168
144,145,168
145,145,168
146,145,167
147,145,167
148,145,167
149,146,167
150,146,167
151,146,167
152,146,167
153,146,167
154,146,167
155,146,167
156,146,167
157,146,167
158,146,167
159,146,167
160,146,167
161,146,167
162,146,167
163,146,167
164,146,167
165,146,167
166,146,167
167,146,167
168,146,167
169,146,167
170,146,167
171,146,167
172,146,167
173,146,166
174,146,166
175,146,166
176,147,166
177,147,166
178,147,166
179,147,166
180,147,166
181,147,166
182,147,167
183,147,167
184,147,167
185,147,167
186,147,167
187,147,167
188,147,167
189,147,167
190,147,167
191,147,167
192,147,167
193,147,167
194,147,167
195,147,167
196,147,167
197,147,167
198,147,167
199,147,167
200,147,167
201,147,167
202,147,167
203,147,167
204,147,167
205,147,167
206,147,167
207,147,167
208,147,167
209,147,167
210,147,167
211,147,167
212,147,167
213,147,167
214,147,167
215,147,167
216,147,167
217,147,167
218,147,167
219,147,167
220,147,167
221,147,167
222,147,167
223,147,167
224,147,167
225,147,167
226,146,167
227,146,167
228,146,167
229,146,167
230,146,167
231,146,167
232,146,167
233,146,167
234,146,167
235,146,167
236,146,168
237,146,168
238,146,168
239,146,168
240,146,168
241,146,168
242,146,168
243,146,168
244,146,168
245,146,168
246,146,168
247,146,168
248,146,168
249,146,168
250,146,168
251,146,168
252,146,168
253,146,168
254,146,168
255,146,168
256,146,168
257,146,168
258,146,168
259,146,168
260,146,168
261,146,168
262,146,169
263,146,169
264,145,169
265,145,169
266,145,169
267,145,169
268,145,169
269,145,169
270,145,169
271,145,169
272,145,169
273,145,169
274,145,169
275,145,169
276,145,169
277,145,169
278,145,169
279,145,169
280,145,169
281,145,169
282,145,169
283,145,170
284,145,170
285,144,170
286,144,170
287,144,170
288,144,170
289,144,170
290,144,170
291,144,170
292,144,170
293,144,170
294,144,170
295,144,170
296,144,170
297,144,170
298,144,170
299,144,171
300,144,171
301,143,171
302,143,171
303,143,171
304,143,171
305,143,171
306,143,171
307,143,171
308,143,171
309,143,171
310,143,171
311,143,171
312,143,172
313,143,172
314,143,172
315,143,172
316,142,172
317,142,172
318,142,172
319,142,172
320,142,172
321,142,172
322,142,172
323,142,172
324,142,172
325,142,172
326,142,172
327,142,172
328,141,172
329,141,172
330,141,172
331,141,172
332,141,172
333,141,172
334,141,172
335,141,172
336,141,172
337,141,171
338,141,171
339,141,171
340,140,171
341,140,171
342,138,171
342,131,131
342,138,171
343,128,135
343,135,171
343,128,171
344,127,171
345,127,171
346,127,170
347,127,170
348,128,170
349,128,170
350,129,170
351,129,170
352,130,169
353,130,169
354,131,169
355,132,169
356,132,168
357,133,168
358,134,168
359,134,167
360,135,167
361,136,167
362,136,166
363,137,166
364,138,166
365,138,165
366,139,165
367,139,164
368,140,164
369,141,163
370,141,163
371,142,162
372,143,162
373,143,161
374,144,160
375,145,160
376,146,159
377,146,158
378,147,157
379,148,156
380,150,155
381,151,153
0,0
1,63
72,225,228
73,225,229
74,224,230
75,224,231
76,222,231
77,221,232
78,220,232
79,219,233
80,218,233
81,218,233
82,217,233
83,217,234
84,216,233
85,216,233
86,216,233
87,215,233
88,215,233
89,215,232
90,215,232
91,214,232
92,214,232
93,214,232
94,213,232
95,213,232
96,213,232
97,213,231
98,213,231
99,212,231
100,212,231
101,212,231
102,212,231
103,212,230
104,212,230
105,211,230
106,211,230
107,211,230
108,211,230
109,211,230
110,211,229
111,211,229
112,211,229
113,211,229
114,211,229
115,212,229
116,212,229
117,212,229
118,212,228
119,212,228
120,212,228
121,213,228
122,213,228
123,213,228
124,213,228
125,214,228
126,214,227
127,215,227
128,215,227
129,216,226
130,217,226
131,218,225
132,219,225
133,221,224
133,221,223
0,0
1,83
63,349,352
64,349,353
65,349,354
66,348,355
67,348,356
68,347,356
69,347,356
70,347,356
71,347,357
72,346,357
73,346,357
74,346,357
75,345,358
76,345,357
77,345,357
78,344,357
79,344,357
80,344,357
81,343,357
82,343,357
83,343,356
84,342,356
85,342,356
86,342,356
87,341,356
88,341,356
89,341,356
90,340,356
91,340,356
92,340,356
93,339,356
94,339,355
95,339,355
96,338,355
97,338,355
98,338,355
99,338,355
100,337,355
101,337,354
102,337,354
103,337,354
104,336,354
105,336,354
106,336,354
107,336,354
108,336,354
109,336,353
110,335,353
111,335,353
112,335,353
113,335,353
114,335,353
115,335,353
116,335,353
117,335,352
118,335,352
119,335,352
120,334,352
121,334,352
122,334,352
123,335,352
124,335,352
125,335,352
126,335,352
127,335,351
128,335,351
129,336,351
130,336,351
131,336,351
132,336,351
133,337,351
134,337,351
135,337,351
136,338,351
137,338,350
138,339,350
139,339,350
140,340,350
141,341,349
142,342,349
143,343,348
144,345,347
144,345,346
0,0
1,175
224,82,82
225,81,84
226,81,85
227,80,85
228,80,86
229,79,87
230,79,87
231,79,88
232,79,88
233,78,89
234,78,89
235,78,90
236,78,90
237,78,91
238,78,91
239,78,91
240,78,92
241,78,92
242,77,92
243,77,93
244,77,93
245,77,93
246,77,93
247,77,94
248,77,94
249,77,94
250,77,94
251,77,94
252,77,94
253,76,95
254,76,95
255,76,95
256,76,95
257,76,95
258,76,95
259,76,95
260,76,95
261,75,95
262,75,95
263,75,95
264,75,94
265,75,94
266,75,94
267,75,94
268,75,94
269,74,94
270,74,94
271,74,93
272,74,93
273,74,93
274,74,93
275,73,93
276,73,93
277,73,92
278,73,92
279,73,92
280,73,92
281,72,92
282,72,91
283,72,91
284,72,91
285,72,91
286,72,91
287,71,90
288,71,90
289,71,90
290,71,90
291,71,90
292,70,89
293,70,89
294,70,89
295,70,89
296,70,89
297,69,89
298,69,88
299,69,88
300,69,88
301,69,88
302,68,88
303,68,87
304,68,87
305,68,87
306,67,87
307,67,87
308,67,86
309,67,86
310,66,86
311,66,86
312,66,86
313,66,85
314,65,85
315,65,85
316,65,85
317,65,85
318,64,85
319,64,84
320,64,84
321,64,84
322,63,84
323,63,84
324,63,83
325,63,83
326,62,83
327,62,83
328,62,83
329,62,82
330,61,82
331,61,82
332,61,82
333,60,82
334,60,81
335,60,81
336,60,81
337,59,81
338,59,81
339,59,80
340,58,80
341,58,80
342,58,80
343,57,80
344,57,79
345,57,79
346,57,79
347,56,79
348,56,79
349,56,78
350,55,78
351,55,78
352,55,78
353,54,78
354,54,77
355,54,77
356,53,77
357,53,77
358,53,77
359,52,76
360,52,76
361,52,76
362,52,76
363,52,76
364,51,75
365,51,75
366,51,75
367,51,75
368,51,75
369,51,74
370,51,74
371,51,74
372,51,74
373,50,74
374,50,73
375,50,73
376,50,73
377,51,73
378,51,72
379,51,72
380,51,72
381,51,72
382,52,71
383,52,71
384,52,71
385,53,71
386,53,71
387,53,70
388,54,70
389,54,70
390,54,69
391,55,69
392,55,69
393,56,68
394,56,68
395,57,68
396,58,67
397,59,66
398,60,65
0,0
0,191
77,285,285
78,280,289
79,279,291
80,278,294
81,277,296
82,277,297
83,277,299
84,277,300
85,277,302
86,277,303
87,277,304
88,277,305
89,278,307
90,278,308
91,278,309
92,279,310
93,279,311
94,279,312
95,279,313
96,279,314
97,280,315
98,280,315
99,280,316
100,280,317
101,280,318
102,280,318
103,280,319
104,280,319
105,281,319
106,281,319
107,281,319
108,281,318
109,281,318
110,281,317
111,281,317
112,281,316
113,281,316
114,281,315
115,281,315
116,280,314
117,280,314
118,280,313
119,280,313
120,280,312
121,280,312
122,280,311
123,280,311
124,280,311
125,280,310
126,280,310
127,280,309
128,280,309
129,279,309
130,279,308
131,279,308
132,279,308
133,279,307
134,279,307
135,279,306
136,279,306
137,278,306
138,278,306
139,278,305
140,278,305
141,278,305
142,278,304
143,277,304
144,277,304
145,277,303
146,277,303
147,277,303
148,277,302
149,276,302
150,276,302
151,276,301
152,276,301
153,276,301
154,275,301
155,275,300
156,275,300
157,275,300
158,275,299
159,274,299
160,274,299
161,274,298
162,274,298
163,274,298
164,273,297
165,273,297
166,273,297
167,273,297
168,273,296
169,272,296
170,272,296
171,272,295
172,272,295
173,271,295
174,271,294
175,271,294
176,271,294
177,271,293
178,270,293
179,270,293
180,270,293
181,270,292
182,269,292
183,269,292
184,269,291
185,269,291
186,268,291
187,268,290
188,268,290
189,268,290
190,267,289
191,267,289
192,267,289
193,267,289
194,267,288
195,266,288
196,266,288
197,266,287
198,266,287
199,265,287
200,265,286
201,265,286
202,265,286
203,264,286
204,264,285
205,264,285
206,264,285
207,263,284
208,263,284
209,263,284
210,263,284
211,262,283
212,262,283
213,262,283
214,261,282
215,261,282
216,261,282
217,261,281
218,260,281
219,260,281
220,260,280
221,260,280
222,259,280
223,259,280
224,259,279
225,259,279
226,258,279
227,258,278
228,258,278
229,258,278
230,257,277
231,257,277
232,257,277
233,256,277
234,256,276
235,256,276
236,256,276
237,255,275
238,255,275
239,255,275
240,255,274
241,254,274
242,254,274
243,254,274
244,253,273
245,253,273
246,253,273
247,253,272
248,252,272
249,252,272
250,252,271
251,252,271
252,251,271
253,251,270
254,251,270
255,250,270
256,250,270
257,250,269
258,250,269
259,249,269
260,249,268
261,249,268
262,249,268
263,248,267
264,248,267
265,248,267
266,247,267
267,247,247
0,0
1,132
214,174,175
215,172,177
216,172,178
217,172,179
218,172,179
219,171,180
220,171,181
221,171,181
222,171,182
223,171,182
224,170,183
225,170,183
226,170,183
227,170,183
228,170,184
229,170,184
230,170,184
231,170,184
232,170,184
233,170,185
234,170,185
235,169,185
236,169,185
237,169,185
238,169,185
239,169,185
240,169,184
241,169,184
242,169,184
243,169,184
244,168,184
245,168,184
246,168,183
247,168,183
248,168,183
249,168,183
250,168,183
251,167,182
252,167,182
253,167,182
254,167,182
255,167,181
256,167,181
257,167,181
258,166,181
259,166,181
260,166,181
261,166,180
262,166,180
263,166,180
264,166,180
265,165,180
266,165,179
267,165,179
268,165,179
269,165,179
270,165,179
271,164,179
272,164,178
273,164,178
274,164,178
275,164,178
276,163,178
277,163,177
278,163,177
279,163,177
280,163,177
281,162,177
282,162,177
283,162,176
284,162,176
285,162,176
286,161,176
287,161,176
288,161,176
289,161,175
290,160,175
291,160,175
292,160,175
293,160,175
294,160,174
295,159,174
296,159,174
297,159,174
298,159,174
299,158,173
300,158,173
301,158,173
302,158,173
303,157,173
304,157,173
305,157,172
306,156,172
307,156,172
308,156,172
309,156,172
310,155,171
311,155,171
312,155,171
313,154,171
314,154,171
315,154,171
316,154,170
317,153,170
318,153,170
319,153,170
320,152,170
321,152,169
322,152,169
323,151,169
324,151,169
325,151,169
326,150,169
327,150,169
328,150,168
329,149,168
330,149,168
331,149,168
332,148,168
333,148,168
334,147,168
335,147,168
336,147,168
337,146,168
338,146,168
339,146,168
340,145,168
341,148,168
342,153,169
343,159,169
344,164,170
345,169,170
0,107
144,344,350
145,340,355
146,340,359
147,340,361
148,340,364
149,341,366
150,341,368
151,341,370
152,341,372
153,341,373
154,342,375
155,342,377
156,342,378
157,342,380
158,342,382
159,342,383
160,343,384
161,343,386
162,343,387
163,343,388
164,343,389
165,344,390
166,344,390
167,344,391
168,344,392
169,344,392
170,345,392
171,345,392
172,346,392
173,346,392
174,346,392
175,347,391
176,347,391
177,347,390
178,347,390
179,347,389
180,347,388
181,347,386
182,347,385
183,347,384
184,347,383
185,347,382
186,347,381
187,347,380
188,347,380
189,346,379
190,346,378
191,346,377
192,346,376
193,346,376
194,346,375
195,345,374
196,345,374
197,345,373
198,345,372
199,345,372
200,344,371
201,344,371
202,344,370
203,344,370
204,343,369
205,343,369
206,343,368
207,343,368
208,343,367
209,342,367
210,342,366
211,342,366
212,342,366
213,341,365
214,341,365
215,341,364
216,340,364
217,340,364
218,340,363
219,340,363
220,339,362
221,339,362
222,339,362
223,338,361
224,338,361
225,338,361
226,338,360
227,337,360
228,337,360
229,337,359
230,336,359
231,336,359
232,336,358
233,335,358
234,335,358
235,335,357
236,334,357
237,334,357
238,334,356
239,333,356
240,333,356
241,333,355
242,332,355
243,332,355
244,332,354
245,331,354
246,331,354
247,330,353
248,330,353
249,330,353
250,329,332
0,0
1,298
174,264,266
175,263,267
176,262,269
177,262,270
178,262,271
179,262,272
180,262,272
181,262,273
182,261,274
183,261,275
184,261,275
185,261,276
186,261,276
187,261,277
188,261,277
189,261,278
190,261,278
191,260,279
192,260,279
193,260,279
194,260,280
195,260,280
196,260,280
197,260,280
198,260,280
199,260,280
200,259,280
201,259,281
202,259,281
203,259,281
204,259,281
205,259,281
206,259,281
207,259,280
208,258,280
209,258,280
210,258,280
211,258,280
212,258,279
213,258,279
214,258,279
215,258,279
216,258,278
217,257,278
218,257,278
219,257,278
220,257,277
221,257,277
222,257,277
223,257,277
224,257,276
225,256,276
226,256,276
227,256,276
228,256,275
229,256,275
230,256,275
231,256,275
232,256,275
233,256,274
234,255,274
235,255,274
236,255,274
237,255,273
238,255,273
239,255,273
240,255,273
241,255,273
242,255,272
243,254,272
244,254,272
245,254,272
246,254,272
247,254,271
248,254,271
249,254,271
250,254,271
251,253,271
252,253,271
253,253,270
254,253,270
255,253,270
256,253,270
257,253,270
258,253,269
259,252,269
260,252,269
261,252,269
262,252,269
263,252,269
264,252,268
265,252,268
266,252,268
267,252,268
268,251,268
269,251,268
270,251,267
271,251,267
272,251,267
273,251,267
274,251,267
275,250,267
276,250,266
277,250,266
278,250,266
279,250,266
280,250,266
281,250,266
282,250,266
283,250,265
284,249,265
285,249,265
286,249,265
287,249,265
288,249,265
289,249,265
290,249,264
291,249,264
292,248,264
293,248,264
294,248,264
295,248,264
296,248,264
297,248,264
298,248,264
299,248,263
300,247,263
301,247,263
302,247,263
303,247,263
304,247,263
305,247,263
306,247,263
307,247,262
308,246,262
309,246,262
310,246,262
311,246,262
312,246,262
313,246,262
314,246,262
315,246,262
316,245,261
317,245,261
318,245,261
319,245,261
320,245,261
321,245,261
322,245,261
323,244,261
324,244,261
325,244,261
326,244,260
327,244,260
328,244,260
329,244,260
330,244,260
331,243,260
332,243,260
333,243,260
334,243,260
335,243,260
336,243,260
337,243,260
338,242,260
339,242,260
340,242,260
341,242,259
342,242,259
343,242,259
344,242,259
345,241,259
346,241,259
347,241,259
348,241,259
349,241,259
350,241,259
351,241,259
352,240,259
353,240,259
354,240,259
355,240,259
356,240,259
357,240,259
358,240,259
359,239,258
360,239,258
361,239,258
362,239,258
363,239,258
364,239,258
365,239,258
366,238,258
367,238,258
368,238,258
369,238,258
370,238,258
371,238,258
372,237,258
373,237,258
374,237,258
375,237,258
376,237,258
377,237,258
378,237,258
379,236,258
380,236,258
381,236,258
382,236,258
383,236,258
384,236,258
385,235,258
386,235,258
387,235,258
388,235,258
389,235,258
390,235,258
391,234,258
392,234,258
393,234,258
394,234,258
395,234,258
396,234,258
397,233,258
398,233,258
399,233,258
400,233,258
401,233,258
402,232,258
403,232,258
404,232,258
405,232,258
406,232,258
407,232,258
408,231,258
409,231,258
410,231,258
411,231,258
412,231,258
413,230,258
414,230,258
415,230,258
416,230,258
417,230,258
418,229,258
419,229,258
420,229,258
421,229,258
422,229,258
423,229,258
424,228,258
425,228,258
426,228,258
427,228,258
428,228,258
429,228,258
430,227,258
431,228,258
432,228,258
433,228,258
434,228,258
435,228,258
436,228,258
437,228,258
438,229,258
439,229,258
440,229,259
441,230,259
442,230,259
443,230,259
444,231,259
445,231,259
446,231,259
447,232,259
448,232,259
449,233,259
450,233,259
451,234,259
452,234,259
453,235,259
454,236,259
455,236,259
456,237,259
457,238,259
458,238,259
459,239,259
460,240,259
461,240,258
462,241,258
463,242,258
464,243,258
465,244,258
466,245,258
467,245,257
468,247,257
469,248,256
470,249,255
471,251,254
0,0
0,121
314,212,218
315,210,226
316,209,230
317,209,234
318,209,237
319,209,239
320,209,241
321,209,243
322,210,244
323,210,244
324,210,245
325,211,246
326,211,246
327,212,246
328,212,246
329,213,246
330,213,247
331,214,247
332,214,247
333,215,247
334,215,247
335,216,247
336,216,247
337,216,247
338,217,247
339,217,247
340,218,247
341,218,248
342,218,248
343,219,248
344,219,248
345,220,248
346,220,248
347,220,248
348,221,248
349,221,249
350,221,249
351,222,249
352,222,249
353,222,249
354,223,249
355,223,249
356,223,250
357,224,250
358,224,250
359,224,250
360,225,250
361,225,250
362,225,250
363,225,251
364,226,251
365,226,251
366,226,251
367,227,251
368,227,251
369,227,252
370,227,252
371,227,252
372,228,252
373,228,252
374,228,252
375,228,252
376,229,253
377,229,253
378,229,253
379,229,253
380,229,253
381,230,253
382,230,254
383,230,254
384,230,254
385,230,254
386,230,254
387,231,254
388,231,254
389,231,255
390,231,255
391,231,255
392,231,255
393,232,255
394,232,255
395,232,255
396,232,256
397,232,256
398,233,256
399,233,256
400,233,256
401,233,256
402,233,256
403,234,256
404,234,256
405,234,257
406,234,257
407,235,257
408,235,257
409,235,257
410,236,257
411,236,257
412,236,257
413,236,257
414,237,257
415,237,257
416,237,257
417,238,257
418,238,257
419,239,257
420,239,257
421,240,257
422,240,257
423,241,257
424,241,257
425,242,257
426,242,257
427,243,257
428,244,256
429,245,256
430,246,256
431,247,256
432,248,255
433,249,255
434,251,254
0,0
1,144
214,324,325
215,323,327
216,322,328
217,322,329
218,322,330
219,321,330
220,321,331
221,321,331
222,321,332
223,321,332
224,321,333
225,321,333
226,321,334
227,321,334
228,321,334
229,320,334
230,320,335
231,320,335
232,320,335
233,320,335
234,320,335
235,320,335
236,320,335
237,320,336
238,320,335
239,319,335
240,319,335
241,319,335
242,319,335
243,319,334
244,319,334
245,319,334
246,319,334
247,319,334
248,318,333
249,318,333
250,318,333
251,318,333
252,318,332
253,318,332
254,318,332
255,318,332
256,317,332
257,317,331
258,317,331
259,317,331
260,317,331
261,317,331
262,317,331
263,316,330
264,316,330
265,316,330
266,316,330
267,316,330
268,316,329
269,315,329
270,315,329
271,315,329
272,315,329
273,315,328
274,315,328
275,314,328
276,314,328
277,314,328
278,314,328
279,314,327
280,314,327
281,313,327
282,313,327
283,313,327
284,313,326
285,313,326
286,312,326
287,312,326
288,312,326
289,312,326
290,312,325
291,312,325
292,311,325
293,311,325
294,311,325
295,311,324
296,310,324
297,310,324
298,310,324
299,310,324
300,309,323
301,309,323
302,309,323
303,309,323
304,309,323
305,308,323
306,308,322
307,308,322
308,308,322
309,307,322
310,307,322
311,307,321
312,307,321
313,306,321
314,306,321
315,306,321
316,305,320
317,305,320
318,305,320
319,305,320
320,304,320
321,304,319
322,304,319
323,303,319
324,303,319
325,303,319
326,302,319
327,302,318
328,302,318
329,302,318
330,301,318
331,301,318
332,301,317
333,300,317
334,300,317
335,300,317
336,299,317
337,299,317
338,299,317
339,298,317
340,298,316
341,297,316
342,297,316
343,297,316
344,296,316
345,296,316
346,296,316
347,295,316
348,295,316
349,295,316
350,294,316
351,294,316
352,293,316
353,298,317
354,303,317
355,308,318
356,313,319
356,317,319
0,110
292,357,362
293,353,367
294,352,372
295,352,374
296,352,377
297,352,379
298,352,381
299,353,383
300,353,385
301,353,387
302,353,389
303,353,391
304,354,393
305,354,394
306,354,396
307,354,397
308,354,399
309,354,400
310,355,402
311,355,403
312,355,404
313,355,405
314,355,406
315,356,407
316,356,408
317,356,408
318,356,409
319,357,409
320,357,409
321,358,410
322,358,410
323,358,409
324,359,409
325,359,409
326,359,409
327,359,408
328,359,407
329,359,407
330,359,406
331,359,405
332,359,404
333,359,403
334,359,402
335,359,401
336,359,400
337,359,399
338,359,398
339,359,397
340,359,396
341,359,396
342,359,395
343,358,394
344,358,393
345,358,393
346,358,392
347,358,392
348,358,391
349,358,390
350,357,390
351,357,389
352,357,389
353,357,388
354,357,388
355,357,387
356,356,387
357,356,386
358,356,386
359,356,386
360,356,385
361,355,385
362,355,384
363,355,384
364,355,383
365,354,383
366,354,383
367,354,382
368,354,382
369,354,382
370,353,381
371,353,381
372,353,381
373,353,380
374,352,380
375,352,380
376,352,379
377,352,379
378,351,379
379,351,378
380,351,378
381,351,378
382,350,377
383,350,377
384,350,377
385,349,377
386,349,376
387,349,376
388,349,376
389,348,375
390,348,375
391,348,375
392,347,374
393,347,374
394,347,374
395,347,374
396,346,373
397,346,373
398,346,373
399,345,365
400,345,354
401,345,345
0,0
1,147
243,406,409
244,405,410
245,405,412
246,404,413
247,404,414
248,404,415
249,404,416
250,404,417
251,404,417
252,404,418
253,404,418
254,404,418
255,404,419
256,403,419
257,403,419
258,403,419
259,403,419
260,403,419
261,403,419
262,403,420
263,403,419
264,403,419
265,403,419
266,402,419
267,402,419
268,402,418
269,402,418
270,402,418
271,402,418
272,402,418
273,402,418
274,402,417
275,401,417
276,401,417
277,401,417
278,401,417
279,401,417
280,401,417
281,401,416
282,401,416
283,401,416
284,400,416
285,400,416
286,400,416
287,400,416
288,400,415
289,400,415
290,400,415
291,399,415
292,399,415
293,399,415
294,399,415
295,399,415
296,399,415
297,399,414
298,399,414
299,398,414
300,398,414
301,398,414
302,398,414
303,398,414
304,398,414
305,397,414
306,397,414
307,397,413
308,397,413
309,397,413
310,397,413
311,396,413
312,396,413
313,396,413
314,396,413
315,396,413
316,396,413
317,395,413
318,395,412
319,395,412
320,395,412
321,395,412
322,395,412
323,394,412
324,394,412
325,394,412
326,394,412
327,394,412
328,394,412
329,393,412
330,393,411
331,393,411
332,393,411
333,393,411
334,392,411
335,392,411
336,392,411
337,392,411
338,392,411
339,391,411
340,391,411
341,391,411
342,391,411
343,391,411
344,391,411
345,390,410
346,390,410
347,390,410
348,390,410
349,390,410
350,389,410
351,389,410
352,389,410
353,389,410
354,389,410
355,389,410
356,389,410
357,388,410
358,388,410
359,388,410
360,388,410
361,388,410
362,388,410
363,388,410
364,389,410
365,389,409
366,389,409
367,389,409
368,389,409
369,390,409
370,390,409
371,390,409
372,390,409
373,391,409
374,391,409
375,392,409
376,392,409
377,393,409
378,393,409
379,394,409
380,395,409
381,396,409
382,396,409
383,397,409
384,398,408
385,399,408
386,400,408
387,401,407
388,403,406
388,403,403
0,0
