1,165
44,187,189
45,186,190
46,186,191
47,185,192
48,185,192
49,185,193
50,184,193
51,184,194
52,184,194
53,184,195
54,183,195
55,183,196
56,183,196
57,183,197
58,183,197
59,183,197
60,183,198
61,183,198
62,182,198
63,182,199
64,182,199
65,182,199
66,182,199
67,182,200
68,182,200
69,182,200
70,181,200
71,181,200
72,181,201
73,181,201
74,181,201
75,181,201
76,180,201
77,180,202
78,180,201
79,180,201
80,180,201
81,180,201
82,179,201
83,179,201
84,179,201
85,179,201
86,179,201
87,179,201
88,178,201
89,178,200
90,178,200
91,178,200
92,178,200
93,177,200
94,177,199
95,177,199
96,177,199
97,177,199
98,177,199
99,176,198
100,176,198
101,176,198
102,176,198
103,175,197
104,175,197
105,175,197
106,175,197
107,174,196
108,174,196
109,174,196
110,174,196
111,174,196
112,173,195
113,173,195
114,173,195
115,172,195
116,172,194
117,172,194
118,172,194
119,171,194
120,171,194
121,171,193
122,171,193
123,170,193
124,170,193
125,170,192
126,169,192
127,169,192
128,169,192
129,169,191
130,168,191
131,168,191
132,168,191
133,167,191
134,167,190
135,167,190
136,166,190
137,166,190
138,166,190
139,166,189
140,165,189
141,165,189
142,165,189
143,164,188
144,164,188
145,164,188
146,163,188
147,163,187
148,163,187
149,162,187
150,162,187
151,162,187
152,161,186
153,161,186
154,161,186
155,160,186
156,160,185
157,159,185
158,159,185
159,159,185
160,158,184
161,158,184
162,158,184
163,157,184
164,157,184
165,157,183
166,156,183
167,156,183
168,156,183
169,156,182
170,156,182
171,155,182
172,155,182
173,155,181
174,155,181
175,155,181
176,155,181
177,155,180
178,155,180
179,155,180
180,154,180
181,154,179
182,154,179
183,155,179
184,155,179
185,155,178
186,155,178
187,155,178
188,155,178
189,156,177
190,156,177
191,156,177
192,157,177
193,157,176
194,157,176
195,157,176
196,158,176
197,158,175
198,158,175
199,159,175
200,159,174
201,159,174
202,160,174
203,160,173
204,161,173
205,162,172
206,163,171
207,164,170
208,167,167
0,0
0,402
36,117,121
37,114,125
38,113,127
39,112,130
40,111,132
41,110,133
42,110,135
43,110,137
44,109,138
45,109,140
46,109,141
47,109,143
48,110,144
49,110,146
50,110,147
51,111,149
52,112,150
53,112,151
54,113,153
55,114,154
56,114,155
57,115,156
58,115,157
59,116,158
60,116,159
61,117,160
62,117,161
63,118,162
64,118,162
65,119,162
66,119,162
67,120,163
68,120,163
69,120,162
70,121,162
71,121,162
72,121,162
73,122,161
74,122,161
75,122,161
76,123,160
77,123,160
78,123,159
79,123,159
80,124,159
81,124,159
82,124,158
83,124,158
84,124,158
85,125,158
86,125,158
87,125,157
88,125,157
89,125,157
90,125,157
91,126,157
92,126,157
93,126,156
94,126,156
95,126,156
96,126,156
97,126,156
98,126,156
99,126,156
100,126,155
101,126,155
102,126,155
103,126,155
104,126,155
105,126,155
106,126,155
107,126,155
108,126,154
109,126,154
110,126,154
111,126,154
112,126,154
113,126,154
114,126,154
115,126,154
116,126,154
117,126,154
118,126,154
119,126,153
120,126,153
121,126,153
122,126,153
123,126,153
124,126,153
125,126,153
126,126,153
127,126,153
128,126,153
129,126,153
130,126,153
131,126,153
132,126,153
133,126,152
134,126,152
135,126,152
136,126,152
137,126,152
138,126,152
139,126,152
140,126,152
141,126,152
142,126,152
143,126,152
144,126,152
145,126,152
146,126,152
147,126,152
148,126,151
149,126,151
150,126,151
151,126,151
152,126,151
153,126,151
154,126,151
155,126,151
156,126,151
157,126,151
158,126,151
159,126,151
160,126,151
161,126,151
162,126,151
163,126,151
164,126,151
165,126,151
166,126,151
167,126,151
168,126,151
169,126,150
170,126,150
171,126,150
172,126,150
173,126,150
174,126,150
175,126,150
176,126,150
177,126,150
178,126,150
179,126,150
180,126,150
181,126,150
182,126,150
183,126,150
184,126,150
185,126,150
186,126,150
187,126,150
188,126,150
189,126,150
190,126,150
191,126,150
192,126,150
193,126,150
194,126,150
195,126,150
196,126,149
197,126,149
198,126,149
199,126,149
200,126,149
201,126,149
202,126,149
203,126,149
204,126,149
205,126,149
206,126,149
207,126,149
208,125,149
209,125,149
210,125,149
211,125,149
212,125,149
213,125,149
214,125,149
215,125,149
216,125,149
217,125,149
218,125,149
219,125,149
220,125,149
221,125,149
222,125,149
223,125,149
224,125,149
225,125,149
226,125,149
227,125,149
228,125,149
229,125,149
230,125,149
231,125,149
232,125,149
233,125,149
234,125,149
235,125,149
236,125,148
237,125,148
238,125,148
239,125,148
240,125,148
241,125,148
242,125,148
243,125,148
244,125,148
245,125,148
246,125,148
247,125,148
248,125,148
249,124,148
250,124,148
251,124,148
252,124,148
253,124,148
254,124,148
255,124,148
256,124,148
257,124,148
258,124,148
259,124,148
260,124,148
261,124,148
262,124,148
263,124,148
264,124,148
265,124,148
266,124,148
267,124,148
268,124,148
269,124,148
270,124,148
271,124,148
272,124,148
273,124,148
274,124,148
275,124,148
276,124,148
277,124,148
278,124,148
279,124,148
280,124,148
281,123,148
282,123,148
283,123,148
284,123,148
285,123,148
286,123,147
287,123,147
288,123,147
289,123,147
290,123,147
291,123,147
292,123,147
293,123,147
294,123,147
295,123,147
296,123,147
297,123,147
298,123,147
299,123,147
300,123,147
301,123,147
302,123,147
303,122,147
304,122,147
305,122,147
306,122,147
307,122,147
308,122,147
309,122,147
310,122,147
311,122,147
312,122,147
313,122,147
314,122,147
315,122,147
316,121,147
317,121,147
318,121,147
319,121,147
320,121,147
321,121,147
322,121,147
323,121,147
324,121,147
325,121,147
326,121,147
327,120,147
328,120,147
329,120,147
330,120,147
331,120,147
332,120,147
333,120,147
334,120,147
335,120,147
336,119,147
337,119,147
338,119,147
339,119,147
340,119,147
341,119,147
342,119,147
343,118,147
344,118,147
345,118,147
346,118,147
347,118,147
348,118,147
349,117,147
350,117,147
351,117,147
352,117,147
353,117,147
354,117,146
355,116,146
356,116,146
357,116,146
358,116,146
359,116,146
360,115,146
361,115,146
362,115,146
363,115,146
364,114,146
365,114,146
366,114,146
367,114,146
368,114,146
369,113,146
370,113,146
371,113,146
372,112,146
373,112,146
374,112,146
375,112,146
376,111,146
377,111,146
378,111,146
379,111,146
380,110,146
381,110,146
382,110,146
383,110,146
384,110,146
385,109,146
386,109,146
387,109,146
388,109,146
389,109,146
390,109,146
391,109,146
392,109,146
393,109,146
394,109,146
395,109,146
396,109,146
397,109,146
398,109,146
399,110,146
400,110,146
401,110,146
402,110,146
403,111,146
404,111,146
405,111,146
406,112,146
407,112,146
408,112,145
409,113,145
410,113,145
411,113,145
412,114,145
413,114,144
414,114,144
415,115,144
416,115,144
417,116,143
418,116,143
419,116,142
420,117,142
421,117,142
422,117,141
423,118,141
424,118,140
425,119,140
426,119,139
427,120,139
428,120,138
429,121,138
430,121,137
431,122,136
432,122,136
433,123,135
434,124,134
435,124,133
436,126,131
437,129,129
0,0
0,174
178,130,130
179,128,132
180,127,133
181,127,133
182,126,134
183,126,135
184,126,135
185,125,136
186,125,136
187,124,136
188,124,137
189,124,137
190,123,138
191,123,138
192,123,138
193,122,138
194,122,139
195,121,139
196,121,139
197,120,139
198,120,139
199,120,139
200,119,139
201,119,139
202,118,139
203,118,139
204,118,139
205,117,139
206,117,139
207,116,139
208,116,139
209,115,139
210,115,139
211,114,139
212,114,138
213,113,138
214,113,138
215,113,137
216,112,137
217,112,136
218,111,136
219,111,135
220,110,135
221,110,134
222,109,134
223,109,133
224,108,133
225,108,132
226,107,132
227,107,131
228,106,131
229,106,130
230,105,130
231,105,129
232,104,129
233,104,128
234,103,128
235,103,127
236,102,126
237,101,126
238,101,126
239,100,125
240,100,125
241,99,124
242,99,123
243,98,123
244,97,122
245,97,122
246,96,121
247,96,120
248,95,120
249,95,119
250,94,119
251,93,118
252,93,118
253,92,117
254,92,116
255,91,116
256,90,115
257,90,115
258,89,114
259,88,113
260,88,113
261,87,112
262,86,111
263,86,111
264,85,110
265,84,109
266,84,109
267,83,108
268,82,107
269,82,107
270,81,106
271,80,105
272,80,105
273,79,104
274,78,103
275,78,103
276,77,102
277,76,101
278,76,100
279,75,100
280,74,99
281,73,98
282,73,97
283,72,97
284,71,96
285,71,95
286,70,94
287,69,94
288,68,93
289,68,92
290,67,91
291,66,90
292,66,90
293,65,89
294,64,88
295,63,87
296,63,86
297,62,85
298,61,84
299,60,84
300,60,83
301,59,82
302,58,81
303,57,80
304,57,79
305,56,78
306,55,77
307,54,76
308,54,75
309,53,75
310,52,74
311,51,73
312,51,72
313,50,71
314,49,70
315,48,69
316,48,68
317,47,67
318,46,66
319,45,65
320,44,64
321,44,63
322,43,62
323,42,61
324,41,60
325,41,59
326,40,58
327,39,57
328,38,56
329,38,55
330,37,54
331,36,53
332,35,52
333,34,51
334,34,50
335,33,49
336,32,48
337,31,46
338,31,45
339,30,44
340,29,43
341,28,42
342,27,41
343,27,40
344,26,39
345,25,37
346,24,36
347,24,35
348,24,34
349,24,32
350,25,30
351,26,26
0,0
0,49
226,149,149
227,147,154
228,146,159
229,146,162
230,146,166
231,146,168
232,146,171
233,146,174
234,146,177
235,146,179
236,147,182
237,147,184
238,148,186
239,149,188
240,150,189
241,151,191
242,152,193
243,153,194
244,154,195
245,155,196
246,156,197
247,157,198
248,159,199
249,160,200
250,161,200
251,162,201
252,163,201
253,164,202
254,165,202
255,166,203
256,167,203
257,169,203
258,170,204
259,171,204
260,172,204
261,173,204
262,174,204
263,176,204
264,177,204
265,178,204
266,179,204
267,180,204
268,182,204
269,183,203
270,184,203
271,186,202
272,188,201
273,191,200
274,196,196
0,0
0,97
47,329,329
48,325,333
49,323,335
50,322,338
51,322,340
52,322,342
53,321,343
54,321,345
55,321,346
56,322,348
57,322,349
58,322,351
59,322,352
60,322,353
61,322,354
62,322,355
63,321,356
64,321,357
65,321,358
66,320,359
67,320,360
68,319,361
69,319,362
70,318,363
71,317,363
72,317,364
73,316,365
74,315,365
75,314,366
76,313,366
77,313,367
78,312,367
79,311,367
80,310,367
81,310,367
82,309,366
83,308,366
84,307,365
85,306,364
86,305,363
87,305,361
88,304,359
89,303,356
90,302,353
91,301,351
92,300,349
93,299,347
94,298,345
95,298,343
96,297,341
97,296,340
98,295,338
99,294,337
100,293,335
101,292,334
102,291,332
103,290,330
104,289,329
105,288,327
106,287,325
107,285,323
108,284,322
109,283,320
110,282,318
111,281,317
112,280,315
113,279,314
114,278,312
115,277,310
116,276,309
117,275,307
118,274,306
119,273,304
120,272,302
121,271,301
122,270,299
123,269,297
124,268,296
125,267,294
126,266,292
127,265,290
128,263,288
129,262,287
130,261,285
131,260,283
132,259,281
133,258,279
134,257,277
135,256,275
136,256,273
137,255,271
138,254,269
139,254,267
140,254,265
141,254,263
142,255,261
143,257,257
0,0
0,256
119,228,228
120,222,232
121,220,237
122,219,240
123,219,243
124,219,245
125,219,247
126,219,250
127,220,252
128,220,254
129,221,255
130,221,257
131,222,258
132,223,260
133,224,261
134,224,262
135,225,263
136,225,263
137,226,264
138,226,264
139,227,264
140,227,264
141,227,264
142,228,264
143,228,264
144,229,264
145,229,263
146,229,263
147,230,263
148,230,263
149,230,263
150,230,262
151,231,262
152,231,262
153,231,262
154,231,262
155,231,261
156,232,261
157,232,261
158,232,261
159,232,261
160,232,261
161,232,261
162,233,261
163,233,261
164,233,261
165,233,261
166,233,261
167,233,261
168,233,261
169,233,261
170,233,261
171,233,261
172,233,261
173,233,261
174,233,261
175,233,261
176,233,260
177,233,260
178,234,260
179,234,260
180,234,260
181,234,260
182,234,260
183,234,260
184,234,260
185,234,260
186,234,260
187,234,260
188,234,260
189,234,260
190,234,260
191,234,260
192,234,260
193,234,260
194,234,260
195,234,260
196,234,260
197,234,260
198,234,260
199,234,260
200,234,260
201,234,260
202,234,260
203,234,260
204,234,259
205,234,259
206,233,259
207,233,259
208,233,259
209,233,259
210,233,259
211,233,259
212,233,259
213,233,259
214,233,259
215,233,259
216,233,259
217,233,259
218,233,259
219,233,258
220,233,258
221,233,258
222,233,258
223,233,258
224,233,258
225,233,258
226,233,258
227,233,258
228,233,258
229,232,258
230,232,257
231,232,257
232,232,257
233,232,257
234,232,257
235,232,257
236,232,257
237,232,257
238,232,257
239,232,256
240,231,256
241,231,256
242,231,256
243,231,256
244,231,256
245,231,256
246,231,255
247,230,255
248,230,255
249,230,255
250,230,255
251,230,255
252,230,254
253,230,254
254,229,254
255,229,254
256,229,254
257,229,254
258,229,253
259,228,253
260,228,253
261,228,253
262,228,253
263,228,252
264,227,252
265,227,252
266,227,252
267,227,252
268,226,251
269,226,251
270,226,251
271,226,251
272,225,250
273,225,250
274,225,250
275,225,250
276,224,250
277,224,249
278,224,249
279,223,249
280,223,248
281,223,248
282,223,248
283,222,248
284,222,247
285,222,247
286,221,247
287,221,246
288,220,246
289,220,246
290,220,245
291,219,245
292,219,245
293,219,244
294,218,244
295,218,244
296,218,243
297,217,243
298,217,242
299,216,242
300,216,242
301,215,241
302,215,241
303,215,240
304,214,240
305,214,239
306,213,239
307,213,238
308,212,238
309,212,237
310,211,237
311,211,237
312,210,236
313,210,235
314,209,235
315,209,234
316,208,234
317,208,233
318,207,233
319,207,232
320,206,232
321,206,231
322,205,230
323,204,230
324,204,229
325,203,228
326,202,227
327,202,227
328,201,226
329,200,225
330,200,225
331,199,224
332,198,223
333,198,222
334,197,221
335,196,221
336,195,220
337,194,219
338,193,218
339,193,217
340,192,216
341,191,215
342,190,214
343,189,214
344,188,212
345,187,212
346,186,211
347,185,209
348,184,208
349,183,207
350,182,206
351,181,205
352,180,204
353,180,203
354,179,202
355,177,201
356,177,200
357,176,198
358,175,197
359,174,196
360,173,195
361,172,193
362,171,192
363,170,191
364,169,189
365,168,188
366,167,187
367,166,186
368,165,184
369,165,183
370,164,181
371,163,179
372,163,177
373,163,175
374,164,172
0,0
1,206
252,193,196
253,192,197
254,192,198
255,191,199
256,191,200
257,191,201
258,191,201
259,190,202
260,190,203
261,190,203
262,190,204
263,189,204
264,189,205
265,189,205
266,189,205
267,188,206
268,188,206
269,188,206
270,188,206
271,188,207
272,187,207
273,187,207
274,187,207
275,187,207
276,186,207
277,186,208
278,186,207
279,186,207
280,186,207
281,185,207
282,185,207
283,185,207
284,185,207
285,184,207
286,184,206
287,184,206
288,184,206
289,183,206
290,183,205
291,183,205
292,183,205
293,182,204
294,182,204
295,182,204
296,182,203
297,182,203
298,181,203
299,181,202
300,181,202
301,181,202
302,180,201
303,180,201
304,180,201
305,180,201
306,179,200
307,179,200
308,179,200
309,179,199
310,178,199
311,178,199
312,178,198
313,178,198
314,178,198
315,177,198
316,177,197
317,177,197
318,177,197
319,176,197
320,176,196
321,176,196
322,176,196
323,175,196
324,175,195
325,175,195
326,175,195
327,174,195
328,174,194
329,174,194
330,174,194
331,174,194
332,173,193
333,173,193
334,173,193
335,173,193
336,172,192
337,172,192
338,172,192
339,172,192
340,171,192
341,171,191
342,171,191
343,171,191
344,170,191
345,170,191
346,170,190
347,170,190
348,169,190
349,169,190
350,169,190
351,169,189
352,168,189
353,168,189
354,168,189
355,168,189
356,167,188
357,167,188
358,167,188
359,167,188
360,166,188
361,166,188
362,166,187
363,165,187
364,165,187
365,165,187
366,165,187
367,164,187
368,164,186
369,164,186
370,164,186
371,163,186
372,163,186
373,163,186
374,163,186
375,162,185
376,162,185
377,162,185
378,162,185
379,161,185
380,161,185
381,161,185
382,160,185
383,160,184
384,160,184
385,160,184
386,159,184
387,159,184
388,159,184
389,158,184
390,158,184
391,158,184
392,158,183
393,157,183
394,157,183
395,157,183
396,156,183
397,156,183
398,156,183
399,155,183
400,155,183
401,155,183
402,155,183
403,154,182
404,154,182
405,154,182
406,153,182
407,153,182
408,153,182
409,153,182
410,153,182
411,152,182
412,152,182
413,152,182
414,152,182
415,152,182
416,152,182
417,152,181
418,152,181
419,152,181
420,152,181
421,151,181
422,152,181
423,152,181
424,152,181
425,152,181
426,153,181
427,153,181
428,153,181
429,154,181
430,154,181
431,154,181
432,154,180
433,155,180
434,155,180
435,156,180
436,156,180
437,156,180
438,157,180
439,157,180
440,158,180
441,158,180
442,159,180
443,160,180
444,160,180
445,161,180
446,161,180
447,162,179
448,162,179
449,163,179
450,164,179
451,165,178
452,165,178
453,166,178
454,167,177
455,168,176
456,169,175
457,171,174
0,0
0,288
185,326,326
186,322,329
187,319,332
188,317,335
189,316,337
190,315,339
191,314,341
192,313,342
193,313,344
194,312,346
195,312,347
196,313,349
197,313,350
198,313,351
199,314,353
200,315,354
201,315,355
202,316,355
203,316,356
204,317,357
205,317,357
206,318,358
207,319,358
208,319,358
209,320,359
210,320,359
211,321,359
212,321,359
213,321,358
214,322,358
215,322,358
216,322,358
217,322,358
218,322,357
219,323,357
220,323,357
221,323,357
222,323,357
223,323,356
224,323,356
225,323,356
226,323,356
227,324,356
228,324,356
229,324,356
230,324,355
231,324,355
232,324,355
233,324,355
234,324,355
235,324,355
236,324,355
237,324,355
238,324,355
239,325,355
240,325,355
241,325,355
242,325,355
243,325,355
244,325,355
245,325,355
246,325,355
247,325,355
248,325,355
249,325,355
250,325,354
251,325,354
252,325,354
253,325,354
254,325,354
255,325,354
256,325,354
257,325,354
258,325,354
259,325,354
260,325,354
261,325,354
262,325,354
263,325,354
264,326,354
265,326,354
266,326,354
267,326,354
268,326,354
269,326,354
270,326,354
271,326,354
272,326,354
273,326,354
274,326,354
275,326,354
276,326,354
277,326,354
278,326,354
279,326,354
280,326,354
281,326,354
282,326,354
283,326,354
284,326,354
285,326,354
286,326,354
287,326,354
288,326,354
289,326,354
290,326,354
291,326,354
292,326,354
293,326,354
294,326,354
295,326,354
296,326,354
297,326,354
298,326,354
299,326,354
300,326,353
301,326,353
302,326,353
303,326,353
304,326,353
305,326,353
306,326,353
307,326,353
308,326,353
309,326,353
310,326,353
311,326,353
312,326,353
313,326,353
314,326,353
315,326,353
316,326,353
317,326,353
318,326,353
319,326,353
320,326,353
321,326,353
322,326,353
323,326,353
324,326,353
325,326,353
326,326,353
327,326,353
328,326,353
329,326,353
330,326,353
331,326,353
332,326,353
333,326,353
334,326,353
335,326,353
336,326,353
337,326,353
338,326,353
339,326,353
340,326,353
341,326,353
342,326,353
343,326,353
344,326,353
345,326,353
346,326,353
347,326,353
348,326,353
349,326,353
350,326,353
351,326,353
352,326,353
353,326,353
354,326,353
355,326,353
356,326,353
357,326,353
358,326,353
359,326,353
360,326,353
361,326,353
362,326,353
363,326,353
364,326,353
365,326,354
366,326,354
367,326,354
368,326,354
369,326,354
370,326,354
371,326,354
372,326,354
373,326,354
374,326,354
375,326,354
376,326,354
377,326,354
378,326,354
379,326,354
380,326,354
381,326,354
382,326,354
383,326,354
384,326,354
385,326,354
386,326,354
387,326,354
388,326,354
389,326,354
390,326,354
391,326,354
392,326,354
393,326,354
394,326,354
395,326,354
396,326,354
397,326,354
398,326,354
399,326,354
400,326,354
401,326,354
402,326,354
403,326,354
404,326,354
405,326,354
406,326,354
407,326,354
408,327,354
409,327,354
410,327,354
411,327,354
412,327,354
413,327,354
414,327,354
415,327,354
416,327,354
417,327,354
418,327,353
419,327,353
420,327,353
421,327,353
422,327,353
423,327,353
424,327,353
425,327,353
426,327,353
427,327,353
428,327,353
429,327,353
430,327,353
431,327,352
432,327,352
433,327,352
434,327,352
435,327,352
436,327,352
437,327,352
438,327,352
439,328,352
440,328,352
441,328,352
442,328,352
443,328,351
444,328,351
445,328,351
446,328,351
447,328,351
448,328,351
449,328,351
450,328,351
451,329,351
452,329,350
453,329,350
454,329,350
455,329,350
456,330,350
457,330,349
458,330,349
459,330,349
460,331,349
461,331,348
462,331,348
463,332,348
464,332,347
465,332,347
466,333,346
467,333,346
468,334,345
469,335,344
470,335,344
471,337,342
472,340,340
0,0
0,68
260,278,284
261,277,292
262,277,299
263,277,306
264,278,312
265,278,318
266,278,324
267,279,329
268,279,334
269,280,340
270,281,345
271,282,350
272,284,354
273,286,359
274,288,363
275,291,367
276,294,371
277,296,374
278,299,378
279,301,381
280,304,383
281,306,386
282,309,389
283,311,391
284,313,393
285,316,395
286,318,397
287,321,399
288,323,400
289,325,401
290,327,403
291,330,404
292,332,405
293,334,406
294,337,407
295,339,408
296,341,409
297,343,409
298,346,410
299,348,411
300,350,412
301,352,412
302,354,413
303,356,414
304,359,414
305,361,415
306,363,416
307,365,416
308,367,417
309,369,417
310,371,418
311,374,418
312,376,419
313,378,419
314,380,419
315,382,419
316,384,419
317,386,419
318,388,419
319,390,419
320,392,419
321,394,419
322,396,418
323,398,418
324,400,417
325,402,416
326,404,414
327,408,412
0,0
