1,126
37,190,191
38,189,192
39,188,193
40,188,194
41,187,194
42,187,195
43,187,195
44,187,196
45,187,196
46,186,197
47,186,197
48,186,198
49,186,198
50,186,198
51,186,199
52,186,199
53,186,199
54,185,200
55,185,200
56,185,200
57,185,200
58,185,200
59,185,201
60,185,201
61,185,201
62,184,201
63,184,201
64,184,201
65,184,201
66,184,201
67,184,201
68,184,202
69,183,201
70,183,201
71,183,201
72,183,201
73,183,201
74,182,201
75,182,201
76,182,201
77,182,201
78,182,200
79,182,200
80,181,200
81,181,200
82,181,200
83,181,199
84,181,199
85,180,199
86,180,199
87,180,198
88,180,198
89,179,198
90,179,198
91,179,198
92,179,197
93,178,197
94,178,197
95,178,197
96,178,197
97,177,196
98,177,196
99,177,196
100,177,196
101,176,195
102,176,195
103,176,195
104,175,195
105,175,195
106,175,194
107,174,194
108,174,194
109,174,194
110,174,193
111,173,193
112,173,193
113,173,193
114,172,193
115,172,192
116,172,192
117,171,192
118,171,192
119,171,192
120,170,191
121,170,191
122,170,191
123,169,191
124,169,191
125,169,190
126,168,190
127,168,190
128,168,190
129,168,189
130,167,189
131,167,189
132,167,189
133,167,189
134,167,188
135,167,188
136,167,188
137,167,188
138,167,188
139,167,187
140,166,187
141,167,187
142,167,187
143,167,186
144,167,186
145,167,186
146,168,186
147,168,185
148,168,185
149,168,185
150,168,185
151,169,184
152,169,184
153,169,184
154,170,184
155,170,183
156,171,183
157,171,183
158,172,182
159,172,182
160,173,182
161,174,181
162,175,179
0,0
0,398
52,91,96
53,89,99
54,87,101
55,86,104
56,86,106
57,85,107
58,85,109
59,84,111
60,84,112
61,84,114
62,84,116
63,85,117
64,85,119
65,85,120
66,86,121
67,86,123
68,87,124
69,88,125
70,88,127
71,89,128
72,90,129
73,90,130
74,91,131
75,91,132
76,92,133
77,92,133
78,93,134
79,93,134
80,94,134
81,94,134
82,94,134
83,95,134
84,95,134
85,96,134
86,96,133
87,96,133
88,97,133
89,97,132
90,97,132
91,98,131
92,98,131
93,98,131
94,98,131
95,99,130
96,99,130
97,99,130
98,99,130
99,100,130
100,100,129
101,100,129
102,100,129
103,100,129
104,100,129
105,101,129
106,101,129
107,101,128
108,101,128
109,101,128
110,101,128
111,101,128
112,101,128
113,101,128
114,101,128
115,101,127
116,102,127
117,102,127
118,102,127
119,102,127
120,102,127
121,102,127
122,102,127
123,102,127
124,102,127
125,102,127
126,102,126
127,102,126
128,102,126
129,102,126
130,102,126
131,102,126
132,102,126
133,102,126
134,102,126
135,102,126
136,102,126
137,102,126
138,102,125
139,102,125
140,102,125
141,102,125
142,102,125
143,102,125
144,102,125
145,102,125
146,102,125
147,102,125
148,102,125
149,102,125
150,102,125
151,102,125
152,102,125
153,102,125
154,102,125
155,102,125
156,102,124
157,102,124
158,102,124
159,102,124
160,102,124
161,102,124
162,102,124
163,102,124
164,102,124
165,102,124
166,102,124
167,102,124
168,102,124
169,102,124
170,102,124
171,102,124
172,102,124
173,102,124
174,102,124
175,102,124
176,102,124
177,102,124
178,102,124
179,102,124
180,102,124
181,102,123
182,102,123
183,102,123
184,102,123
185,102,123
186,102,123
187,102,123
188,102,123
189,102,123
190,102,123
191,102,123
192,102,123
193,102,123
194,102,123
195,102,123
196,102,123
197,102,123
198,102,123
199,102,123
200,102,123
201,102,123
202,102,123
203,102,123
204,102,123
205,102,123
206,102,123
207,102,123
208,102,123
209,102,123
210,102,123
211,102,123
212,102,123
213,102,123
214,102,123
215,102,123
216,102,123
217,102,123
218,102,123
219,102,123
220,102,123
221,102,123
222,102,122
223,102,122
224,102,122
225,102,122
226,102,122
227,102,122
228,102,122
229,102,122
230,102,122
231,102,122
232,102,122
233,102,122
234,102,122
235,102,122
236,101,122
237,101,122
238,101,122
239,101,122
240,101,122
241,101,122
242,101,122
243,101,122
244,101,122
245,101,122
246,101,122
247,101,122
248,101,122
249,101,122
250,101,122
251,101,122
252,101,122
253,101,122
254,101,122
255,101,122
256,101,122
257,101,122
258,101,122
259,101,122
260,101,122
261,101,122
262,101,122
263,101,122
264,101,122
265,101,122
266,101,122
267,101,122
268,101,122
269,101,122
270,101,122
271,101,122
272,101,122
273,101,122
274,101,122
275,101,122
276,101,122
277,101,122
278,101,122
279,101,122
280,101,122
281,101,122
282,101,122
283,101,122
284,101,122
285,101,122
286,100,122
287,100,122
288,100,122
289,100,122
290,100,122
291,100,122
292,100,122
293,100,122
294,100,122
295,100,122
296,100,122
297,100,122
298,100,122
299,100,122
300,100,122
301,100,122
302,100,122
303,100,122
304,100,122
305,100,122
306,100,122
307,100,122
308,100,122
309,100,122
310,100,122
311,100,122
312,100,122
313,100,122
314,100,122
315,100,122
316,100,122
317,99,122
318,99,122
319,99,122
320,99,122
321,99,122
322,99,122
323,99,122
324,99,122
325,99,122
326,99,122
327,99,122
328,99,122
329,99,122
330,99,122
331,99,122
332,99,122
333,98,122
334,98,122
335,98,122
336,98,122
337,98,122
338,98,122
339,98,122
340,98,122
341,98,122
342,98,122
343,98,122
344,97,122
345,97,122
346,97,122
347,97,122
348,97,122
349,97,122
350,97,122
351,97,122
352,97,122
353,96,122
354,96,122
355,96,122
356,96,122
357,96,122
358,96,122
359,96,121
360,95,121
361,95,121
362,95,121
363,95,121
364,95,121
365,95,121
366,94,121
367,94,121
368,94,121
369,94,121
370,94,121
371,94,121
372,93,121
373,93,121
374,93,121
375,93,121
376,93,121
377,92,121
378,92,121
379,92,121
380,92,121
381,92,121
382,91,121
383,91,121
384,91,121
385,91,121
386,90,121
387,90,121
388,90,121
389,90,122
390,89,122
391,89,122
392,89,122
393,89,122
394,88,122
395,88,122
396,88,122
397,88,122
398,88,122
399,87,122
400,87,122
401,87,122
402,87,122
403,87,122
404,87,122
405,87,122
406,87,122
407,87,122
408,87,122
409,87,122
410,87,122
411,87,122
412,87,122
413,87,122
414,88,122
415,88,122
416,88,122
417,89,122
418,89,121
419,89,121
420,89,121
421,90,121
422,90,121
423,91,121
424,91,121
425,91,120
426,92,120
427,92,120
428,92,120
429,93,119
430,93,119
431,94,119
432,94,118
433,94,118
434,95,117
435,95,117
436,96,116
437,96,116
438,96,116
439,97,115
440,97,114
441,98,114
442,98,113
443,99,113
444,99,112
445,100,111
446,101,111
447,102,110
448,103,108
449,106,106
0,0
0,180
189,107,107
190,105,108
191,105,109
192,104,110
193,104,111
194,103,112
195,103,112
196,103,113
197,103,113
198,102,114
199,102,114
200,102,115
201,101,115
202,101,115
203,101,116
204,100,116
205,100,116
206,100,117
207,100,117
208,99,117
209,99,117
210,99,117
211,98,117
212,98,118
213,98,118
214,97,118
215,97,118
216,97,118
217,96,118
218,96,118
219,96,117
220,95,117
221,95,117
222,94,117
223,94,117
224,94,116
225,93,116
226,93,116
227,93,115
228,92,115
229,92,114
230,92,114
231,91,114
232,91,113
233,90,113
234,90,112
235,90,112
236,89,112
237,89,111
238,88,111
239,88,110
240,88,110
241,87,110
242,87,109
243,86,109
244,86,108
245,85,108
246,85,108
247,85,107
248,84,107
249,84,106
250,83,106
251,83,105
252,82,105
253,82,104
254,81,104
255,81,103
256,81,103
257,80,102
258,80,102
259,79,102
260,79,101
261,78,101
262,78,100
263,77,100
264,77,99
265,76,99
266,76,98
267,75,98
268,75,97
269,74,97
270,74,96
271,73,96
272,73,95
273,72,95
274,72,94
275,71,94
276,71,93
277,70,93
278,69,92
279,69,91
280,68,91
281,68,90
282,67,90
283,67,89
284,66,89
285,66,88
286,65,88
287,64,87
288,64,86
289,63,86
290,63,85
291,62,85
292,62,84
293,61,83
294,60,83
295,60,82
296,59,81
297,59,81
298,58,80
299,57,80
300,57,79
301,56,78
302,56,77
303,55,77
304,54,76
305,54,75
306,53,75
307,53,74
308,52,73
309,51,73
310,51,72
311,50,71
312,50,70
313,49,70
314,48,69
315,48,68
316,47,68
317,46,67
318,46,66
319,45,65
320,45,65
321,44,64
322,43,63
323,43,62
324,42,62
325,41,61
326,41,60
327,40,59
328,40,58
329,39,58
330,38,57
331,38,56
332,37,55
333,36,54
334,36,53
335,35,53
336,34,52
337,34,51
338,33,50
339,33,49
340,32,48
341,31,48
342,30,47
343,30,46
344,29,45
345,28,44
346,28,43
347,27,42
348,27,41
349,26,41
350,25,40
351,25,39
352,24,38
353,23,37
354,23,36
355,22,35
356,21,34
357,21,33
358,20,32
359,19,31
360,19,30
361,18,29
362,17,29
363,17,28
364,16,27
365,16,26
366,16,24
367,16,23
368,17,20
0,0
0,46
222,117,121
223,116,125
224,116,127
225,116,130
226,116,132
227,116,134
228,116,136
229,116,138
230,117,140
231,118,142
232,118,144
233,119,145
234,120,147
235,121,149
236,121,150
237,122,152
238,123,153
239,124,154
240,125,155
241,126,156
242,127,157
243,128,158
244,129,158
245,130,159
246,131,159
247,131,159
248,132,160
249,133,160
250,134,160
251,135,160
252,136,160
253,137,160
254,138,160
255,138,160
256,139,160
257,140,160
258,141,160
259,142,160
260,143,160
261,143,160
262,144,160
263,145,159
264,146,159
265,147,158
266,149,157
267,151,154
0,0
0,97
58,229,229
59,224,238
60,221,243
61,220,247
62,219,249
63,219,252
64,219,254
65,219,256
66,220,258
67,220,259
68,221,260
69,221,262
70,222,262
71,222,263
72,222,263
73,223,263
74,223,263
75,223,263
76,223,263
77,223,262
78,223,261
79,223,261
80,222,260
81,222,259
82,222,257
83,222,256
84,221,255
85,221,254
86,221,254
87,221,253
88,220,252
89,220,251
90,220,250
91,219,249
92,219,249
93,219,248
94,218,247
95,218,247
96,218,246
97,218,245
98,217,245
99,217,244
100,217,243
101,216,242
102,216,241
103,216,241
104,215,240
105,215,239
106,215,238
107,214,238
108,214,237
109,213,236
110,213,236
111,213,235
112,212,234
113,212,233
114,211,233
115,211,232
116,210,231
117,210,231
118,209,230
119,209,229
120,209,228
121,208,228
122,208,227
123,207,226
124,207,225
125,206,225
126,206,224
127,206,223
128,205,222
129,205,222
130,204,221
131,204,220
132,203,219
133,203,218
134,203,217
135,202,217
136,202,216
137,201,215
138,201,214
139,200,213
140,200,212
141,200,212
142,199,211
143,199,210
144,198,209
145,198,208
146,197,207
147,197,206
148,197,206
149,196,205
150,196,204
151,196,203
152,196,202
153,197,200
154,198,198
0,0
0,106
144,167,167
145,165,173
146,163,178
147,162,182
148,162,185
149,162,187
150,162,189
151,163,190
152,163,191
153,164,191
154,164,191
155,165,192
156,165,192
157,166,192
158,166,192
159,167,192
160,167,192
161,167,192
162,168,193
163,168,193
164,169,193
165,169,193
166,169,193
167,170,193
168,170,193
169,171,194
170,171,194
171,171,194
172,172,194
173,172,194
174,172,194
175,173,194
176,173,195
177,173,195
178,174,195
179,174,195
180,175,195
181,175,195
182,175,196
183,175,196
184,176,196
185,176,196
186,176,196
187,177,196
188,177,197
189,177,197
190,177,197
191,178,197
192,178,197
193,178,197
194,178,198
195,179,198
196,179,198
197,179,198
198,179,198
199,179,199
200,180,199
201,180,199
202,180,199
203,180,199
204,180,200
205,181,200
206,181,200
207,181,200
208,181,200
209,181,200
210,182,200
211,182,201
212,182,201
213,182,201
214,182,201
215,182,201
216,183,201
217,183,202
218,183,202
219,183,202
220,183,202
221,184,202
222,184,202
223,184,202
224,184,202
225,185,203
226,185,203
227,185,203
228,185,203
229,186,203
230,186,203
231,186,203
232,187,203
233,187,203
234,187,203
235,188,203
236,188,203
237,189,203
238,189,203
239,190,203
240,190,203
241,191,203
242,191,203
243,192,203
244,193,203
245,194,202
246,195,202
247,196,202
248,197,201
249,200,200
0,0
1,94
172,151,152
173,150,153
174,150,154
175,149,155
176,149,155
177,149,156
178,149,156
179,149,157
180,149,157
181,148,158
182,148,158
183,148,159
184,148,159
185,148,159
186,147,159
187,147,160
188,147,160
189,147,160
190,146,160
191,146,160
192,146,161
193,146,160
194,145,160
195,145,160
196,145,160
197,145,159
198,144,159
199,144,159
200,144,158
201,144,158
202,143,157
203,143,157
204,143,157
205,142,156
206,142,156
207,142,156
208,142,155
209,141,155
210,141,155
211,141,154
212,140,154
213,140,154
214,140,154
215,139,153
216,139,153
217,139,153
218,139,152
219,138,152
220,138,152
221,138,152
222,137,151
223,137,151
224,137,151
225,137,151
226,136,150
227,136,150
228,136,150
229,136,150
230,135,149
231,135,149
232,135,149
233,135,149
234,134,149
235,134,148
236,134,148
237,134,148
238,133,148
239,133,148
240,133,147
241,133,147
242,133,147
243,132,147
244,132,147
245,132,147
246,132,146
247,131,146
248,131,146
249,131,146
250,131,146
251,130,146
252,130,145
253,130,145
254,130,145
255,129,145
256,129,145
257,129,145
258,129,145
259,128,145
260,128,145
261,128,145
262,127,145
263,127,145
264,131,145
265,139,145
0,114
125,270,270
126,265,275
127,263,279
128,263,282
129,263,284
130,263,286
131,264,288
132,264,290
133,264,292
134,264,294
135,264,296
136,264,298
137,264,299
138,264,301
139,265,302
140,265,304
141,265,305
142,265,306
143,265,307
144,265,308
145,265,309
146,266,309
147,267,310
148,267,310
149,267,310
150,267,310
151,267,309
152,267,309
153,268,308
154,268,308
155,268,307
156,268,306
157,268,305
158,268,304
159,268,303
160,268,302
161,267,301
162,267,300
163,267,299
164,267,299
165,267,298
166,267,297
167,267,297
168,267,296
169,267,295
170,267,295
171,267,294
172,267,294
173,267,293
174,266,293
175,266,292
176,266,292
177,266,292
178,266,291
179,266,291
180,266,290
181,266,290
182,266,290
183,265,289
184,265,289
185,265,289
186,265,289
187,265,288
188,265,288
189,265,288
190,264,287
191,264,287
192,264,287
193,264,287
194,264,287
195,264,286
196,264,286
197,263,286
198,263,286
199,263,285
200,263,285
201,263,285
202,263,285
203,263,285
204,262,284
205,262,284
206,262,284
207,262,284
208,262,283
209,261,283
210,261,283
211,261,283
212,261,282
213,261,282
214,260,282
215,260,281
216,260,281
217,259,281
218,259,281
219,259,280
220,259,280
221,258,280
222,258,279
223,258,279
224,258,279
225,258,278
226,258,278
227,258,277
228,258,277
229,258,277
230,259,276
231,259,275
232,259,275
233,260,274
234,260,274
235,261,273
236,262,272
237,263,270
238,266,266
0,0
1,64
187,192,193
188,191,194
189,191,195
190,190,196
191,190,197
192,189,197
193,189,197
194,188,198
195,187,198
196,187,198
197,187,198
198,186,198
199,185,198
200,185,198
201,184,197
202,184,197
203,183,197
204,183,197
205,182,197
206,182,197
207,182,197
208,181,196
209,181,196
210,180,196
211,180,196
212,180,196
213,180,195
214,179,195
215,179,195
216,179,195
217,178,195
218,178,195
219,178,194
220,178,194
221,178,194
222,177,194
223,177,194
224,177,193
225,177,193
226,177,193
227,177,193
228,177,193
229,177,193
230,176,192
231,177,192
232,177,192
233,177,192
234,177,192
235,177,192
236,177,191
237,177,191
238,177,191
239,178,191
240,178,191
241,178,191
242,179,190
243,179,190
244,179,190
245,180,190
246,180,189
247,181,189
248,182,188
249,183,188
250,185,187
0,0
1,75
191,230,231
192,229,232
193,229,233
194,228,234
195,228,235
196,228,235
197,228,235
198,227,235
199,227,235
200,227,235
201,226,235
202,226,236
203,226,236
204,225,235
205,225,235
206,225,235
207,224,235
208,224,235
209,224,235
210,223,235
211,223,234
212,223,234
213,222,234
214,222,234
215,222,234
216,222,234
217,221,234
218,221,234
219,221,233
220,220,233
221,220,233
222,220,233
223,219,233
224,219,233
225,219,232
226,218,232
227,218,232
228,218,232
229,218,232
230,217,232
231,217,231
232,217,231
233,217,231
234,216,231
235,216,231
236,216,231
237,216,231
238,216,230
239,215,230
240,215,230
241,215,230
242,215,230
243,215,230
244,215,230
245,215,229
246,215,229
247,215,229
248,215,229
249,215,229
250,215,229
251,215,229
252,215,228
253,216,228
254,216,228
255,216,228
256,216,228
257,217,228
258,217,228
259,218,228
260,218,227
261,219,227
262,219,227
263,220,226
264,222,226
265,223,225
0,0
0,37
247,212,212
248,210,214
249,209,216
250,209,218
251,209,220
252,209,221
253,209,223
254,209,224
255,209,226
256,210,227
257,210,229
258,211,230
259,211,231
260,212,232
261,212,233
262,213,234
263,213,235
264,214,236
265,214,236
266,215,237
267,216,237
268,216,238
269,217,238
270,217,238
271,218,238
272,218,238
273,219,238
274,220,238
275,220,238
276,221,238
277,222,238
278,223,237
279,223,237
280,224,236
281,226,236
282,227,235
283,229,233
0,0
1,139
147,293,294
148,293,295
149,292,296
150,292,297
151,291,298
152,291,298
153,291,299
154,291,300
155,291,300
156,290,301
157,290,302
158,290,302
159,290,303
160,290,303
161,290,304
162,290,304
163,289,304
164,289,305
165,289,305
166,289,305
167,289,306
168,289,305
169,289,305
170,288,305
171,288,305
172,288,305
173,288,304
174,288,304
175,288,304
176,288,304
177,287,304
178,287,303
179,287,303
180,287,303
181,287,303
182,287,302
183,287,302
184,287,302
185,286,302
186,286,302
187,286,301
188,286,301
189,286,301
190,286,301
191,285,300
192,285,300
193,285,300
194,285,300
195,285,300
196,285,299
197,284,299
198,284,299
199,284,299
200,284,299
201,284,298
202,284,298
203,283,298
204,283,298
205,283,298
206,283,297
207,282,297
208,282,297
209,282,297
210,282,297
211,282,296
212,281,296
213,281,296
214,281,296
215,281,296
216,280,295
217,280,295
218,280,295
219,280,295
220,280,295
221,279,294
222,279,294
223,279,294
224,278,294
225,278,294
226,278,294
227,278,293
228,277,293
229,277,293
230,277,293
231,277,293
232,276,293
233,276,292
234,276,292
235,276,292
236,275,292
237,275,292
238,275,292
239,275,291
240,274,291
241,274,291
242,274,291
243,273,291
244,273,291
245,273,290
246,273,290
247,272,290
248,272,290
249,272,290
250,272,289
251,271,289
252,271,289
253,271,289
254,270,289
255,270,289
256,270,289
257,270,288
258,270,288
259,270,288
260,269,288
261,269,288
262,269,288
263,269,287
264,269,287
265,269,287
266,269,287
267,270,287
268,270,287
269,270,287
270,270,286
271,271,286
272,271,286
273,271,286
274,272,286
275,272,286
276,272,286
277,273,286
278,273,286
279,274,286
280,274,285
281,275,285
282,275,285
283,276,284
284,276,283
285,277,282
0,0
1,81
201,308,311
202,307,313
203,307,314
204,307,316
205,308,317
206,308,318
207,308,319
208,308,320
209,309,321
210,309,321
211,309,322
212,310,322
213,310,323
214,310,323
215,310,323
216,310,323
217,311,324
218,311,324
219,311,324
220,311,324
221,311,324
222,311,324
223,311,324
224,312,324
225,312,324
226,312,324
227,312,324
228,312,324
229,312,324
230,312,325
231,312,325
232,312,325
233,312,325
234,312,326
235,312,326
236,312,326
237,312,326
238,312,327
239,312,327
240,312,328
241,312,329
242,311,330
243,311,348
244,311,347
245,311,347
246,311,347
247,310,347
248,311,347
249,311,347
250,311,347
251,311,347
252,311,347
253,311,347
254,312,347
255,312,347
256,312,347
257,313,347
258,313,347
259,314,347
260,314,347
261,315,347
262,316,347
263,317,347
264,317,347
265,318,347
266,319,347
267,320,347
268,321,347
269,322,345
270,323,344
271,323,334
271,335,342
272,324,334
272,335,341
273,326,334
273,335,340
274,327,339
275,328,338
276,329,337
277,330,336
278,333,334
0,67
348,243,267
349,243,267
350,242,266
351,242,266
352,242,266
353,242,265
354,242,265
355,241,264
356,241,264
357,241,264
358,241,263
359,240,263
360,240,263
361,240,262
362,239,262
363,239,262
364,239,262
365,238,261
366,238,261
367,238,261
368,237,260
369,237,260
370,237,260
371,236,260
372,236,259
373,236,259
374,235,259
375,235,259
376,234,258
377,234,258
378,234,258
379,233,257
380,233,257
381,232,257
382,232,257
383,232,256
384,231,256
385,231,256
386,230,256
387,230,255
388,229,255
389,229,255
390,228,254
391,228,254
392,227,254
393,227,254
394,226,253
395,226,253
396,225,253
397,225,252
398,224,252
399,223,252
400,222,251
401,221,251
402,220,250
403,219,250
404,218,250
405,216,249
406,219,249
407,223,248
408,226,248
409,230,248
410,233,247
411,237,247
412,240,246
413,244,246
414,246,246
1,72
246,414,414
245,414,415
244,413,417
243,413,418
242,413,420
241,413,421
240,412,423
239,412,424
238,412,425
237,411,426
236,411,427
235,411,428
234,411,429
233,410,430
232,410,431
231,410,431
230,409,432
229,409,433
228,409,434
227,409,435
226,408,435
225,408,436
224,408,436
223,407,437
222,407,438
221,407,438
220,407,439
219,406,439
218,406,440
217,406,440
216,405,441
215,405,441
214,406,441
213,406,441
212,406,440
212,406,442
211,406,440
211,406,441
210,406,440
210,406,441
209,406,440
209,406,441
208,406,440
208,405,441
207,405,440
206,405,439
205,404,438
204,404,437
203,404,435
202,403,432
201,403,429
200,402,426
199,402,424
198,401,422
197,401,420
196,401,419
195,400,417
194,400,416
193,399,414
192,399,413
191,398,411
190,398,410
189,397,409
188,397,407
187,397,406
186,396,405
185,396,404
184,396,403
183,396,402
182,396,402
181,396,400
180,397,399
0,0
0,118
290,201,201
291,199,206
292,197,208
293,197,210
294,197,212
295,197,213
296,198,214
297,198,215
298,198,216
299,198,216
300,199,217
301,199,218
302,199,219
303,199,219
304,199,220
305,199,220
306,198,221
307,198,221
308,198,222
309,198,222
310,198,222
311,197,222
312,197,223
313,197,222
314,196,222
315,196,222
316,196,221
317,195,220
318,195,220
319,195,219
320,194,218
321,194,217
322,193,217
323,193,216
324,193,216
325,192,215
326,192,214
327,191,214
328,191,213
329,190,212
330,190,212
331,190,211
332,189,211
333,189,210
334,188,209
335,188,209
336,187,208
337,186,207
338,186,207
339,185,206
340,185,206
341,184,205
342,183,204
343,183,203
344,182,203
345,182,202
346,181,201
347,180,201
348,180,200
349,179,199
350,178,198
351,178,198
352,177,197
353,176,196
354,176,195
355,175,195
356,174,194
357,174,193
358,173,192
359,172,191
360,171,191
361,171,190
362,170,189
363,169,188
364,168,187
365,168,187
366,167,186
367,166,185
368,165,184
369,165,183
370,164,182
371,163,181
372,162,180
373,161,180
374,161,179
375,160,178
376,159,177
377,158,176
378,157,175
379,157,174
380,156,173
381,155,172
382,154,171
383,153,170
384,152,169
385,151,168
386,150,167
387,149,166
388,149,165
389,148,164
390,147,162
391,146,161
392,145,160
393,144,159
394,143,157
395,142,156
396,141,155
397,140,153
398,139,152
399,138,150
400,137,149
401,136,147
402,135,146
403,134,144
404,134,143
405,133,141
406,134,139
407,135,136
0,0
0,212
74,346,346
75,341,354
76,339,358
77,338,360
78,337,363
79,337,365
80,337,368
81,337,370
82,337,372
83,338,374
84,338,375
85,339,377
86,339,378
87,340,379
88,341,380
89,341,381
90,342,382
91,342,382
92,343,383
93,343,383
94,344,383
95,344,383
96,344,383
97,344,383
98,345,383
99,345,382
100,345,382
101,345,381
102,345,381
103,345,380
104,346,380
105,346,379
106,346,378
107,346,378
108,346,378
109,346,377
110,346,377
111,346,376
112,346,376
113,346,375
114,345,375
115,345,375
116,345,374
117,345,374
118,345,373
119,345,373
120,345,373
121,345,372
122,345,372
123,345,372
124,344,371
125,344,371
126,344,371
127,344,370
128,344,370
129,344,369
130,343,369
131,343,369
132,343,369
133,343,368
134,343,368
135,342,367
136,342,367
137,342,367
138,342,367
139,342,366
140,341,366
141,341,366
142,341,365
143,340,365
144,340,365
145,340,364
146,340,364
147,340,364
148,339,363
149,339,363
150,339,363
151,338,362
152,338,362
153,338,362
154,338,361
155,337,361
156,337,361
157,337,360
158,336,360
159,336,360
160,336,360
161,336,359
162,335,359
163,335,359
164,335,358
165,334,358
166,334,357
167,334,357
168,333,357
169,333,356
170,333,356
171,333,356
172,332,355
173,332,355
174,332,355
175,331,354
176,331,354
177,331,353
178,330,353
179,330,353
180,330,352
181,329,352
182,329,352
183,328,351
184,328,351
185,328,350
186,327,350
187,327,350
188,327,349
189,326,349
190,326,348
191,326,348
192,325,347
193,325,347
194,325,347
195,324,346
196,324,346
197,323,345
198,323,345
199,323,345
200,322,344
201,322,344
202,322,343
203,321,343
204,321,342
205,320,342
206,320,342
207,320,341
208,319,341
209,319,340
210,318,340
211,318,339
212,318,339
213,317,338
214,317,338
215,317,337
216,316,337
217,316,336
218,315,336
219,315,336
220,315,335
221,314,335
222,314,334
223,313,334
224,313,333
225,312,333
226,312,332
227,312,332
228,311,331
229,311,330
230,310,330
231,310,329
232,309,329
233,309,328
234,309,328
235,308,327
236,308,327
237,307,326
238,307,326
239,306,325
240,306,325
241,306,324
242,305,323
243,305,323
244,304,322
245,304,322
246,303,321
247,303,321
248,302,320
249,302,319
250,302,319
251,301,318
252,301,318
253,300,317
254,300,316
255,299,316
256,299,315
257,298,315
258,298,314
259,297,313
260,297,313
261,296,312
262,296,311
263,295,311
264,295,310
265,294,309
266,294,309
267,294,308
268,293,307
269,293,306
270,292,306
271,292,305
272,291,304
273,291,304
274,290,303
275,290,302
276,289,301
277,289,301
278,288,300
279,288,299
280,288,298
281,287,297
282,287,296
283,287,294
284,287,293
285,288,290
0,0
1,121
324,224,225
325,223,226
326,222,227
327,222,227
328,221,228
329,221,228
330,220,229
331,220,229
332,220,230
333,219,230
334,219,230
335,219,231
336,219,231
337,218,231
338,218,232
339,218,232
340,218,232
341,218,232
342,217,232
343,217,233
344,217,233
345,217,233
346,217,233
347,216,233
348,216,233
349,216,234
350,216,234
351,215,234
352,215,234
353,215,234
354,215,234
355,214,234
356,214,234
357,214,234
358,214,234
359,213,234
360,213,234
361,213,234
362,213,233
363,212,233
364,212,233
365,212,233
366,211,233
367,211,233
368,211,232
369,211,232
370,210,232
371,210,232
372,209,231
373,209,231
374,209,231
375,208,230
376,208,230
377,208,230
378,207,229
379,207,229
380,207,229
381,206,229
382,206,228
383,206,228
384,205,228
385,205,227
386,204,227
387,204,227
388,204,226
389,203,226
390,203,226
391,202,226
392,202,225
393,202,225
394,201,225
395,201,224
396,200,224
397,200,224
398,199,223
399,199,223
400,198,223
401,198,222
402,198,222
403,197,222
404,197,221
405,196,221
406,196,221
407,196,221
408,196,220
409,195,220
410,195,220
411,195,219
412,195,219
413,195,219
414,195,218
415,194,218
416,194,218
417,194,218
418,194,217
419,194,217
420,194,217
421,194,216
422,194,216
423,194,216
424,194,215
425,194,215
426,194,215
427,195,214
428,195,214
429,195,214
430,195,213
431,195,213
432,195,213
433,195,212
434,196,212
435,196,212
436,196,211
437,197,211
438,197,211
439,197,210
440,198,210
441,198,209
442,199,209
443,200,208
444,201,207
0,0
0,211
220,373,373
221,370,379
222,367,382
223,366,384
224,365,386
225,364,388
226,364,389
227,364,391
228,364,393
229,364,394
230,365,396
231,365,397
232,366,399
233,366,400
234,367,402
235,367,403
236,367,404
237,368,404
238,368,405
239,368,406
240,369,406
241,369,406
242,369,406
243,369,406
244,369,406
245,370,405
246,370,405
247,370,404
248,370,404
249,370,403
250,370,403
251,370,402
252,370,402
253,370,401
254,370,401
255,370,400
256,370,400
257,369,399
258,369,399
259,369,399
260,369,398
261,369,398
262,369,398
263,369,397
264,369,397
265,369,396
266,369,396
267,369,396
268,369,396
269,369,395
270,369,395
271,368,395
272,368,395
273,368,394
274,368,394
275,368,394
276,368,394
277,368,394
278,368,393
279,368,393
280,368,393
281,368,393
282,368,392
283,367,392
284,367,392
285,367,392
286,367,392
287,367,391
288,367,391
289,367,391
290,366,391
291,366,391
292,366,390
293,366,390
294,365,390
295,365,390
296,365,389
297,365,389
298,365,389
299,364,389
300,364,389
301,364,388
302,364,388
303,363,388
304,363,388
305,363,388
306,362,387
307,362,387
308,362,387
309,361,387
310,361,387
311,361,386
312,360,386
313,360,386
314,360,386
315,359,385
316,359,385
317,359,385
318,358,385
319,358,384
320,358,384
321,357,384
322,357,383
323,357,383
324,356,383
325,356,382
326,356,382
327,355,382
328,355,381
329,354,381
330,354,380
331,353,380
332,353,380
333,353,379
334,352,379
335,352,378
336,351,378
337,351,377
338,351,377
339,350,376
340,350,376
341,349,375
342,349,375
343,348,374
344,348,374
345,347,373
346,347,372
347,346,372
348,346,371
349,345,371
350,345,370
351,344,370
352,344,369
353,343,369
354,343,368
355,342,367
356,342,367
357,341,366
358,340,366
359,340,365
360,339,365
361,339,364
362,338,364
363,337,363
364,337,362
365,336,362
366,335,361
367,335,361
368,334,360
369,333,360
370,333,359
371,332,359
372,331,358
373,330,357
374,330,357
375,329,356
376,328,355
377,327,355
378,326,354
379,325,353
380,325,353
381,324,352
382,323,351
383,322,350
384,321,349
385,320,348
386,319,347
387,318,346
388,317,345
389,316,344
390,315,343
391,314,342
392,313,341
393,312,340
394,311,339
395,310,338
396,309,337
397,308,336
398,306,334
399,305,333
400,304,332
401,302,331
402,301,329
403,300,328
404,298,327
405,297,325
406,295,324
407,294,323
408,293,321
409,291,320
410,290,318
411,288,317
412,287,315
413,285,313
414,284,312
415,282,310
416,281,308
417,279,307
418,278,304
419,276,303
420,275,301
421,273,299
422,272,296
423,270,294
424,269,292
425,268,290
426,266,287
427,265,283
428,265,280
429,266,276
430,269,269
0,0
1,178
297,271,274
298,270,275
299,270,276
300,270,276
301,269,277
302,269,278
303,269,279
304,269,281
305,269,282
306,269,283
307,270,284
308,270,285
309,270,287
310,270,288
311,270,290
312,271,291
313,271,293
314,272,294
315,273,296
316,274,297
317,275,299
318,276,300
319,277,302
320,278,304
321,279,305
322,281,307
323,282,309
324,283,311
325,285,313
326,286,314
327,287,316
328,289,318
329,290,320
330,292,322
331,293,324
332,295,326
333,296,328
334,298,330
335,299,332
336,301,334
337,303,336
338,304,337
339,306,339
340,307,341
341,309,343
342,310,345
343,312,347
344,314,349
345,315,351
346,317,353
347,318,355
348,320,357
349,322,359
350,323,360
351,324,363
352,326,364
353,327,366
354,329,368
355,330,370
356,332,371
357,333,373
358,335,375
359,336,377
360,338,379
361,339,381
362,340,382
363,342,384
364,343,386
365,344,388
366,346,389
367,347,391
368,348,393
369,350,395
370,351,396
371,352,398
372,354,399
373,355,401
374,356,403
375,357,404
376,358,406
377,360,407
378,361,409
379,362,411
380,363,412
381,364,414
382,365,415
383,366,416
384,367,418
385,368,419
386,369,420
387,370,422
388,371,423
389,372,424
390,373,425
391,374,426
392,376,427
393,377,428
394,377,429
395,378,430
396,380,431
397,381,432
398,381,432
399,383,433
400,384,434
401,384,434
402,385,434
403,386,435
404,387,435
405,388,435
406,389,435
407,390,435
408,391,436
409,392,436
410,393,436
411,393,436
412,394,436
413,395,436
414,396,436
415,397,436
416,397,436
417,398,436
418,399,437
419,400,437
420,401,437
421,401,437
422,402,437
423,403,437
424,403,437
425,404,437
426,405,437
427,406,437
428,406,437
429,407,437
430,408,438
431,408,438
432,409,438
433,410,438
434,410,438
435,411,438
436,411,438
437,412,438
438,413,438
439,413,438
440,414,438
441,414,438
442,415,438
443,415,438
444,416,439
445,417,439
446,417,439
447,418,439
448,418,439
449,419,439
450,419,439
451,420,439
452,420,439
453,421,439
454,422,439
455,422,439
456,423,439
457,423,439
458,424,439
459,424,440
460,425,439
461,426,439
462,426,439
463,427,439
464,427,439
465,428,439
466,428,439
467,429,439
468,430,438
469,430,438
470,431,438
471,432,438
472,432,437
473,433,437
474,434,436
0,0
