1,143
94,95,96
95,94,97
96,93,98
97,93,98
98,93,99
99,92,100
100,92,100
101,92,101
102,92,101
103,92,102
104,92,102
105,91,102
106,91,103
107,91,103
108,91,103
109,91,104
110,91,104
111,91,104
112,91,104
113,90,105
114,90,105
115,90,105
116,90,105
117,90,105
118,90,105
119,90,106
120,90,106
121,89,106
122,89,106
123,89,106
124,89,106
125,89,106
126,89,106
127,89,105
128,88,105
129,88,105
130,88,105
131,88,105
132,88,105
133,88,105
134,87,104
135,87,104
136,87,104
137,87,104
138,87,104
139,87,103
140,86,103
141,86,103
142,86,103
143,86,103
144,85,102
145,85,102
146,85,102
147,85,102
148,85,101
149,84,101
150,84,101
151,84,101
152,84,101
153,84,100
154,83,100
155,83,100
156,83,100
157,83,99
158,82,99
159,82,99
160,82,99
161,81,99
162,81,98
163,81,98
164,81,98
165,80,98
166,80,98
167,80,97
168,80,97
169,79,97
170,79,97
171,79,97
172,79,96
173,78,96
174,78,96
175,78,96
176,77,95
177,77,95
178,77,95
179,76,95
180,76,95
181,76,94
182,76,94
183,75,94
184,75,94
185,75,94
186,74,93
187,74,93
188,74,93
189,73,93
190,73,92
191,73,92
192,72,92
193,72,92
194,72,92
195,71,91
196,71,91
197,71,91
198,70,91
199,70,90
200,70,90
201,69,90
202,69,90
203,69,90
204,68,89
205,68,89
206,68,89
207,68,89
208,68,89
209,68,88
210,67,88
211,67,88
212,67,88
213,67,87
214,67,87
215,67,87
216,67,87
217,67,86
218,67,86
219,68,86
220,68,86
221,68,85
222,68,85
223,69,85
224,69,85
225,69,84
226,69,84
227,70,84
228,70,83
229,70,83
230,71,83
231,71,83
232,72,82
233,72,82
234,73,81
235,74,81
236,75,79
0,0
0,104
33,154,160
34,151,164
35,150,167
36,149,169
37,149,171
38,149,173
39,149,175
40,149,177
41,149,178
42,150,180
43,150,181
44,151,183
45,151,184
46,152,185
47,152,186
48,153,187
49,153,188
50,154,188
51,154,188
52,154,188
53,155,188
54,155,188
55,155,187
56,155,187
57,156,187
58,156,186
59,156,186
60,156,186
61,156,185
62,157,185
63,157,185
64,157,185
65,157,185
66,157,184
67,157,184
68,157,184
69,157,184
70,158,184
71,158,184
72,158,183
73,158,183
74,158,183
75,158,183
76,158,183
77,158,183
78,158,182
79,158,182
80,158,182
81,158,182
82,158,182
83,158,182
84,158,182
85,158,182
86,158,181
87,158,181
88,159,181
89,159,181
90,159,181
91,159,181
92,159,181
93,159,180
94,159,180
95,159,180
96,159,180
97,159,180
98,159,180
99,159,179
100,159,179
101,159,179
102,159,179
103,159,179
104,159,179
105,159,179
106,159,179
107,159,178
108,159,178
109,159,178
110,159,178
111,159,178
112,159,178
113,159,177
114,159,177
115,159,177
116,159,177
117,159,177
118,159,177
119,159,177
120,159,176
121,159,176
122,159,176
123,159,176
124,159,176
125,159,176
126,159,176
127,159,175
128,159,175
129,159,175
130,159,175
131,159,175
132,159,175
133,159,172
134,159,168
135,159,164
136,159,160
0,0
1,113
109,137,139
110,136,140
111,136,141
112,136,142
113,135,142
114,135,143
115,135,144
116,135,144
117,135,145
118,134,145
119,134,146
120,134,147
121,134,147
122,134,147
123,134,148
124,133,148
125,133,148
126,133,148
127,133,149
128,133,148
129,133,148
130,132,148
131,132,148
132,132,147
133,132,147
134,132,147
135,132,147
136,131,147
137,131,146
138,131,146
139,131,146
140,131,145
141,131,145
142,130,145
143,130,145
144,130,144
145,130,144
146,130,144
147,129,144
148,129,143
149,129,143
150,129,143
151,129,143
152,128,143
153,128,142
154,128,142
155,128,142
156,127,142
157,127,141
158,127,141
159,127,141
160,126,141
161,126,140
162,126,140
163,126,140
164,125,140
165,125,140
166,125,139
167,125,139
168,124,139
169,124,139
170,124,139
171,123,138
172,123,138
173,123,138
174,123,138
175,122,138
176,122,137
177,122,137
178,121,137
179,121,137
180,121,137
181,121,136
182,120,136
183,120,136
184,120,136
185,119,136
186,119,135
187,119,135
188,118,135
189,118,135
190,118,135
191,118,134
192,117,134
193,117,134
194,117,134
195,117,134
196,116,133
197,116,133
198,116,133
199,116,133
200,115,133
201,116,133
202,116,132
203,116,132
204,116,132
205,116,132
206,116,132
207,117,131
208,117,131
209,117,131
210,118,131
211,118,131
212,118,131
213,119,131
214,119,131
215,119,131
216,120,131
217,120,130
218,121,130
219,121,129
220,122,128
221,123,127
0,0
0,92
164,68,69
165,66,71
166,65,71
167,65,73
168,65,74
169,65,75
170,65,76
171,65,77
172,65,77
173,65,78
174,65,79
175,65,80
176,65,80
177,65,81
178,65,81
179,65,82
180,65,82
181,65,82
182,65,83
183,65,83
184,65,83
185,64,83
186,64,84
187,64,84
188,63,84
189,63,84
190,63,83
191,62,83
192,62,83
193,61,82
194,60,82
195,59,82
196,59,81
197,58,81
198,57,81
199,57,80
200,56,80
201,55,79
202,54,79
203,54,79
204,53,78
205,52,78
206,51,78
207,51,77
208,50,77
209,49,77
210,48,76
211,47,76
212,47,76
213,46,75
214,45,75
215,44,75
216,43,74
217,42,74
218,42,74
219,41,73
220,41,73
221,40,73
222,40,72
223,40,72
224,40,72
225,40,71
226,40,71
227,40,71
228,40,70
229,40,70
230,40,70
231,40,69
232,41,69
233,41,68
234,41,68
235,41,68
236,42,67
237,42,67
238,42,66
239,43,66
240,43,65
241,43,65
242,44,64
243,44,64
244,44,63
245,45,63
246,45,62
247,46,61
248,46,61
249,47,60
250,47,59
251,48,59
252,49,58
253,49,57
254,50,55
255,52,52
0,0
1,152
73,181,183
74,180,184
75,180,185
76,179,186
77,179,187
78,179,188
79,179,188
80,179,189
81,178,190
82,178,190
83,178,191
84,178,191
85,178,191
86,177,192
87,177,192
88,177,192
89,177,192
90,177,192
91,177,193
92,176,192
93,176,192
94,176,192
95,176,192
96,176,192
97,176,192
98,175,192
99,175,191
100,175,191
101,175,191
102,175,191
103,174,190
104,174,190
105,174,189
106,174,189
107,174,189
108,173,188
109,173,188
110,173,188
111,173,187
112,173,187
113,172,187
114,172,186
115,172,186
116,172,186
117,172,185
118,171,185
119,171,185
120,171,184
121,171,184
122,170,184
123,170,184
124,170,183
125,170,183
126,170,183
127,169,182
128,169,182
129,169,182
130,169,182
131,169,181
132,168,181
133,168,181
134,168,181
135,168,180
136,168,180
137,167,180
138,167,180
139,167,179
140,167,179
141,166,179
142,166,179
143,166,178
144,166,178
145,166,178
146,165,178
147,165,177
148,165,177
149,165,177
150,165,177
151,164,177
152,164,176
153,164,176
154,164,176
155,164,176
156,163,175
157,163,175
158,163,175
159,163,175
160,163,175
161,162,174
162,162,174
163,162,174
164,162,174
165,162,174
166,161,173
167,161,173
168,161,173
169,161,173
170,161,173
171,160,172
172,160,172
173,160,172
174,160,172
175,160,172
176,160,171
177,159,171
178,159,171
179,159,171
180,159,171
181,159,170
182,158,170
183,158,170
184,158,170
185,158,170
186,158,169
187,157,169
188,157,169
189,157,169
190,157,169
191,157,169
192,156,168
193,156,168
194,156,168
195,156,168
196,156,168
197,155,167
198,155,167
199,155,167
200,155,167
201,155,167
202,155,167
203,154,167
204,154,166
205,154,166
206,154,166
207,154,166
208,153,166
209,153,166
210,153,166
211,153,166
212,153,166
213,152,166
214,152,166
215,152,166
216,152,165
217,152,164
218,151,162
219,151,160
220,151,158
221,151,156
222,151,154
223,151,153
224,150,151
0,60
150,224,231
151,224,235
152,223,238
153,222,240
154,222,242
155,221,244
156,221,246
157,220,247
158,220,249
159,219,250
160,219,252
161,218,254
162,218,255
163,217,257
164,216,258
165,216,259
166,215,261
167,217,262
168,219,263
169,220,264
170,221,266
171,222,267
172,222,268
173,222,268
174,222,269
175,222,268
176,222,268
177,222,267
178,221,265
179,221,264
180,221,262
181,220,260
182,220,257
183,220,255
184,219,253
185,219,251
186,219,249
187,218,247
188,218,245
189,217,243
190,217,242
191,217,240
192,216,239
193,216,237
194,216,236
195,215,234
196,215,233
197,215,232
198,214,230
199,214,229
200,214,228
201,213,227
202,213,225
203,213,224
204,212,223
205,212,222
206,212,221
207,212,219
208,212,218
209,215,215
0,0
1,144
76,246,249
77,246,250
78,245,250
79,245,251
80,245,252
81,244,252
82,244,253
83,244,254
84,244,254
85,243,255
86,243,256
87,243,256
88,243,257
89,243,258
90,243,258
91,242,259
92,242,259
93,242,260
94,242,260
95,242,260
96,241,260
97,241,261
98,241,261
99,241,261
100,241,261
101,241,261
102,240,261
103,240,260
104,240,260
105,240,260
106,240,260
107,240,260
108,239,259
109,239,259
110,239,259
111,239,259
112,239,258
113,239,258
114,238,258
115,238,257
116,238,257
117,238,257
118,238,257
119,238,256
120,237,256
121,237,256
122,237,256
123,237,255
124,236,255
125,236,255
126,236,255
127,236,254
128,236,254
129,235,254
130,235,254
131,235,254
132,235,253
133,235,253
134,234,253
135,234,253
136,234,252
137,234,252
138,233,252
139,233,252
140,233,251
141,232,251
142,232,251
143,232,251
144,232,251
145,232,250
146,231,250
147,231,250
148,231,250
149,230,249
150,230,249
151,230,249
152,230,249
153,229,249
154,229,248
155,229,248
156,228,248
157,228,248
158,228,248
159,227,247
160,227,247
161,227,247
162,227,247
163,226,247
164,226,246
165,226,246
166,225,246
167,225,246
168,225,246
169,225,245
170,224,245
171,224,245
172,224,245
173,223,244
174,223,244
175,223,244
176,222,244
177,222,244
178,222,244
179,222,243
180,221,243
181,221,243
182,221,243
183,220,243
184,220,242
185,220,242
186,220,242
187,220,242
188,219,242
189,219,241
190,219,241
191,219,241
192,218,241
193,219,241
194,219,241
195,219,240
196,219,240
197,219,240
198,220,240
199,220,240
200,220,239
201,220,239
202,220,239
203,221,239
204,221,239
205,221,239
206,222,238
207,222,238
208,222,238
209,223,238
210,223,238
211,224,238
212,224,238
213,224,237
214,225,237
215,225,237
216,226,236
217,226,236
218,228,234
219,229,232
0,0
0,152
182,139,139
183,137,142
184,136,145
185,135,146
186,135,148
187,135,149
188,135,150
189,135,151
190,135,153
191,135,154
192,136,155
193,136,156
194,136,156
195,136,157
196,136,158
197,136,159
198,136,160
199,136,161
200,136,162
201,136,162
202,136,163
203,136,164
204,135,164
205,135,165
206,135,165
207,135,165
208,135,165
209,135,165
210,134,165
211,134,165
212,134,164
213,134,164
214,133,162
215,133,161
216,133,161
217,133,160
218,133,159
219,132,158
220,132,158
221,132,157
222,131,156
223,131,156
224,131,155
225,131,155
226,130,154
227,130,153
228,130,153
229,129,152
230,129,152
231,129,151
232,128,150
233,128,150
234,128,149
235,127,149
236,127,148
237,127,148
238,126,147
239,126,147
240,126,146
241,125,146
242,125,145
243,124,145
244,124,144
245,124,144
246,123,143
247,123,142
248,122,142
249,122,141
250,122,141
251,121,140
252,121,140
253,120,139
254,120,139
255,119,138
256,119,138
257,119,137
258,118,137
259,118,136
260,117,136
261,117,135
262,116,134
263,116,134
264,115,133
265,115,133
266,114,132
267,114,132
268,114,131
269,113,131
270,113,130
271,112,130
272,112,129
273,111,129
274,111,128
275,110,128
276,110,127
277,109,127
278,108,126
279,108,126
280,107,125
281,107,125
282,106,124
283,106,124
284,105,123
285,105,123
286,104,122
287,103,122
288,103,121
289,102,121
290,102,120
291,101,120
292,100,119
293,99,119
294,99,118
295,98,118
296,97,117
297,97,117
298,96,117
299,95,116
300,94,116
301,94,115
302,93,115
303,92,114
304,91,114
305,90,114
306,89,114
307,88,119
308,87,118
309,86,117
310,86,116
311,85,116
312,84,115
313,84,114
314,84,113
315,83,112
316,83,111
317,83,111
318,83,110
319,83,109
320,84,108
321,84,107
322,84,106
323,85,106
324,85,105
325,86,104
326,86,103
327,87,102
328,87,101
329,88,101
330,89,100
331,90,99
332,91,98
333,93,97
1,126
97,333,333
98,332,332
99,331,332
100,329,331
101,328,331
102,327,330
103,326,329
104,325,329
105,323,328
106,322,328
107,321,327
108,320,327
109,319,327
110,317,326
111,316,326
112,315,325
113,314,325
114,312,324
115,311,324
116,310,324
117,309,323
118,308,323
119,307,322
120,307,322
121,307,322
122,307,321
123,306,321
124,306,321
125,306,320
126,306,320
127,305,320
128,305,319
129,305,319
130,305,319
131,305,318
132,304,318
133,304,318
134,304,317
135,304,317
136,304,317
137,303,316
138,303,316
139,303,316
140,303,315
141,302,315
142,302,315
143,302,314
144,302,314
145,301,314
146,301,314
147,301,313
148,301,313
149,301,313
150,300,313
151,300,312
152,300,312
153,300,312
154,299,311
155,299,311
156,299,311
157,299,311
158,298,310
159,298,310
160,298,310
161,298,309
162,297,309
163,297,309
164,297,309
165,297,308
166,296,308
167,296,308
168,296,308
169,296,308
170,295,307
171,295,307
172,295,307
173,295,306
174,294,306
175,294,306
176,294,306
177,294,306
178,293,305
179,293,305
180,293,305
181,292,305
182,292,304
183,292,304
184,292,304
185,291,304
186,291,304
187,291,303
188,291,303
189,290,303
190,290,303
191,290,303
192,289,302
193,289,302
194,289,302
195,289,302
196,288,302
197,288,302
198,288,301
199,287,301
200,287,301
201,287,301
202,287,301
203,287,301
204,286,301
205,286,300
206,286,300
207,286,300
208,286,300
209,286,300
210,287,300
211,287,300
212,287,300
213,287,300
214,288,300
215,288,299
216,289,299
217,289,299
218,290,299
219,291,299
220,292,298
221,293,298
222,294,297
0,0
0,194
259,158,158
260,154,161
261,153,164
262,153,166
263,152,168
264,152,169
265,153,171
266,154,172
267,154,174
268,155,175
269,155,176
270,155,177
271,156,178
272,156,179
273,156,179
274,156,180
275,156,181
276,157,181
277,157,181
278,157,181
279,157,181
280,157,181
281,157,181
282,157,181
283,157,181
284,157,180
285,157,180
286,157,180
287,157,180
288,158,180
289,158,180
290,158,180
291,158,179
292,158,179
293,158,179
294,158,179
295,158,179
296,158,179
297,158,179
298,158,179
299,158,179
300,157,179
301,157,179
302,157,179
303,157,178
304,157,178
305,157,178
306,157,178
307,157,178
308,157,178
309,157,178
310,157,178
311,157,178
312,157,178
313,157,178
314,157,178
315,157,178
316,157,178
317,157,178
318,157,178
319,157,177
320,157,177
321,157,177
322,157,177
323,157,177
324,156,177
325,156,177
326,156,177
327,156,177
328,156,177
329,156,177
330,156,177
331,156,177
332,156,177
333,156,177
334,156,177
335,156,177
336,156,177
337,156,177
338,156,177
339,156,177
340,155,177
341,155,177
342,155,177
343,155,176
344,155,176
345,155,176
346,155,176
347,155,176
348,155,176
349,155,176
350,155,176
351,155,176
352,154,176
353,154,176
354,154,176
355,154,176
356,154,176
357,154,176
358,154,176
359,154,176
360,154,176
361,154,176
362,154,176
363,154,176
364,153,176
365,153,176
366,153,176
367,153,176
368,153,176
369,153,176
370,153,176
371,153,176
372,153,176
373,153,176
374,153,176
375,152,176
376,152,176
377,152,176
378,152,176
379,152,176
380,152,175
381,152,175
382,152,175
383,151,175
384,151,175
385,151,175
386,151,175
387,151,175
388,151,175
389,151,175
390,150,175
391,150,175
392,150,175
393,150,175
394,150,175
395,150,175
396,149,175
397,149,175
398,149,175
399,149,175
400,149,175
401,148,175
402,148,175
403,148,175
404,148,175
405,147,175
406,147,175
407,147,175
408,147,175
409,146,175
410,146,175
411,146,175
412,146,175
413,146,175
414,146,175
415,146,175
416,147,175
417,147,175
418,147,175
419,147,175
420,147,175
421,147,175
422,147,175
423,148,175
424,148,175
425,148,175
426,148,175
427,149,175
428,149,175
429,149,175
430,149,175
431,150,175
432,150,175
433,151,175
434,151,175
435,152,175
436,152,175
437,152,175
438,153,174
439,154,174
440,154,174
441,155,173
442,155,173
443,156,173
444,157,172
445,157,172
446,158,171
447,159,171
448,160,170
449,161,170
450,161,169
451,163,168
452,165,166
0,0
1,181
50,371,377
51,370,379
52,369,380
53,369,381
54,369,382
55,368,383
56,368,384
57,368,384
58,368,385
59,368,386
60,368,387
61,368,388
62,368,388
63,368,389
64,368,390
65,368,390
66,368,391
67,368,392
68,368,392
69,368,393
70,367,393
71,367,394
72,367,394
73,367,395
74,367,395
75,367,396
76,367,396
77,367,396
78,367,397
79,366,397
80,366,397
81,366,397
82,366,397
83,366,396
84,366,396
85,365,396
86,365,395
87,365,394
88,365,394
89,365,393
90,365,392
91,364,392
92,364,391
93,364,391
94,364,390
95,364,390
96,364,389
97,363,389
98,363,388
99,363,388
100,363,387
101,363,387
102,362,386
103,362,386
104,362,385
105,362,385
106,361,384
107,361,384
108,361,383
109,361,383
110,361,382
111,360,382
112,360,381
113,360,381
114,360,381
115,360,380
116,359,380
117,359,379
118,359,379
119,359,378
120,358,378
121,358,378
122,358,377
123,358,377
124,357,377
125,357,376
126,357,376
127,357,375
128,356,375
129,356,375
130,356,374
131,356,374
132,355,374
133,355,373
134,355,373
135,355,373
136,355,372
137,354,372
138,354,372
139,354,371
140,354,371
141,353,371
142,353,370
143,353,370
144,353,370
145,352,369
146,352,369
147,352,369
148,352,368
149,351,368
150,351,368
151,351,367
152,351,367
153,350,367
154,350,366
155,350,366
156,350,366
157,349,365
158,349,365
159,349,365
160,349,364
161,348,364
162,348,364
163,348,363
164,348,363
165,347,363
166,347,362
167,347,362
168,346,362
169,346,361
170,346,361
171,346,361
172,346,360
173,345,360
174,345,360
175,345,359
176,344,359
177,344,359
178,344,358
179,344,358
180,343,358
181,343,357
182,343,357
183,343,357
184,342,356
185,342,356
186,342,356
187,342,355
188,341,355
189,341,354
190,341,354
191,340,354
192,340,353
193,340,353
194,340,353
195,339,352
196,339,352
197,339,352
198,339,351
199,338,351
200,338,351
201,338,350
202,338,350
203,337,350
204,337,349
205,337,349
206,336,348
207,336,348
208,336,348
209,336,347
210,335,347
211,335,346
212,335,346
213,335,345
214,334,345
215,334,345
216,334,344
217,333,344
218,333,343
219,333,343
220,333,342
221,332,342
222,332,341
223,332,341
224,332,340
225,332,340
226,331,339
227,332,338
228,332,338
229,332,337
230,333,336
0,0
0,149
87,277,283
88,275,286
89,273,289
90,273,291
91,273,294
92,272,295
93,273,297
94,273,298
95,273,300
96,274,301
97,275,302
98,276,303
99,276,304
100,277,305
101,278,305
102,278,306
103,278,306
104,278,306
105,278,306
106,278,306
107,279,306
108,279,306
109,279,305
110,279,305
111,279,305
112,279,305
113,279,305
114,279,304
115,279,304
116,279,304
117,279,304
118,279,304
119,279,304
120,280,304
121,280,304
122,280,304
123,280,304
124,280,303
125,280,303
126,280,303
127,280,303
128,280,303
129,280,303
130,280,303
131,280,303
132,280,303
133,280,303
134,280,303
135,280,303
136,280,303
137,280,303
138,280,302
139,280,302
140,280,302
141,280,302
142,280,302
143,280,302
144,280,302
145,280,302
146,280,302
147,280,301
148,280,301
149,280,301
150,280,301
151,280,301
152,279,301
153,279,300
154,279,300
155,279,300
156,279,300
157,279,300
158,279,299
159,279,299
160,279,299
161,279,299
162,279,299
163,278,298
164,278,298
165,278,298
166,278,298
167,278,298
168,278,297
169,278,297
170,277,297
171,277,297
172,277,296
173,277,296
174,277,296
175,276,295
176,276,295
177,276,295
178,276,295
179,276,294
180,275,294
181,275,294
182,275,293
183,275,293
184,274,293
185,274,292
186,274,292
187,274,292
188,273,291
189,273,291
190,273,290
191,272,290
192,272,290
193,272,289
194,271,289
195,271,288
196,271,288
197,270,288
198,270,287
199,270,287
200,269,286
201,269,286
202,269,285
203,268,285
204,268,284
205,267,284
206,267,283
207,267,283
208,266,282
209,266,282
210,265,281
211,265,280
212,264,280
213,264,279
214,263,279
215,263,278
216,263,277
217,262,276
218,262,275
219,261,275
220,261,274
221,260,273
222,260,272
223,259,271
224,259,270
225,258,269
226,258,268
227,257,268
228,257,267
229,256,266
230,256,265
231,256,264
232,255,263
233,255,261
234,255,260
235,257,257
0,0
1,66
282,102,105
283,102,106
284,101,107
285,101,108
286,101,108
287,101,109
288,100,109
289,100,110
290,100,110
291,100,111
292,99,111
293,99,111
294,99,112
295,99,112
296,98,112
297,98,112
298,98,112
299,98,113
300,97,113
301,97,113
302,97,113
303,96,113
304,96,112
305,96,112
306,96,112
307,95,112
308,95,111
309,95,111
310,94,111
311,94,110
312,94,110
313,93,109
314,93,109
315,93,108
316,92,108
317,92,107
318,91,107
319,91,107
320,91,106
321,90,106
322,90,105
323,90,105
324,89,104
325,89,104
326,88,103
327,88,103
328,87,102
329,87,102
330,86,101
331,86,101
332,85,100
333,85,100
334,84,100
335,84,98
336,83,97
337,83,95
338,82,93
339,82,91
340,81,90
341,80,88
342,80,86
343,79,84
344,79,83
345,78,81
346,78,79
347,77,78
0,118
74,358,358
75,351,360
76,348,363
77,347,365
78,347,367
79,346,369
80,345,370
81,345,372
82,344,373
83,344,375
84,343,376
85,342,377
86,342,379
87,341,380
88,341,381
89,340,382
90,340,383
91,339,383
92,338,383
93,338,384
94,337,384
95,337,384
96,336,383
96,336,341
96,341,383
97,335,339
97,344,383
98,335,337
98,345,382
99,334,335
99,346,381
100,334,334
100,346,380
100,346,380
101,346,379
102,346,378
103,346,378
104,346,377
105,346,376
106,346,375
107,346,374
108,346,374
109,346,373
110,346,372
111,345,372
112,345,371
113,345,370
114,345,370
115,345,369
116,345,368
117,345,368
118,345,367
119,344,367
120,344,366
121,344,366
122,344,365
123,344,365
124,344,364
125,344,364
126,343,364
127,343,363
128,343,363
129,343,363
130,343,362
131,343,362
132,343,362
133,342,361
134,342,361
135,342,361
136,342,360
137,342,360
138,342,360
139,342,360
140,341,360
141,341,360
142,341,359
143,341,359
144,341,359
145,341,359
146,340,359
147,340,359
148,340,358
149,340,358
150,340,358
151,340,358
152,340,358
153,339,358
154,339,358
155,339,358
156,339,358
157,339,358
158,339,358
159,339,358
160,339,358
161,339,358
162,339,358
163,339,358
164,339,358
165,339,358
166,339,358
167,339,358
168,339,358
169,339,358
170,339,358
171,339,359
172,339,359
173,339,359
174,339,359
175,340,360
176,340,360
177,340,360
178,340,361
179,340,361
180,341,358
181,341,354
182,341,350
183,341,346
184,341,342
1,132
341,184,184
342,184,187
343,184,189
344,184,191
345,183,192
346,183,194
347,183,195
348,183,196
349,182,197
350,182,198
351,182,199
352,182,200
353,181,200
354,181,201
355,181,202
356,181,202
357,180,203
358,180,203
359,180,204
360,180,204
361,179,204
362,180,205
363,181,205
364,183,206
365,184,206
366,185,206
367,185,206
368,186,207
369,186,207
370,187,207
371,187,207
372,187,207
373,188,207
374,188,208
375,188,208
376,188,208
377,188,208
378,188,208
379,188,204
379,188,208
380,188,204
380,188,208
381,188,204
381,188,208
382,188,204
382,188,208
383,188,204
383,188,208
384,188,204
384,188,208
385,188,204
385,188,208
386,188,204
386,188,208
387,188,204
387,188,208
388,188,204
388,188,209
389,188,204
389,188,209
390,188,204
390,188,209
391,188,204
391,188,209
392,188,204
392,187,209
393,188,204
393,187,209
394,188,204
394,187,209
395,188,204
395,187,209
396,188,204
396,187,209
397,188,204
397,186,209
398,188,204
398,186,208
399,188,204
399,186,208
400,188,204
400,185,208
401,188,204
401,185,208
402,188,204
402,185,208
403,188,204
403,184,208
404,188,204
404,184,208
405,188,204
405,184,208
406,188,204
406,183,208
407,188,204
407,183,208
408,188,204
408,182,208
409,188,204
409,182,208
410,188,204
410,182,208
411,188,204
411,181,208
412,181,207
413,181,207
414,180,207
415,180,207
416,180,207
417,180,207
418,180,207
419,180,206
420,180,206
421,180,206
422,181,206
423,181,206
424,181,205
425,182,205
426,182,205
427,183,204
428,184,204
429,184,204
430,185,203
431,186,203
432,187,203
433,188,202
434,189,202
435,190,201
436,192,201
437,193,200
438,195,199
438,197,199
0,0
1,78
265,255,257
266,254,258
267,254,259
268,253,259
269,252,260
270,252,260
271,252,261
272,251,261
273,251,262
274,251,262
275,250,262
276,250,263
277,250,263
278,250,263
279,250,263
280,249,263
281,249,264
282,249,263
283,249,263
284,248,263
285,248,263
286,248,263
287,248,263
288,248,263
289,247,262
290,247,262
291,247,262
292,246,262
293,246,261
294,246,261
295,246,261
296,245,260
297,245,260
298,245,260
299,244,259
300,244,259
301,244,259
302,244,258
303,243,258
304,243,258
305,243,257
306,242,257
307,242,257
308,242,256
309,241,256
310,241,256
311,241,255
312,240,255
313,240,255
314,239,254
315,239,254
316,239,254
317,238,254
318,238,253
319,237,253
320,237,253
321,237,252
322,236,252
323,236,252
324,235,251
325,235,251
326,234,251
327,234,250
328,233,250
329,233,250
330,232,249
331,232,249
332,231,249
333,231,248
334,230,248
335,230,248
336,229,248
337,228,247
338,228,247
339,227,247
340,227,246
341,226,239
342,226,228
0,185
222,355,359
223,348,362
224,345,365
225,343,368
226,342,370
227,342,373
228,342,375
229,341,377
230,341,379
231,341,381
232,341,382
233,341,384
234,341,385
235,341,387
236,341,388
237,341,389
238,341,390
239,341,390
240,340,391
241,340,391
242,340,391
243,340,391
244,340,391
245,340,391
245,340,344
245,344,391
246,340,342
246,346,390
247,340,340
247,347,389
247,347,389
248,348,389
249,349,388
250,349,387
251,349,386
252,349,385
253,349,384
254,349,384
255,349,383
256,349,383
257,349,382
258,349,382
259,349,381
260,349,381
261,349,380
262,349,380
263,349,380
264,349,379
265,348,379
266,348,379
267,348,379
268,348,378
269,348,378
270,348,378
271,347,378
272,347,377
273,347,377
274,347,377
275,347,377
276,346,376
277,346,376
278,346,376
279,346,376
280,346,375
281,345,375
282,345,375
283,345,374
284,345,374
285,344,374
286,344,374
287,344,373
288,344,373
289,343,373
290,343,372
291,343,372
292,343,372
293,342,371
294,342,371
295,342,371
296,342,370
297,341,370
298,341,370
299,341,369
300,340,369
301,340,369
302,340,368
303,340,368
304,339,368
305,339,367
306,339,367
307,338,366
308,338,366
309,338,366
310,337,365
311,337,365
312,336,365
313,336,364
314,336,364
315,335,363
316,335,363
317,334,362
318,334,362
319,333,362
320,333,361
321,332,361
322,332,360
323,331,360
324,331,359
325,330,359
326,330,358
327,329,358
328,329,357
329,328,357
330,328,356
331,327,356
332,326,355
333,326,355
334,325,354
335,324,354
336,324,353
337,323,353
338,322,352
339,322,351
340,321,351
341,320,350
342,319,350
343,319,349
344,318,348
345,317,348
346,316,347
347,316,346
348,315,346
349,314,345
350,313,344
351,312,343
352,311,343
353,310,342
354,309,341
355,308,340
356,307,340
357,306,339
358,305,338
359,304,337
360,303,336
361,302,335
362,300,335
363,299,334
364,297,333
365,296,332
366,295,331
367,293,330
368,292,329
369,290,328
370,288,327
371,287,325
372,285,324
373,283,323
374,282,322
375,280,321
376,278,319
377,276,318
378,274,316
379,272,315
380,270,313
381,267,311
382,265,310
383,263,308
384,261,306
385,258,304
386,256,301
387,253,299
388,251,297
389,248,294
390,245,291
391,242,288
392,240,285
393,237,282
394,234,278
395,232,274
396,230,269
397,230,264
398,230,259
399,231,252
400,235,244
401,238,238
0,0
1,232
253,282,283
254,281,285
255,280,286
256,280,287
257,280,288
258,280,288
259,280,289
260,280,290
261,279,290
262,280,291
263,280,292
264,280,293
265,280,293
266,280,294
267,280,295
268,280,296
269,280,297
270,281,297
271,281,298
272,281,299
273,281,300
274,282,301
275,282,302
276,283,303
277,283,304
278,284,305
279,285,306
280,285,307
281,286,308
282,287,309
283,288,310
284,289,311
285,289,312
286,290,313
287,291,314
288,292,315
289,293,316
290,294,318
291,295,319
292,296,320
293,297,321
294,299,322
295,300,323
296,301,324
297,302,325
298,303,326
299,304,328
300,305,329
301,306,330
302,308,331
303,309,332
304,310,334
305,311,335
306,312,336
307,313,337
308,314,338
309,315,340
310,316,341
311,317,342
312,318,343
313,319,345
314,320,346
315,321,347
316,322,348
317,323,349
318,324,351
319,325,352
320,326,353
321,327,354
322,328,356
323,330,357
324,330,358
325,331,359
326,332,361
327,333,362
328,334,363
329,335,364
330,336,366
331,337,367
332,338,368
333,339,369
334,340,370
335,341,371
336,342,373
337,343,374
338,344,375
339,345,376
340,346,377
341,347,378
342,347,380
343,348,381
344,349,382
345,350,383
346,351,384
347,352,385
348,353,386
349,353,387
350,354,388
351,355,389
352,356,390
353,357,392
354,357,393
355,358,394
356,359,395
357,360,396
358,360,397
359,361,398
360,362,399
361,363,400
362,363,401
363,364,402
364,365,403
365,366,404
366,366,405
367,367,406
368,368,407
369,368,408
370,369,409
371,370,410
372,370,411
373,371,412
374,372,413
375,372,414
376,373,415
377,374,416
378,374,417
379,375,418
380,375,418
381,376,419
382,376,420
383,377,420
384,378,421
385,378,421
386,379,422
387,379,422
388,380,422
389,380,423
390,381,423
391,381,423
392,382,423
393,382,424
394,383,424
395,383,424
396,384,424
397,384,424
398,385,425
399,385,425
400,386,425
401,386,425
402,387,425
403,387,425
404,388,425
405,388,425
406,389,425
407,389,425
408,389,426
409,390,426
410,390,426
411,390,426
412,391,426
413,391,426
414,391,426
415,392,426
416,392,426
417,392,426
418,393,426
419,393,426
420,393,426
421,394,426
422,394,426
423,395,426
424,395,427
425,395,426
426,396,426
427,396,426
428,396,426
429,397,426
430,397,426
431,397,426
432,398,426
433,398,426
434,398,426
435,399,426
436,399,426
437,399,426
438,400,426
439,400,426
440,400,426
441,401,426
442,401,426
443,401,426
444,402,426
445,402,426
446,402,425
447,403,425
448,403,425
449,404,425
450,404,425
451,404,425
452,405,425
453,405,425
454,405,425
455,406,425
456,406,425
457,406,425
458,407,425
459,407,424
460,407,424
461,408,424
462,408,424
463,408,424
464,409,424
465,409,424
466,409,424
467,410,424
468,410,423
469,411,423
470,411,423
471,411,423
472,412,423
473,412,423
474,412,422
475,413,422
476,413,422
477,414,422
478,414,421
479,414,421
480,415,421
481,415,421
482,416,420
483,417,420
484,417,419
0,0
