1,170
234,91,93
233,88,94
232,87,95
231,86,96
230,85,96
229,85,97
228,84,98
227,83,98
226,83,98
225,82,99
224,81,99
223,81,99
222,80,100
221,80,100
220,79,100
219,79,101
218,78,101
217,78,101
216,77,101
215,77,102
214,77,102
213,76,102
212,76,103
211,75,103
210,75,103
209,75,104
208,74,104
207,74,105
206,74,105
205,73,105
204,73,106
203,73,106
202,73,107
201,72,107
200,72,108
199,72,108
198,71,108
197,71,109
196,71,109
195,71,110
194,70,110
193,70,111
192,70,111
191,70,112
190,70,112
189,70,113
188,70,113
187,70,114
186,69,115
185,69,115
184,70,116
183,70,116
182,70,117
181,71,118
180,71,118
179,72,119
178,74,119
177,82,120
176,85,121
175,86,121
174,88,122
173,91,93
173,89,122
172,91,93
172,90,123
171,91,124
170,92,124
169,93,125
168,94,125
167,95,126
166,96,126
165,97,127
164,98,128
163,99,128
162,100,129
161,100,129
160,101,130
159,102,130
158,103,131
157,104,131
156,105,132
155,105,132
154,106,133
153,107,133
152,108,134
151,109,134
150,109,135
149,110,135
148,111,136
147,112,136
146,112,137
145,113,137
144,114,138
143,115,138
142,116,139
141,116,139
140,117,140
139,118,140
138,119,141
137,119,141
136,120,142
135,121,142
134,121,143
133,122,143
132,123,144
131,124,144
130,124,145
129,125,145
128,126,145
127,126,146
126,127,146
125,128,147
124,128,147
123,129,148
122,130,148
121,130,148
120,131,149
119,132,149
118,132,150
117,133,150
116,134,151
115,134,151
114,135,151
113,136,152
112,136,152
111,137,153
110,138,153
109,138,154
108,139,154
107,140,154
106,140,155
105,141,155
104,141,156
103,142,156
102,143,156
101,143,157
100,144,157
99,144,158
98,145,158
97,146,158
96,146,159
95,147,159
94,147,159
93,148,160
92,149,160
91,149,161
90,150,161
89,150,161
88,151,162
87,152,162
86,152,162
85,153,163
84,153,163
83,154,163
82,155,164
81,155,164
80,156,164
79,156,164
78,157,165
77,157,165
76,158,165
75,159,166
74,159,166
73,160,167
72,160,167
71,161,167
70,161,167
69,162,167
68,163,167
67,165,166
0,0
1,156
58,229,231
59,228,232
60,227,232
61,227,233
62,227,233
63,226,234
64,226,234
65,226,235
66,225,235
67,225,235
68,225,236
69,225,236
70,225,236
71,224,237
72,224,237
73,224,237
74,224,237
75,224,238
76,223,238
77,223,238
78,223,238
79,223,238
80,223,239
81,222,239
82,222,239
83,222,239
84,222,239
85,222,239
86,221,239
87,221,239
88,221,239
89,221,239
90,221,239
91,220,239
92,220,238
93,220,238
94,220,238
95,220,238
96,219,238
97,219,238
98,219,237
99,219,237
100,218,237
101,218,237
102,218,236
103,218,236
104,217,236
105,217,236
106,217,235
107,217,235
108,216,235
109,216,234
110,216,234
111,216,234
112,215,233
113,215,233
114,215,233
115,214,233
116,214,232
117,214,232
118,214,232
119,213,231
120,213,231
121,213,231
122,212,231
123,212,230
124,212,230
125,211,230
126,211,229
127,211,229
128,210,229
129,210,229
130,210,228
131,209,228
132,209,228
133,209,227
134,208,227
135,208,227
136,208,227
137,207,226
138,207,226
139,207,226
140,206,226
141,206,225
142,206,225
143,205,225
144,205,224
145,205,224
146,204,224
147,204,224
148,204,223
149,203,223
150,203,223
151,202,222
152,202,222
153,202,222
154,201,222
155,201,221
156,201,221
157,200,221
158,200,220
159,199,220
160,199,220
161,199,220
162,198,219
163,198,219
164,197,219
165,197,218
166,197,218
167,196,218
168,196,217
169,195,217
170,195,217
171,194,217
172,194,216
173,194,216
174,193,216
175,193,216
176,192,215
177,192,215
178,192,215
179,191,214
180,191,214
181,191,214
182,191,213
183,190,213
184,190,213
185,190,213
186,190,212
187,190,212
188,190,212
189,190,211
190,190,211
191,189,211
192,190,210
193,190,210
194,190,210
195,190,210
196,190,209
197,190,209
198,190,208
199,190,208
200,191,208
201,191,208
202,191,207
203,191,207
204,192,206
205,192,206
206,192,206
207,192,205
208,193,205
209,193,204
210,194,204
211,194,203
212,195,203
213,197,201
0,0
1,205
19,309,314
20,308,316
21,307,317
22,306,317
23,306,318
24,305,319
25,305,319
26,305,320
27,305,321
28,304,321
29,304,322
30,304,322
31,304,323
32,304,323
33,303,323
34,303,324
35,303,324
36,303,325
37,303,325
38,302,325
39,302,325
40,302,326
41,302,326
42,302,326
43,301,326
44,301,326
45,301,327
46,301,327
47,301,327
48,300,327
49,300,327
50,300,327
51,300,327
52,299,327
53,299,327
54,299,327
55,299,327
56,299,326
57,298,326
58,298,326
59,298,326
60,298,326
61,297,325
62,297,325
63,297,325
64,297,325
65,296,324
66,296,324
67,296,323
68,296,323
69,295,322
70,295,322
71,295,322
72,295,321
73,294,321
74,294,320
75,294,320
76,293,319
77,293,319
78,293,318
79,293,318
80,292,318
81,292,317
82,292,317
83,291,316
84,291,316
85,291,315
86,290,315
87,290,315
88,290,314
89,289,314
90,289,313
91,289,313
92,289,312
93,288,312
94,288,312
95,288,311
96,287,311
97,287,310
98,287,310
99,286,309
100,286,309
101,286,309
102,285,308
103,285,308
104,285,307
105,284,307
106,284,307
107,284,306
108,284,306
109,283,305
110,283,305
111,282,305
112,282,304
113,282,304
114,282,304
115,281,303
116,281,303
117,280,302
118,280,302
119,280,302
120,280,301
121,279,301
122,279,300
123,279,300
124,278,300
125,278,299
126,278,299
127,277,299
128,277,298
129,277,298
130,276,297
131,276,297
132,276,297
133,275,296
134,275,296
135,275,296
136,274,295
137,274,295
138,274,295
139,273,294
140,273,294
141,273,294
142,272,293
143,272,293
144,272,293
145,271,292
146,271,292
147,271,292
148,270,291
149,270,291
150,270,291
151,269,290
152,269,290
153,269,290
154,268,289
155,268,289
156,268,289
157,267,289
158,267,288
159,267,288
160,266,288
161,266,287
162,266,287
163,265,287
164,265,286
165,265,286
166,264,286
167,264,286
168,264,285
169,263,285
170,263,285
171,263,284
172,262,284
173,262,284
174,262,284
175,261,283
176,261,283
177,261,283
178,260,282
179,260,282
180,260,282
181,259,282
182,259,281
183,259,281
184,258,281
185,258,281
186,258,280
187,257,280
188,257,280
189,257,279
190,256,279
191,256,279
192,256,279
193,256,278
194,256,278
195,255,278
196,255,278
197,255,277
198,255,277
199,255,277
200,255,277
201,255,276
202,255,276
203,256,276
204,256,276
205,256,275
206,256,275
207,256,275
208,256,275
209,257,274
210,257,274
211,257,274
212,258,274
213,258,273
214,258,273
215,259,273
216,259,273
217,260,272
218,260,272
219,261,271
220,261,271
221,262,270
222,263,269
223,265,267
0,0
0,231
134,130,130
135,128,135
136,126,138
137,125,140
138,124,142
139,124,143
140,124,145
141,124,146
142,124,148
143,124,149
144,124,150
145,125,152
146,125,153
147,125,154
148,126,155
149,126,156
150,127,157
151,127,158
152,127,159
153,128,160
154,128,161
155,129,162
156,129,163
157,129,163
158,130,164
159,130,164
160,130,165
161,130,165
162,130,166
163,131,166
164,131,166
165,131,166
166,131,166
167,131,166
168,131,166
169,131,166
170,132,166
171,132,166
172,132,166
173,132,166
174,132,166
175,132,165
176,132,165
177,132,164
178,132,164
179,132,164
180,132,163
181,132,163
182,132,163
183,132,162
184,132,162
185,131,162
186,131,161
187,131,161
188,131,161
189,131,160
190,131,160
191,131,160
192,131,160
193,131,159
194,131,159
195,131,159
196,131,159
197,131,158
198,131,158
199,131,158
200,130,158
201,130,158
202,130,157
203,130,157
204,130,157
205,130,157
206,130,157
207,130,156
208,130,156
209,130,156
210,130,156
211,130,156
212,130,156
213,130,155
214,130,155
215,130,155
216,130,155
217,130,155
218,130,155
219,130,155
220,130,154
221,129,154
222,129,154
223,129,154
224,129,154
225,129,154
226,129,154
227,129,154
228,129,153
229,129,153
230,129,153
231,129,153
232,129,153
233,129,153
234,129,153
235,129,153
236,129,153
237,129,152
238,129,152
239,129,152
240,129,152
241,129,152
242,129,152
243,129,152
244,129,152
245,129,152
246,129,152
247,128,152
248,128,152
249,128,151
250,128,151
251,128,151
252,128,151
253,128,151
254,128,151
255,128,151
256,128,151
257,128,151
258,128,151
259,128,151
260,128,151
261,128,151
262,128,151
263,128,151
264,128,151
265,128,150
266,128,150
267,128,150
268,128,150
269,128,150
270,128,150
271,128,150
272,128,150
273,128,150
274,128,150
275,128,150
276,128,150
277,128,150
278,128,150
279,128,150
280,128,150
281,128,150
282,128,150
283,128,150
284,128,150
285,128,150
286,128,150
287,128,150
288,128,150
289,128,150
290,128,150
291,128,150
292,128,150
293,128,150
294,128,150
295,128,150
296,128,150
297,128,150
298,128,150
299,128,150
300,128,150
301,128,150
302,128,150
303,128,150
304,128,150
305,128,150
306,128,150
307,128,150
308,128,150
309,128,150
310,128,150
311,128,150
312,128,150
313,128,150
314,128,150
315,128,150
316,128,150
317,128,150
318,128,150
319,128,150
320,128,150
321,128,150
322,128,150
323,128,150
324,128,150
325,128,150
326,128,150
327,128,151
328,128,151
329,128,151
330,128,151
331,128,151
332,128,151
333,128,151
334,128,151
335,128,151
336,128,151
337,128,151
338,129,152
339,129,152
340,129,152
341,129,152
342,129,152
343,129,152
344,129,152
345,129,153
346,129,153
347,129,153
348,129,153
349,129,153
350,130,153
351,130,154
352,130,154
353,130,154
354,130,154
355,130,155
356,130,155
357,131,155
358,131,155
359,131,156
360,131,156
361,131,156
362,132,157
363,132,157
364,132,143
1,346
132,365,365
133,365,369
134,365,372
135,365,374
136,365,377
137,365,379
138,365,381
139,365,383
140,365,385
141,365,387
142,365,389
143,364,390
144,364,392
145,364,393
146,364,395
147,364,396
148,364,397
149,364,399
150,364,400
151,364,401
152,364,402
153,364,403
154,364,404
155,364,405
156,364,406
157,364,407
158,366,408
159,368,408
160,370,409
161,372,410
162,373,411
163,375,411
164,376,412
165,377,413
166,378,413
167,379,414
168,380,415
169,381,415
170,382,416
171,383,416
172,384,417
173,385,417
174,385,418
175,386,418
176,387,419
177,387,419
178,388,420
179,389,420
180,389,420
181,390,421
182,391,421
183,391,422
184,392,422
185,392,422
186,393,423
187,393,423
188,394,423
189,394,424
190,395,424
191,395,424
192,396,425
193,396,425
194,396,425
195,397,426
196,397,426
197,398,426
198,398,426
199,398,427
200,399,427
201,399,427
202,399,427
203,400,428
204,400,428
205,400,428
206,400,428
207,401,429
208,401,429
209,401,429
210,402,429
211,402,430
212,402,430
213,402,430
214,403,430
215,403,430
216,403,431
217,403,431
218,403,431
219,404,431
220,404,431
221,404,431
222,404,432
223,404,432
224,405,432
225,405,432
226,405,432
227,405,433
228,405,433
229,405,433
230,406,433
231,406,433
232,406,433
233,406,433
234,406,434
235,406,434
236,407,434
237,407,434
238,407,434
239,407,434
240,407,434
241,407,434
242,407,434
243,407,435
244,408,435
245,408,435
246,408,435
247,408,435
248,408,435
249,408,435
250,408,435
251,408,435
252,408,436
253,409,436
254,409,436
255,409,436
256,409,436
257,409,436
258,409,436
259,409,436
260,409,436
261,409,436
262,409,436
263,409,436
264,410,437
265,410,437
266,410,437
267,410,437
268,410,437
269,410,437
270,410,437
271,410,437
272,410,437
273,410,437
274,410,437
275,410,437
276,410,437
277,410,437
278,411,437
279,411,437
280,411,437
281,411,437
282,411,437
283,411,437
284,411,437
285,411,438
286,411,438
287,411,438
288,411,438
289,411,438
290,411,438
291,411,438
292,411,438
293,411,438
294,411,438
295,411,438
296,411,438
297,411,438
298,411,438
299,411,438
300,411,438
301,411,438
302,411,438
303,411,438
304,411,438
305,411,438
306,411,438
307,411,438
308,411,438
309,411,438
310,411,438
311,411,438
312,411,438
313,411,438
314,411,438
315,411,438
316,411,438
317,411,438
318,411,438
319,411,438
320,411,438
321,411,438
322,411,438
323,411,438
324,411,438
325,411,438
326,411,438
327,411,438
328,411,438
329,411,437
330,411,437
331,411,437
332,411,437
333,411,437
334,411,437
335,411,437
336,411,437
337,411,437
338,411,437
339,411,437
340,411,437
341,411,437
342,411,437
343,411,437
344,411,437
345,411,437
346,410,437
347,410,437
348,410,437
349,410,437
350,410,437
351,410,437
352,410,437
353,410,437
354,410,437
355,410,436
356,410,436
357,409,436
358,409,436
359,409,436
360,409,436
361,409,436
362,409,436
363,409,436
364,409,436
365,409,436
366,408,436
367,408,436
368,408,436
369,408,436
370,408,436
371,408,435
372,408,435
373,407,435
374,407,435
375,407,435
376,407,435
377,407,435
378,407,435
379,406,435
380,406,435
381,406,435
382,406,435
383,406,435
384,405,434
385,405,434
386,405,434
387,405,434
388,404,434
389,404,434
390,404,434
391,404,434
392,404,434
393,403,434
394,403,433
395,403,433
396,402,433
397,402,433
398,402,433
399,402,433
400,401,433
401,401,433
402,401,433
403,400,432
404,400,432
405,400,432
406,400,432
407,399,432
408,399,432
409,398,432
410,398,431
411,398,431
412,397,431
413,397,431
414,397,431
415,396,431
416,396,431
417,395,430
418,395,430
419,394,430
420,394,430
421,393,430
422,393,430
423,392,429
424,392,429
425,391,429
426,391,429
427,390,429
428,389,428
429,388,428
430,388,428
431,387,428
432,386,428
433,385,427
434,384,427
435,383,427
436,384,427
437,384,426
438,384,426
439,384,426
440,385,426
441,385,425
442,385,425
443,385,425
444,386,425
445,386,424
446,386,424
447,386,424
448,386,424
449,387,423
450,387,423
451,387,423
452,387,422
453,388,422
454,388,421
455,388,421
456,388,421
457,388,420
458,389,420
459,389,420
460,389,419
461,389,419
462,390,418
463,390,418
464,390,417
465,390,417
466,390,416
467,391,416
468,391,415
469,391,415
470,391,414
471,392,413
472,392,412
473,392,412
474,392,410
475,392,409
476,393,408
477,395,406
0,94
392,475,476
391,470,475
390,466,475
389,461,475
388,457,475
387,452,474
386,448,474
385,443,474
384,439,473
383,435,473
382,436,473
381,436,473
380,437,472
379,437,472
378,438,472
377,438,472
376,439,471
375,439,471
374,440,471
373,440,471
372,440,471
371,440,470
370,441,470
369,441,470
368,441,470
367,442,469
366,442,469
365,442,469
364,442,469
363,443,469
362,443,469
361,443,468
360,443,468
359,444,468
358,444,468
357,444,468
356,444,468
355,444,467
354,445,467
353,445,467
352,445,467
351,445,467
350,445,467
349,446,467
348,446,466
347,446,466
346,446,466
345,446,466
344,447,466
343,447,466
342,447,466
341,447,465
340,447,465
339,447,465
338,448,465
337,448,465
336,448,465
335,448,465
334,448,465
333,448,465
332,449,465
331,449,464
330,449,464
329,449,464
328,449,464
327,449,464
326,449,464
325,450,464
324,450,464
323,450,464
322,450,464
321,450,463
320,450,463
319,450,463
318,451,463
317,451,463
316,451,463
315,451,463
314,451,463
313,451,463
312,451,463
311,451,463
310,452,463
309,452,462
308,452,462
307,452,462
306,452,462
305,452,461
304,453,461
303,453,460
302,453,460
301,454,459
300,455,458
299,457,457
0,0
0,208
53,295,302
54,292,306
55,291,310
56,290,313
57,289,315
58,288,318
59,288,320
60,288,322
61,288,323
62,288,325
63,289,327
64,289,328
65,289,330
66,290,332
67,290,333
68,291,334
69,292,335
70,292,337
71,293,337
72,293,338
73,294,339
74,294,339
75,295,340
76,295,340
77,295,340
78,296,340
79,296,339
80,297,339
81,297,339
82,297,339
83,298,338
84,298,338
85,298,338
86,298,338
87,299,337
88,299,337
89,299,337
90,299,337
91,300,336
92,300,336
93,300,336
94,300,336
95,300,335
96,301,335
97,301,335
98,301,335
99,301,335
100,301,335
101,301,334
102,301,334
103,302,334
104,302,334
105,302,334
106,302,334
107,302,334
108,302,334
109,303,334
110,303,334
111,303,333
112,303,333
113,303,333
114,303,333
115,303,333
116,303,333
117,303,333
118,303,333
119,303,333
120,303,333
121,304,332
122,304,332
123,304,332
124,304,332
125,304,332
126,304,332
127,304,332
128,304,332
129,304,332
130,304,332
131,304,332
132,304,332
133,304,332
134,304,331
135,304,331
136,304,331
137,304,331
138,304,331
139,304,331
140,304,331
141,304,331
142,305,331
143,305,331
144,305,331
145,305,331
146,305,331
147,305,331
148,305,330
149,305,330
150,305,330
151,305,330
152,305,330
153,305,330
154,305,330
155,305,330
156,305,330
157,305,330
158,305,330
159,305,330
160,305,330
161,305,330
162,305,329
163,305,329
164,305,329
165,305,329
166,305,329
167,305,329
168,305,329
169,305,329
170,305,329
171,305,329
172,305,329
173,305,329
174,305,329
175,305,329
176,305,328
177,305,328
178,305,328
179,305,328
180,305,328
181,305,328
182,305,328
183,305,328
184,305,328
185,305,328
186,305,328
187,305,328
188,305,328
189,305,328
190,305,328
191,305,327
192,305,327
193,305,327
194,305,327
195,304,327
196,304,327
197,304,327
198,304,327
199,304,327
200,304,327
201,304,327
202,304,327
203,304,327
204,304,327
205,304,326
206,304,326
207,304,326
208,304,326
209,304,326
210,304,326
211,304,326
212,304,326
213,304,326
214,304,326
215,304,326
216,304,326
217,304,326
218,304,326
219,304,325
220,304,325
221,304,325
222,304,325
223,304,325
224,304,325
225,304,325
226,304,325
227,304,325
228,304,325
229,304,325
230,303,325
231,303,325
232,303,325
233,303,324
234,303,324
235,303,324
236,303,324
237,303,324
238,303,324
239,303,324
240,303,324
241,303,324
242,303,324
243,303,324
244,303,324
245,303,324
246,303,324
247,303,323
248,303,323
249,303,323
250,303,323
251,303,323
252,303,323
253,303,323
254,303,323
255,303,319
256,302,315
257,302,312
258,302,308
259,302,304
260,302,302
0,0
1,111
311,159,161
312,158,162
313,157,163
314,157,163
315,156,164
316,156,164
317,156,165
318,155,165
319,155,165
320,155,166
321,155,166
322,154,166
323,154,167
324,154,167
325,154,167
326,154,168
327,153,168
328,153,168
329,153,168
330,153,168
331,153,169
332,152,169
333,152,169
334,152,169
335,152,169
336,152,169
337,151,169
338,151,169
339,151,169
340,151,170
341,150,170
342,150,170
343,150,170
344,149,170
345,149,169
346,149,169
347,149,169
348,148,169
349,148,169
350,148,169
351,147,169
352,147,169
353,147,168
354,146,168
355,146,168
356,146,168
357,145,167
358,145,167
359,145,167
360,144,167
361,144,166
362,144,166
363,143,166
364,143,165
365,143,165
366,142,165
367,142,164
368,141,164
369,141,164
370,141,163
371,140,163
372,140,163
373,139,163
374,139,162
375,138,162
376,138,162
377,137,161
378,137,161
379,137,161
380,136,160
381,136,160
382,136,160
383,135,160
384,135,159
385,135,159
386,135,159
387,134,158
388,134,158
389,134,158
390,134,158
391,134,157
392,134,157
393,134,157
394,133,156
395,133,156
396,133,156
397,133,155
398,134,155
399,134,155
400,134,155
401,134,154
402,134,154
403,134,154
404,134,153
405,134,153
406,134,153
407,134,152
408,135,152
409,135,152
410,135,151
411,135,151
412,136,151
413,136,150
414,136,150
415,137,150
416,137,149
417,138,149
418,138,148
419,139,148
420,140,147
421,142,145
0,0
0,127
250,235,241
251,233,249
252,233,253
253,232,256
254,232,259
255,233,261
256,233,263
257,233,264
258,233,264
259,234,265
260,234,265
261,235,266
262,236,266
263,236,266
264,236,266
265,237,266
266,237,266
267,238,266
268,238,267
269,239,267
270,239,267
271,239,267
272,240,267
273,240,267
274,241,267
275,241,267
276,241,268
277,242,268
278,242,268
279,242,268
280,243,268
281,243,268
282,244,268
283,244,269
284,244,269
285,245,269
286,245,269
287,245,269
288,246,269
289,246,270
290,246,270
291,246,270
292,247,270
293,247,270
294,247,270
295,248,271
296,248,271
297,248,271
298,249,271
299,249,271
300,249,272
301,249,272
302,250,272
303,250,272
304,250,272
305,250,272
306,251,273
307,251,273
308,251,273
309,251,273
310,252,273
311,252,273
312,252,274
313,252,274
314,252,274
315,253,274
316,253,274
317,253,275
318,253,275
319,253,275
320,254,275
321,254,275
322,254,276
323,254,276
324,254,276
325,254,276
326,255,276
327,255,276
328,255,277
329,255,277
330,255,277
331,255,277
332,255,277
333,256,277
334,256,278
335,256,278
336,256,278
337,256,278
338,257,278
339,257,278
340,257,278
341,257,279
342,257,279
343,257,279
344,258,279
345,258,279
346,258,279
347,258,279
348,259,279
349,259,279
350,259,280
351,260,280
352,260,280
353,260,280
354,260,280
355,261,280
356,261,280
357,261,280
358,262,280
359,262,280
360,262,280
361,263,280
362,263,280
363,264,280
364,264,280
365,265,280
366,265,280
367,266,280
368,267,280
369,267,280
370,268,279
371,269,279
372,270,279
373,271,279
374,272,278
375,273,277
376,276,276
0,0
1,113
245,260,260
246,258,262
247,258,264
248,258,264
249,258,265
250,257,266
251,257,266
252,257,267
253,257,267
254,257,268
255,256,268
256,256,269
257,256,269
258,256,269
259,256,270
260,256,270
261,256,270
262,256,270
263,255,270
264,255,270
265,255,270
266,255,270
267,255,271
268,255,271
269,255,271
270,255,270
271,254,270
272,254,270
273,254,270
274,254,270
275,254,270
276,254,270
277,254,269
278,253,269
279,253,269
280,253,269
281,253,268
282,253,268
283,253,268
284,252,267
285,252,267
286,252,267
287,252,267
288,252,267
289,251,267
290,251,266
291,251,266
292,251,266
293,251,266
294,251,266
295,250,265
296,250,265
297,250,265
298,250,265
299,250,265
300,249,265
301,249,264
302,249,264
303,249,264
304,248,264
305,248,264
306,248,263
307,248,263
308,247,263
309,247,263
310,247,263
311,247,263
312,246,262
313,246,262
314,246,262
315,246,262
316,245,262
317,245,261
318,245,261
319,245,261
320,244,261
321,244,261
322,244,261
323,243,260
324,243,260
325,243,260
326,242,260
327,242,260
328,242,259
329,242,259
330,241,259
331,241,259
332,241,259
333,240,259
334,240,258
335,240,258
336,239,258
337,239,258
338,239,258
339,238,258
340,238,257
341,237,257
342,237,257
343,237,257
344,236,257
345,236,257
346,236,257
347,235,257
348,235,257
349,234,257
350,234,257
351,233,257
352,234,257
353,239,257
354,244,257
355,249,257
356,254,258
356,257,258
0,102
232,355,364
233,352,369
234,352,372
235,352,375
236,352,377
237,352,380
238,352,382
239,353,384
240,353,386
241,353,388
242,353,389
243,353,391
244,354,393
245,354,395
246,354,396
247,354,398
248,354,399
249,355,400
250,355,402
251,355,403
252,355,404
253,355,405
254,356,405
255,356,406
256,356,406
257,356,407
258,356,407
259,357,407
260,358,407
261,358,407
262,358,407
263,359,407
264,359,406
265,359,405
266,359,405
267,359,404
268,359,403
269,359,402
270,359,401
271,359,400
272,359,399
273,359,398
274,359,397
275,359,396
276,359,396
277,359,395
278,359,394
279,359,393
280,359,393
281,359,392
282,359,391
283,359,391
284,359,390
285,358,390
286,358,389
287,358,388
288,358,388
289,358,387
290,358,387
291,357,386
292,357,386
293,357,385
294,357,385
295,357,385
296,357,384
297,356,384
298,356,384
299,356,383
300,356,383
301,356,383
302,355,382
303,355,382
304,355,381
305,355,381
306,355,381
307,354,380
308,354,380
309,354,380
310,354,379
311,353,379
312,353,379
313,353,378
314,353,378
315,353,378
316,352,377
317,352,377
318,352,377
319,352,377
320,351,376
321,351,376
322,351,376
323,351,375
324,350,375
325,350,375
326,350,375
327,349,374
328,349,374
329,349,374
330,349,373
331,348,365
332,348,355
333,348,348
0,0
1,126
264,341,343
265,340,345
266,339,346
267,339,347
268,339,348
269,339,349
270,338,350
271,338,351
272,338,352
273,338,352
274,338,353
275,338,353
276,338,354
277,337,354
278,337,354
279,337,354
280,337,354
281,337,354
282,337,355
283,336,354
284,336,354
285,336,354
286,336,354
287,336,354
288,336,354
289,336,353
290,335,353
291,335,353
292,335,353
293,335,353
294,335,352
295,334,352
296,334,352
297,334,352
298,334,352
299,334,351
300,333,351
301,333,351
302,333,351
303,333,351
304,333,350
305,333,350
306,332,350
307,332,350
308,332,350
309,332,350
310,331,349
311,331,349
312,331,349
313,331,349
314,331,349
315,330,349
316,330,349
317,330,348
318,330,348
319,329,348
320,329,348
321,329,348
322,329,348
323,329,348
324,328,348
325,328,347
326,328,347
327,328,347
328,327,347
329,327,347
330,327,347
331,327,347
332,326,347
333,326,346
334,326,346
335,326,346
336,325,346
337,325,346
338,325,346
339,325,346
340,324,346
341,324,345
342,324,345
343,324,345
344,323,345
345,323,345
346,323,345
347,323,345
348,322,345
349,322,345
350,322,344
351,322,344
352,322,344
353,322,344
354,321,344
355,321,344
356,321,344
357,321,344
358,321,344
359,321,344
360,320,344
361,321,343
362,321,343
363,321,343
364,321,343
365,321,343
366,321,343
367,322,343
368,322,343
369,322,343
370,322,343
371,323,342
372,323,342
373,323,342
374,324,342
375,324,342
376,325,342
377,326,342
378,326,342
379,327,342
380,327,342
381,328,342
382,329,342
383,329,342
384,330,341
385,331,341
386,332,340
387,333,340
388,334,339
389,337,337
0,0
