0,258
36,229,229
37,224,234
38,220,239
39,219,243
40,218,246
41,218,249
42,218,251
43,218,253
44,218,255
45,218,257
46,218,259
47,219,261
48,219,262
49,220,264
50,220,265
51,221,266
52,222,267
53,223,268
54,223,269
55,224,269
56,225,270
57,226,270
58,227,270
59,227,271
60,228,271
61,228,271
62,229,271
63,229,271
64,230,271
65,230,271
66,231,271
67,231,271
68,231,270
69,232,270
70,232,270
71,232,270
72,232,269
73,233,269
74,233,268
75,233,268
76,233,268
77,234,267
78,234,267
79,234,267
80,234,266
81,234,266
82,234,266
83,234,266
84,235,265
85,235,265
86,235,265
87,235,265
88,235,265
89,235,264
90,235,264
91,235,264
92,235,264
93,235,264
94,235,264
95,235,263
96,235,263
97,235,263
98,235,263
99,235,263
100,236,263
101,236,263
102,236,263
103,236,263
104,236,263
105,236,263
106,236,263
107,236,263
108,236,263
109,236,263
110,236,263
111,236,263
112,236,263
113,236,263
114,236,263
115,236,263
116,236,263
117,236,262
118,236,262
119,236,262
120,236,262
121,236,262
122,236,262
123,236,262
124,236,262
125,236,262
126,236,262
127,236,262
128,236,262
129,236,262
130,236,262
131,236,262
132,236,262
133,236,262
134,236,262
135,236,262
136,236,262
137,236,262
138,236,262
139,236,262
140,236,262
141,236,262
142,236,262
143,236,262
144,236,262
145,236,262
146,236,262
147,236,262
148,236,262
149,236,262
150,236,262
151,236,262
152,236,262
153,236,262
154,236,262
155,236,262
156,236,262
157,236,262
158,236,262
159,236,262
160,236,262
161,236,262
162,236,262
163,236,262
164,236,262
165,236,262
166,236,262
167,236,262
168,236,262
169,236,262
170,236,262
171,235,262
172,235,262
173,235,262
174,235,262
175,235,262
176,235,262
177,235,262
178,235,262
179,235,262
180,235,262
181,235,262
182,235,262
183,235,262
184,235,262
185,235,262
186,235,261
187,235,261
188,235,261
189,235,261
190,235,261
191,235,261
192,235,261
193,235,261
194,235,261
195,235,261
196,235,261
197,235,261
198,235,261
199,234,262
200,234,262
201,234,262
202,234,262
203,234,262
204,234,262
205,234,262
206,234,262
207,234,262
208,234,262
209,234,262
210,234,262
211,234,262
212,234,262
213,234,262
214,234,262
215,234,262
216,234,262
217,234,262
218,234,262
219,234,262
220,234,262
221,234,262
222,233,262
223,233,262
224,233,262
225,233,262
226,233,262
227,233,262
228,233,262
229,233,262
230,233,262
231,233,262
232,233,262
233,233,262
234,233,262
235,233,262
236,233,262
237,233,262
238,233,262
239,233,262
240,233,263
241,233,263
242,233,263
243,233,263
244,233,263
245,233,263
246,233,263
247,233,263
248,232,263
249,232,263
250,232,263
251,232,263
252,232,262
253,232,262
254,232,262
255,232,262
256,232,262
257,232,262
258,232,262
259,232,262
260,232,261
261,232,261
262,232,261
263,232,261
264,232,261
265,232,260
266,232,260
267,232,260
268,232,260
269,232,259
270,232,259
271,232,259
272,232,258
273,232,258
274,232,257
275,232,257
276,232,256
277,231,256
278,231,255
279,231,255
280,231,254
281,231,253
282,231,253
283,231,252
284,231,251
285,231,251
286,231,250
287,231,249
288,231,248
289,231,247
290,232,246
291,234,245
292,236,243
293,239,239
1,51
233,231,242
232,236,271
231,239,289
230,241,288
229,242,287
228,243,285
227,244,284
226,244,283
225,244,282
224,245,281
223,245,280
222,245,279
221,245,278
220,245,277
219,245,276
218,244,275
217,244,274
216,244,273
215,244,272
214,244,271
213,244,270
212,243,269
211,243,268
210,243,267
209,243,266
208,242,265
207,242,265
206,242,264
205,242,263
204,241,262
203,241,261
202,241,260
201,241,260
200,241,259
199,240,258
198,240,257
197,240,256
196,240,255
195,240,255
194,240,254
193,239,253
192,239,252
191,239,251
190,239,250
189,239,249
188,239,248
187,239,247
186,238,246
185,239,245
184,239,243
183,240,241
0,0
1,97
80,157,160
81,156,161
82,156,162
83,156,163
84,155,164
85,155,164
86,155,165
87,155,166
88,155,166
89,155,167
90,155,167
91,155,168
92,154,169
93,154,169
94,154,170
95,154,170
96,154,171
97,154,171
98,154,171
99,154,172
100,154,172
101,154,173
102,154,173
103,154,173
104,153,173
105,153,174
106,153,174
107,153,174
108,153,174
109,153,174
110,153,174
111,153,174
112,152,175
113,152,174
114,152,174
115,152,174
116,152,174
117,152,174
118,152,173
119,152,173
120,152,173
121,151,173
122,151,172
123,151,172
124,151,172
125,151,171
126,151,171
127,150,171
128,150,170
129,150,170
130,150,170
131,150,170
132,150,169
133,149,169
134,149,169
135,149,168
136,149,168
137,149,168
138,149,167
139,148,167
140,148,167
141,148,167
142,148,166
143,148,166
144,147,166
145,147,165
146,147,165
147,147,165
148,146,165
149,146,164
150,146,164
151,146,164
152,145,164
153,145,163
154,145,163
155,145,163
156,144,162
157,144,162
158,144,162
159,143,162
160,143,161
161,143,161
162,143,161
163,142,161
164,142,161
165,142,160
166,141,160
167,141,160
168,140,160
169,140,160
170,140,160
171,139,160
172,139,158
173,138,153
174,138,149
175,137,144
176,137,140
0,164
135,180,189
136,177,193
137,176,196
138,176,198
139,176,200
140,175,203
141,175,204
142,175,206
143,175,208
144,175,210
145,174,211
146,174,213
147,174,214
148,174,215
149,173,216
150,173,217
151,173,218
152,173,219
153,173,219
154,172,219
155,172,219
156,172,219
157,172,219
158,171,218
159,171,218
160,171,217
161,173,216
162,173,214
163,173,213
164,174,212
165,173,211
166,173,210
167,173,210
168,172,209
169,172,208
170,171,207
171,171,207
172,170,206
173,170,206
174,169,205
175,169,204
176,168,204
177,168,203
178,167,203
179,167,202
180,166,201
181,166,201
182,165,200
183,165,200
184,164,199
185,164,198
186,163,198
187,163,197
188,162,197
189,162,196
190,161,195
191,161,195
192,160,194
193,159,193
194,159,193
195,158,192
196,158,192
197,157,191
198,157,190
199,156,190
200,156,189
201,155,188
202,154,188
203,154,187
204,153,186
205,153,186
206,152,185
207,152,184
208,151,184
209,150,183
210,150,182
211,149,182
212,149,181
213,148,180
214,147,179
215,147,179
216,146,178
217,145,177
218,145,177
219,144,176
220,143,175
221,143,174
222,142,174
223,141,173
224,141,172
225,140,172
226,139,171
227,139,170
228,138,169
229,137,168
230,136,168
231,136,167
232,135,166
233,134,165
234,133,164
235,133,164
236,132,163
237,131,162
238,130,161
239,129,160
240,129,159
241,128,158
242,127,158
243,126,157
244,125,156
245,124,155
246,123,154
247,122,153
248,121,152
249,120,151
250,119,150
251,118,149
252,117,148
253,116,147
254,115,146
255,114,145
256,113,144
257,112,142
258,111,141
259,110,140
260,109,139
261,107,137
262,106,136
263,105,135
264,104,134
265,103,132
266,102,131
267,100,129
268,99,128
269,98,127
270,97,125
271,95,124
272,94,122
273,93,121
274,92,119
275,90,118
276,89,116
277,88,115
278,86,113
279,85,112
280,83,110
281,82,108
282,81,106
283,79,105
284,78,103
285,76,101
286,75,99
287,73,97
288,72,95
289,71,93
290,69,91
291,68,89
292,66,86
293,65,84
294,64,82
295,64,79
296,64,76
297,65,73
298,68,68
0,0
0,86
80,342,349
81,340,353
82,339,355
83,338,357
84,338,358
85,338,360
86,338,361
87,338,362
88,338,363
89,338,364
90,338,365
91,337,366
92,337,367
93,337,368
94,337,369
95,337,370
96,337,371
97,336,371
98,336,372
99,335,373
100,335,374
101,335,374
102,334,375
103,333,375
104,333,376
105,332,376
106,331,377
107,331,377
108,330,378
109,329,378
110,328,378
111,327,378
112,326,378
113,326,378
114,325,378
115,324,377
116,323,375
117,322,373
118,322,370
119,321,368
120,320,366
121,319,364
122,318,362
123,317,360
124,316,358
125,316,356
126,315,355
127,314,353
128,313,351
129,312,349
130,311,348
131,310,346
132,309,344
133,308,342
134,307,341
135,306,339
136,306,337
137,305,336
138,304,334
139,303,332
140,302,331
141,301,329
142,300,327
143,299,326
144,298,324
145,297,322
146,296,321
147,295,319
148,294,318
149,293,316
150,292,314
151,291,313
152,290,311
153,290,310
154,289,308
155,288,306
156,287,305
157,286,303
158,285,302
159,284,300
160,284,299
161,284,297
162,284,295
163,285,294
164,287,292
165,289,289
0,0
1,207
250,130,138
251,129,141
252,129,142
253,129,144
254,129,145
255,130,146
256,131,147
257,132,148
258,133,150
259,133,151
260,134,152
261,135,153
262,136,155
263,137,156
264,138,157
265,138,159
266,139,160
267,140,161
268,141,162
269,142,163
270,143,165
271,144,166
272,145,167
273,145,168
274,146,170
275,147,171
276,148,172
277,149,173
278,150,174
279,151,176
280,152,177
281,153,178
282,154,179
283,154,180
284,155,181
285,156,183
286,157,184
287,158,185
288,159,186
289,160,187
290,161,189
291,162,190
292,163,191
293,164,192
294,165,193
295,165,194
296,166,196
297,167,197
298,168,198
299,169,199
300,170,200
301,171,201
302,171,202
303,172,204
304,173,205
305,174,206
306,175,207
307,176,208
308,177,209
309,177,210
310,178,212
311,179,213
312,180,214
313,181,215
314,181,216
315,182,217
316,183,218
317,184,219
318,185,221
319,185,222
320,186,223
321,187,224
322,188,225
323,188,226
324,189,227
325,190,228
326,191,229
327,191,230
328,192,232
329,193,233
330,194,234
331,194,235
332,195,236
333,196,237
334,196,238
335,197,239
336,198,240
337,198,241
338,199,242
339,200,243
340,200,244
341,201,245
342,202,246
343,203,247
344,203,249
345,204,250
346,204,251
347,205,251
348,206,252
349,206,253
350,207,254
351,207,254
352,208,255
353,209,255
354,209,256
355,210,256
356,210,257
357,211,257
358,212,258
359,212,258
360,213,258
361,213,259
362,214,259
363,214,259
364,215,260
365,215,260
366,216,260
367,216,260
368,217,261
369,217,261
370,218,261
371,218,261
372,219,262
373,219,262
374,220,262
375,220,262
376,221,262
377,221,262
378,222,262
379,222,262
380,223,263
381,223,263
382,224,263
383,224,263
384,224,263
385,225,263
386,225,263
387,226,263
388,226,263
389,227,263
390,227,263
391,227,263
392,228,263
393,228,263
394,229,263
395,229,264
396,229,264
397,230,264
398,230,264
399,230,264
400,231,264
401,231,264
402,232,264
403,232,264
404,232,264
405,233,264
406,233,264
407,233,264
408,234,264
409,234,264
410,235,264
411,235,264
412,235,263
413,236,263
414,236,263
415,237,263
416,237,263
417,237,263
418,238,263
419,238,263
420,239,263
421,239,263
422,239,263
423,240,263
424,240,263
425,241,263
426,241,263
427,241,262
428,242,262
429,242,262
430,242,262
431,243,262
432,243,262
433,244,262
434,244,262
435,244,261
436,245,261
437,245,261
438,246,261
439,246,261
440,246,261
441,247,261
442,247,260
443,248,260
444,248,260
445,249,260
446,249,260
447,249,259
448,250,259
449,250,259
450,251,259
451,251,259
452,252,258
453,252,258
454,253,258
455,253,257
456,254,256
0,0
0,155
300,132,132
301,129,139
302,127,142
303,126,145
304,126,148
305,126,150
306,126,152
307,127,153
308,127,155
309,128,156
310,129,158
311,130,159
312,130,161
313,131,162
314,131,163
315,132,164
316,133,165
317,133,166
318,134,167
319,134,168
320,135,168
321,135,169
322,136,169
323,136,170
324,137,170
325,137,170
326,137,170
327,138,170
328,138,170
329,139,170
330,139,170
331,139,170
332,140,170
333,140,170
334,141,171
335,141,171
336,141,171
337,141,171
338,142,171
339,142,171
340,143,171
341,143,171
342,143,171
343,143,171
344,144,171
345,144,171
346,144,172
347,144,172
348,145,172
349,145,172
350,145,172
351,145,172
352,146,172
353,146,172
354,146,172
355,146,172
356,146,173
357,147,173
358,147,173
359,147,173
360,147,173
361,148,173
362,148,173
363,148,173
364,148,174
365,148,174
366,148,174
367,149,174
368,149,174
369,149,174
370,149,174
371,149,175
372,149,175
373,150,175
374,150,175
375,150,175
376,150,175
377,150,175
378,150,175
379,150,176
380,151,176
381,151,176
382,151,176
383,151,176
384,151,176
385,151,176
386,151,176
387,152,177
388,152,177
389,152,177
390,152,177
391,152,177
392,152,177
393,152,177
394,152,178
395,152,178
396,153,178
397,153,178
398,153,178
399,153,178
400,153,178
401,153,178
402,153,179
403,153,179
404,153,179
405,153,179
406,153,179
407,154,179
408,154,180
409,154,180
410,154,180
411,154,181
412,154,181
413,154,181
414,154,181
415,154,182
416,154,182
417,155,182
418,155,182
419,155,182
420,155,183
421,155,183
422,156,183
423,156,183
424,156,183
425,156,184
426,157,184
427,157,184
428,157,184
429,158,184
430,158,184
431,159,184
432,159,184
433,159,185
434,160,185
435,161,185
436,161,185
437,162,185
438,162,185
439,163,185
440,163,185
441,164,185
442,165,185
443,165,185
444,166,185
445,167,185
446,168,184
447,168,184
448,169,184
449,170,184
450,171,184
451,172,183
452,174,183
453,175,182
454,178,180
0,0
1,174
142,309,313
143,309,314
144,309,315
145,308,316
146,308,317
147,308,318
148,308,318
149,308,319
150,308,320
151,308,320
152,308,321
153,308,322
154,308,322
155,308,323
156,308,323
157,308,324
158,308,324
159,308,324
160,308,325
161,308,325
162,308,325
163,308,326
164,308,326
165,307,326
166,307,326
167,307,326
168,307,326
169,307,326
170,307,326
171,307,327
172,307,326
173,307,326
174,307,326
175,307,326
176,307,326
177,307,326
178,307,325
179,307,325
180,306,325
181,306,325
182,306,325
183,306,325
184,306,324
185,306,324
186,306,324
187,306,324
188,306,324
189,306,323
190,306,323
191,306,323
192,306,323
193,305,323
194,305,323
195,305,322
196,305,322
197,305,322
198,305,322
199,305,322
200,305,322
201,305,321
202,304,321
203,304,321
204,304,321
205,304,321
206,304,320
207,304,320
208,304,320
209,304,320
210,304,320
211,304,320
212,303,319
213,303,319
214,303,319
215,303,319
216,303,319
217,303,319
218,303,318
219,302,318
220,302,318
221,302,318
222,302,318
223,302,318
224,302,317
225,302,317
226,302,317
227,301,317
228,301,317
229,301,317
230,301,316
231,301,316
232,301,316
233,300,316
234,300,316
235,300,316
236,300,315
237,300,315
238,300,315
239,299,315
240,299,315
241,299,315
242,299,315
243,299,314
244,299,314
245,298,314
246,298,314
247,298,314
248,298,314
249,298,314
250,297,313
251,297,313
252,297,313
253,297,313
254,297,313
255,296,313
256,296,312
257,296,312
258,296,312
259,295,312
260,295,312
261,295,312
262,295,312
263,295,311
264,294,311
265,294,311
266,294,311
267,294,311
268,293,311
269,293,311
270,293,311
271,293,310
272,292,310
273,292,310
274,292,310
275,292,310
276,291,310
277,291,310
278,291,310
279,291,309
280,290,309
281,290,309
282,290,309
283,289,309
284,289,309
285,289,309
286,289,309
287,288,309
288,288,309
289,288,308
290,287,308
291,287,308
292,287,308
293,286,308
294,286,308
295,286,308
296,286,308
297,285,308
298,285,308
299,285,308
300,284,308
301,284,308
302,284,308
303,283,308
304,283,308
305,282,308
306,284,308
307,287,308
308,290,309
309,293,309
310,296,309
311,299,309
312,303,310
313,306,310
314,309,311
315,312,312
0,198
279,321,321
280,313,325
281,309,331
282,306,334
283,305,336
284,306,339
285,306,341
286,306,343
287,307,344
288,307,346
289,307,348
290,307,350
291,308,351
292,308,353
293,308,354
294,309,356
295,309,357
296,309,359
297,310,360
298,310,361
299,310,362
300,311,363
301,311,364
302,311,364
303,312,365
304,312,366
305,312,366
306,313,366
307,313,366
308,313,366
309,314,367
310,314,366
311,314,366
312,315,366
313,315,366
314,316,365
315,316,365
316,316,364
317,316,364
318,317,363
319,317,363
320,317,362
321,317,361
322,317,360
323,318,360
324,318,359
325,318,358
326,318,358
327,318,357
328,318,357
329,318,356
330,318,356
331,318,355
332,319,355
333,319,355
334,319,354
335,319,354
336,319,353
337,319,353
338,319,353
339,319,353
340,319,352
341,319,352
342,319,352
343,319,351
344,319,351
345,319,351
346,319,351
347,319,351
348,319,351
349,320,350
350,320,350
351,320,350
352,320,350
353,320,350
354,320,350
355,320,350
356,320,349
357,320,349
358,320,349
359,320,349
360,320,349
361,319,349
362,319,349
363,319,349
364,319,349
365,319,349
366,319,349
367,319,349
368,319,349
369,319,349
370,319,348
371,319,348
372,319,348
373,319,348
374,319,348
375,319,348
376,319,348
377,319,348
378,318,348
379,318,348
380,318,348
381,318,348
382,318,348
383,318,348
384,318,348
385,318,347
386,318,347
387,318,347
388,317,347
389,317,347
390,317,347
391,317,347
392,317,347
393,317,347
394,317,347
395,316,347
396,316,347
397,316,347
398,316,347
399,316,347
400,316,347
401,315,346
402,315,346
403,315,346
404,315,346
405,315,346
406,315,346
406,293,293
406,315,346
407,290,296
407,314,346
408,290,298
408,314,346
409,289,300
409,314,346
410,289,302
410,313,346
411,290,304
411,313,346
412,290,306
412,312,346
413,290,309
413,309,345
413,290,345
414,290,345
415,291,345
416,291,345
417,291,345
418,292,345
419,292,345
420,292,344
421,293,344
422,293,344
423,294,344
424,294,344
425,295,343
426,295,343
427,296,343
428,296,343
429,297,342
430,297,342
431,298,342
432,298,342
433,299,341
434,299,341
435,300,341
436,300,340
437,301,340
438,301,340
439,302,339
440,302,339
441,303,339
442,303,338
443,304,338
444,304,337
445,305,337
446,305,337
447,306,336
448,307,336
449,307,335
450,308,335
451,308,334
452,309,334
453,310,334
454,310,333
455,311,333
456,312,332
457,312,332
458,313,332
459,314,331
460,314,330
461,315,330
462,316,329
463,317,328
464,318,328
465,319,326
466,321,324
0,0
1,124
162,369,370
163,368,372
164,367,373
165,367,374
166,367,375
167,366,375
168,366,376
169,366,376
170,366,377
171,365,377
172,365,377
173,365,377
174,365,378
175,365,378
176,364,378
177,364,378
178,364,378
179,364,378
180,364,378
181,363,378
182,363,378
183,363,378
184,363,378
185,362,378
186,362,378
187,362,378
188,362,377
189,361,377
190,361,377
191,361,377
192,361,377
193,361,377
194,360,377
195,360,377
196,360,377
197,360,377
198,359,377
199,359,376
200,359,376
201,359,376
202,358,376
203,358,376
204,358,376
205,358,376
206,357,376
207,357,376
208,357,375
209,357,375
210,357,375
211,356,375
212,356,375
213,356,375
214,356,375
215,355,375
216,355,374
217,355,374
218,355,374
219,354,374
220,354,374
221,354,374
222,354,374
223,353,374
224,353,373
225,353,373
226,353,373
227,352,373
228,352,373
229,352,373
230,352,373
231,351,373
232,351,373
233,351,372
234,351,372
235,351,372
236,350,372
237,350,372
238,350,372
239,350,372
240,350,372
241,350,372
242,349,371
243,349,371
244,349,371
245,349,371
246,349,371
247,349,371
248,349,371
249,349,371
250,349,371
251,349,370
252,349,370
253,348,370
254,348,370
255,348,370
256,348,370
257,348,370
258,348,370
259,348,370
260,348,370
261,349,369
262,349,369
263,349,369
264,349,369
265,349,369
266,349,369
267,350,369
268,350,369
269,350,369
270,350,369
271,351,368
272,351,368
273,352,368
274,352,368
275,352,368
276,353,368
277,353,368
278,354,367
279,355,367
280,356,367
281,356,367
282,357,366
283,359,366
284,360,365
285,363,363
0,0
1,141
169,420,423
170,419,424
171,418,426
172,418,427
173,418,428
174,418,429
175,418,430
176,418,431
177,418,431
178,417,432
179,417,432
180,417,432
181,417,432
182,417,433
183,417,433
184,417,433
185,417,433
186,417,433
187,417,433
188,417,434
189,417,433
190,417,433
191,416,433
192,416,433
193,416,432
194,416,432
195,416,432
196,416,432
197,416,432
198,416,432
199,416,431
200,415,431
201,415,431
202,415,431
203,415,431
204,415,431
205,415,431
206,415,431
207,415,430
208,415,430
209,414,430
210,414,430
211,414,430
212,414,430
213,414,430
214,414,430
215,414,429
216,414,429
217,413,429
218,413,429
219,413,429
220,413,429
221,413,429
222,413,429
223,413,429
224,412,428
225,412,428
226,412,428
227,412,428
228,412,428
229,412,428
230,412,428
231,411,428
232,411,428
233,411,428
234,411,428
235,411,428
236,411,427
237,411,427
238,410,427
239,410,427
240,410,427
241,410,427
242,410,427
243,410,427
244,409,427
245,409,427
246,409,427
247,409,427
248,409,427
249,409,427
250,408,426
251,408,426
252,408,426
253,408,426
254,408,426
255,407,426
256,407,426
257,407,426
258,407,426
259,407,426
260,407,426
261,406,426
262,406,426
263,406,426
264,406,426
265,406,426
266,405,426
267,405,426
268,405,425
269,405,425
270,405,425
271,405,425
272,404,425
273,404,425
274,404,425
275,404,425
276,404,425
277,404,425
278,404,425
279,403,425
280,404,425
281,404,425
282,404,425
283,404,425
284,404,425
285,404,425
286,404,425
287,404,425
288,404,425
289,405,425
290,405,425
291,405,425
292,406,424
293,406,424
294,407,424
295,407,424
296,408,424
297,408,424
298,409,424
299,410,424
300,410,424
301,411,424
302,412,424
303,413,424
304,414,424
305,415,423
306,416,423
307,417,422
308,419,421
308,419,419
0,0
