0,56
70,115,120
71,112,127
72,111,133
73,110,138
74,110,142
75,110,146
76,110,150
77,110,153
78,110,156
79,111,160
80,111,162
81,112,165
82,112,167
83,113,169
84,114,170
85,115,172
86,116,173
87,117,174
88,118,175
89,119,176
90,121,177
91,122,178
92,123,179
93,125,179
94,126,180
95,128,180
96,129,180
97,131,181
98,132,181
99,133,181
100,135,182
101,136,182
102,137,183
103,139,183
104,140,183
105,142,183
106,143,184
107,144,184
108,146,184
109,147,184
110,148,184
111,149,184
112,151,184
113,152,184
114,153,184
115,155,184
116,156,184
117,157,184
118,158,184
119,160,183
120,161,183
121,162,182
122,164,181
123,165,180
124,168,179
125,171,176
0,0
0,57
159,71,78
160,68,83
161,67,87
162,67,91
163,67,95
164,67,99
165,67,103
166,67,105
167,67,108
168,67,111
169,68,113
170,68,115
171,69,117
172,69,118
173,70,120
174,71,122
175,72,123
176,73,125
177,74,126
178,74,127
179,76,128
180,77,129
181,78,130
182,79,131
183,80,132
184,81,132
185,82,133
186,83,134
187,84,134
188,85,135
189,86,135
190,87,135
191,88,136
192,89,136
193,91,136
194,92,137
195,93,137
196,94,137
197,95,137
198,96,137
199,98,137
200,99,137
201,100,137
202,101,137
203,103,137
204,104,137
205,105,137
206,107,137
207,108,136
208,110,136
209,111,136
210,113,135
211,115,134
212,117,134
213,120,132
214,123,131
215,128,128
0,0
0,168
413,97,97
412,94,100
411,91,102
410,89,102
409,88,103
408,87,103
407,86,104
406,85,104
405,84,104
404,84,104
403,83,104
402,82,104
401,82,104
400,81,104
399,80,104
398,80,104
397,79,105
396,79,105
395,78,105
394,78,105
393,77,105
392,77,106
391,76,106
390,76,106
389,76,106
388,75,106
387,75,107
386,74,107
385,74,107
384,74,107
383,73,108
382,73,108
381,72,108
380,72,108
379,72,109
378,71,109
377,71,109
376,71,110
375,70,110
374,70,110
373,70,111
372,70,111
371,69,111
370,69,111
369,69,112
368,69,112
367,68,112
366,68,113
365,68,113
364,68,113
363,68,114
362,68,114
361,68,114
360,68,115
359,68,115
358,68,115
357,69,116
356,70,116
355,71,116
354,73,117
353,74,117
352,75,117
351,76,118
350,77,118
349,78,118
348,79,119
347,80,119
346,81,119
345,82,120
344,83,120
343,84,120
342,85,121
341,86,121
340,86,122
339,87,122
338,88,122
337,89,123
336,89,123
335,90,123
334,91,124
333,92,124
332,92,124
331,93,125
330,94,125
329,95,126
328,95,126
327,96,126
326,97,127
325,97,127
324,98,127
323,99,128
322,99,128
321,100,129
320,100,129
319,101,129
318,102,130
317,102,130
316,103,130
315,103,131
314,104,131
313,105,131
312,105,132
311,106,132
310,107,133
309,107,133
308,108,133
307,108,134
306,109,134
305,110,134
304,110,135
303,111,135
302,111,136
301,112,136
300,113,136
299,113,137
298,114,137
297,115,137
296,115,138
295,116,138
294,117,139
293,117,139
292,118,139
291,118,140
290,119,140
289,120,140
288,120,141
287,121,141
286,122,141
285,122,142
284,123,142
283,123,143
282,124,143
281,125,143
280,125,144
279,126,144
278,127,144
277,127,145
276,128,145
275,128,146
274,129,146
273,130,146
272,130,147
271,131,147
270,132,147
269,132,148
268,133,148
267,133,149
266,134,149
265,135,149
264,135,150
263,136,150
262,137,150
261,137,151
260,138,151
259,139,152
258,139,152
257,140,152
256,141,153
255,141,153
254,142,153
253,143,154
252,144,154
251,145,154
250,146,154
249,147,154
248,148,154
247,150,154
246,152,153
0,0
0,58
43,272,279
44,269,285
45,269,290
46,268,295
47,268,299
48,268,303
49,268,307
50,268,310
51,269,313
52,269,316
53,269,319
54,270,322
55,270,324
56,271,326
57,272,327
58,273,329
59,274,331
60,275,332
61,276,333
62,277,334
63,279,335
64,280,336
65,281,336
66,283,337
67,284,338
68,286,338
69,287,339
70,288,339
71,290,339
72,291,340
73,293,340
74,294,340
75,295,341
76,296,341
77,298,341
78,299,341
79,300,342
80,302,342
81,303,342
82,304,342
83,306,342
84,307,343
85,308,343
86,309,343
87,310,343
88,312,343
89,313,343
90,314,343
91,315,342
92,317,342
93,318,342
94,319,341
95,320,341
96,322,340
97,323,339
98,325,338
99,328,335
100,332,332
0,0
1,146
226,161,163
227,160,165
228,160,166
229,159,166
230,159,167
231,159,168
232,158,168
233,158,169
234,158,169
235,158,170
236,158,170
237,158,171
238,157,171
239,157,171
240,157,172
241,157,172
242,157,172
243,157,172
244,157,172
245,156,173
246,156,173
247,156,173
248,156,173
249,156,173
250,156,173
251,155,173
252,155,173
253,155,172
254,155,172
255,155,172
256,154,172
257,154,172
258,154,171
259,154,171
260,154,171
261,154,171
262,153,171
263,153,170
264,153,170
265,153,170
266,153,169
267,152,169
268,152,169
269,152,168
270,152,168
271,152,168
272,151,168
273,151,167
274,151,167
275,151,167
276,151,167
277,150,166
278,150,166
279,150,166
280,150,166
281,150,165
282,149,165
283,149,165
284,149,165
285,149,164
286,148,164
287,148,164
288,148,164
289,148,164
290,147,163
291,147,163
292,147,163
293,147,163
294,147,162
295,146,162
296,146,162
297,146,162
298,145,161
299,145,161
300,145,161
301,145,161
302,144,160
303,144,160
304,144,160
305,144,160
306,143,160
307,143,159
308,143,159
309,142,159
310,142,159
311,142,158
312,142,158
313,141,158
314,141,158
315,141,157
316,140,157
317,140,157
318,140,157
319,139,156
320,139,156
321,139,156
322,138,156
323,138,155
324,138,155
325,137,155
326,137,155
327,137,154
328,136,154
329,136,154
330,136,154
331,135,153
332,135,153
333,135,153
334,134,153
335,134,152
336,134,152
337,133,152
338,133,152
339,132,151
340,132,151
341,132,151
342,131,151
343,131,150
344,130,150
345,130,150
346,130,150
347,129,150
348,129,149
349,129,149
350,128,149
351,128,149
352,127,149
353,127,148
354,126,148
355,126,148
356,126,148
357,125,148
358,125,148
359,124,148
360,124,148
361,123,148
362,123,148
363,123,148
364,122,148
365,126,148
366,130,148
367,134,148
368,138,148
369,142,149
370,146,149
371,150,150
0,108
120,373,373
121,367,378
122,364,383
123,364,386
124,364,389
125,364,391
126,364,393
127,365,396
128,365,398
129,365,400
130,365,402
131,366,404
132,366,406
133,366,407
134,367,409
135,367,410
136,367,412
137,367,414
138,368,415
139,368,416
140,368,417
141,368,419
142,369,420
143,369,421
144,369,422
145,369,422
146,370,423
147,370,423
148,370,424
149,370,424
150,371,424
151,371,424
152,372,424
153,372,424
154,372,423
155,373,423
156,373,423
157,373,422
158,373,421
159,373,421
160,373,420
161,373,419
162,373,417
163,373,416
164,373,415
165,373,414
166,372,413
167,372,412
168,372,411
169,372,410
170,372,410
171,372,409
172,372,408
173,371,407
174,371,407
175,371,406
176,371,405
177,371,404
178,371,404
179,370,403
180,370,402
181,370,402
182,370,401
183,370,401
184,369,401
185,369,400
186,369,399
187,369,399
188,368,398
189,368,398
190,368,398
191,368,397
192,367,397
193,367,396
194,367,396
195,367,396
196,366,395
197,366,395
198,366,394
199,365,394
200,365,394
201,365,393
202,365,393
203,364,392
204,364,392
205,364,392
206,363,391
207,363,391
208,363,391
209,362,390
210,362,390
211,362,389
212,362,389
213,361,389
214,361,388
215,361,388
216,360,388
217,360,387
218,360,387
219,359,387
220,359,386
221,358,386
222,358,386
223,358,385
224,357,385
225,357,385
226,357,368
227,357,357
0,0
1,162
237,243,245
238,242,247
239,241,248
240,241,250
241,241,251
242,240,252
243,240,253
244,240,253
245,240,254
246,240,255
247,240,255
248,239,256
249,239,256
250,239,256
251,239,257
252,239,257
253,239,257
254,239,257
255,239,257
256,238,258
257,238,257
258,238,257
259,238,257
260,238,257
261,238,257
262,237,256
263,237,256
264,237,256
265,237,256
266,237,256
267,237,255
268,237,255
269,236,255
270,236,255
271,236,255
272,236,254
273,236,254
274,236,254
275,235,254
276,235,254
277,235,253
278,235,253
279,235,253
280,235,253
281,234,253
282,234,252
283,234,252
284,234,252
285,234,252
286,234,252
287,233,252
288,233,251
289,233,251
290,233,251
291,233,251
292,232,251
293,232,251
294,232,250
295,232,250
296,232,250
297,232,250
298,231,250
299,231,250
300,231,249
301,231,249
302,230,249
303,230,249
304,230,249
305,230,249
306,230,249
307,229,248
308,229,248
309,229,248
310,229,248
311,229,248
312,228,248
313,228,248
314,228,247
315,228,247
316,228,247
317,227,247
318,227,247
319,227,247
320,227,247
321,227,247
322,226,246
323,226,246
324,226,246
325,226,246
326,225,246
327,225,246
328,225,246
329,225,245
330,225,245
331,224,245
332,224,245
333,224,245
334,224,245
335,223,245
336,223,245
337,223,245
338,223,244
339,222,244
340,222,244
341,222,244
342,222,244
343,221,244
344,221,244
345,221,244
346,221,244
347,221,243
348,220,243
349,220,243
350,220,243
351,220,243
352,219,243
353,219,243
354,219,243
355,219,243
356,218,242
357,218,242
358,218,242
359,218,242
360,218,242
361,217,242
362,217,242
363,217,242
364,217,242
365,217,242
366,217,241
367,217,241
368,216,241
369,217,241
370,217,241
371,217,241
372,217,241
373,217,241
374,217,241
375,218,241
376,218,240
377,218,240
378,218,240
379,219,240
380,219,240
381,219,240
382,220,240
383,220,240
384,221,240
385,221,240
386,222,240
387,222,239
388,223,239
389,224,239
390,224,239
391,225,239
392,226,239
393,227,239
394,227,239
395,228,238
396,229,238
397,230,237
398,232,236
0,0
0,282
144,219,224
145,216,229
146,214,232
147,214,235
148,214,237
149,214,240
150,214,242
151,214,244
152,215,246
153,215,248
154,216,249
155,216,251
156,217,253
157,217,254
158,218,255
159,218,256
160,219,257
161,220,258
162,220,259
163,220,259
164,221,260
165,221,260
166,222,260
167,222,260
168,222,260
169,223,260
170,223,260
171,223,259
172,223,259
173,224,259
174,224,259
175,224,258
176,224,258
177,225,258
178,225,258
179,225,258
180,225,257
181,225,257
182,226,257
183,226,257
184,226,256
185,226,256
186,226,256
187,226,256
188,226,256
189,226,256
190,226,256
191,226,256
192,227,256
193,227,255
194,227,255
195,227,255
196,227,255
197,227,255
198,227,255
199,227,255
200,227,255
201,227,255
202,227,255
203,227,255
204,227,255
205,227,255
206,227,255
207,227,255
208,227,255
209,227,255
210,227,254
211,227,254
212,227,254
213,227,254
214,227,254
215,227,254
216,227,254
217,227,254
218,226,254
219,226,254
220,226,254
221,226,254
222,226,254
223,226,254
224,226,253
225,226,253
226,226,253
227,226,253
228,226,253
229,226,253
230,226,253
231,226,253
232,226,253
233,226,253
234,226,253
235,226,252
236,226,252
237,225,252
238,225,252
239,225,252
240,225,252
241,225,252
242,225,252
243,225,252
244,225,252
245,225,251
246,225,251
247,225,251
248,225,251
249,224,251
250,224,251
251,224,251
252,224,251
253,224,251
254,224,250
255,224,250
256,224,250
257,224,250
258,224,250
259,224,250
260,224,250
261,223,250
262,223,249
263,223,249
264,223,249
265,223,249
266,223,249
267,223,249
268,223,249
269,222,248
270,222,248
271,222,248
272,222,248
273,222,248
274,222,248
275,222,247
276,221,247
277,221,247
278,221,247
279,221,247
280,221,247
281,221,246
282,220,246
283,220,246
284,220,246
285,220,246
286,220,246
287,219,245
288,219,245
289,219,245
290,219,245
291,219,245
292,218,244
293,218,244
294,218,244
295,218,244
296,218,244
297,217,243
298,217,243
299,217,243
300,217,243
301,216,242
302,216,242
303,216,242
304,216,242
305,215,241
306,215,241
307,215,241
308,215,241
309,214,240
310,214,240
311,214,240
312,213,240
313,213,239
314,213,239
315,212,239
316,212,239
317,212,238
318,211,238
319,211,238
320,211,237
321,210,237
322,210,237
323,210,236
324,209,236
325,209,236
326,209,235
327,208,235
328,208,235
329,207,234
330,207,234
331,207,234
332,206,233
333,206,233
334,205,232
335,205,232
336,205,232
337,204,231
338,204,231
339,203,231
340,203,230
341,202,230
342,202,229
343,201,229
344,201,228
345,200,228
346,200,227
347,199,227
348,199,226
349,198,226
350,198,225
351,197,225
352,197,224
353,196,224
354,196,223
355,195,223
356,195,222
357,194,222
358,193,221
359,193,220
360,192,220
361,192,219
362,191,219
363,191,218
364,190,217
365,189,217
366,189,216
367,188,216
368,187,215
369,187,214
370,186,213
371,186,213
372,185,212
373,184,211
374,183,210
375,183,210
376,182,209
377,181,208
378,180,207
379,180,207
380,179,206
381,178,205
382,177,204
383,176,203
384,175,202
385,174,201
386,174,201
387,172,200
388,172,199
389,171,198
390,169,197
391,168,196
392,167,194
393,166,194
394,165,192
395,164,191
396,163,190
397,162,189
398,161,188
399,160,187
400,159,186
401,158,184
402,157,183
403,156,182
404,155,181
405,154,180
406,153,178
407,152,177
408,151,176
409,150,174
410,149,173
411,148,172
412,147,170
413,146,169
414,145,167
415,144,166
416,142,164
417,141,163
418,141,162
419,140,160
420,139,158
421,138,157
422,138,155
423,138,153
424,138,150
425,142,146
0,0
