0,63
50,104,104
51,102,113
52,99,118
53,99,123
54,98,128
55,98,132
56,98,135
57,98,139
58,98,142
59,98,145
60,99,148
61,99,151
62,100,154
63,100,157
64,101,159
65,102,161
66,103,162
67,103,164
68,104,165
69,105,167
70,107,168
71,108,169
72,109,170
73,110,171
74,112,171
75,113,172
76,114,173
77,116,173
78,117,174
79,119,174
80,120,174
81,121,175
82,123,175
83,124,176
84,125,176
85,127,176
86,128,177
87,129,177
88,131,177
89,132,177
90,133,177
91,134,178
92,136,178
93,137,178
94,138,178
95,139,178
96,141,178
97,142,178
98,143,179
99,144,179
100,146,178
101,147,178
102,148,178
103,149,178
104,150,178
105,152,177
106,153,177
107,154,176
108,155,176
109,157,175
110,159,174
111,161,172
112,167,167
0,0
0,58
147,64,64
148,62,70
149,60,74
150,59,77
151,59,80
152,59,84
153,59,87
154,59,90
155,59,93
156,59,95
157,60,97
158,60,100
159,60,102
160,61,103
161,62,105
162,62,107
163,63,108
164,64,110
165,65,111
166,66,112
167,67,114
168,68,115
169,69,116
170,69,117
171,70,118
172,71,119
173,72,119
174,73,120
175,74,121
176,75,121
177,76,122
178,77,122
179,78,122
180,79,123
181,80,123
182,81,123
183,82,124
184,83,124
185,84,124
186,85,124
187,86,124
188,87,124
189,88,124
190,89,124
191,90,124
192,92,124
193,93,124
194,94,124
195,95,124
196,97,123
197,98,123
198,100,123
199,101,122
200,103,121
201,105,121
202,107,120
203,109,119
204,113,116
0,0
0,199
430,94,94
429,91,97
428,89,99
427,87,99
426,85,100
425,84,100
424,83,101
423,82,101
422,81,101
421,81,101
420,80,101
419,79,101
418,79,102
417,78,102
416,78,102
415,77,102
414,77,102
413,76,102
412,76,103
411,75,103
410,75,103
409,74,103
408,74,104
407,74,104
406,73,104
405,73,104
404,72,105
403,72,105
402,72,105
401,71,105
400,71,106
399,70,106
398,70,106
397,70,107
396,70,107
395,69,107
394,69,108
393,68,108
392,68,108
391,68,109
390,68,109
389,67,109
388,67,110
387,67,110
386,67,110
385,66,111
384,66,111
383,66,112
382,66,112
381,66,112
380,66,113
379,65,113
378,65,113
377,65,114
376,65,114
375,65,115
374,65,115
373,66,115
372,66,116
371,66,116
370,67,116
369,68,117
368,70,117
367,71,118
366,73,118
365,74,119
364,75,119
363,76,119
362,77,120
361,78,120
360,79,121
359,80,121
358,81,121
357,82,122
356,83,122
355,84,123
354,85,123
353,86,123
352,87,124
351,88,124
350,89,125
349,89,125
348,90,126
347,91,126
346,92,127
345,92,127
344,93,128
343,94,128
342,95,128
341,96,129
340,96,129
339,97,130
338,98,130
337,98,130
336,99,131
335,100,131
334,100,132
333,101,132
332,102,133
331,102,133
330,103,134
329,104,134
328,104,134
327,105,135
326,106,135
325,106,136
324,107,136
323,108,137
322,108,137
321,109,138
320,109,138
319,110,138
318,111,139
317,111,139
316,112,140
315,113,140
314,113,140
313,114,141
312,114,141
311,115,142
310,116,142
309,116,143
308,117,143
307,118,144
306,118,144
305,119,144
304,120,145
303,120,145
302,121,146
301,121,146
300,122,147
299,123,147
298,123,147
297,124,148
296,125,148
295,125,149
294,126,149
293,127,150
292,127,150
291,128,151
290,128,151
289,129,151
288,130,152
287,130,152
286,131,153
285,132,153
284,132,154
283,133,154
282,134,154
281,134,155
280,135,155
279,135,156
278,136,156
277,137,157
276,137,157
275,138,157
274,139,158
273,139,158
272,140,159
271,141,159
270,141,160
269,142,160
268,143,161
267,143,161
266,144,162
265,144,162
264,145,162
263,146,163
262,146,163
261,147,164
260,148,164
259,148,165
258,149,165
257,150,165
256,150,166
255,151,166
254,151,167
253,152,167
252,153,168
251,153,168
250,154,169
249,155,169
248,155,170
247,156,170
246,157,170
245,157,171
244,158,171
243,159,172
242,160,172
241,160,172
240,161,173
239,162,173
238,163,173
237,164,173
236,165,174
235,166,174
234,168,173
233,170,173
232,172,172
0,0
0,106
60,225,225
61,219,229
62,217,235
63,216,240
64,216,243
65,216,246
66,216,248
67,216,249
68,216,250
69,217,250
70,217,251
71,218,251
72,218,252
73,219,252
74,220,252
75,220,252
76,221,252
77,221,252
78,222,252
79,222,252
80,223,253
81,223,253
82,224,253
83,224,253
84,225,253
85,225,253
86,225,254
87,226,254
88,226,254
89,227,254
90,227,254
91,228,254
92,228,255
93,229,255
94,229,255
95,229,255
96,230,255
97,230,256
98,231,256
99,231,256
100,231,256
101,232,256
102,232,256
103,232,257
104,233,257
105,233,257
106,233,257
107,234,257
108,234,258
109,234,258
110,235,258
111,235,258
112,235,258
113,235,259
114,236,259
115,236,259
116,236,259
117,237,259
118,237,260
119,237,260
120,237,260
121,238,260
122,238,260
123,238,261
124,238,261
125,239,261
126,239,261
127,239,261
128,239,261
129,239,262
130,240,262
131,240,262
132,240,262
133,240,262
134,241,262
135,241,263
136,241,263
137,242,263
138,242,263
139,242,263
140,242,263
141,243,263
142,243,264
143,243,264
144,244,264
145,244,264
146,244,264
147,245,264
148,245,264
149,246,264
150,246,264
151,247,264
152,247,264
153,248,264
154,248,264
155,249,264
156,249,264
157,250,264
158,251,264
159,252,264
160,253,264
161,254,263
162,255,263
163,256,263
164,257,262
165,261,261
0,0
1,140
224,70,72
225,69,73
226,68,74
227,68,75
228,68,76
229,68,77
230,67,77
231,67,78
232,67,78
233,67,79
234,67,79
235,67,80
236,67,80
237,67,80
238,67,80
239,67,81
240,67,81
241,66,81
242,66,81
243,66,81
244,66,81
245,66,81
246,66,81
247,66,82
248,66,81
249,66,81
250,66,81
251,65,81
252,65,81
253,65,81
254,65,81
255,65,80
256,65,80
257,65,80
258,65,80
259,65,79
260,64,79
261,64,79
262,64,79
263,64,79
264,64,78
265,64,78
266,64,78
267,64,78
268,63,78
269,63,77
270,63,77
271,63,77
272,63,77
273,63,77
274,63,77
275,62,76
276,62,76
277,62,76
278,62,76
279,62,76
280,62,76
281,62,75
282,61,75
283,61,75
284,61,75
285,61,75
286,61,74
287,61,74
288,60,74
289,60,74
290,60,74
291,60,74
292,60,73
293,59,73
294,59,73
295,59,73
296,59,73
297,59,73
298,59,72
299,58,72
300,58,72
301,58,72
302,58,72
303,57,71
304,57,71
305,57,71
306,57,71
307,57,71
308,56,71
309,56,70
310,56,70
311,56,70
312,55,70
313,55,70
314,55,70
315,55,69
316,54,69
317,54,69
318,54,69
319,54,69
320,53,68
321,53,68
322,53,68
323,53,68
324,52,68
325,52,68
326,52,67
327,52,67
328,51,67
329,51,67
330,51,67
331,50,66
332,50,66
333,50,66
334,49,66
335,49,66
336,49,66
337,49,65
338,48,65
339,48,65
340,48,65
341,47,65
342,47,65
343,47,65
344,46,64
345,46,64
346,46,64
347,45,64
348,45,64
349,45,64
350,44,64
351,44,64
352,43,64
353,43,64
354,43,64
355,42,64
356,42,64
357,42,64
358,41,64
359,47,65
360,52,65
361,57,66
362,63,67
362,65,67
0,91
40,363,363
41,359,371
42,358,375
43,358,377
44,358,380
45,358,382
46,358,384
47,358,386
48,359,388
49,359,389
50,359,391
51,359,393
52,359,394
53,360,396
54,360,397
55,360,399
56,360,400
57,360,402
58,360,403
59,361,404
60,361,405
61,361,406
62,361,407
63,361,408
64,362,409
65,362,410
66,362,410
67,362,411
68,363,411
69,363,411
70,364,411
71,364,411
72,364,411
73,364,411
74,364,410
75,364,410
76,364,409
77,364,409
78,364,408
79,363,407
80,363,405
81,363,404
82,363,403
83,363,401
84,363,400
85,362,399
86,362,398
87,362,397
88,362,396
89,362,395
90,361,395
91,361,394
92,361,393
93,361,392
94,360,391
95,360,391
96,360,390
97,359,390
98,359,389
99,359,388
100,359,388
101,358,387
102,358,387
103,358,386
104,357,386
105,357,385
106,357,385
107,356,384
108,356,384
109,356,383
110,356,383
111,355,382
112,355,382
113,354,381
114,354,381
115,354,380
116,353,380
117,353,379
118,353,379
119,352,379
120,352,378
121,352,378
122,351,377
123,351,377
124,350,376
125,350,376
126,350,376
127,349,375
128,349,375
129,348,374
130,348,374
0,0
1,141
251,138,141
252,137,143
253,137,144
254,137,145
255,136,146
256,136,147
257,136,148
258,136,149
259,136,149
260,136,150
261,135,150
262,135,150
263,135,150
264,135,151
265,135,151
266,135,151
267,135,151
268,135,151
269,134,151
270,134,151
271,134,151
272,134,150
273,134,150
274,134,150
275,133,150
276,133,150
277,133,149
278,133,149
279,133,149
280,133,149
281,133,149
282,132,148
283,132,148
284,132,148
285,132,148
286,132,148
287,131,147
288,131,147
289,131,147
290,131,147
291,131,147
292,131,147
293,130,146
294,130,146
295,130,146
296,130,146
297,130,146
298,130,146
299,129,145
300,129,145
301,129,145
302,129,145
303,129,145
304,128,145
305,128,144
306,128,144
307,128,144
308,128,144
309,127,144
310,127,144
311,127,144
312,127,143
313,127,143
314,126,143
315,126,143
316,126,143
317,126,143
318,125,143
319,125,142
320,125,142
321,125,142
322,125,142
323,124,142
324,124,142
325,124,142
326,124,142
327,124,141
328,123,141
329,123,141
330,123,141
331,123,141
332,122,141
333,122,141
334,122,141
335,122,140
336,121,140
337,121,140
338,121,140
339,121,140
340,121,140
341,120,140
342,120,140
343,120,140
344,120,139
345,119,139
346,119,139
347,119,139
348,119,139
349,118,139
350,118,139
351,118,139
352,118,139
353,117,138
354,117,138
355,117,138
356,117,138
357,117,138
358,116,138
359,116,138
360,116,138
361,116,138
362,116,138
363,116,137
364,115,137
365,116,137
366,116,137
367,116,137
368,116,137
369,116,137
370,117,137
371,117,137
372,117,137
373,117,136
374,118,136
375,118,136
376,119,136
377,119,136
378,119,136
379,120,136
380,121,136
381,121,136
382,122,136
383,123,136
384,123,136
385,124,135
386,125,135
387,126,135
388,126,134
389,127,134
390,129,133
391,131,131
0,0
0,247
187,231,236
188,227,240
189,226,243
190,225,245
191,225,248
192,225,250
193,225,251
194,225,253
195,226,255
196,226,256
197,226,257
198,227,258
199,227,259
200,227,260
201,228,261
202,228,261
203,228,262
204,229,262
205,229,263
206,229,263
207,230,263
208,230,263
209,230,263
210,231,263
211,231,263
212,231,263
213,231,263
214,232,263
215,232,263
216,232,263
217,232,263
218,232,263
219,233,262
220,233,262
221,233,262
222,233,262
223,234,262
224,234,262
225,234,261
226,234,261
227,234,261
228,234,261
229,234,261
230,235,261
231,235,261
232,235,261
233,235,260
234,235,260
235,235,260
236,235,260
237,235,260
238,235,260
239,235,260
240,236,260
241,236,260
242,236,259
243,236,259
244,236,259
245,236,259
246,236,259
247,236,259
248,236,259
249,236,259
250,236,259
251,236,258
252,236,258
253,236,258
254,236,258
255,236,258
256,236,258
257,236,258
258,236,258
259,236,258
260,236,257
261,235,257
262,235,257
263,235,257
264,235,257
265,235,257
266,235,257
267,235,257
268,235,257
269,235,257
270,235,256
271,235,256
272,235,256
273,235,256
274,235,256
275,235,256
276,235,256
277,234,256
278,234,256
279,234,256
280,234,256
281,234,255
282,234,255
283,234,255
284,234,255
285,234,255
286,234,255
287,233,255
288,233,255
289,233,255
290,233,255
291,233,254
292,233,254
293,233,254
294,233,254
295,232,254
296,232,254
297,232,254
298,232,254
299,232,254
300,232,254
301,232,253
302,232,253
303,231,253
304,231,253
305,231,253
306,231,253
307,231,253
308,230,253
309,230,253
310,230,253
311,230,253
312,230,253
313,230,252
314,229,252
315,229,252
316,229,252
317,229,252
318,229,252
319,229,252
320,228,252
321,228,252
322,228,252
323,228,252
324,228,251
325,227,251
326,227,251
327,227,251
328,227,251
329,227,251
330,226,251
331,226,251
332,226,251
333,226,251
334,225,250
335,225,250
336,225,250
337,225,250
338,224,250
339,224,250
340,224,250
341,224,250
342,224,250
343,223,249
344,223,249
345,223,249
346,222,249
347,222,249
348,222,249
349,222,249
350,221,249
351,221,249
352,221,248
353,220,248
354,220,248
355,220,248
356,219,248
357,219,248
358,219,248
359,219,248
360,218,247
361,218,247
362,218,247
363,217,247
364,217,247
365,216,247
366,216,247
367,216,246
368,215,246
369,215,246
370,214,246
371,214,246
372,214,246
373,213,246
374,213,245
375,212,245
376,212,245
377,211,245
378,211,245
379,210,245
380,210,244
381,209,244
382,209,244
383,208,244
384,207,244
385,207,243
386,206,243
387,206,243
388,206,243
389,205,243
390,205,242
391,205,242
392,205,242
393,204,242
394,204,241
395,204,241
396,204,241
397,204,241
398,204,241
399,204,240
400,204,240
401,204,240
402,204,240
403,204,239
404,204,239
405,204,239
406,204,238
407,205,238
408,205,238
409,205,237
410,205,237
411,205,237
412,206,236
413,206,236
414,206,235
415,206,235
416,207,234
417,207,234
418,207,234
419,208,233
420,208,233
421,209,232
422,209,232
423,209,231
424,210,230
425,210,230
426,211,229
427,212,228
428,213,228
429,213,227
430,214,226
431,215,225
432,216,223
433,220,220
0,0
1,127
231,198,201
232,198,202
233,197,203
234,197,204
235,197,205
236,197,206
237,197,206
238,197,207
239,197,208
240,197,208
241,197,209
242,197,209
243,197,209
244,197,210
245,197,210
246,197,210
247,197,211
248,196,211
249,196,211
250,196,211
251,196,211
252,196,211
253,196,211
254,196,211
255,196,211
256,196,212
257,196,211
258,196,211
259,196,211
260,196,211
261,196,211
262,196,211
263,195,210
264,195,210
265,195,210
266,195,210
267,195,210
268,195,210
269,195,209
270,195,209
271,195,209
272,195,209
273,195,209
274,195,209
275,194,208
276,194,208
277,194,208
278,194,208
279,194,208
280,194,207
281,194,207
282,194,207
283,194,207
284,193,207
285,193,206
286,193,206
287,193,206
288,193,206
289,193,206
290,193,206
291,193,205
292,192,205
293,192,205
294,192,205
295,192,205
296,192,204
297,192,204
298,191,204
299,191,204
300,191,204
301,191,203
302,191,203
303,191,203
304,190,203
305,190,203
306,190,203
307,190,202
308,189,202
309,189,202
310,189,202
311,189,202
312,188,201
313,188,201
314,188,201
315,187,201
316,187,201
317,187,200
318,186,200
319,186,200
320,186,200
321,185,200
322,185,200
323,185,199
324,184,199
325,184,199
326,184,199
327,183,199
328,183,198
329,182,198
330,182,198
331,182,198
332,181,198
333,181,198
334,180,197
335,180,197
336,179,197
337,179,197
338,179,197
339,178,196
340,178,196
341,177,196
342,177,196
343,176,196
344,176,195
345,175,195
346,175,195
347,174,195
348,174,195
349,173,195
350,173,194
351,172,193
352,172,189
353,171,185
354,171,181
355,170,177
356,170,173
357,169,170
0,298
168,362,365
169,358,371
170,356,375
171,356,377
172,356,380
173,356,383
174,355,385
175,355,387
176,355,389
177,355,391
178,354,393
179,354,395
180,354,396
181,354,398
182,353,399
183,353,401
184,353,402
185,353,403
186,352,404
187,352,405
188,352,406
189,352,407
190,351,407
191,351,408
192,351,408
193,351,409
194,350,409
194,350,356
194,356,409
195,350,350
195,360,409
195,360,409
196,362,409
197,363,409
198,364,409
199,364,408
200,364,408
201,365,408
202,365,408
203,365,407
204,365,407
205,366,406
206,366,406
207,366,405
208,366,405
209,366,404
210,366,404
211,366,403
212,367,403
213,367,403
214,367,402
215,367,402
216,367,402
217,367,402
218,367,402
219,367,401
220,368,401
221,368,401
222,368,401
223,368,401
224,368,401
225,368,400
226,368,400
227,368,400
228,368,400
229,369,400
230,369,400
231,369,400
232,369,400
233,369,400
234,369,400
235,369,400
236,369,400
237,369,400
238,369,400
239,369,400
240,370,400
241,370,400
242,370,400
243,370,400
244,370,400
245,370,400
246,370,400
247,370,400
248,370,400
249,370,400
250,370,400
251,370,400
252,371,400
253,371,400
254,371,400
255,371,400
256,371,400
257,371,400
258,371,400
259,371,400
260,371,400
261,371,400
262,371,400
263,371,400
264,372,401
265,372,401
266,372,401
267,372,401
268,372,401
269,372,401
270,372,401
271,372,401
272,372,401
273,372,401
274,372,401
275,372,401
276,372,401
277,372,401
278,373,401
279,373,401
280,373,401
281,373,401
282,373,402
283,373,402
284,373,402
285,373,402
286,373,402
287,373,402
288,373,402
289,373,402
290,373,402
291,373,402
292,373,402
293,373,402
294,373,402
295,374,402
296,374,402
297,374,402
298,374,402
299,374,403
300,374,403
301,374,403
302,374,403
303,374,403
304,374,403
305,374,403
306,374,403
307,374,403
308,374,403
309,374,403
310,374,403
311,374,403
312,374,403
313,374,403
314,374,403
315,374,403
316,374,404
317,374,404
318,374,404
319,374,404
320,374,404
321,374,404
322,374,404
323,374,404
324,374,404
325,375,404
326,375,404
327,375,404
328,375,404
329,375,404
330,375,404
331,375,405
332,375,405
333,375,405
334,375,405
335,375,405
336,375,405
337,375,405
338,375,405
339,375,405
340,375,405
341,375,405
342,375,405
343,375,405
344,375,406
345,375,406
346,375,406
347,375,406
348,375,406
349,375,406
350,375,406
351,375,406
352,375,406
353,375,406
354,375,406
355,375,406
356,375,406
357,375,406
358,375,407
359,375,407
360,375,407
361,375,407
362,375,407
363,375,407
364,374,407
365,374,407
366,374,407
367,374,407
368,374,407
369,374,407
370,374,408
371,374,408
372,374,408
373,374,408
374,374,408
375,374,408
376,374,408
377,374,408
378,374,408
379,374,408
380,374,408
381,374,409
382,374,409
383,374,409
384,374,409
385,374,409
386,374,409
387,374,409
388,374,409
389,374,409
390,374,409
391,374,409
392,374,410
393,374,410
394,374,410
395,374,410
396,373,410
397,373,410
398,373,410
399,373,410
400,373,410
401,372,410
402,372,411
403,372,411
404,371,411
405,370,411
406,360,411
407,360,411
408,360,411
409,360,411
410,361,411
411,361,410
412,361,410
413,361,410
414,361,410
415,361,410
416,361,410
417,361,410
418,361,409
419,361,409
420,361,409
421,361,409
422,361,408
423,361,408
424,362,408
425,362,407
426,362,407
427,362,407
428,362,406
429,362,406
430,362,405
431,362,405
432,362,405
433,362,404
434,362,404
435,362,403
436,362,403
437,363,402
438,363,401
439,363,401
440,363,400
441,363,400
442,363,399
443,363,398
444,363,398
445,363,397
446,363,397
447,363,396
448,364,395
449,364,395
450,365,394
451,366,393
452,366,393
453,367,392
454,368,391
455,369,390
456,370,390
457,371,389
458,372,388
459,374,387
460,375,385
461,379,382
1,38
363,434,448
362,421,446
361,407,444
360,406,443
359,406,441
358,405,440
357,405,438
356,405,437
355,405,436
354,404,434
353,404,433
352,404,431
351,403,430
350,403,429
349,403,427
348,402,426
347,402,425
346,402,424
345,402,422
344,401,421
343,401,420
342,401,418
341,400,417
340,400,416
339,400,415
338,399,414
337,399,412
336,399,411
335,398,410
334,398,409
333,397,407
332,397,406
331,397,405
330,397,404
329,396,403
328,397,401
327,397,400
326,397,399
0,0
1,104
243,257,260
244,257,261
245,256,262
246,256,262
247,256,263
248,256,263
249,255,264
250,255,265
251,255,265
252,255,266
253,255,266
254,255,267
255,255,267
256,255,267
257,255,268
258,255,268
259,254,268
260,254,269
261,254,269
262,254,269
263,254,269
264,254,270
265,254,270
266,254,270
267,254,270
268,254,270
269,254,271
270,254,271
271,253,271
272,253,271
273,253,271
274,253,271
275,253,271
276,253,271
277,253,271
278,253,271
279,252,271
280,252,270
281,252,270
282,252,270
283,252,270
284,251,270
285,251,270
286,251,270
287,251,269
288,251,269
289,250,269
290,250,269
291,250,269
292,250,269
293,250,268
294,249,268
295,249,268
296,249,268
297,249,268
298,248,268
299,248,267
300,248,267
301,248,267
302,247,267
303,247,267
304,247,267
305,247,267
306,246,266
307,246,266
308,246,266
309,245,266
310,245,266
311,245,266
312,245,265
313,245,265
314,244,265
315,244,265
316,244,265
317,244,265
318,244,264
319,244,264
320,244,264
321,244,264
322,244,264
323,244,264
324,243,264
325,244,263
326,244,263
327,244,263
328,245,263
329,245,263
330,245,262
331,245,262
332,246,262
333,246,262
334,246,262
335,247,262
336,247,261
337,247,261
338,248,261
339,248,261
340,249,261
341,249,260
342,250,260
343,251,260
344,251,259
345,253,258
345,253,253
0,0
1,113
238,322,323
239,321,324
240,320,325
241,320,326
242,320,326
243,319,327
244,319,328
245,319,328
246,319,329
247,319,329
248,318,330
249,318,330
250,318,330
251,318,331
252,318,331
253,318,332
254,318,332
255,318,332
256,318,333
257,318,333
258,317,333
259,317,333
260,317,334
261,317,334
262,317,334
263,317,334
264,317,334
265,317,334
266,317,335
267,317,335
268,316,335
269,316,335
270,316,335
271,316,335
272,316,335
273,316,335
274,316,335
275,315,335
276,315,335
277,315,334
278,315,334
279,315,334
280,314,334
281,314,334
282,314,334
283,314,334
284,314,333
285,313,333
286,313,333
287,313,333
288,313,333
289,312,332
290,312,332
291,312,332
292,312,332
293,312,332
294,311,332
295,311,331
296,311,331
297,310,331
298,310,331
299,310,331
300,310,331
301,309,330
302,309,330
303,309,330
304,309,330
305,308,330
306,308,329
307,308,329
308,307,329
309,307,329
310,307,329
311,306,329
312,306,328
313,306,328
314,306,328
315,306,328
316,305,328
317,305,327
318,305,327
319,305,327
320,305,327
321,305,327
322,305,327
323,305,326
324,305,326
325,305,326
326,304,326
327,305,326
328,305,325
329,305,325
330,305,325
331,305,325
332,306,325
333,306,324
334,306,324
335,306,324
336,307,324
337,307,324
338,307,323
339,308,323
340,308,323
341,308,323
342,309,323
343,309,322
344,309,322
345,310,322
346,311,321
347,311,321
348,312,320
349,314,319
349,314,316
0,0
