0,54
68,105,107
69,101,113
70,99,119
71,98,124
72,98,128
73,98,132
74,98,136
75,99,140
76,99,143
77,99,146
78,99,149
79,100,151
80,101,153
81,101,155
82,102,156
83,103,158
84,104,159
85,106,160
86,107,161
87,108,162
88,109,163
89,111,163
90,112,164
91,114,164
92,115,165
93,116,165
94,118,165
95,119,166
96,121,166
97,122,166
98,123,167
99,125,167
100,126,167
101,127,168
102,129,168
103,130,168
104,131,168
105,133,168
106,134,169
107,135,169
108,136,169
109,138,169
110,139,169
111,140,169
112,142,169
113,143,168
114,144,168
115,145,168
116,147,167
117,148,167
118,149,166
119,151,165
120,153,163
121,159,159
0,0
0,52
162,72,72
163,69,78
164,66,84
165,65,89
166,65,94
167,65,98
168,65,102
169,65,105
170,65,108
171,65,110
172,66,112
173,66,114
174,67,116
175,67,118
176,68,119
177,69,121
178,70,122
179,71,124
180,72,125
181,73,126
182,74,127
183,76,127
184,77,128
185,78,129
186,79,129
187,80,130
188,81,130
189,82,131
190,84,131
191,85,132
192,86,132
193,87,132
194,88,132
195,90,133
196,91,133
197,92,133
198,93,133
199,95,133
200,96,133
201,97,133
202,99,133
203,100,133
204,102,133
205,103,133
206,105,132
207,106,132
208,108,131
209,110,131
210,113,130
211,115,129
212,118,128
213,122,125
0,0
0,172
409,93,93
408,89,97
407,87,98
406,85,99
405,84,99
404,83,99
403,82,100
402,81,100
401,80,100
400,80,100
399,79,100
398,78,100
397,78,100
396,77,100
395,76,101
394,76,101
393,75,101
392,75,101
391,74,101
390,74,101
389,73,102
388,73,102
387,73,102
386,72,102
385,72,102
384,71,103
383,71,103
382,70,103
381,70,103
380,70,104
379,69,104
378,69,104
377,68,104
376,68,105
375,68,105
374,67,105
373,67,106
372,67,106
371,66,106
370,66,106
369,66,107
368,66,107
367,65,107
366,65,108
365,65,108
364,65,108
363,64,109
362,64,109
361,64,109
360,64,109
359,64,110
358,64,110
357,64,110
356,64,111
355,64,111
354,65,112
353,65,112
352,66,112
351,67,112
350,69,113
349,70,113
348,71,114
347,72,114
346,73,114
345,75,115
344,76,115
343,77,115
342,77,116
341,78,116
340,79,116
339,80,117
338,81,117
337,82,118
336,83,118
335,83,118
334,84,119
333,85,119
332,86,119
331,86,120
330,87,120
329,88,120
328,89,121
327,89,121
326,90,122
325,91,122
324,91,122
323,92,123
322,93,123
321,93,123
320,94,124
319,95,124
318,95,124
317,96,125
316,96,125
315,97,126
314,98,126
313,98,126
312,99,127
311,100,127
310,100,128
309,101,128
308,101,128
307,102,129
306,103,129
305,103,129
304,104,130
303,104,130
302,105,130
301,106,131
300,106,131
299,107,132
298,107,132
297,108,132
296,109,133
295,109,133
294,110,133
293,111,134
292,111,134
291,112,135
290,112,135
289,113,135
288,114,136
287,114,136
286,115,136
285,116,137
284,116,137
283,117,138
282,117,138
281,118,138
280,119,139
279,119,139
278,120,139
277,121,140
276,121,140
275,122,141
274,122,141
273,123,141
272,124,142
271,124,142
270,125,142
269,125,143
268,126,143
267,127,144
266,127,144
265,128,144
264,129,145
263,129,145
262,130,145
261,131,146
260,131,146
259,132,147
258,132,147
257,133,147
256,134,148
255,134,148
254,135,149
253,135,149
252,136,149
251,137,150
250,137,150
249,138,150
248,139,151
247,140,151
246,140,151
245,141,152
244,142,152
243,143,152
242,144,152
241,145,152
240,146,152
239,148,152
238,151,151
0,0
0,124
27,274,274
28,268,279
29,267,283
30,265,285
31,265,288
32,264,290
33,264,292
34,264,294
35,264,296
36,264,298
37,264,299
38,265,301
39,265,303
40,266,304
41,266,305
42,267,307
43,268,307
44,268,309
45,269,309
46,269,310
47,270,310
48,270,310
49,270,310
50,271,310
51,271,310
52,271,310
53,272,309
54,272,309
55,272,309
56,272,308
57,273,308
58,273,308
59,273,308
60,273,307
61,273,307
62,274,307
63,274,307
64,274,307
65,274,307
66,274,306
67,274,306
68,275,306
69,275,306
70,275,306
71,275,306
72,275,305
73,275,305
74,275,305
75,275,305
76,276,305
77,276,305
78,276,305
79,276,305
80,276,304
81,276,304
82,276,304
83,276,304
84,276,304
85,276,304
86,276,304
87,276,304
88,276,303
89,277,303
90,277,303
91,277,303
92,277,303
93,277,303
94,277,303
95,277,303
96,277,303
97,277,302
98,277,302
99,277,302
100,277,302
101,277,302
102,277,302
103,277,302
104,277,302
105,277,302
106,277,301
107,277,301
108,277,301
109,277,301
110,277,301
111,278,301
112,278,301
113,278,301
114,278,300
115,278,300
116,278,300
117,278,300
118,278,300
119,278,300
120,278,300
121,278,300
122,278,300
123,278,299
124,278,299
125,278,299
126,278,299
127,278,299
128,278,299
129,278,299
130,278,299
131,278,298
132,278,298
133,278,298
134,278,298
135,278,298
136,278,298
137,278,298
138,278,298
139,278,298
140,278,297
141,278,297
142,278,297
143,278,297
144,278,297
145,278,297
146,278,293
147,278,290
148,278,286
149,278,282
150,278,279
0,0
1,109
289,79,82
290,78,82
291,78,83
292,77,84
293,77,84
294,77,85
295,77,85
296,76,86
297,76,86
298,76,87
299,76,87
300,76,88
301,76,88
302,76,88
303,75,89
304,75,89
305,75,89
306,75,90
307,75,90
308,75,90
309,75,90
310,75,91
311,75,91
312,74,91
313,74,91
314,74,91
315,74,92
316,74,92
317,74,92
318,73,92
319,73,92
320,73,92
321,73,92
322,73,92
323,73,92
324,72,92
325,72,92
326,72,92
327,72,91
328,72,91
329,71,91
330,71,91
331,71,91
332,71,91
333,70,91
334,70,90
335,70,90
336,70,90
337,69,90
338,69,89
339,69,89
340,69,89
341,68,89
342,68,89
343,68,88
344,68,88
345,67,88
346,67,88
347,67,88
348,66,87
349,66,87
350,66,87
351,65,87
352,65,87
353,65,86
354,64,86
355,64,86
356,64,86
357,63,86
358,63,85
359,63,85
360,63,85
361,62,85
362,62,85
363,62,84
364,62,84
365,62,84
366,61,84
367,61,83
368,61,83
369,61,83
370,61,83
371,61,83
372,61,82
373,61,82
374,61,82
375,61,82
376,61,82
377,62,81
378,62,81
379,62,81
380,62,81
381,62,81
382,63,80
383,63,80
384,63,80
385,63,80
386,64,79
387,64,79
388,64,79
389,65,79
390,65,78
391,66,78
392,66,78
393,67,77
394,67,77
395,68,76
396,69,75
397,72,73
0,0
0,129
144,193,193
145,190,201
146,188,206
147,188,210
148,187,213
149,188,215
150,188,217
151,188,218
152,188,219
153,189,220
154,189,220
155,190,221
156,190,221
157,191,221
158,191,221
159,191,221
160,192,221
161,192,221
162,193,222
163,193,222
164,194,222
165,194,222
166,194,222
167,195,222
168,195,222
169,196,222
170,196,222
171,196,223
172,197,223
173,197,223
174,198,223
175,198,223
176,198,223
177,199,224
178,199,224
179,199,224
180,200,224
181,200,224
182,200,224
183,201,224
184,201,225
185,201,225
186,202,225
187,202,225
188,202,225
189,202,226
190,203,226
191,203,226
192,203,226
193,204,226
194,204,226
195,204,227
196,204,227
197,205,227
198,205,227
199,205,227
200,205,227
201,206,228
202,206,228
203,206,228
204,206,228
205,207,228
206,207,229
207,207,229
208,207,229
209,207,229
210,208,229
211,208,229
212,208,230
213,208,230
214,208,230
215,208,230
216,209,230
217,209,231
218,209,231
219,209,231
220,209,231
221,209,231
222,210,231
223,210,232
224,210,232
225,210,232
226,210,232
227,210,232
228,211,232
229,211,233
230,211,233
231,211,233
232,211,233
233,211,233
234,212,233
235,212,233
236,212,234
237,212,234
238,212,234
239,212,234
240,213,234
241,213,234
242,213,234
243,213,234
244,214,235
245,214,235
246,214,235
247,215,235
248,215,235
249,215,235
250,215,235
251,216,235
252,216,235
253,216,235
254,217,235
255,217,235
256,217,235
257,218,235
258,218,235
259,219,235
260,219,235
261,220,235
262,220,235
263,221,235
264,221,235
265,222,235
266,223,235
267,224,234
268,225,234
269,226,234
270,227,233
271,228,233
272,230,231
0,0
1,168
203,150,153
204,150,155
205,150,156
206,149,157
207,149,158
208,149,159
209,149,159
210,148,160
211,148,160
212,148,161
213,148,161
214,148,162
215,148,162
216,148,162
217,148,162
218,148,163
219,148,163
220,148,163
221,148,163
222,147,163
223,147,163
224,147,163
225,147,163
226,147,162
227,147,162
228,147,162
229,147,162
230,147,162
231,146,161
232,146,161
233,146,161
234,146,161
235,146,161
236,146,160
237,146,160
238,146,160
239,146,160
240,145,160
241,145,159
242,145,159
243,145,159
244,145,159
245,145,159
246,145,158
247,145,158
248,144,158
249,144,158
250,144,158
251,144,158
252,144,157
253,144,157
254,144,157
255,143,157
256,143,157
257,143,157
258,143,156
259,143,156
260,143,156
261,143,156
262,142,156
263,142,156
264,142,156
265,142,155
266,142,155
267,142,155
268,142,155
269,141,155
270,141,155
271,141,154
272,141,154
273,141,154
274,141,154
275,141,154
276,140,154
277,140,154
278,140,153
279,140,153
280,140,153
281,140,153
282,140,153
283,139,153
284,139,153
285,139,153
286,139,153
287,139,152
288,139,152
289,139,152
290,138,152
291,138,152
292,138,152
293,138,152
294,138,152
295,138,152
296,138,151
297,137,151
298,137,151
299,137,151
300,137,151
301,137,151
302,137,151
303,137,151
304,137,151
305,137,151
306,136,151
307,136,150
308,136,150
309,136,150
310,136,150
311,136,150
312,136,150
313,136,150
314,135,150
315,135,150
316,135,150
317,135,150
318,135,149
319,135,149
320,135,149
321,135,149
322,134,149
323,134,149
324,134,149
325,134,149
326,134,149
327,134,149
328,134,149
329,134,149
330,133,149
331,133,149
332,133,149
333,133,149
334,133,149
335,133,149
336,133,149
337,132,149
338,132,149
339,132,149
340,132,149
341,132,149
342,148,149
342,132,150
343,148,149
343,131,150
344,148,149
344,131,150
345,148,149
345,131,150
346,148,149
346,131,150
347,148,149
347,131,150
348,148,149
348,131,150
349,148,149
349,130,151
350,148,149
350,130,151
351,148,149
351,130,151
352,148,149
352,130,152
353,148,149
353,130,153
354,148,149
354,129,150
355,129,142
356,129,134
356,129,129
0,141
128,359,361
129,356,367
130,356,369
131,356,372
132,356,374
133,356,376
134,356,377
135,355,379
136,355,381
137,355,382
138,355,384
139,355,385
140,355,387
141,355,388
142,354,390
143,354,391
144,354,392
145,354,394
146,354,395
147,354,396
148,354,397
149,354,398
150,353,399
151,353,400
152,353,400
153,353,401
154,354,401
155,354,401
156,355,402
157,355,402
158,355,402
159,356,401
160,356,401
161,356,401
162,356,400
163,356,400
164,356,399
165,356,398
166,356,397
167,356,396
168,356,395
169,356,394
170,356,393
171,356,393
172,356,392
173,356,391
174,356,391
175,356,390
176,356,389
177,356,389
178,356,388
179,356,388
180,356,387
181,355,387
182,355,386
183,355,386
184,355,386
185,355,385
186,355,385
187,355,385
188,355,384
189,355,384
190,354,384
191,354,383
192,354,383
193,354,383
194,354,383
195,354,382
196,353,382
197,353,382
198,353,382
199,353,382
200,353,381
201,353,381
202,352,381
203,352,381
204,352,380
205,352,380
206,352,380
207,351,380
208,351,379
209,351,379
210,351,379
211,351,379
212,351,379
213,350,378
214,350,378
215,350,378
216,350,378
217,349,377
218,349,377
219,349,377
220,349,377
221,349,376
222,348,376
223,348,376
224,348,376
225,347,375
226,347,375
227,347,375
228,346,375
229,346,374
230,346,374
231,345,374
232,345,374
233,344,374
234,344,373
235,343,373
236,342,373
237,341,372
238,339,372
239,336,372
240,333,372
241,332,371
242,332,371
243,332,371
244,332,370
245,332,370
246,333,370
247,333,370
248,334,369
249,334,369
250,335,369
251,336,368
252,336,368
253,337,368
254,338,367
255,338,367
256,339,366
257,340,366
258,341,366
259,342,365
260,342,365
261,343,364
262,344,363
263,345,362
264,346,362
265,348,361
266,349,359
267,351,358
268,354,354
0,0
1,98
223,203,206
224,202,207
225,202,208
226,202,208
227,201,209
228,201,210
229,201,210
230,201,210
231,200,210
232,200,210
233,200,210
234,199,211
235,199,211
236,199,211
237,199,211
238,198,211
239,198,210
240,198,210
241,197,210
242,197,210
243,197,210
244,197,210
245,196,210
246,196,210
247,196,210
248,196,210
249,195,209
250,195,209
251,195,209
252,194,209
253,194,209
254,194,209
255,193,209
256,193,209
257,193,208
258,193,208
259,192,208
260,192,208
261,192,208
262,191,208
263,191,207
264,191,207
265,190,207
266,190,207
267,190,207
268,190,207
269,189,206
270,189,206
271,189,206
272,188,206
273,188,206
274,188,206
275,188,205
276,187,205
277,187,205
278,187,205
279,187,205
280,186,205
281,186,205
282,186,204
283,186,204
284,186,204
285,186,204
286,185,204
287,185,204
288,185,204
289,185,203
290,185,203
291,185,203
292,185,203
293,185,203
294,184,203
295,184,203
296,184,202
297,184,202
298,184,202
299,184,202
300,185,202
301,185,202
302,185,202
303,185,201
304,185,201
305,185,201
306,186,201
307,186,201
308,186,201
309,186,201
310,187,200
311,187,200
312,188,200
313,188,200
314,189,200
315,189,200
316,190,199
317,191,199
318,192,198
319,193,198
320,195,197
0,0
1,119
223,249,251
224,248,252
225,248,253
226,248,254
227,248,255
228,247,255
229,247,256
230,247,256
231,247,256
232,247,256
233,247,256
234,246,256
235,246,256
236,246,256
237,246,256
238,246,256
239,246,257
240,245,256
241,245,256
242,245,256
243,245,256
244,245,256
245,245,256
246,244,256
247,244,256
248,244,256
249,244,256
250,244,256
251,244,256
252,243,256
253,243,255
254,243,255
255,243,255
256,243,255
257,242,255
258,242,255
259,242,255
260,242,255
261,242,255
262,242,255
263,241,255
264,241,255
265,241,255
266,241,254
267,241,254
268,241,254
269,240,254
270,240,254
271,240,254
272,240,254
273,240,254
274,239,253
275,239,253
276,239,253
277,239,253
278,239,253
279,239,253
280,238,253
281,238,253
282,238,252
283,238,252
284,238,252
285,237,252
286,237,252
287,237,252
288,237,252
289,237,252
290,236,252
291,236,251
292,236,251
293,236,251
294,236,251
295,236,251
296,235,251
297,235,251
298,235,251
299,235,251
300,235,251
301,234,250
302,234,250
303,234,250
304,234,250
305,234,250
306,233,250
307,233,250
308,233,250
309,233,250
310,233,249
311,233,249
312,233,249
313,233,249
314,233,249
315,233,249
316,233,249
317,233,249
318,233,249
319,233,249
320,233,249
321,232,248
322,233,248
323,233,248
324,233,248
325,233,248
326,233,248
327,234,248
328,234,248
329,234,248
330,234,248
331,235,248
332,235,247
333,236,247
334,236,247
335,237,247
336,237,247
337,238,247
338,239,247
339,240,246
340,241,245
341,243,244
0,0
1,368
141,332,334
142,331,336
143,330,337
144,330,338
145,330,339
146,330,340
147,330,341
148,329,342
149,329,342
150,329,343
151,329,344
152,329,345
153,329,345
154,329,346
155,329,346
156,329,347
157,329,347
158,328,348
159,328,348
160,328,348
161,328,349
162,328,349
163,328,349
164,328,349
165,328,349
166,328,350
167,328,350
168,328,350
169,327,350
170,327,350
171,327,351
172,327,350
173,327,350
174,327,350
175,327,350
176,327,350
177,327,350
178,327,350
179,327,350
180,326,350
181,326,349
182,326,349
183,326,349
184,326,349
185,326,348
186,326,348
187,326,348
188,326,348
189,326,347
190,325,347
191,325,347
192,325,347
193,325,347
194,325,346
195,325,346
196,325,346
197,325,346
198,325,345
199,325,345
200,325,345
201,324,345
202,324,345
203,324,345
204,324,344
205,324,344
206,324,344
207,324,344
208,324,344
209,324,343
210,324,343
211,323,343
212,323,343
213,323,343
214,323,342
215,323,342
216,323,342
217,323,342
218,323,342
219,323,342
220,323,341
221,323,341
222,322,341
223,322,341
224,322,341
225,322,341
226,322,340
227,322,340
228,322,340
229,322,340
230,322,340
231,322,340
232,321,339
233,321,339
234,321,339
235,321,339
236,321,339
237,321,339
238,321,338
239,321,338
240,321,338
241,321,338
242,320,338
243,320,338
244,320,338
245,320,337
246,320,337
247,320,337
248,320,337
249,320,337
250,320,337
251,320,337
252,319,337
253,319,336
254,319,336
255,319,336
256,319,336
257,319,336
258,319,336
259,319,336
260,319,336
261,319,335
262,318,335
263,318,335
264,318,335
265,318,335
266,318,335
267,318,335
268,318,335
269,318,334
270,318,334
271,318,334
272,317,334
273,317,334
274,317,334
275,317,334
276,317,334
277,317,334
278,317,334
279,317,334
280,317,333
281,316,333
282,316,333
283,316,333
284,316,333
285,316,333
286,316,333
287,316,333
288,316,333
289,316,333
290,316,333
291,315,332
292,315,332
293,315,332
294,315,332
295,315,332
296,315,332
297,315,332
298,315,332
299,315,332
300,314,332
301,314,332
302,314,332
303,314,331
304,314,331
305,314,331
306,314,331
307,314,331
308,314,331
309,313,331
310,313,331
311,313,331
312,313,331
313,313,331
314,313,331
315,313,331
316,313,331
317,313,331
318,312,331
319,312,331
320,312,331
321,312,331
322,312,331
323,312,330
324,312,330
325,312,330
326,311,330
327,311,330
328,311,330
329,311,330
330,311,330
331,311,330
332,311,330
333,311,330
334,311,330
335,310,330
336,310,330
337,310,330
338,310,330
339,310,330
340,310,330
341,310,330
342,309,330
343,309,330
344,309,330
345,309,330
346,309,330
347,309,330
348,309,330
349,309,330
350,309,330
351,308,330
352,308,330
353,308,330
354,308,330
355,308,330
356,308,330
357,308,330
358,307,330
359,307,330
360,307,330
361,307,330
362,307,330
363,307,330
364,307,330
365,307,330
366,306,330
367,306,330
368,306,330
369,306,330
370,306,330
371,306,330
372,305,330
373,305,330
374,305,330
375,305,330
376,305,330
377,305,330
378,305,330
379,304,330
380,304,330
381,304,330
382,304,330
383,304,330
384,304,330
385,304,330
386,303,330
387,303,330
388,303,330
389,303,330
390,303,330
391,303,330
392,302,330
393,327,330
393,302,331
394,327,330
394,302,331
395,327,330
395,302,331
396,327,330
396,302,331
397,327,330
397,302,331
398,327,330
398,301,331
399,327,330
399,301,331
400,327,330
400,301,331
401,327,330
401,301,331
402,327,330
402,301,331
403,327,330
403,301,331
404,327,330
404,300,331
405,327,330
405,300,331
406,327,330
406,300,331
407,327,330
407,300,331
408,327,330
408,300,331
409,327,330
409,300,331
410,327,330
410,299,331
411,327,330
411,299,331
412,327,330
412,299,331
413,327,330
413,299,331
414,327,330
414,299,331
415,327,330
415,299,331
416,327,330
416,299,331
417,327,330
417,298,331
418,327,330
418,299,331
419,327,330
419,299,331
420,327,330
420,299,331
421,327,330
421,299,332
422,327,330
422,299,332
423,327,330
423,299,332
424,327,330
424,299,332
425,327,330
425,299,332
426,327,330
426,299,332
427,327,330
427,299,332
428,327,330
428,300,332
429,327,330
429,300,332
430,327,330
430,300,332
431,327,330
431,301,332
432,327,330
432,301,332
433,327,330
433,301,332
434,327,330
434,302,332
435,327,330
435,302,332
436,327,330
436,302,332
437,303,332
438,303,332
439,304,332
440,304,332
441,305,332
442,306,332
443,306,332
444,307,332
445,307,332
446,308,332
447,309,332
448,309,332
449,310,333
450,311,332
451,312,332
452,312,332
453,313,332
454,314,332
455,315,332
456,316,332
457,317,332
458,317,331
459,319,331
460,320,330
461,321,330
462,322,329
463,325,327
463,325,326
0,0
0,225
248,274,278
249,271,282
250,269,284
251,267,286
252,266,288
253,266,290
254,265,292
255,265,293
256,265,295
257,265,297
258,265,298
259,266,299
260,266,300
261,267,301
262,267,302
263,268,303
264,269,304
265,269,304
266,270,305
267,270,305
268,271,305
269,271,306
270,272,306
271,272,306
272,272,306
273,272,305
274,272,305
275,273,305
276,273,305
277,273,304
278,273,304
279,273,304
280,273,304
281,273,304
282,273,303
283,273,303
284,273,303
285,274,303
286,274,303
287,274,303
288,274,303
289,274,303
290,274,302
291,274,302
292,274,302
293,274,302
294,274,302
295,274,302
296,274,302
297,274,302
298,274,302
299,274,302
300,274,302
301,274,302
302,274,302
303,274,302
304,274,302
305,274,301
306,274,301
307,274,301
308,274,301
309,274,301
310,274,301
311,274,301
312,274,301
313,274,301
314,274,301
315,274,301
316,275,301
317,275,301
318,275,301
319,275,301
320,275,301
321,275,301
322,275,301
323,275,301
324,275,301
325,275,301
326,275,301
327,275,301
328,275,300
329,275,300
330,275,300
331,275,300
332,275,300
333,275,300
334,275,300
335,275,300
336,275,300
337,275,300
338,275,300
339,275,300
340,275,300
341,275,300
342,275,300
343,275,300
344,275,300
345,275,300
346,275,300
347,275,300
348,275,300
349,275,300
350,275,300
351,275,300
352,275,300
353,275,300
354,275,300
355,275,300
356,275,299
357,275,299
358,275,299
359,275,299
360,275,299
361,275,299
362,275,299
363,275,299
364,274,299
365,274,299
366,274,299
367,274,299
368,274,299
369,274,299
370,274,299
371,274,299
372,274,299
373,274,299
374,274,299
375,274,299
376,274,299
377,274,299
378,274,299
379,274,299
380,274,299
381,274,299
382,274,299
383,274,299
384,274,299
385,274,299
386,274,299
387,274,299
388,274,299
389,274,299
390,274,299
391,274,299
392,274,299
393,274,299
394,274,299
395,274,299
396,274,299
397,274,299
398,274,299
399,274,299
400,274,299
401,274,299
402,274,299
403,274,299
404,274,299
405,274,299
406,274,299
407,274,299
408,274,299
409,274,299
410,274,299
411,274,299
412,274,299
413,274,299
414,274,299
415,274,299
416,274,299
417,274,299
418,274,299
419,274,299
420,274,298
421,274,298
422,274,298
423,274,298
424,274,298
425,274,298
426,274,298
427,274,298
428,274,298
429,274,298
430,274,298
431,274,298
432,274,297
433,274,297
434,274,297
435,274,297
436,274,297
437,274,297
438,274,297
439,274,297
440,275,297
441,275,296
442,275,296
443,275,296
444,275,296
445,275,296
446,275,296
447,275,296
448,275,296
449,275,296
450,275,295
451,275,295
452,275,295
453,275,295
454,275,295
455,276,295
456,276,295
457,276,294
458,276,294
459,277,294
460,277,294
461,277,293
462,277,293
463,278,293
464,278,292
465,278,292
466,279,291
467,279,291
468,280,290
469,280,290
470,281,289
471,283,287
472,285,285
0,0
