0,62
82,100,100
83,96,104
84,95,108
85,94,111
86,94,114
87,94,117
88,94,120
89,94,123
90,94,125
91,94,128
92,94,130
93,95,132
94,95,134
95,96,136
96,96,139
97,97,141
98,98,142
99,99,144
100,99,146
101,100,147
102,101,148
103,102,150
104,103,151
105,104,152
106,105,152
107,106,153
108,107,154
109,109,154
110,110,155
111,110,155
112,111,156
113,112,156
114,113,156
115,114,157
116,115,157
117,116,157
118,117,157
119,118,157
120,119,157
121,120,158
122,121,158
123,122,158
124,123,158
125,124,158
126,125,158
127,126,158
128,127,158
129,127,158
130,128,158
131,129,158
132,130,158
133,131,158
134,132,157
135,133,157
136,134,157
137,135,156
138,136,156
139,137,155
140,138,154
141,140,153
142,142,150
143,147,147
0,0
0,54
179,54,62
180,53,67
181,52,71
182,51,74
183,51,78
184,51,82
185,51,85
186,51,87
187,52,90
188,52,92
189,52,94
190,53,96
191,53,97
192,54,99
193,55,101
194,55,102
195,56,104
196,57,105
197,58,106
198,59,107
199,60,108
200,61,108
201,62,109
202,63,110
203,64,111
204,65,111
205,66,112
206,67,112
207,68,112
208,69,113
209,70,113
210,71,113
211,72,114
212,73,114
213,74,114
214,75,114
215,76,114
216,77,114
217,78,114
218,79,114
219,80,114
220,82,114
221,83,114
222,84,114
223,85,114
224,86,113
225,88,113
226,90,113
227,91,112
228,93,111
229,95,111
230,98,110
231,101,108
232,105,105
0,0
0,185
434,93,93
433,88,96
432,86,97
431,84,98
430,83,98
429,81,98
428,80,99
427,79,99
426,79,99
425,78,99
424,77,99
423,76,99
422,76,99
421,75,99
420,74,99
419,74,100
418,73,100
417,73,100
416,72,100
415,72,100
414,71,100
413,71,100
412,70,101
411,70,101
410,69,101
409,69,101
408,68,101
407,68,102
406,68,102
405,67,102
404,67,102
403,66,102
402,66,103
401,65,103
400,65,103
399,65,103
398,64,104
397,64,104
396,64,104
395,63,104
394,63,105
393,63,105
392,62,105
391,62,106
390,62,106
389,61,106
388,61,106
387,61,107
386,61,107
385,61,107
384,60,107
383,60,108
382,60,108
381,60,108
380,60,109
379,61,109
378,61,109
377,61,110
376,62,110
375,63,110
374,65,110
373,66,111
372,67,111
371,68,111
370,69,112
369,70,112
368,71,112
367,72,113
366,73,113
365,74,113
364,75,114
363,75,114
362,76,114
361,77,115
360,78,115
359,79,115
358,79,116
357,80,116
356,81,116
355,82,117
354,82,117
353,83,117
352,84,118
351,84,118
350,85,118
349,86,119
348,86,119
347,87,119
346,88,120
345,88,120
344,89,120
343,89,121
342,90,121
341,91,121
340,91,122
339,92,122
338,92,122
337,93,123
336,94,123
335,94,123
334,95,124
333,95,124
332,96,124
331,96,125
330,97,125
329,97,125
328,98,126
327,98,126
326,99,126
325,100,127
324,100,127
323,101,128
322,101,128
321,102,128
320,103,129
319,103,129
318,104,129
317,104,130
316,105,130
315,105,130
314,106,131
313,106,131
312,107,131
311,108,132
310,108,132
309,109,132
308,109,133
307,110,133
306,111,133
305,111,134
304,112,134
303,112,134
302,113,135
301,113,135
300,114,135
299,114,136
298,115,136
297,116,136
296,116,137
295,117,137
294,117,137
293,118,138
292,118,138
291,119,139
290,120,139
289,120,139
288,121,140
287,121,140
286,122,140
285,122,141
284,123,141
283,124,141
282,124,142
281,125,142
280,125,142
279,126,143
278,126,143
277,127,143
276,128,144
275,128,144
274,129,144
273,129,145
272,130,145
271,130,145
270,131,146
269,132,146
268,132,147
267,133,147
266,133,147
265,134,148
264,134,148
263,135,148
262,136,149
261,136,149
260,137,149
259,138,150
258,139,150
257,139,150
256,140,150
255,141,150
254,142,150
253,143,150
252,144,150
251,146,150
250,148,149
0,0
0,119
113,185,185
114,179,190
115,177,196
116,176,200
117,176,203
118,176,206
119,176,207
120,176,208
121,177,209
122,177,209
123,178,210
124,178,210
125,179,210
126,179,210
127,180,210
128,180,211
129,181,211
130,181,211
131,182,211
132,182,211
133,183,211
134,183,212
135,184,212
136,184,212
137,185,212
138,185,212
139,186,213
140,186,213
141,187,213
142,187,213
143,188,213
144,188,214
145,189,214
146,189,214
147,189,214
148,190,215
149,190,215
150,191,215
151,191,215
152,191,215
153,192,216
154,192,216
155,193,216
156,193,216
157,193,217
158,194,217
159,194,217
160,194,217
161,195,218
162,195,218
163,195,218
164,196,218
165,196,218
166,196,219
167,197,219
168,197,219
169,197,219
170,198,220
171,198,220
172,198,220
173,198,220
174,199,221
175,199,221
176,199,221
177,199,221
178,200,222
179,200,222
180,200,222
181,200,222
182,201,222
183,201,223
184,201,223
185,201,223
186,202,223
187,202,224
188,202,224
189,202,224
190,202,224
191,203,224
192,203,225
193,203,225
194,203,225
195,204,225
196,204,226
197,204,226
198,204,226
199,205,226
200,205,226
201,205,226
202,206,227
203,206,227
204,206,227
205,207,227
206,207,227
207,207,227
208,207,228
209,208,228
210,208,228
211,209,228
212,209,228
213,209,228
214,210,228
215,210,228
216,211,228
217,211,228
218,212,229
219,212,229
220,213,229
221,213,229
222,214,229
223,215,228
224,215,228
225,216,228
226,217,228
227,218,228
228,219,228
229,220,227
230,222,227
231,224,226
0,0
1,197
183,121,124
184,120,125
185,119,126
186,119,127
187,119,128
188,119,129
189,119,130
190,119,130
191,118,131
192,118,131
193,118,132
194,118,132
195,118,132
196,118,132
197,118,132
198,118,133
199,117,133
200,117,133
201,117,134
202,117,133
203,117,133
204,117,133
205,117,133
206,116,133
207,116,133
208,116,132
209,116,132
210,116,132
211,116,132
212,116,131
213,115,131
214,115,131
215,115,131
216,115,130
217,115,130
218,115,130
219,115,129
220,114,129
221,114,129
222,114,129
223,114,128
224,114,128
225,114,128
226,113,128
227,113,127
228,113,127
229,113,127
230,113,127
231,113,126
232,112,126
233,112,126
234,112,126
235,112,125
236,112,125
237,112,125
238,112,125
239,111,124
240,111,124
241,111,124
242,111,124
243,111,123
244,110,123
245,110,123
246,110,123
247,110,123
248,110,122
249,110,122
250,109,122
251,109,122
252,109,121
253,109,121
254,109,121
255,108,121
256,108,121
257,108,120
258,108,120
259,108,120
260,108,120
261,107,120
262,107,119
263,107,119
264,107,119
265,107,119
266,106,119
267,106,118
268,106,118
269,106,118
270,106,118
271,105,118
272,105,117
273,105,117
274,105,117
275,105,117
276,105,117
277,104,116
278,104,116
279,104,116
280,104,116
281,104,116
282,103,115
283,103,115
284,103,115
285,103,115
286,103,115
287,103,115
288,102,114
289,102,114
290,102,114
291,102,114
292,102,114
293,102,114
294,101,113
295,101,113
296,101,113
297,101,113
298,101,113
299,101,113
300,100,112
301,100,112
302,100,112
303,100,112
304,100,112
305,99,112
306,99,111
307,99,111
308,99,111
309,99,111
310,99,111
311,98,111
312,98,111
313,98,110
314,98,110
315,98,110
316,98,110
317,97,110
318,97,110
319,97,110
320,97,109
321,97,109
322,97,109
323,96,109
324,96,109
325,96,109
326,96,109
327,96,109
328,96,108
329,96,108
330,95,108
331,95,108
332,95,108
333,95,108
334,95,108
335,95,108
336,94,108
337,94,107
338,94,107
339,94,107
340,94,107
341,94,107
342,93,107
343,93,107
344,93,107
345,93,107
346,93,107
347,93,107
348,92,107
349,92,107
350,92,106
351,92,106
352,92,106
353,91,106
354,91,106
355,91,106
356,91,106
357,91,106
358,90,106
359,90,106
360,90,106
361,90,106
362,90,106
363,89,106
364,89,106
365,89,106
366,89,106
367,88,106
368,88,107
369,88,107
370,88,107
371,87,107
372,87,107
373,87,108
374,87,108
375,86,109
376,86,110
377,86,108
378,85,91
378,85,85
0,139
85,380,383
86,378,388
87,378,391
88,378,393
89,378,395
90,378,397
91,378,399
92,377,400
93,377,402
94,377,404
95,377,405
96,377,407
97,377,408
98,377,410
99,377,411
100,377,412
101,377,414
102,377,415
103,377,416
104,377,417
105,377,418
106,377,419
107,377,420
108,377,421
109,376,422
110,377,422
111,377,423
112,378,423
113,378,423
114,378,423
115,378,423
116,379,423
117,379,423
118,379,423
119,379,422
120,379,422
121,379,421
122,379,420
123,379,419
124,379,418
125,379,417
126,379,416
127,379,415
128,379,415
129,378,414
130,378,413
131,378,412
132,378,412
133,378,411
134,378,411
135,378,410
136,377,409
137,377,409
138,377,408
139,377,408
140,377,408
141,377,407
142,376,407
143,376,406
144,376,406
145,376,406
146,376,405
147,375,405
148,375,405
149,375,404
150,375,404
151,375,404
152,374,403
153,374,403
154,374,403
155,374,403
156,373,402
157,373,402
158,373,402
159,373,402
160,372,401
161,372,401
162,372,401
163,372,400
164,372,400
165,371,400
166,371,400
167,371,399
168,371,399
169,370,399
170,370,398
171,370,398
172,369,398
173,369,398
174,369,397
175,369,397
176,368,397
177,368,396
178,368,396
179,367,396
180,367,395
181,367,395
182,366,395
183,366,395
184,365,394
185,365,394
186,364,394
187,364,393
188,363,393
189,363,393
190,362,392
191,361,392
192,359,392
193,355,392
194,352,391
195,351,391
196,351,390
197,351,390
198,351,390
199,351,389
200,351,389
201,352,389
202,352,388
203,353,388
204,353,387
205,354,387
206,354,387
207,355,386
208,356,386
209,356,386
210,357,385
211,358,385
212,358,384
213,359,384
214,360,383
215,361,383
216,362,382
217,362,381
218,363,380
219,364,380
220,365,379
221,367,377
222,368,376
223,371,373
0,0
1,128
231,163,165
232,162,166
233,162,167
234,162,168
235,162,169
236,161,169
237,161,169
238,161,170
239,161,170
240,161,170
241,160,170
242,160,170
243,160,170
244,160,170
245,160,170
246,160,170
247,159,170
248,159,171
249,159,170
250,159,170
251,159,170
252,158,170
253,158,170
254,158,170
255,158,170
256,158,170
257,158,170
258,157,170
259,157,170
260,157,170
261,157,169
262,157,169
263,156,169
264,156,169
265,156,169
266,156,169
267,156,169
268,155,169
269,155,168
270,155,168
271,155,168
272,155,168
273,155,168
274,154,168
275,154,168
276,154,167
277,154,167
278,154,167
279,153,167
280,153,167
281,153,167
282,153,167
283,153,166
284,152,166
285,152,166
286,152,166
287,152,166
288,152,166
289,151,166
290,151,165
291,151,165
292,151,165
293,151,165
294,150,165
295,150,165
296,150,165
297,150,164
298,150,164
299,149,164
300,149,164
301,149,164
302,149,164
303,149,164
304,148,163
305,148,163
306,148,163
307,148,163
308,147,163
309,147,163
310,147,163
311,147,163
312,147,162
313,146,162
314,146,162
315,146,162
316,146,162
317,146,162
318,145,162
319,145,162
320,145,161
321,145,161
322,145,161
323,144,161
324,144,161
325,144,161
326,144,161
327,144,160
328,144,160
329,144,160
330,144,160
331,143,160
332,143,160
333,143,160
334,143,160
335,143,159
336,143,159
337,143,159
338,143,159
339,143,159
340,143,159
341,143,159
342,144,159
343,144,159
344,144,158
345,144,158
346,144,158
347,145,158
348,145,158
349,145,158
350,146,158
351,146,158
352,147,158
353,147,157
354,148,157
355,149,157
356,150,157
357,150,156
358,152,155
0,0
0,149
61,237,241
62,234,245
63,233,249
64,233,251
65,232,253
66,232,255
67,232,257
68,233,258
69,233,260
70,233,261
71,234,263
72,234,264
73,235,265
74,235,266
75,236,266
76,236,267
77,237,268
78,237,268
79,238,268
80,238,269
81,239,269
82,239,269
83,240,269
84,240,269
85,241,269
86,241,269
87,241,269
88,242,269
89,242,269
90,243,269
91,243,269
92,243,268
93,244,268
94,244,268
95,244,268
96,245,269
97,245,269
98,245,269
99,246,269
100,246,269
101,246,269
102,246,269
103,247,269
104,247,269
105,247,269
106,248,269
107,248,269
108,248,269
109,248,269
110,248,269
111,249,269
112,249,269
113,249,269
114,249,269
115,249,269
116,249,269
117,250,269
118,250,269
119,250,269
120,250,269
121,250,270
122,250,270
123,251,270
124,251,270
125,251,270
126,251,270
127,251,270
128,251,270
129,251,270
130,252,270
131,252,270
132,252,270
133,252,270
134,252,270
135,252,270
136,252,270
137,252,270
138,253,271
139,253,271
140,253,271
141,253,271
142,253,271
143,253,271
144,253,271
145,253,271
146,254,271
147,254,271
148,254,271
149,254,271
150,254,271
151,254,271
152,254,272
153,254,272
154,254,272
155,255,272
156,255,272
157,255,272
158,255,272
159,255,272
160,255,272
161,255,272
162,255,272
163,256,272
164,256,273
165,256,273
166,256,273
167,256,273
168,256,273
169,256,273
170,256,273
171,256,273
172,257,273
173,257,273
174,257,273
175,257,274
176,257,274
177,257,274
178,257,274
179,257,274
180,257,274
181,257,274
182,258,274
183,258,274
184,258,274
185,258,274
186,258,275
187,258,275
188,258,275
189,258,275
190,258,275
191,259,275
192,259,275
193,259,275
194,259,275
195,259,275
196,259,276
197,259,276
198,259,276
199,259,276
200,259,276
201,260,276
202,260,276
203,260,276
204,260,276
205,260,276
206,260,277
207,260,277
208,260,270
209,260,262
0,0
0,173
32,308,311
33,304,315
34,303,318
35,302,321
36,301,323
37,301,325
38,301,327
39,301,328
40,301,330
41,301,331
42,302,333
43,302,334
44,303,336
45,303,337
46,304,338
47,304,339
48,305,340
49,305,341
50,305,342
51,306,342
52,306,343
53,306,343
54,307,343
55,307,343
56,307,343
57,307,342
58,308,342
59,308,342
60,308,341
61,308,341
62,308,341
63,309,340
64,309,340
65,309,340
66,309,339
67,309,339
68,309,339
69,309,339
70,310,338
71,310,338
72,310,338
73,310,338
74,310,337
75,310,337
76,310,337
77,310,337
78,310,337
79,310,337
80,310,336
81,310,336
82,310,336
83,310,336
84,310,336
85,310,336
86,311,335
87,311,335
88,311,335
89,311,335
90,311,335
91,311,335
92,311,334
93,311,334
94,311,334
95,311,334
96,311,334
97,311,334
98,311,334
99,310,334
100,310,333
101,310,333
102,310,333
103,310,333
104,310,333
105,310,333
106,310,333
107,310,332
108,310,332
109,310,332
110,310,332
111,310,332
112,310,332
113,310,332
114,310,331
115,310,331
116,310,331
117,310,331
118,310,331
119,310,331
120,310,331
121,310,331
122,309,330
123,309,330
124,309,330
125,309,330
126,309,330
127,309,330
128,309,330
129,309,329
130,309,329
131,309,329
132,309,329
133,309,329
134,309,329
135,309,329
136,309,329
137,309,328
138,309,328
139,308,328
140,308,328
141,308,328
142,308,328
143,308,328
144,308,328
145,308,327
146,308,327
147,308,327
148,308,327
149,308,327
150,308,327
151,307,327
152,307,326
153,307,326
154,307,326
155,307,326
156,307,326
157,307,326
158,307,326
159,307,326
160,307,325
161,307,325
162,307,325
163,306,325
164,306,325
165,306,325
166,306,325
167,306,325
168,306,324
169,306,324
170,306,324
171,306,324
172,306,324
173,305,324
174,305,324
175,305,323
176,305,323
177,305,323
178,305,323
179,305,323
180,305,323
181,305,323
182,305,323
183,305,322
184,304,322
185,304,322
186,304,322
187,304,322
188,304,322
189,304,322
190,304,321
191,304,321
192,304,321
193,303,321
194,303,321
195,303,321
196,303,321
197,303,320
198,303,320
199,303,320
200,303,320
201,303,318
202,303,313
203,303,309
204,302,304
0,0
1,150
215,212,213
216,211,215
217,211,216
218,211,217
219,211,217
220,210,218
221,210,218
222,210,219
223,210,219
224,210,219
225,210,219
226,209,219
227,209,219
228,209,219
229,209,219
230,209,219
231,209,219
232,208,220
233,208,220
234,208,220
235,208,220
236,208,220
237,208,219
238,207,219
239,207,219
240,207,219
241,207,219
242,207,219
243,207,219
244,206,219
245,206,219
246,206,219
247,206,219
248,206,219
249,206,219
250,205,219
251,205,218
252,205,218
253,205,218
254,205,218
255,205,218
256,204,218
257,204,218
258,204,218
259,204,217
260,204,217
261,204,217
262,203,217
263,203,217
264,203,217
265,203,217
266,203,216
267,202,216
268,202,216
269,202,216
270,202,216
271,202,216
272,202,215
273,201,215
274,201,215
275,201,215
276,201,215
277,201,215
278,200,215
279,200,214
280,200,214
281,200,214
282,200,214
283,200,214
284,199,214
285,199,214
286,199,213
287,199,213
288,199,213
289,198,213
290,198,213
291,198,213
292,198,213
293,198,212
294,198,212
295,197,212
296,197,212
297,197,212
298,197,212
299,197,212
300,196,212
301,196,211
302,196,211
303,196,211
304,196,211
305,196,211
306,195,211
307,195,211
308,195,210
309,195,210
310,195,210
311,194,210
312,194,210
313,194,210
314,194,210
315,194,210
316,194,209
317,193,209
318,193,209
319,193,209
320,193,209
321,193,209
322,192,209
323,192,209
324,192,208
325,192,208
326,192,208
327,191,208
328,191,208
329,191,208
330,191,208
331,191,208
332,191,207
333,190,207
334,190,207
335,190,207
336,190,207
337,190,207
338,190,207
339,190,206
340,190,206
341,190,206
342,190,206
343,190,206
344,190,206
345,189,206
346,190,206
347,190,206
348,190,205
349,190,205
350,191,205
351,191,205
352,191,205
353,191,205
354,192,205
355,192,205
356,192,205
357,193,204
358,193,204
359,194,204
360,195,204
361,195,204
362,196,203
363,198,203
364,199,202
0,0
1,146
214,252,255
215,252,256
216,251,256
217,251,257
218,251,258
219,251,258
220,251,259
221,250,259
222,250,260
223,250,260
224,250,261
225,250,261
226,250,262
227,250,262
228,250,262
229,250,263
230,250,263
231,250,263
232,250,264
233,249,264
234,249,264
235,249,264
236,249,264
237,249,264
238,249,265
239,249,265
240,249,265
241,249,265
242,249,265
243,249,265
244,248,266
245,248,265
246,248,265
247,248,265
248,248,265
249,248,265
250,248,265
251,248,264
252,248,264
253,247,264
254,247,264
255,247,264
256,247,264
257,247,264
258,247,263
259,247,263
260,246,263
261,246,263
262,246,263
263,246,263
264,246,262
265,246,262
266,246,262
267,245,262
268,245,262
269,245,262
270,245,261
271,245,261
272,245,261
273,244,261
274,244,261
275,244,261
276,244,260
277,244,260
278,243,260
279,243,260
280,243,260
281,243,260
282,243,260
283,242,259
284,242,259
285,242,259
286,242,259
287,242,259
288,241,258
289,241,258
290,241,258
291,241,258
292,240,258
293,240,258
294,240,258
295,240,257
296,239,257
297,239,257
298,239,257
299,239,257
300,238,256
301,238,256
302,238,256
303,238,256
304,237,256
305,237,256
306,237,255
307,237,255
308,236,255
309,236,255
310,236,255
311,235,255
312,235,254
313,235,254
314,235,254
315,234,254
316,234,254
317,234,254
318,234,253
319,233,253
320,233,253
321,233,253
322,232,253
323,232,253
324,232,252
325,231,252
326,231,252
327,231,252
328,231,252
329,231,252
330,231,251
331,231,251
332,230,251
333,230,251
334,230,251
335,230,250
336,230,250
337,230,250
338,230,250
339,230,250
340,230,249
341,230,249
342,231,249
343,231,249
344,231,249
345,232,248
346,232,248
347,232,248
348,233,248
349,233,248
350,233,247
351,234,247
352,234,247
353,235,247
354,235,246
355,236,246
356,236,245
357,237,245
358,238,244
359,240,242
0,0
0,76
289,211,211
290,206,216
291,204,222
292,204,226
293,203,229
294,203,230
295,204,231
296,204,232
297,204,233
298,205,233
299,205,233
300,206,234
301,207,234
302,207,234
303,208,234
304,208,234
305,209,234
306,209,234
307,210,235
308,211,235
309,211,235
310,211,235
311,212,235
312,213,235
313,213,235
314,213,236
315,214,236
316,214,236
317,215,236
318,215,236
319,216,236
320,216,237
321,216,237
322,217,237
323,217,237
324,218,237
325,218,238
326,218,238
327,219,238
328,219,238
329,219,238
330,220,239
331,220,239
332,220,239
333,220,239
334,221,239
335,221,239
336,221,240
337,221,240
338,222,240
339,222,240
340,222,240
341,223,240
342,223,241
343,223,241
344,224,241
345,224,241
346,224,241
347,225,241
348,225,241
349,226,241
350,226,242
351,226,242
352,227,242
353,227,242
354,228,242
355,228,242
356,229,242
357,230,242
358,230,242
359,231,242
360,232,241
361,233,241
362,235,241
363,236,240
364,239,239
0,0
1,140
205,297,298
206,296,300
207,296,301
208,295,302
209,295,303
210,295,303
211,295,304
212,294,305
213,294,305
214,294,306
215,294,306
216,294,306
217,294,307
218,294,307
219,294,307
220,294,307
221,294,308
222,294,308
223,294,308
224,294,308
225,294,308
226,293,308
227,293,308
228,293,308
229,293,308
230,293,308
231,293,308
232,293,307
233,293,307
234,293,307
235,293,307
236,293,307
237,292,307
238,292,306
239,292,306
240,292,306
241,292,306
242,292,305
243,292,305
244,292,305
245,292,305
246,292,305
247,291,305
248,291,304
249,291,304
250,291,304
251,291,304
252,291,304
253,291,304
254,291,303
255,290,303
256,290,303
257,290,303
258,290,303
259,290,303
260,290,302
261,290,302
262,289,302
263,289,302
264,289,302
265,289,302
266,289,302
267,289,301
268,289,301
269,288,301
270,288,301
271,288,301
272,288,301
273,288,300
274,288,300
275,287,300
276,287,300
277,287,300
278,287,300
279,287,299
280,286,299
281,286,299
282,286,299
283,286,299
284,286,299
285,285,298
286,285,298
287,285,298
288,285,298
289,285,298
290,284,298
291,284,297
292,284,297
293,284,297
294,284,297
295,283,297
296,283,296
297,283,296
298,283,296
299,282,296
300,282,296
301,282,296
302,282,295
303,281,295
304,281,295
305,281,295
306,281,295
307,280,295
308,280,294
309,280,294
310,280,294
311,279,294
312,279,294
313,279,294
314,278,293
315,278,293
316,278,293
317,278,293
318,277,293
319,277,293
320,277,293
321,276,292
322,276,292
323,276,292
324,276,292
325,275,292
326,275,292
327,275,292
328,274,292
329,274,292
330,274,292
331,273,292
332,273,292
333,273,292
334,272,292
335,272,292
336,272,292
337,271,292
338,271,292
339,271,292
340,270,292
341,274,292
342,281,293
343,287,294
344,293,294
0,65
269,345,345
270,340,351
271,340,354
272,340,357
273,340,359
274,340,361
275,341,363
276,341,364
277,341,366
278,341,368
279,341,369
280,341,371
281,341,372
282,342,374
283,342,375
284,342,376
285,342,378
286,342,379
287,342,380
288,343,381
289,343,382
290,343,383
291,343,384
292,343,385
293,343,386
294,344,386
295,344,386
296,344,387
297,344,387
298,345,387
299,344,387
300,344,386
301,344,386
302,344,386
303,344,385
304,344,384
305,343,383
306,343,382
307,343,380
308,343,378
309,342,377
310,342,375
311,342,374
312,341,373
313,341,372
314,341,371
315,340,370
316,340,369
317,340,368
318,339,367
319,339,366
320,339,366
321,338,365
322,338,364
323,337,363
324,337,363
325,337,362
326,336,361
327,336,360
328,335,360
329,335,359
330,334,358
331,335,358
332,344,357
333,354,356
0,0
1,144
227,344,346
228,343,347
229,343,348
230,343,349
231,343,350
232,342,351
233,342,351
234,342,352
235,342,352
236,342,352
237,341,352
238,341,352
239,341,352
240,341,352
241,341,352
242,341,353
243,341,353
244,340,353
245,340,353
246,340,353
247,340,353
248,340,353
249,340,353
250,339,353
251,339,352
252,339,352
253,339,352
254,339,352
255,339,352
256,338,352
257,338,352
258,338,352
259,338,352
260,338,352
261,337,352
262,337,352
263,337,352
264,337,352
265,337,351
266,337,351
267,336,351
268,336,351
269,336,351
270,336,351
271,336,351
272,336,351
273,335,351
274,335,350
275,335,350
276,335,350
277,335,350
278,335,350
279,334,350
280,334,350
281,334,350
282,334,349
283,334,349
284,333,349
285,333,349
286,333,349
287,333,349
288,333,349
289,333,348
290,332,348
291,332,348
292,332,348
293,332,348
294,332,348
295,331,348
296,331,348
297,331,347
298,331,347
299,331,347
300,331,347
301,330,347
302,330,347
303,330,347
304,330,347
305,330,347
306,329,346
307,329,346
308,329,346
309,329,346
310,329,346
311,328,346
312,328,346
313,328,346
314,328,345
315,328,345
316,327,345
317,327,345
318,327,345
319,327,345
320,327,345
321,326,345
322,326,345
323,326,344
324,326,344
325,326,344
326,326,344
327,325,344
328,325,344
329,325,344
330,325,344
331,325,344
332,325,343
333,324,343
334,324,343
335,324,343
336,324,343
337,324,343
338,324,343
339,324,343
340,324,343
341,324,342
342,324,342
343,324,342
344,324,342
345,324,342
346,324,342
347,324,342
348,323,342
349,324,342
350,324,342
351,324,342
352,324,341
353,324,341
354,324,341
355,325,341
356,325,341
357,325,341
358,326,341
359,326,341
360,326,341
361,327,341
362,327,340
363,328,340
364,328,340
365,329,340
366,330,340
367,331,339
368,332,339
369,333,338
370,334,338
0,0
0,56
362,230,230
363,228,232
364,227,235
365,227,236
366,226,238
367,226,240
368,226,241
369,226,243
370,226,244
371,226,246
372,227,247
373,227,249
374,228,250
375,228,251
376,229,253
377,229,254
378,230,255
379,230,256
380,231,258
381,232,259
382,232,260
383,233,261
384,234,262
385,234,263
386,235,264
387,235,264
388,236,265
389,237,266
390,237,266
391,238,267
392,239,267
393,239,268
394,240,268
395,240,268
396,241,268
397,241,268
398,242,268
399,243,268
400,243,268
401,244,268
402,244,268
403,245,268
404,245,268
405,246,268
406,246,267
407,247,267
408,248,267
409,248,267
410,249,266
411,249,266
412,250,266
413,251,265
414,252,264
415,253,263
416,255,262
417,259,259
0,0
0,76
340,342,342
341,339,345
342,337,348
343,336,349
344,336,351
345,336,352
346,336,353
347,336,354
348,336,355
349,336,356
350,336,357
351,336,358
352,336,359
353,336,360
354,336,361
355,336,361
356,335,362
357,335,363
358,335,363
359,335,364
360,334,364
361,334,365
362,334,365
363,333,366
364,333,366
365,333,366
366,332,366
367,332,366
368,332,366
369,331,366
370,331,365
371,330,364
372,330,363
373,329,361
374,329,360
375,328,359
376,328,358
377,327,357
378,327,355
379,326,354
380,326,353
381,325,352
382,325,351
383,324,350
384,324,349
385,323,349
386,323,348
387,322,347
388,322,346
389,321,345
390,320,344
391,320,343
392,319,342
393,319,341
394,318,340
395,318,339
396,317,338
397,317,337
398,316,336
399,315,335
400,315,334
401,314,333
402,313,332
403,313,331
404,312,330
405,312,329
406,311,328
407,311,327
408,311,326
409,310,325
410,310,323
411,310,322
412,309,320
413,309,319
414,310,316
415,311,313
0,0
1,322
161,426,429
162,425,430
163,425,432
164,424,433
165,424,434
166,424,435
167,424,435
168,424,436
169,424,437
170,424,438
171,424,438
172,424,439
173,424,440
174,423,440
175,423,441
176,423,441
177,423,441
178,423,442
179,423,442
180,423,442
181,423,443
182,423,443
183,423,443
184,423,443
185,423,443
186,422,444
187,422,444
188,422,444
189,422,444
190,422,444
191,422,444
192,422,444
193,422,444
194,422,444
195,422,443
196,422,443
197,422,443
198,422,443
199,421,443
200,421,442
201,421,442
202,421,442
203,421,442
204,421,441
205,421,441
206,421,441
207,421,441
208,421,441
209,421,440
210,421,440
211,420,440
212,420,440
213,420,440
214,420,440
215,420,439
216,420,439
217,420,439
218,420,439
219,420,439
220,420,438
221,420,438
222,420,438
223,419,438
224,419,438
225,419,438
226,419,437
227,419,437
228,419,437
229,419,437
230,419,437
231,419,437
232,419,437
233,419,436
234,419,436
235,419,436
236,418,436
237,418,436
238,418,436
239,418,435
240,418,435
241,418,435
242,418,435
243,418,435
244,418,435
245,418,435
246,417,434
247,417,434
248,417,434
249,417,434
250,417,434
251,417,434
252,417,434
253,417,434
254,417,433
255,417,433
256,417,433
257,417,433
258,416,433
259,416,433
260,416,433
261,416,433
262,416,433
263,416,432
264,416,432
265,416,432
266,416,432
267,416,432
268,416,432
269,415,432
270,415,432
271,415,432
272,415,432
273,415,431
274,415,431
275,415,431
276,415,431
277,415,431
278,415,431
279,415,431
280,415,431
281,414,431
282,414,431
283,414,431
284,414,431
285,414,430
286,414,430
287,414,430
288,414,430
289,414,430
290,414,430
291,413,430
292,413,430
293,413,430
294,413,430
295,413,430
296,413,430
297,413,430
298,413,430
299,413,429
300,413,429
301,413,429
302,412,429
303,412,429
304,412,429
305,412,429
306,412,429
307,412,429
308,412,429
309,412,429
310,412,429
311,412,429
312,411,429
313,411,429
314,411,429
315,411,429
316,411,429
317,411,429
318,411,429
319,411,429
320,411,429
321,410,429
322,410,429
323,410,429
324,410,429
325,410,429
326,410,429
327,410,429
328,410,429
329,410,429
330,410,429
331,409,429
332,409,429
333,409,429
334,409,429
335,409,429
336,409,429
337,409,429
338,409,429
339,408,429
340,408,429
341,408,429
342,408,429
343,408,429
344,408,429
345,408,429
346,408,429
347,408,429
348,407,429
349,407,429
350,407,429
351,407,429
352,407,429
353,407,429
354,407,429
355,407,429
356,406,429
357,406,429
358,406,429
359,406,429
360,406,429
361,406,429
362,406,429
363,406,429
364,405,429
365,405,429
366,405,429
367,405,429
368,405,429
369,405,429
370,405,429
371,404,429
372,404,429
373,404,429
374,404,429
375,404,429
376,404,429
377,404,429
378,403,429
379,422,429
379,403,430
380,422,429
380,403,430
381,422,429
381,403,430
382,422,429
382,403,430
383,422,429
383,403,430
384,422,429
384,403,430
385,422,429
385,402,430
386,422,429
386,402,430
387,422,429
387,402,430
388,422,429
388,402,430
389,422,429
389,402,430
390,422,429
390,402,430
391,422,429
391,401,430
392,422,429
392,401,430
393,422,429
393,401,430
394,422,429
394,401,430
395,422,429
395,401,430
396,422,429
396,401,430
397,422,429
397,401,430
398,422,429
398,400,431
399,422,429
399,400,431
400,422,429
400,400,431
401,422,429
401,400,431
402,422,429
402,400,431
403,422,429
403,400,431
404,422,429
404,400,431
405,422,429
405,400,431
406,422,429
406,400,431
407,422,429
407,401,431
408,422,429
408,401,431
409,422,429
409,401,431
410,422,429
410,401,431
411,422,429
411,401,431
412,422,429
412,402,431
413,422,429
413,402,431
414,422,429
414,402,431
415,422,429
415,403,431
416,422,429
416,403,431
417,404,431
418,404,432
419,404,432
420,405,432
421,405,432
422,406,432
423,407,432
424,407,432
425,408,432
426,408,432
427,409,432
428,410,432
429,410,432
430,411,433
431,412,432
432,413,432
433,414,432
434,414,432
435,415,432
436,416,432
437,417,432
438,418,431
439,419,431
440,420,430
441,421,430
442,423,429
443,425,428
443,425,425
0,0
