0,58
66,100,100
67,97,108
68,95,113
69,94,117
70,94,121
71,94,125
72,94,129
73,94,132
74,94,135
75,95,138
76,95,141
77,95,143
78,96,145
79,96,148
80,97,149
81,98,151
82,99,152
83,100,154
84,101,155
85,102,156
86,103,157
87,104,157
88,105,158
89,106,159
90,108,159
91,109,159
92,110,160
93,112,160
94,113,160
95,114,161
96,115,161
97,116,161
98,117,162
99,119,162
100,120,162
101,121,162
102,122,163
103,123,163
104,124,163
105,125,163
106,127,163
107,128,163
108,129,163
109,130,163
110,131,163
111,132,163
112,133,163
113,134,163
114,135,163
115,136,162
116,138,162
117,138,162
118,140,161
119,141,160
120,143,160
121,144,158
122,147,157
123,153,153
0,0
0,54
159,60,60
160,57,68
161,56,72
162,55,75
163,55,79
164,55,83
165,55,86
166,55,89
167,55,92
168,56,94
169,56,96
170,56,98
171,57,100
172,57,101
173,58,103
174,59,104
175,59,106
176,60,107
177,61,108
178,62,109
179,63,110
180,64,111
181,65,111
182,66,112
183,67,113
184,68,113
185,69,114
186,70,114
187,71,114
188,72,115
189,73,115
190,73,115
191,74,116
192,75,116
193,76,116
194,77,116
195,79,116
196,80,116
197,81,116
198,81,116
199,83,116
200,84,116
201,85,116
202,86,116
203,87,116
204,89,115
205,90,115
206,92,115
207,93,114
208,95,114
209,97,113
210,99,112
211,102,111
212,106,107
0,0
0,172
415,82,87
414,80,89
413,78,90
412,77,90
411,75,90
410,74,91
409,74,91
408,73,91
407,72,91
406,71,92
405,71,92
404,70,92
403,70,92
402,69,92
401,69,92
400,68,92
399,68,93
398,67,93
397,67,93
396,66,93
395,66,94
394,66,94
393,65,94
392,65,95
391,64,95
390,64,95
389,64,95
388,63,96
387,63,96
386,63,96
385,62,97
384,62,97
383,62,97
382,61,98
381,61,98
380,61,99
379,61,99
378,60,99
377,60,100
376,60,100
375,60,100
374,59,101
373,59,101
372,59,101
371,59,102
370,59,102
369,59,102
368,58,103
367,58,103
366,58,103
365,58,104
364,59,104
363,59,105
362,59,105
361,59,106
360,60,106
359,61,106
358,63,107
357,64,107
356,66,108
355,67,108
354,68,108
353,69,109
352,70,109
351,71,110
350,72,110
349,73,111
348,74,111
347,75,111
346,76,112
345,77,112
344,78,113
343,79,113
342,80,114
341,81,114
340,81,114
339,82,115
338,83,115
337,84,116
336,85,116
335,85,117
334,86,117
333,87,117
332,87,118
331,88,118
330,89,119
329,90,119
328,90,120
327,91,120
326,92,120
325,92,121
324,93,121
323,94,122
322,94,122
321,95,123
320,96,123
319,96,123
318,97,124
317,98,124
316,98,125
315,99,125
314,100,126
313,100,126
312,101,127
311,102,127
310,102,127
309,103,128
308,104,128
307,104,129
306,105,129
305,106,130
304,106,130
303,107,131
302,108,131
301,108,131
300,109,132
299,110,132
298,110,133
297,111,133
296,112,134
295,112,134
294,113,134
293,114,135
292,114,135
291,115,136
290,116,136
289,116,137
288,117,137
287,118,138
286,118,138
285,119,138
284,120,139
283,120,139
282,121,140
281,122,140
280,122,141
279,123,141
278,124,141
277,124,142
276,125,142
275,126,143
274,126,143
273,127,144
272,128,144
271,128,145
270,129,145
269,130,145
268,130,146
267,131,146
266,132,147
265,132,147
264,133,148
263,134,148
262,134,148
261,135,149
260,136,149
259,136,150
258,137,150
257,138,151
256,138,151
255,139,152
254,140,152
253,141,152
252,141,153
251,142,153
250,143,153
249,144,154
248,145,154
247,147,154
246,148,154
245,150,154
244,152,152
0,0
0,99
35,290,290
36,288,295
37,287,298
38,287,300
39,286,301
40,286,303
41,286,304
42,287,305
43,287,306
44,287,307
45,287,309
46,287,309
47,287,310
48,288,311
49,287,312
50,287,313
51,287,314
52,287,315
53,287,316
54,287,316
55,286,317
56,286,318
57,285,318
58,285,318
59,285,319
60,284,319
61,284,319
62,283,319
63,283,319
64,282,319
65,282,319
66,281,318
67,280,318
68,280,317
69,279,316
70,279,315
71,278,313
72,277,312
73,277,311
74,276,310
75,276,309
76,275,308
77,274,307
78,273,306
79,273,305
80,272,304
81,271,303
82,270,302
83,270,301
84,269,300
85,268,299
86,267,298
87,267,297
88,266,296
89,265,295
90,264,294
91,264,293
92,263,292
93,262,291
94,261,290
95,260,289
96,260,288
97,259,287
98,258,286
99,257,285
100,256,284
101,255,282
102,254,281
103,254,280
104,253,279
105,252,278
106,251,277
107,250,275
108,249,274
109,248,273
110,247,272
111,247,270
112,246,269
113,245,268
114,244,267
115,243,265
116,242,264
117,241,262
118,240,261
119,239,259
120,238,258
121,237,256
122,236,255
123,235,253
124,234,251
125,233,250
126,232,248
127,231,246
128,230,245
129,229,243
130,229,241
131,228,239
132,229,236
133,232,233
0,0
1,78
270,89,90
271,88,92
272,88,93
273,88,94
274,87,95
275,87,95
276,87,96
277,87,96
278,87,97
279,87,97
280,87,98
281,87,98
282,87,98
283,87,98
284,87,98
285,87,98
286,87,98
287,87,99
288,87,99
289,87,99
290,87,99
291,87,99
292,87,99
293,87,99
294,87,99
295,87,99
296,86,98
297,86,98
298,86,98
299,86,98
300,86,98
301,86,98
302,86,98
303,86,98
304,85,98
305,85,98
306,85,98
307,85,97
308,85,97
309,84,97
310,84,97
311,84,97
312,84,97
313,84,97
314,84,97
315,83,97
316,83,97
317,83,96
318,83,96
319,83,96
320,83,96
321,82,96
322,82,96
323,82,96
324,82,96
325,82,96
326,81,96
327,81,96
328,81,96
329,81,96
330,80,96
331,80,96
332,80,96
333,80,96
334,80,96
335,79,96
336,87,96
336,79,97
337,79,95
338,79,93
339,78,91
340,78,89
341,78,86
342,78,84
343,77,82
344,77,80
345,77,78
346,76,76
0,74
75,350,352
76,347,356
77,345,359
78,345,361
79,344,362
80,344,364
81,343,366
82,343,367
83,342,369
84,342,370
85,342,371
86,341,373
87,341,374
88,340,375
89,340,376
90,339,377
91,339,378
92,338,379
93,338,380
94,337,380
95,337,381
96,336,381
97,336,381
98,336,381
99,335,380
100,335,379
101,335,378
102,334,376
103,334,374
104,333,372
105,333,370
106,332,369
107,332,367
108,331,365
109,331,364
110,330,362
111,329,361
112,329,359
113,328,358
114,328,356
115,327,355
116,326,354
117,326,352
118,325,351
119,325,350
120,324,348
121,323,347
122,323,346
123,322,345
124,322,344
125,321,342
126,321,341
127,320,340
128,319,339
129,319,338
130,318,336
131,317,335
132,317,334
133,316,333
134,315,332
135,314,330
136,314,329
137,313,328
138,312,327
139,312,325
140,311,324
141,310,323
142,310,321
143,309,320
144,309,319
145,308,317
146,308,316
147,308,314
148,310,310
0,0
1,214
210,156,158
211,156,159
212,155,160
213,155,161
214,155,162
215,154,162
216,154,163
217,154,163
218,154,164
219,154,164
220,154,165
221,154,165
222,154,166
223,154,166
224,153,167
225,153,167
226,153,167
227,153,168
228,153,168
229,153,168
230,153,169
231,153,169
232,153,169
233,153,169
234,153,169
235,153,170
236,153,170
237,153,170
238,153,170
239,153,170
240,153,170
241,153,170
242,153,171
243,152,170
244,152,170
245,152,170
246,152,170
247,152,170
248,152,170
249,152,170
250,152,170
251,152,170
252,152,170
253,152,170
254,152,169
255,152,169
256,151,169
257,151,169
258,151,169
259,151,169
260,151,169
261,151,168
262,151,168
263,151,168
264,151,168
265,151,168
266,151,168
267,150,168
268,150,167
269,150,167
270,150,167
271,150,167
272,150,167
273,150,167
274,150,167
275,150,166
276,150,166
277,149,166
278,149,166
279,149,166
280,149,166
281,149,166
282,149,165
283,149,165
284,149,165
285,148,165
286,148,165
287,148,165
288,148,165
289,148,164
290,148,164
291,148,164
292,147,164
293,147,164
294,147,164
295,147,164
296,147,163
297,147,163
298,147,163
299,146,163
300,146,163
301,146,163
302,146,163
303,146,163
304,146,162
305,145,162
306,145,162
307,145,162
308,145,162
309,145,162
310,145,162
311,144,161
312,144,161
313,144,161
314,144,161
315,144,161
316,144,161
317,143,160
318,143,160
319,143,160
320,143,160
321,143,160
322,142,160
323,142,160
324,142,159
325,142,159
326,142,159
327,141,159
328,141,159
329,141,159
330,141,159
331,141,158
332,140,158
333,140,158
334,140,158
335,140,158
336,139,158
337,139,158
338,139,157
339,139,157
340,139,157
341,138,157
342,138,157
343,138,157
344,138,157
345,138,156
346,137,156
347,137,156
348,137,156
349,137,156
350,136,156
351,136,156
352,136,155
353,136,155
354,135,155
355,135,155
356,135,155
357,135,155
358,134,155
359,134,154
360,134,154
361,134,154
362,133,154
363,133,154
364,133,154
365,133,154
366,133,153
367,132,153
368,132,153
369,132,153
370,131,153
371,131,153
372,131,152
373,131,152
374,130,152
375,130,152
376,130,152
377,130,152
378,129,151
379,129,151
380,129,151
381,128,151
382,128,151
383,128,151
384,128,150
385,127,150
386,127,150
387,127,150
388,127,150
389,126,150
390,126,150
391,126,149
392,126,149
393,126,149
394,126,149
395,126,149
396,125,148
397,126,148
398,126,148
399,126,148
400,126,148
401,126,147
402,126,147
403,126,147
404,127,147
405,127,147
406,127,147
407,127,146
408,127,146
409,128,146
410,128,146
411,128,145
412,129,145
413,129,145
414,129,145
415,130,144
416,130,144
417,131,144
418,131,144
419,132,143
420,133,143
421,133,142
422,134,141
423,136,140
0,0
0,302
146,204,206
147,200,211
148,199,214
149,198,216
150,197,218
151,197,220
152,196,222
153,197,224
154,197,226
155,197,227
156,197,228
157,198,230
158,199,231
159,199,232
160,200,233
161,201,234
162,201,235
163,202,236
164,202,237
165,203,237
166,203,238
167,204,238
168,204,238
169,205,238
170,205,238
171,205,238
172,205,238
173,206,238
174,206,238
175,206,237
176,206,237
177,206,237
178,206,236
179,206,236
180,206,236
181,206,236
182,206,235
183,206,235
184,206,235
185,206,235
186,206,235
187,206,235
188,206,234
189,206,234
190,206,234
191,206,234
192,206,234
193,206,234
194,206,234
195,205,234
196,205,233
197,205,233
198,205,233
199,205,233
200,205,233
201,205,233
202,205,233
203,205,233
204,205,232
205,205,232
206,205,232
207,205,232
208,205,232
209,205,232
210,205,232
211,205,232
212,205,232
213,205,232
214,205,232
215,205,231
216,205,231
217,205,231
218,205,231
219,205,231
220,205,231
221,205,231
222,204,231
223,204,231
224,204,231
225,204,231
226,204,230
227,204,230
228,204,230
229,204,230
230,204,230
231,204,230
232,204,230
233,204,230
234,204,230
235,204,230
236,204,230
237,203,230
238,203,229
239,203,229
240,203,229
241,203,229
242,203,229
243,203,229
244,203,229
245,203,229
246,203,228
247,203,228
248,202,228
249,202,228
250,202,228
251,202,228
252,202,228
253,202,227
254,202,227
255,202,227
256,201,227
257,201,227
258,201,227
259,201,226
260,201,226
261,201,226
262,201,226
263,200,226
264,200,226
265,200,225
266,200,225
267,200,225
268,200,225
269,200,225
270,200,224
271,199,224
272,199,224
273,199,224
274,199,224
275,199,224
276,199,223
277,198,223
278,198,223
279,198,223
280,198,223
281,198,222
282,198,222
283,197,222
284,197,222
285,197,221
286,197,221
287,197,221
288,196,221
289,196,221
290,196,220
291,196,220
292,196,220
293,195,220
294,195,219
295,195,219
296,195,219
297,195,219
298,194,218
299,194,218
300,194,218
301,194,218
302,193,217
303,193,217
304,193,217
305,193,217
306,193,216
307,192,216
308,192,216
309,192,216
310,192,215
311,191,215
312,191,215
313,191,214
314,190,214
315,190,214
316,190,214
317,190,213
318,189,213
319,189,213
320,189,212
321,189,212
322,188,212
323,188,212
324,188,211
325,187,211
326,187,211
327,187,210
328,187,210
329,186,210
330,186,209
331,186,209
332,185,209
333,185,208
334,185,208
335,184,208
336,184,207
337,184,207
338,183,207
339,183,206
340,183,206
341,182,205
342,182,205
343,182,205
344,181,204
345,181,204
346,181,204
347,180,203
348,180,203
349,179,202
350,179,202
351,179,202
352,178,201
353,178,201
354,178,201
355,177,200
356,177,200
357,177,199
358,176,199
359,176,198
360,175,198
361,175,198
362,174,197
363,174,197
364,174,196
365,173,196
366,173,196
367,172,195
368,172,195
369,172,194
370,171,194
371,171,193
372,170,193
373,170,192
374,169,192
375,169,191
376,168,191
377,168,191
378,167,190
379,167,189
380,166,189
381,166,188
382,165,188
383,165,187
384,164,187
385,164,186
386,163,186
387,163,185
388,162,185
389,162,184
390,161,184
391,161,183
392,160,183
393,160,182
394,159,182
395,159,181
396,158,181
397,158,180
398,157,179
399,156,179
400,156,178
401,155,177
402,155,177
403,154,176
404,153,175
405,153,175
406,152,174
407,152,173
408,151,173
409,151,172
410,150,171
411,149,171
412,149,170
413,148,169
414,148,168
415,147,167
416,146,167
417,146,166
418,145,165
419,145,164
420,144,163
421,144,162
422,143,161
423,142,160
424,142,159
425,141,159
426,141,158
427,140,157
428,139,156
429,139,155
430,138,154
431,137,153
432,137,152
433,136,151
434,136,150
435,135,149
436,134,148
437,134,148
438,133,147
439,132,146
440,132,145
441,131,144
442,131,143
443,131,142
444,131,140
445,130,139
446,130,137
447,132,135
0,0
0,58
174,282,282
175,280,285
176,279,288
177,279,289
178,279,291
179,279,292
180,279,293
181,279,294
182,279,295
183,279,295
184,279,296
185,279,297
186,279,298
187,278,299
188,278,299
189,277,300
190,277,301
191,276,301
192,276,301
193,275,302
194,275,302
195,274,303
196,273,303
197,272,303
198,272,303
199,271,302
200,270,302
201,269,301
202,269,300
203,268,300
204,267,297
205,266,295
206,266,294
207,265,292
208,264,291
209,263,290
210,262,288
211,261,287
212,260,286
213,259,284
214,258,283
215,257,281
216,256,280
217,255,278
218,254,277
219,253,275
220,252,273
221,251,271
222,250,270
223,249,268
224,248,266
225,247,263
226,246,261
227,244,258
228,244,256
229,243,254
230,243,251
231,245,247
0,0
0,46
170,349,349
171,344,355
172,343,361
173,343,365
174,343,369
175,343,373
176,343,377
177,343,380
178,344,383
179,345,386
180,345,388
181,346,390
182,347,392
183,348,394
184,350,395
185,351,396
186,353,397
187,354,399
188,355,399
189,357,400
190,359,401
191,360,401
192,361,402
193,363,402
194,364,403
195,366,403
196,367,403
197,369,404
198,370,404
199,372,404
200,373,405
201,374,405
202,376,405
203,377,405
204,378,405
205,380,405
206,381,405
207,383,405
208,384,405
209,385,405
210,387,405
211,388,404
212,389,404
213,391,403
214,393,401
215,398,398
0,0
0,39
204,313,317
205,312,321
206,312,324
207,311,327
208,311,329
209,311,332
210,311,334
211,312,336
212,312,338
213,313,340
214,313,342
215,314,343
216,315,344
217,316,345
218,317,347
219,317,347
220,318,348
221,319,349
222,320,349
223,321,350
224,322,350
225,322,351
226,323,351
227,324,351
228,325,351
229,326,352
230,327,352
231,328,352
232,329,352
233,329,352
234,330,351
235,331,351
236,332,351
237,334,351
238,335,350
239,337,350
240,338,349
241,341,347
242,344,344
0,0
1,235
217,265,267
218,264,268
219,263,269
220,263,270
221,263,271
222,263,272
223,263,273
224,262,273
225,262,274
226,262,275
227,262,275
228,262,276
229,262,276
230,262,277
231,262,277
232,261,277
233,261,278
234,261,278
235,261,278
236,261,278
237,261,278
238,261,279
239,260,279
240,260,279
241,260,279
242,260,280
243,260,279
244,260,279
245,260,279
246,260,279
247,259,278
248,259,278
249,259,278
250,259,278
251,259,278
252,259,277
253,259,277
254,258,277
255,258,277
256,258,276
257,258,276
258,258,276
259,258,276
260,258,275
261,258,275
262,257,275
263,257,275
264,257,274
265,257,274
266,257,274
267,257,274
268,257,274
269,257,273
270,256,273
271,256,273
272,256,273
273,256,272
274,256,272
275,256,272
276,256,272
277,255,272
278,255,271
279,255,271
280,255,271
281,255,271
282,255,271
283,255,270
284,254,270
285,254,270
286,254,270
287,254,270
288,254,269
289,254,269
290,254,269
291,253,269
292,253,269
293,253,269
294,253,268
295,253,268
296,253,268
297,253,268
298,252,268
299,252,268
300,252,267
301,252,267
302,252,267
303,252,267
304,252,267
305,251,267
306,251,266
307,251,266
308,251,266
309,251,266
310,251,266
311,251,266
312,250,266
313,250,265
314,250,265
315,250,265
316,250,265
317,250,265
318,250,265
319,249,265
320,249,265
321,249,264
322,249,264
323,249,264
324,249,264
325,249,264
326,248,264
327,248,264
328,248,264
329,248,263
330,248,263
331,248,263
332,248,263
333,247,263
334,247,263
335,247,263
336,247,263
337,247,263
338,247,262
339,246,262
340,246,262
341,246,262
342,246,262
343,246,262
344,246,262
345,246,262
346,245,262
347,245,262
348,245,262
349,245,262
350,245,262
351,245,261
352,244,261
353,244,261
354,244,261
355,244,261
356,244,261
357,244,261
358,243,261
359,243,261
360,243,261
361,243,261
362,243,261
363,243,261
364,242,261
365,242,261
366,242,261
367,242,261
368,242,260
369,242,260
370,241,260
371,241,260
372,241,260
373,241,260
374,241,260
375,241,260
376,240,260
377,240,260
378,240,260
379,240,260
380,240,260
381,239,260
382,239,260
383,239,260
384,239,260
385,239,260
386,238,260
387,238,260
388,238,260
389,238,260
390,238,260
391,238,260
392,237,260
393,237,260
394,237,260
395,237,260
396,237,260
397,236,260
398,236,260
399,236,260
400,236,260
401,236,260
402,235,260
403,235,260
404,235,260
405,235,260
406,234,260
407,234,260
408,234,260
409,234,260
410,234,260
411,234,260
412,233,260
413,233,260
414,233,260
415,233,260
416,233,260
417,233,260
418,233,260
419,234,260
420,234,260
421,234,260
422,234,260
423,234,260
424,234,260
425,235,260
426,235,260
427,235,260
428,236,260
429,236,260
430,237,260
431,237,260
432,238,260
433,238,260
434,239,260
435,239,260
436,240,260
437,240,260
438,241,260
439,242,260
440,242,261
441,243,260
442,244,260
443,244,260
444,245,260
445,246,259
446,247,259
447,248,259
448,249,259
449,250,258
450,251,257
451,252,256
0,0
1,113
269,296,299
270,295,299
271,295,300
272,295,301
273,295,301
274,294,302
275,294,302
276,294,303
277,294,303
278,294,304
279,294,304
280,294,305
281,294,305
282,294,305
283,294,306
284,293,306
285,293,306
286,293,307
287,293,307
288,293,307
289,293,307
290,293,307
291,293,307
292,293,307
293,293,307
294,293,307
295,292,308
296,292,308
297,292,308
298,292,308
299,292,308
300,292,307
301,292,307
302,292,307
303,291,307
304,291,307
305,291,307
306,291,307
307,291,307
308,291,306
309,291,306
310,290,306
311,290,306
312,290,306
313,290,305
314,290,305
315,289,305
316,289,305
317,289,305
318,289,305
319,289,304
320,288,304
321,288,304
322,288,304
323,288,304
324,288,304
325,287,303
326,287,303
327,287,303
328,287,303
329,286,303
330,286,303
331,286,302
332,286,302
333,285,302
334,285,302
335,285,302
336,285,302
337,284,301
338,284,301
339,284,301
340,284,301
341,283,301
342,283,301
343,283,300
344,282,300
345,282,300
346,282,300
347,281,300
348,281,300
349,281,299
350,281,299
351,280,299
352,280,299
353,280,299
354,280,299
355,280,298
356,280,298
357,280,298
358,280,298
359,280,298
360,280,297
361,279,297
362,280,297
363,280,297
364,280,297
365,280,297
366,281,296
367,281,296
368,281,296
369,281,296
370,282,296
371,282,295
372,282,295
373,283,295
374,283,295
375,283,294
376,284,294
377,284,294
378,285,293
379,286,293
380,287,292
380,287,291
0,0
1,116
266,335,336
267,334,337
268,334,338
269,333,339
270,333,339
271,333,340
272,333,340
273,332,341
274,332,341
275,332,342
276,332,342
277,332,343
278,332,343
279,332,344
280,332,344
281,331,344
282,331,345
283,331,345
284,331,345
285,331,345
286,331,346
287,331,346
288,331,346
289,331,346
290,331,346
291,331,346
292,330,346
293,330,346
294,330,347
295,330,347
296,330,347
297,330,347
298,330,347
299,329,346
300,329,346
301,329,346
302,329,346
303,329,346
304,329,346
305,329,346
306,328,346
307,328,345
308,328,345
309,328,345
310,328,345
311,328,345
312,327,344
313,327,344
314,327,344
315,327,344
316,326,344
317,326,343
318,326,343
319,326,343
320,326,343
321,325,343
322,325,343
323,325,342
324,325,342
325,324,342
326,324,342
327,324,342
328,324,342
329,323,341
330,323,341
331,323,341
332,323,341
333,322,341
334,322,340
335,322,340
336,321,340
337,321,340
338,321,340
339,321,339
340,320,339
341,320,339
342,320,339
343,319,339
344,319,339
345,319,338
346,318,338
347,318,338
348,318,338
349,318,338
350,317,338
351,317,337
352,317,337
353,317,337
354,317,337
355,317,337
356,317,336
357,317,336
358,317,336
359,317,336
360,316,336
361,317,335
362,317,335
363,317,335
364,317,335
365,318,335
366,318,334
367,318,334
368,318,334
369,319,334
370,319,334
371,319,333
372,320,333
373,320,333
374,320,333
375,321,332
376,321,332
377,322,332
378,323,331
379,323,331
380,325,330
380,325,329
0,0
0,90
371,252,257
372,250,264
373,249,268
374,249,272
375,249,275
376,249,276
377,249,278
378,250,279
379,250,280
380,251,280
381,251,280
382,252,281
383,252,281
384,253,281
385,253,281
386,254,281
387,254,281
388,254,281
389,255,281
390,255,281
391,256,281
392,256,281
393,257,282
394,257,282
395,258,282
396,258,282
397,258,282
398,259,282
399,259,282
400,259,282
401,260,283
402,260,283
403,261,283
404,261,283
405,261,283
406,261,283
407,262,283
408,262,284
409,262,284
410,263,284
411,263,284
412,263,284
413,263,284
414,264,284
415,264,284
416,264,285
417,264,285
418,265,285
419,265,285
420,265,285
421,265,285
422,266,285
423,266,286
424,266,286
425,266,286
426,266,286
427,267,286
428,267,286
429,267,286
430,267,286
431,267,287
432,268,287
433,268,287
434,268,287
435,268,287
436,269,287
437,269,287
438,269,287
439,269,287
440,270,287
441,270,287
442,270,287
443,271,288
444,271,288
445,271,288
446,272,288
447,272,288
448,273,288
449,273,288
450,273,288
451,274,287
452,275,287
453,275,287
454,276,287
455,277,287
456,278,287
457,279,286
458,280,286
459,281,285
460,284,284
0,0
1,114
258,380,381
259,379,383
260,378,384
261,378,384
262,377,385
263,377,386
264,377,386
265,377,387
266,377,387
267,377,388
268,377,388
269,377,388
270,377,389
271,377,389
272,376,389
273,376,389
274,376,389
275,376,389
276,376,389
277,376,390
278,376,390
279,376,390
280,376,390
281,375,389
282,375,389
283,375,389
284,375,389
285,375,389
286,375,389
287,375,389
288,375,388
289,375,388
290,374,388
291,374,388
292,374,387
293,374,387
294,374,387
295,374,387
296,374,387
297,373,386
298,373,386
299,373,386
300,373,386
301,373,386
302,373,386
303,372,385
304,372,385
305,372,385
306,372,385
307,372,385
308,372,384
309,371,384
310,371,384
311,371,384
312,371,384
313,371,384
314,370,383
315,370,383
316,370,383
317,370,383
318,370,383
319,369,383
320,369,382
321,369,382
322,369,382
323,369,382
324,368,382
325,368,382
326,368,381
327,368,381
328,367,381
329,367,381
330,367,381
331,367,380
332,366,380
333,366,380
334,366,380
335,366,380
336,365,380
337,365,379
338,365,379
339,365,379
340,364,379
341,364,379
342,364,379
343,363,378
344,363,378
345,363,378
346,362,378
347,362,378
348,362,378
349,362,377
350,361,377
351,361,377
352,361,377
353,360,377
354,360,376
355,360,376
356,359,376
357,359,376
358,359,376
359,358,376
360,358,376
361,357,376
362,357,376
363,357,376
364,356,376
365,356,376
366,355,376
367,356,376
368,362,376
369,367,377
370,372,378
371,378,378
0,76
354,371,371
355,367,379
356,366,383
357,367,385
358,367,388
359,367,390
360,367,392
361,367,393
362,368,395
363,368,397
364,368,399
365,368,400
366,368,402
367,368,404
368,369,405
369,369,406
370,369,408
371,369,409
372,369,410
373,370,411
374,370,412
375,370,413
376,370,414
377,370,415
378,371,415
379,371,416
380,372,416
381,372,416
382,372,416
383,372,416
384,372,416
385,372,416
386,372,415
387,372,414
388,372,414
389,372,413
390,371,412
391,371,411
392,371,409
393,371,408
394,371,407
395,371,406
396,370,405
397,370,404
398,370,403
399,370,402
400,369,401
401,369,400
402,369,399
403,369,399
404,368,398
405,368,397
406,368,397
407,368,396
408,367,395
409,367,395
410,367,394
411,366,394
412,366,393
413,366,393
414,366,392
415,365,392
416,365,391
417,365,391
418,364,390
419,364,390
420,363,389
421,363,389
422,363,388
423,362,388
424,362,387
425,362,387
426,361,386
427,361,386
428,361,385
429,360,385
0,0
1,123
276,433,434
277,432,436
278,431,437
279,431,438
280,430,440
281,430,441
282,430,441
283,430,442
284,430,443
285,430,443
286,430,444
287,430,444
288,430,444
289,430,444
290,429,444
291,429,444
292,429,444
293,429,444
294,429,445
295,429,444
296,429,444
297,429,444
298,429,444
299,429,444
300,429,444
301,428,443
302,428,443
303,428,443
304,428,443
305,428,443
306,428,443
307,428,443
308,428,442
309,427,442
310,427,442
311,427,442
312,427,442
313,427,442
314,427,442
315,427,442
316,427,441
317,426,441
318,426,441
319,426,441
320,426,441
321,426,441
322,426,441
323,426,441
324,425,441
325,425,441
326,425,440
327,425,440
328,425,440
329,425,440
330,425,440
331,424,440
332,424,440
333,424,440
334,424,440
335,424,440
336,424,440
337,423,440
338,423,439
339,423,439
340,423,439
341,423,439
342,423,439
343,422,439
344,422,439
345,422,439
346,422,439
347,422,439
348,421,439
349,421,439
350,421,439
351,421,439
352,421,439
353,421,438
354,420,438
355,420,438
356,420,438
357,420,438
358,420,438
359,419,438
360,419,438
361,419,438
362,419,438
363,419,438
364,419,438
365,418,438
366,418,438
367,418,438
368,418,438
369,418,438
370,418,438
371,417,438
372,418,438
373,418,438
374,418,437
375,418,437
376,418,437
377,418,437
378,418,437
379,419,437
380,419,437
381,419,437
382,420,437
383,420,437
384,420,437
385,421,437
386,421,437
387,422,437
388,422,437
389,423,437
390,424,437
391,425,437
392,425,437
393,426,437
394,427,436
395,428,436
396,429,436
397,430,435
398,432,434
0,0
