0,163
65,166,166
66,161,170
67,159,173
68,159,175
69,158,177
70,158,178
71,158,180
72,158,181
73,158,183
74,158,184
75,158,185
76,158,186
77,157,188
78,157,189
79,157,190
80,157,191
81,157,192
82,157,193
83,157,194
84,157,195
85,157,196
86,157,197
87,157,197
88,156,198
89,156,199
90,156,199
91,156,199
92,156,200
93,156,200
94,155,200
95,155,200
96,155,199
97,155,199
98,155,198
99,154,197
100,154,196
101,154,195
102,153,195
103,153,194
104,153,193
105,152,192
106,152,191
107,152,190
108,151,190
109,151,189
110,151,188
111,150,187
112,150,186
113,149,185
114,149,185
115,148,184
116,148,183
117,147,182
118,147,181
119,146,181
120,146,180
121,145,179
122,145,178
123,144,177
124,143,177
125,143,176
126,142,175
127,142,174
128,141,174
129,140,173
130,140,172
131,139,171
132,139,170
133,138,170
134,137,169
135,137,168
136,136,167
137,135,167
138,134,166
139,134,165
140,133,164
141,132,163
142,132,163
143,131,162
144,130,161
145,130,161
146,129,160
147,128,159
148,127,158
149,126,158
150,126,157
151,125,156
152,124,155
153,123,155
154,123,154
155,122,153
156,121,152
157,120,151
158,119,151
159,119,150
160,118,149
161,117,148
162,116,147
163,115,147
164,114,146
165,113,145
166,113,144
167,112,143
168,111,142
169,110,141
170,109,141
171,108,140
172,107,139
173,106,138
174,105,137
175,104,136
176,103,135
177,102,134
178,101,133
179,100,132
180,99,131
181,98,130
182,97,129
183,96,128
184,95,127
185,94,125
186,92,124
187,91,123
188,90,122
189,89,121
190,88,120
191,87,118
192,85,117
193,84,116
194,83,115
195,82,113
196,80,112
197,79,111
198,78,109
199,76,108
200,75,106
201,74,105
202,72,103
203,71,102
204,70,100
205,69,99
206,67,97
207,66,96
208,65,94
209,64,92
210,63,91
211,61,89
212,60,87
213,59,85
214,58,84
215,56,82
216,55,80
217,54,78
218,53,76
219,52,74
220,51,72
221,50,70
222,49,68
223,49,65
224,48,63
225,48,60
226,49,57
227,51,51
0,0
0,357
80,78,80
81,75,81
82,74,82
83,73,83
84,73,85
85,72,87
86,72,88
87,72,89
88,72,91
89,72,92
90,71,94
91,71,95
92,71,96
93,71,97
94,72,99
95,72,100
96,72,101
97,72,102
98,72,103
99,72,104
100,72,105
101,73,106
102,73,107
103,73,108
104,74,109
105,74,110
106,75,111
107,75,112
108,76,113
109,77,114
110,78,115
111,79,116
112,80,117
113,82,118
114,84,119
115,86,120
116,87,121
117,89,121
118,89,122
119,91,123
120,92,124
121,93,125
122,94,125
123,95,126
124,95,127
125,96,128
126,97,129
127,98,129
128,99,130
129,100,131
130,101,132
131,101,132
132,102,133
133,103,134
134,104,134
135,105,135
136,105,136
137,106,136
138,107,137
139,108,138
140,108,138
141,109,139
142,110,140
143,110,140
144,111,141
145,112,141
146,112,142
147,113,142
148,113,143
149,114,143
150,115,144
151,115,144
152,116,145
153,116,146
154,117,146
155,118,146
156,118,147
157,119,147
158,119,148
159,120,148
160,120,149
161,121,149
162,121,149
163,122,150
164,122,150
165,123,151
166,123,151
167,124,151
168,124,152
169,124,152
170,125,152
171,125,153
172,126,153
173,126,153
174,127,154
175,127,154
176,127,155
177,128,155
178,128,155
179,129,155
180,129,156
181,129,156
182,130,156
183,130,157
184,131,157
185,131,157
186,131,157
187,132,158
188,132,158
189,132,158
190,133,159
191,133,159
192,133,159
193,134,159
194,134,160
195,134,160
196,135,160
197,135,160
198,135,161
199,136,161
200,136,161
201,136,161
202,137,161
203,137,162
204,137,162
205,137,162
206,138,162
207,138,163
208,138,163
209,138,163
210,139,163
211,139,163
212,139,164
213,139,164
214,140,164
215,140,164
216,140,164
217,141,164
218,141,165
219,141,165
220,141,165
221,141,165
222,141,165
223,142,165
224,142,166
225,142,166
226,142,166
227,142,166
228,142,166
229,143,166
230,143,166
231,143,166
232,143,167
233,143,167
234,143,167
235,143,167
236,143,167
237,144,167
238,144,167
239,144,167
240,144,167
241,144,168
242,144,168
243,144,168
244,144,168
245,144,168
246,145,168
247,145,168
248,145,168
249,145,168
250,145,168
251,145,168
252,145,168
253,145,168
254,145,168
255,145,168
256,145,168
257,145,169
258,145,169
259,145,169
260,145,169
261,145,169
262,146,169
263,146,169
264,146,169
265,146,169
266,146,169
267,146,169
268,146,169
269,146,169
270,146,169
271,146,169
272,146,169
273,146,169
274,146,169
275,146,169
276,146,169
277,146,169
278,146,169
279,146,169
280,146,169
281,146,169
282,146,169
283,146,169
284,146,169
285,145,169
286,145,169
287,145,169
288,145,169
289,145,169
290,145,169
291,145,169
292,145,169
293,145,169
294,145,169
295,145,169
296,145,169
297,145,168
298,145,168
299,145,168
300,145,168
301,145,168
302,144,168
303,144,168
304,144,168
305,144,168
306,144,168
307,144,168
308,144,168
309,144,168
310,144,168
311,144,168
312,144,168
313,143,168
314,143,168
315,143,168
316,143,167
317,143,167
318,143,167
319,143,167
320,143,167
321,143,167
322,143,167
323,142,167
324,142,167
325,142,167
326,142,167
327,142,166
328,142,166
329,142,166
330,141,166
331,141,166
332,141,166
333,141,166
334,141,166
335,141,166
336,141,166
337,140,165
338,140,165
339,140,165
340,140,165
341,140,165
342,140,165
343,139,165
344,139,165
345,139,164
346,139,164
347,139,164
348,138,164
349,138,164
350,138,164
351,138,164
352,138,164
353,137,163
354,137,163
355,137,163
356,137,163
357,136,163
358,136,162
359,136,162
360,136,162
361,135,162
362,135,162
363,135,162
364,134,161
365,134,161
366,134,161
367,134,161
368,133,161
369,133,160
370,133,160
371,132,160
372,132,160
373,131,160
374,131,159
375,130,159
376,130,159
377,129,159
378,129,159
379,128,158
380,128,158
381,127,158
382,127,158
383,126,157
384,125,157
385,124,157
386,124,157
387,124,156
388,124,156
389,124,156
390,124,156
391,124,155
392,124,155
393,124,155
394,124,154
395,124,154
396,124,154
397,124,153
398,124,153
399,124,153
400,124,152
401,124,152
402,124,151
403,124,151
404,125,151
405,125,150
406,125,150
407,125,149
408,125,149
409,125,148
410,125,148
411,125,147
412,125,147
413,125,146
414,125,146
415,125,145
416,125,145
417,125,144
418,125,144
419,125,143
420,125,143
421,125,142
422,125,142
423,125,141
424,125,140
425,125,140
426,125,139
427,125,138
428,125,138
429,125,137
430,125,136
431,125,135
432,125,134
433,125,133
434,125,132
435,125,131
436,126,128
1,50
126,429,436
125,397,436
124,385,435
123,385,435
122,385,435
121,385,434
120,385,433
119,384,432
118,384,431
117,384,430
116,384,429
115,383,427
114,383,426
113,383,424
112,382,422
111,382,421
110,382,419
109,381,418
108,381,416
107,381,415
106,380,413
105,380,412
104,379,410
103,379,409
102,379,408
101,378,406
100,378,405
99,377,404
98,377,402
97,376,401
96,376,400
95,376,399
94,375,397
93,375,396
92,374,395
91,374,394
90,373,393
89,373,391
88,373,390
87,372,389
86,372,388
85,372,387
84,371,386
83,371,385
82,371,384
81,371,382
80,371,381
79,370,380
78,371,379
77,372,377
0,0
0,149
206,143,145
207,141,146
208,139,148
209,139,149
210,138,150
211,138,151
212,137,151
213,137,152
214,136,153
215,136,153
216,135,154
217,135,154
218,135,155
219,134,155
220,134,155
221,134,156
222,133,156
223,133,156
224,133,157
225,132,157
226,132,157
227,131,157
228,131,157
229,131,157
230,130,157
231,130,157
232,129,157
233,129,157
234,129,157
235,128,157
236,128,157
237,127,156
238,127,156
239,127,156
240,126,155
241,126,155
242,125,154
243,125,154
244,124,153
245,124,153
246,123,152
247,123,152
248,122,151
249,122,150
250,121,150
251,121,149
252,120,149
253,120,148
254,119,147
255,118,147
256,118,146
257,117,145
258,117,145
259,116,144
260,116,143
261,115,143
262,114,142
263,114,141
264,113,141
265,112,140
266,112,140
267,111,139
268,110,138
269,110,138
270,109,137
271,108,136
272,107,136
273,107,135
274,106,134
275,105,134
276,105,133
277,104,132
278,103,132
279,103,131
280,102,130
281,101,129
282,100,129
283,100,128
284,99,127
285,98,127
286,97,126
287,96,125
288,96,124
289,95,124
290,94,123
291,93,122
292,93,121
293,92,121
294,91,120
295,90,119
296,90,118
297,89,118
298,88,117
299,87,116
300,86,115
301,85,114
302,84,114
303,83,113
304,83,112
305,82,111
306,81,110
307,80,110
308,79,109
309,78,108
310,77,107
311,76,106
312,75,105
313,74,104
314,73,103
315,72,102
316,71,101
317,70,100
318,69,99
319,68,98
320,67,97
321,66,96
322,65,95
323,64,94
324,63,92
325,62,91
326,61,90
327,60,89
328,59,88
329,58,86
330,57,85
331,56,84
332,55,83
333,54,81
334,53,80
335,52,79
336,51,77
337,50,76
338,49,74
339,48,73
340,46,71
341,45,70
342,44,68
343,43,67
344,42,65
345,41,63
346,40,61
347,39,60
348,39,58
349,38,56
350,37,54
351,37,52
352,37,50
353,38,47
354,40,43
0,0
0,196
56,286,292
57,279,297
58,277,300
59,276,303
60,276,305
61,275,307
62,275,308
63,275,310
64,275,312
65,276,314
66,276,315
67,277,316
68,278,318
69,279,319
70,279,320
71,280,322
72,280,323
73,281,324
74,281,325
75,282,326
76,282,327
77,282,327
78,282,328
79,282,328
80,282,329
81,283,329
82,283,329
83,283,329
84,283,328
85,282,328
86,282,327
87,282,326
88,282,326
89,282,325
90,281,324
91,281,323
92,281,322
93,281,321
94,280,320
95,280,319
96,280,318
97,279,317
98,279,316
99,278,315
100,278,314
101,278,314
102,277,313
103,277,312
104,276,311
105,276,310
106,275,309
107,275,309
108,274,308
109,274,307
110,273,306
111,273,305
112,272,305
113,272,304
114,271,303
115,271,302
116,270,302
117,270,301
118,269,300
119,269,299
120,268,298
121,268,298
122,267,297
123,266,296
124,266,295
125,265,295
126,265,294
127,264,293
128,264,292
129,263,292
130,263,291
131,262,290
132,262,289
133,261,289
134,260,288
135,260,287
136,259,286
137,259,286
138,258,285
139,258,284
140,257,283
141,256,283
142,256,282
143,255,281
144,255,281
145,254,280
146,253,279
147,253,278
148,252,278
149,252,277
150,251,276
151,250,275
152,250,275
153,249,274
154,249,273
155,248,272
156,248,272
157,247,271
158,246,270
159,246,270
160,245,269
161,244,268
162,244,267
163,243,267
164,243,266
165,242,265
166,241,265
167,241,264
168,240,263
169,239,262
170,239,262
171,238,261
172,237,260
173,237,260
174,236,259
175,235,258
176,235,258
177,234,257
178,234,256
179,233,255
180,232,255
181,231,254
182,231,253
183,230,253
184,229,252
185,229,251
186,228,251
187,227,250
188,227,249
189,225,249
190,225,248
191,224,248
192,222,247
193,221,246
194,220,246
195,219,245
196,218,245
197,217,245
198,216,245
199,214,245
200,213,246
200,213,246
200,253,255
201,212,249
201,249,255
201,212,255
202,210,255
203,209,255
204,208,255
205,207,255
206,206,254
207,205,254
208,204,254
209,203,254
210,202,254
211,201,254
212,200,254
213,200,254
214,199,254
215,199,254
216,198,254
217,198,254
218,197,254
219,197,254
220,197,253
221,197,253
222,197,253
223,197,253
224,197,253
225,197,252
226,197,250
227,197,248
228,198,246
229,198,244
230,198,242
231,198,240
232,199,238
233,199,236
234,199,234
235,200,232
236,200,231
237,200,229
238,201,227
239,201,226
240,202,224
241,202,223
242,203,221
243,203,220
244,204,218
245,205,216
246,206,214
247,208,211
1,134
253,221,225
254,208,224
255,200,223
256,200,223
257,200,223
258,199,222
259,199,222
260,199,221
261,198,221
262,198,221
263,198,220
264,198,220
265,197,219
266,197,219
267,197,219
268,197,218
269,196,218
270,196,217
271,196,217
272,196,217
273,195,216
274,195,216
275,195,216
276,195,215
277,195,215
278,194,214
279,194,214
280,194,214
281,194,213
282,194,213
283,193,213
284,193,212
285,193,212
286,193,212
287,193,211
288,192,211
289,192,211
290,192,210
291,192,210
292,192,210
293,191,209
294,191,209
295,191,209
296,191,208
297,191,208
298,191,208
299,190,208
300,190,207
301,190,207
302,190,206
303,190,206
304,189,206
305,189,206
306,189,205
307,189,205
308,189,205
309,189,204
310,188,204
311,188,204
312,188,204
313,188,203
314,188,203
315,188,203
316,187,203
317,187,202
318,187,202
319,187,202
320,187,202
321,187,201
322,186,201
323,186,201
324,186,200
325,186,200
326,186,200
327,185,200
328,185,200
329,185,199
330,185,199
331,185,199
332,185,198
333,184,198
334,184,198
335,184,198
336,184,198
337,184,197
338,184,197
339,184,197
340,183,197
341,183,196
342,183,196
343,183,196
344,183,196
345,183,196
346,183,195
347,182,195
348,182,195
349,182,195
350,182,195
351,182,195
352,182,194
353,182,194
354,181,194
355,181,194
356,181,194
357,181,194
358,181,194
359,181,193
360,181,193
361,181,193
362,181,193
363,181,193
364,181,193
365,180,192
366,180,192
367,180,192
368,180,192
369,180,192
370,180,191
371,180,191
372,180,191
373,180,190
374,180,190
375,180,190
376,179,189
377,179,189
378,179,189
379,179,188
380,179,188
381,179,187
382,179,187
383,179,186
384,180,185
385,180,184
386,181,182
0,0
0,89
144,344,349
145,343,351
146,342,354
147,342,355
148,342,357
149,341,359
150,341,360
151,342,362
152,342,364
153,342,365
154,342,367
155,343,368
156,343,370
157,344,371
158,344,373
159,345,374
160,346,376
161,346,377
162,347,379
163,348,380
164,348,382
165,349,383
166,350,384
167,351,386
168,352,387
169,352,388
170,353,390
171,354,391
172,355,392
173,356,393
174,356,395
175,357,396
176,358,397
177,359,399
178,360,400
179,360,401
180,361,402
181,362,403
182,363,404
183,364,405
184,364,406
185,365,407
186,366,408
187,367,409
188,368,409
189,368,410
190,369,411
191,370,412
192,371,412
193,371,413
194,372,413
195,373,414
196,374,414
197,375,415
198,375,415
199,376,416
200,377,416
201,378,416
202,378,417
203,379,417
204,380,417
205,381,417
206,381,417
207,382,417
208,383,417
209,384,417
210,384,417
211,385,418
212,386,418
213,387,418
214,387,418
215,388,418
216,389,418
217,390,418
218,390,417
219,391,417
220,392,417
221,393,417
222,393,417
223,394,417
224,395,416
225,395,416
226,396,416
227,397,415
228,398,415
229,399,414
230,400,413
231,402,412
232,404,410
0,0
0,187
241,248,255
242,246,258
243,246,261
244,245,264
245,244,266
246,244,268
247,244,270
248,244,272
249,244,274
250,245,275
251,245,276
252,245,278
253,245,279
254,245,280
255,245,281
256,245,282
257,245,283
258,246,283
259,246,283
260,246,283
261,246,283
262,246,283
263,246,283
264,246,282
265,246,282
266,246,281
267,246,280
268,246,280
269,246,279
270,246,279
271,246,279
272,246,278
273,246,278
274,246,277
275,246,277
276,246,277
277,245,276
278,245,276
279,245,275
280,245,275
281,245,274
282,245,274
283,245,274
284,244,273
285,244,273
286,244,273
287,244,272
288,244,272
289,243,271
290,243,271
291,243,271
292,243,270
293,242,270
294,242,270
295,242,269
296,241,269
297,241,268
298,241,268
299,240,268
300,240,268
301,240,267
302,239,267
303,239,266
304,239,266
305,238,266
306,238,265
307,238,265
308,237,265
309,237,264
310,237,264
311,236,264
312,236,263
313,236,263
314,235,262
315,235,262
316,234,262
317,234,261
318,233,261
319,233,260
320,233,260
321,232,259
322,232,259
323,231,259
324,231,258
325,230,258
326,230,257
327,229,257
328,229,256
329,228,256
330,228,255
331,228,255
332,227,254
333,226,254
334,226,253
335,225,253
336,225,252
337,224,252
338,224,251
339,223,251
340,223,250
341,222,250
342,221,249
343,221,249
344,220,248
345,220,247
346,219,247
347,218,246
348,218,246
349,217,245
350,217,245
351,216,244
352,215,243
353,215,243
354,214,242
355,213,241
356,213,241
357,212,240
358,211,239
359,211,239
360,210,238
361,209,237
362,208,237
363,208,236
364,207,235
365,206,234
366,205,234
367,205,233
368,204,232
369,203,231
370,202,231
371,202,230
372,201,229
373,200,228
374,199,227
375,198,226
376,197,226
377,197,225
378,196,224
379,195,223
380,194,222
381,193,221
382,192,220
383,191,219
384,190,218
385,189,217
386,188,216
387,187,215
388,186,214
389,186,213
390,185,212
391,184,211
392,183,210
393,182,209
394,181,207
395,180,206
396,179,205
397,178,204
398,177,203
399,176,201
400,175,200
401,173,199
402,172,198
403,171,196
404,170,195
405,169,193
406,168,192
407,167,191
408,166,189
409,165,188
410,164,186
411,163,185
412,162,183
413,161,182
414,160,180
415,159,178
416,158,177
417,157,175
418,156,174
419,155,172
420,153,170
421,152,168
422,151,166
423,151,164
424,150,162
425,150,160
426,151,157
427,154,154
0,0
0,186
218,316,316
219,312,321
220,311,324
221,311,326
222,310,328
223,310,329
224,310,331
225,310,332
226,310,334
227,310,335
228,310,336
229,310,337
230,311,339
231,311,340
232,311,341
233,312,342
234,312,343
235,313,344
236,313,345
237,313,346
238,314,346
239,314,347
240,314,348
241,315,348
242,315,349
243,315,349
244,315,350
245,316,350
246,316,351
247,316,351
248,316,351
249,316,351
250,316,352
251,317,352
252,317,352
253,317,352
254,317,352
255,317,351
256,317,351
257,317,351
258,317,351
259,317,350
260,317,350
261,317,350
262,317,349
263,317,349
264,317,348
265,317,348
266,317,348
267,317,347
268,317,347
269,316,347
270,316,346
271,316,346
272,316,346
273,316,345
274,316,345
275,316,345
276,316,345
277,316,344
278,316,344
279,316,344
280,315,343
281,315,343
282,315,343
283,315,343
284,315,343
285,315,342
286,315,342
287,315,342
288,315,342
289,315,342
290,315,341
291,315,341
292,315,341
293,315,341
294,314,341
295,314,340
296,314,340
297,314,340
298,314,340
299,314,340
300,314,340
301,314,339
302,314,339
303,314,339
304,314,339
305,314,339
306,314,339
307,314,339
308,314,339
309,313,338
310,313,338
311,313,338
312,313,338
313,313,338
314,313,338
315,313,338
316,313,338
317,313,338
318,313,337
319,313,337
320,313,337
321,313,337
322,313,337
323,313,337
324,313,337
325,313,337
326,313,337
327,313,337
328,313,337
329,313,337
330,312,336
331,312,336
332,312,336
333,312,336
334,312,336
335,312,336
336,312,336
337,312,336
338,312,336
339,312,336
340,312,336
341,312,336
342,312,336
343,312,335
344,312,335
345,312,335
346,312,335
347,312,335
348,312,335
349,312,335
350,312,335
351,312,335
352,312,335
353,312,335
354,312,335
355,312,335
356,312,335
357,312,335
358,312,335
359,312,335
360,312,335
361,312,335
362,312,335
363,312,335
364,312,335
365,312,335
366,312,335
367,312,335
368,312,335
369,312,335
370,312,335
371,312,335
372,312,335
373,312,335
374,312,335
375,312,335
376,312,335
377,312,335
378,312,335
379,312,335
380,312,335
381,312,335
382,312,335
383,312,335
384,312,335
385,312,336
386,312,336
387,312,336
388,312,336
389,312,336
390,312,336
391,312,336
392,312,336
393,312,337
394,313,337
395,313,337
396,313,337
397,313,337
398,313,338
399,313,338
400,313,338
401,314,338
402,314,339
403,314,323
1,238
314,404,404
315,404,408
316,404,410
317,404,412
318,404,414
319,404,416
320,404,417
321,404,419
322,404,420
323,403,421
324,403,422
325,403,423
326,403,424
327,403,424
328,403,425
329,403,426
330,403,427
331,403,427
332,403,428
333,403,428
334,403,429
335,403,429
336,403,429
337,403,430
338,403,430
339,403,431
340,404,431
341,406,431
342,407,432
343,408,432
344,409,432
345,409,433
346,410,433
347,410,433
348,411,433
349,411,434
350,412,434
351,412,434
352,412,434
353,413,434
354,413,435
355,413,435
356,413,435
357,414,435
358,414,435
359,414,436
360,414,436
361,414,436
362,414,436
363,414,436
364,414,436
365,414,436
366,414,437
367,414,420
367,414,437
368,414,420
368,414,437
369,414,420
369,414,437
370,414,420
370,414,437
371,414,420
371,414,437
372,414,420
372,414,437
373,414,420
373,414,437
374,414,420
374,414,437
375,414,420
375,414,437
376,414,420
376,414,438
377,414,420
377,414,438
378,414,420
378,414,438
379,414,420
379,414,438
380,414,420
380,414,438
381,414,420
381,414,438
382,414,420
382,414,438
383,414,420
383,414,438
384,414,420
384,414,438
385,414,420
385,414,438
386,414,420
386,414,438
387,414,420
387,414,438
388,414,420
388,414,438
389,414,420
389,414,438
390,414,420
390,413,438
391,414,420
391,413,438
392,414,420
392,413,438
393,414,420
393,413,438
394,414,420
394,413,438
395,414,420
395,413,438
396,414,420
396,413,438
397,414,420
397,413,438
398,414,420
398,413,438
399,414,420
399,413,439
400,414,420
400,412,439
401,414,420
401,412,439
402,414,420
402,412,439
403,414,420
403,412,439
404,414,420
404,412,439
405,414,420
405,412,439
406,414,420
406,411,439
407,414,420
407,411,438
408,414,420
408,411,438
409,414,420
409,411,438
410,414,420
410,410,438
411,414,420
411,410,438
412,414,420
412,410,438
413,414,420
413,410,438
414,414,420
414,409,438
415,414,420
415,409,438
416,414,420
416,409,438
417,414,420
417,408,438
418,414,420
418,408,438
419,414,420
419,408,438
420,414,420
420,407,438
421,414,420
421,407,438
422,414,420
422,406,438
423,414,420
423,406,438
424,414,420
424,406,438
425,414,420
425,405,438
426,414,420
426,404,438
427,414,420
427,404,438
428,414,420
428,403,438
429,414,420
429,403,438
430,414,420
430,402,438
431,414,420
431,401,438
432,414,420
432,400,437
433,414,420
433,400,437
434,414,420
434,400,437
435,414,420
435,400,437
436,414,420
436,401,437
437,414,420
437,401,437
438,414,420
438,401,437
439,414,420
439,401,437
440,414,420
440,401,437
441,414,420
441,402,437
442,402,436
443,402,436
444,402,436
445,402,436
446,403,436
447,403,436
448,403,436
449,403,435
450,403,435
451,404,435
452,404,435
453,404,435
454,404,434
455,404,434
456,404,434
457,405,434
458,405,433
459,405,433
460,405,433
461,405,432
462,406,432
463,406,432
464,406,431
465,406,431
466,406,430
467,407,430
468,407,429
469,407,428
470,407,428
471,407,427
472,408,426
473,408,425
474,408,423
475,410,421
476,415,417
0,73
408,474,474
407,471,473
406,465,473
405,460,473
404,455,472
403,450,472
402,445,472
401,440,471
400,435,471
399,433,471
398,433,470
397,434,470
396,434,470
395,435,469
394,435,469
393,436,469
392,436,468
391,437,468
390,437,468
389,437,467
388,438,467
387,438,467
386,438,467
385,439,466
384,439,466
383,439,466
382,440,466
381,440,465
380,440,465
379,440,465
378,441,465
377,441,464
376,441,464
375,441,464
374,442,464
373,442,464
372,442,463
371,442,463
370,443,463
369,443,463
368,443,463
367,443,462
366,444,462
365,444,462
364,444,462
363,444,462
362,445,461
361,445,461
360,445,461
359,445,461
358,445,461
357,446,461
356,446,460
355,446,460
354,446,460
353,446,460
352,447,460
351,447,460
350,447,459
349,447,459
348,447,459
347,448,459
346,448,459
345,448,459
344,448,458
343,448,458
342,449,458
341,449,457
340,449,457
339,449,456
338,450,455
337,451,454
336,453,453
0,0
