1,144
53,139,140
54,138,141
55,137,142
56,137,143
57,136,143
58,136,144
59,136,144
60,135,145
61,135,145
62,135,146
63,134,146
64,134,147
65,134,147
66,134,147
67,134,148
68,134,148
69,133,148
70,133,149
71,133,149
72,133,149
73,133,149
74,133,150
75,132,150
76,132,150
77,132,150
78,132,150
79,132,150
80,132,151
81,131,151
82,131,151
83,131,151
84,131,151
85,131,151
86,130,151
87,130,152
88,130,151
89,130,151
90,130,151
91,129,151
92,129,151
93,129,151
94,129,151
95,128,151
96,128,150
97,128,150
98,128,150
99,127,150
100,127,150
101,127,150
102,127,149
103,126,149
104,126,149
105,126,149
106,126,148
107,125,148
108,125,148
109,125,147
110,125,147
111,124,147
112,124,147
113,124,146
114,123,146
115,123,146
116,123,146
117,122,145
118,122,145
119,122,145
120,121,145
121,121,144
122,121,144
123,121,144
124,120,143
125,120,143
126,120,143
127,119,143
128,119,142
129,119,142
130,118,142
131,118,142
132,117,141
133,117,141
134,117,141
135,116,141
136,116,140
137,116,140
138,115,140
139,115,140
140,115,139
141,114,139
142,114,139
143,113,138
144,113,138
145,113,138
146,112,138
147,112,137
148,111,137
149,111,137
150,110,137
151,110,136
152,110,136
153,109,136
154,109,136
155,109,135
156,109,135
157,108,135
158,108,134
159,108,134
160,108,134
161,108,134
162,107,133
163,107,133
164,107,133
165,107,133
166,107,132
167,107,132
168,107,132
169,106,132
170,107,131
171,107,131
172,107,131
173,107,130
174,107,130
175,107,130
176,108,130
177,108,129
178,108,129
179,108,129
180,108,128
181,108,128
182,109,128
183,109,127
184,109,127
185,109,127
186,110,127
187,110,126
188,110,126
189,111,126
190,111,125
191,111,125
192,112,124
193,113,124
194,114,123
195,115,122
196,116,121
0,0
1,127
59,243,245
60,242,246
61,241,246
62,241,247
63,240,248
64,240,248
65,240,248
66,239,249
67,239,249
68,239,250
69,238,250
70,238,250
71,238,251
72,238,251
73,238,251
74,237,251
75,237,252
76,237,252
77,237,252
78,237,252
79,236,253
80,236,253
81,236,253
82,236,253
83,236,253
84,235,253
85,235,253
86,235,253
87,235,253
88,234,253
89,234,253
90,234,253
91,234,254
92,233,253
93,233,253
94,233,253
95,233,253
96,232,253
97,232,253
98,232,253
99,231,253
100,231,253
101,231,252
102,231,252
103,230,252
104,230,252
105,230,251
106,229,251
107,229,251
108,229,251
109,228,250
110,228,250
111,228,249
112,227,249
113,227,249
114,227,249
115,226,248
116,226,248
117,225,248
118,225,247
119,225,247
120,224,247
121,224,246
122,224,246
123,223,246
124,223,245
125,222,245
126,222,245
127,222,245
128,221,244
129,221,244
130,220,244
131,220,243
132,220,243
133,219,243
134,219,242
135,218,242
136,218,242
137,217,241
138,217,241
139,216,241
140,216,241
141,215,240
142,215,240
143,215,240
144,214,239
145,214,239
146,214,239
147,213,238
148,213,238
149,213,238
150,213,238
151,212,237
152,212,237
153,212,237
154,212,236
155,212,236
156,212,236
157,212,235
158,212,235
159,211,235
160,212,234
161,212,234
162,212,234
163,212,233
164,212,233
165,212,233
166,212,232
167,212,232
168,212,232
169,212,231
170,212,231
171,213,231
172,213,230
173,213,230
174,213,230
175,214,229
176,214,229
177,214,229
178,214,228
179,215,228
180,215,227
181,216,227
182,217,226
183,217,226
184,219,225
185,221,222
0,0
0,207
138,111,111
139,107,117
140,106,120
141,105,122
142,104,124
143,104,126
144,104,127
145,104,129
146,104,130
147,105,131
148,105,133
149,106,134
150,106,135
151,107,136
152,107,137
153,107,138
154,108,139
155,108,139
156,109,140
157,109,141
158,110,141
159,110,142
160,111,142
161,111,142
162,111,142
163,112,143
164,112,143
165,112,143
166,112,142
167,113,142
168,113,142
169,113,142
170,113,141
171,113,141
172,113,141
173,114,141
174,114,141
175,114,141
176,114,141
177,114,141
178,114,141
179,114,141
180,114,141
181,114,141
182,114,141
183,114,141
184,114,141
185,114,141
186,114,141
187,114,141
188,114,140
189,114,140
190,114,140
191,114,140
192,114,140
193,114,140
194,114,140
195,114,140
196,114,140
197,114,140
198,114,140
199,114,140
200,114,140
201,114,140
202,114,140
203,114,140
204,114,140
205,114,140
206,114,140
207,114,140
208,114,140
209,114,140
210,114,140
211,114,140
212,114,140
213,114,140
214,114,139
215,114,139
216,114,139
217,114,139
218,114,139
219,114,139
220,114,139
221,114,139
222,114,139
223,114,139
224,114,139
225,114,139
226,114,139
227,114,139
228,114,139
229,114,139
230,114,139
231,114,139
232,114,139
233,114,139
234,114,139
235,114,139
236,114,139
237,114,139
238,114,138
239,114,138
240,114,138
241,114,138
242,114,138
243,114,138
244,114,138
245,114,138
246,114,138
247,114,138
248,114,138
249,114,138
250,114,138
251,114,138
252,114,138
253,114,138
254,114,138
255,114,138
256,114,138
257,114,138
258,114,138
259,114,138
260,114,138
261,114,138
262,114,138
263,114,138
264,114,138
265,114,137
266,114,137
267,114,137
268,114,137
269,114,137
270,114,137
271,114,137
272,114,137
273,114,137
274,114,137
275,114,137
276,114,137
277,114,137
278,114,137
279,114,137
280,114,137
281,114,137
282,114,137
283,114,137
284,114,137
285,114,137
286,113,137
287,113,137
288,113,137
289,113,137
290,113,136
291,113,136
292,113,136
293,113,136
294,113,136
295,113,136
296,113,136
297,113,136
298,113,136
299,113,136
300,113,136
301,113,136
302,113,136
303,113,136
304,113,136
305,113,136
306,113,136
307,113,136
308,113,136
309,113,136
310,113,136
311,113,136
312,113,136
313,113,136
314,113,136
315,113,136
316,113,136
317,113,136
318,113,135
319,113,135
320,113,135
321,113,135
322,113,135
323,113,135
324,113,135
325,113,135
326,113,135
327,113,135
328,113,135
329,113,135
330,113,135
331,113,135
332,113,135
333,113,135
334,113,135
335,113,135
336,113,135
337,113,135
338,113,135
339,113,135
340,113,135
341,113,135
342,113,135
343,118,135
344,135,135
0,0
1,159
31,362,364
32,359,367
33,358,369
34,357,370
35,356,371
36,356,371
37,356,372
38,356,373
39,356,374
40,355,374
41,355,375
42,355,375
43,355,376
44,355,377
45,355,377
46,355,378
47,354,378
48,354,379
49,354,379
50,354,380
51,354,380
52,354,381
53,353,381
54,353,382
55,353,382
56,353,383
57,352,383
58,352,383
59,352,384
60,352,384
61,351,385
62,351,385
63,351,385
64,350,385
65,350,386
66,350,386
67,350,386
68,349,386
69,349,387
70,349,386
71,348,386
72,348,386
73,348,386
74,347,385
75,347,385
76,347,384
77,347,384
78,346,383
79,346,382
80,345,381
81,345,380
82,345,379
83,345,379
84,344,378
85,344,377
86,344,376
87,343,375
88,343,375
89,343,374
90,342,373
91,342,372
92,342,372
93,341,371
94,341,370
95,340,370
96,340,369
97,340,368
98,339,368
99,339,367
100,339,366
101,338,366
102,338,365
103,338,364
104,337,364
105,337,363
106,336,363
107,336,362
108,336,362
109,335,361
110,335,360
111,335,360
112,334,359
113,334,359
114,334,358
115,333,358
116,333,357
117,333,357
118,332,356
119,332,355
120,331,355
121,331,354
122,331,354
123,330,353
124,330,353
125,330,352
126,329,352
127,329,351
128,328,351
129,328,350
130,328,350
131,327,349
132,327,348
133,327,348
134,326,347
135,326,347
136,325,346
137,325,346
138,325,345
139,324,345
140,324,344
141,324,344
142,323,343
143,323,342
144,322,342
145,322,341
146,322,341
147,321,340
148,321,340
149,321,339
150,320,339
151,320,338
152,319,337
153,319,337
154,319,336
155,318,336
156,318,335
157,317,335
158,317,334
159,317,334
160,316,333
161,316,332
162,316,332
163,315,331
164,315,331
165,314,330
166,314,330
167,314,329
168,313,328
169,313,328
170,312,327
171,312,327
172,312,326
173,311,325
174,311,325
175,310,324
176,310,323
177,310,323
178,309,322
179,309,321
180,308,321
181,308,320
182,308,319
183,308,318
184,307,318
185,308,317
186,308,316
187,308,315
188,308,314
189,309,313
0,0
0,138
135,241,244
136,236,251
137,235,255
138,234,257
139,234,260
140,234,262
141,234,264
142,234,265
143,234,267
144,235,268
145,235,269
146,235,270
147,235,271
148,235,272
149,235,273
150,235,274
151,235,274
152,235,275
153,235,275
154,235,275
155,235,275
156,235,275
157,235,275
158,235,274
159,234,274
160,234,273
161,234,272
162,234,271
163,234,271
164,234,270
165,233,269
166,233,269
167,233,268
168,233,268
169,233,267
170,232,267
171,232,266
172,232,265
173,231,265
174,231,264
175,231,264
176,231,263
177,230,263
178,230,262
179,230,261
180,229,261
181,229,260
182,229,260
183,228,259
184,228,259
185,228,258
186,227,257
187,227,257
188,226,256
189,226,256
190,225,255
191,225,255
192,225,254
193,224,253
194,224,253
195,223,252
196,223,251
197,222,251
198,222,250
199,221,250
200,221,249
201,220,248
202,220,248
203,219,247
204,219,246
205,218,246
206,218,245
207,217,244
208,217,244
209,216,243
210,216,242
211,215,242
212,214,241
213,214,240
214,213,239
215,213,239
216,212,238
217,211,237
218,211,236
219,210,236
220,210,235
221,209,234
222,208,233
223,208,233
224,207,232
225,206,231
226,206,230
227,205,230
228,204,229
229,203,228
230,203,227
231,202,226
232,201,225
233,200,225
234,200,224
235,199,223
236,198,222
237,197,221
238,197,220
239,196,219
240,195,218
241,194,217
242,194,216
243,193,215
244,192,214
245,191,213
246,190,212
247,189,211
248,189,210
249,188,209
250,187,207
251,186,206
252,185,205
253,184,204
254,184,202
255,183,201
256,182,200
257,181,198
258,180,197
259,180,196
260,179,194
261,178,193
262,177,191
263,176,190
264,175,188
265,175,187
266,174,185
267,173,183
268,172,182
269,171,180
270,171,178
271,172,175
272,173,173
0,0
1,215
272,65,69
273,65,70
274,64,70
275,64,71
276,64,72
277,64,72
278,63,73
279,63,74
280,63,74
281,63,75
282,63,76
283,63,77
284,63,77
285,63,78
286,63,79
287,64,80
288,64,81
289,64,82
290,64,83
291,64,83
292,64,84
293,64,85
294,65,86
295,65,88
296,65,89
297,65,90
298,66,91
299,66,92
300,67,94
301,67,95
302,68,96
303,69,98
304,69,99
305,70,101
306,71,103
307,72,105
308,73,107
309,74,109
310,75,110
311,76,112
312,77,114
313,79,116
314,80,118
315,82,120
316,83,122
317,85,124
318,86,126
319,88,127
320,90,129
321,91,131
322,93,133
323,95,135
324,96,137
325,98,139
326,99,141
327,101,142
328,102,144
329,104,146
330,105,148
331,107,150
332,108,152
333,110,153
334,112,155
335,113,157
336,115,159
337,116,160
338,118,162
339,119,164
340,121,166
341,122,167
342,124,169
343,125,171
344,127,172
345,128,174
346,130,176
347,131,177
348,132,179
349,134,180
350,135,182
351,136,183
352,138,185
353,139,186
354,141,188
355,142,189
356,143,191
357,145,192
358,146,193
359,147,195
360,149,196
361,150,198
362,151,199
363,152,200
364,154,201
365,155,203
366,156,204
367,157,205
368,159,206
369,160,207
370,161,209
371,162,210
372,163,211
373,165,212
374,166,213
375,167,214
376,168,215
377,169,216
378,170,217
379,171,218
380,172,219
381,173,220
382,174,221
383,175,222
384,176,223
385,177,224
386,178,225
387,179,225
388,180,226
389,180,227
390,181,228
391,182,228
392,183,229
393,184,229
394,185,230
395,186,230
396,186,231
397,187,232
398,188,232
399,189,232
400,189,233
401,190,233
402,191,233
403,192,234
404,192,234
405,193,234
406,194,234
407,194,235
408,195,235
409,195,235
410,196,235
411,197,235
412,197,235
413,198,235
414,198,235
415,199,235
416,199,235
417,200,235
418,201,235
419,201,235
420,202,235
421,202,235
422,202,236
423,203,235
424,203,235
425,204,235
426,204,235
427,205,235
428,205,235
429,205,235
430,206,235
431,206,235
432,207,235
433,207,235
434,207,235
435,208,235
436,208,235
437,209,235
438,209,235
439,209,235
440,210,235
441,210,235
442,210,235
443,211,235
444,211,235
445,212,234
446,212,234
447,212,234
448,213,234
449,213,234
450,213,234
451,214,234
452,214,234
453,215,234
454,215,234
455,215,234
456,216,234
457,216,234
458,216,234
459,217,234
460,217,234
461,218,234
462,218,234
463,218,234
464,219,234
465,219,234
466,220,234
467,220,234
468,220,234
469,221,233
470,221,233
471,221,233
472,222,233
473,222,233
474,222,233
475,223,233
476,223,233
477,223,233
478,224,233
479,224,232
480,225,232
481,225,232
482,225,232
483,226,232
484,226,232
485,227,231
486,228,231
0,0
1,141
208,273,277
209,273,279
210,272,280
211,272,281
212,272,282
213,271,283
214,271,283
215,271,284
216,271,285
217,271,285
218,271,286
219,271,287
220,271,287
221,271,288
222,271,288
223,271,288
224,271,289
225,271,289
226,271,289
227,271,289
228,271,290
229,271,290
230,271,290
231,271,290
232,271,290
233,271,290
234,271,290
235,271,289
236,270,289
237,270,289
238,270,289
239,270,288
240,270,288
241,270,288
242,270,287
243,270,287
244,269,287
245,269,287
246,269,286
247,269,286
248,269,286
249,269,286
250,268,285
251,268,285
252,268,285
253,268,284
254,268,284
255,268,284
256,267,284
257,267,283
258,267,283
259,267,283
260,267,283
261,267,282
262,266,282
263,266,282
264,266,282
265,266,281
266,266,281
267,266,281
268,265,281
269,265,280
270,265,280
271,265,280
272,265,280
273,264,279
274,264,279
275,264,279
276,264,279
277,264,279
278,263,278
279,263,278
280,263,278
281,263,278
282,262,277
283,262,277
284,262,277
285,262,277
286,262,277
287,261,276
288,261,276
289,261,276
290,261,276
291,260,275
292,260,275
293,260,275
294,260,275
295,259,275
296,259,274
297,259,274
298,259,274
299,258,274
300,258,274
301,258,273
302,258,273
303,257,273
304,257,273
305,257,273
306,257,273
307,256,272
308,256,272
309,256,272
310,255,272
311,255,272
312,255,272
313,255,272
314,254,271
315,254,271
316,254,271
317,253,271
318,253,271
319,253,271
320,252,271
321,252,271
322,252,270
323,251,270
324,251,270
325,251,270
326,250,270
327,250,270
328,250,270
329,249,270
330,249,270
331,249,270
332,248,270
333,248,270
334,248,270
335,247,270
336,247,270
337,246,270
338,246,270
339,246,270
340,245,270
341,245,270
342,244,270
343,244,270
344,244,270
345,243,271
346,254,271
347,269,272
347,271,272
0,213
240,358,358
241,350,364
242,347,367
243,345,370
244,345,372
245,345,374
246,345,376
247,345,378
248,345,380
249,345,382
250,345,383
251,345,385
252,345,386
253,345,387
254,345,389
255,345,390
256,346,391
257,346,392
258,346,393
259,346,393
260,346,394
261,346,394
262,346,394
263,346,394
264,346,394
265,346,394
266,346,394
267,346,394
268,346,393
269,346,393
270,346,393
271,347,392
272,347,391
273,347,391
274,347,390
275,348,389
276,348,389
277,348,388
278,348,388
279,348,387
280,348,387
281,348,386
282,348,386
283,349,386
284,349,385
285,349,385
286,349,385
287,349,384
288,349,384
289,349,384
290,349,383
291,349,383
292,349,383
293,349,383
294,349,383
295,349,382
296,349,382
297,349,382
298,349,382
299,349,381
300,349,381
301,349,381
302,349,381
303,349,381
304,349,381
305,349,380
306,349,380
307,349,380
308,349,380
309,349,380
310,349,380
311,349,379
312,349,379
313,349,379
314,349,379
315,349,379
316,349,379
317,349,379
318,349,379
319,348,378
320,348,378
321,348,378
322,348,378
323,348,378
324,348,378
325,348,378
326,348,378
327,348,378
328,348,377
329,348,377
330,348,377
331,348,377
332,348,377
333,348,377
334,347,377
335,347,377
336,347,377
337,347,377
338,347,376
339,347,376
340,347,376
341,347,376
342,347,376
343,347,376
344,347,376
345,346,376
346,346,376
347,346,376
348,346,375
349,346,375
350,346,375
351,346,375
352,345,375
353,345,375
354,345,375
355,345,374
356,345,374
357,345,374
358,344,374
359,344,374
360,344,374
361,344,374
362,343,373
363,343,373
364,343,373
365,343,373
366,343,373
367,342,372
368,342,372
369,342,372
370,342,372
371,341,372
372,341,372
373,341,371
374,341,371
375,340,371
376,340,371
377,340,371
378,339,370
379,339,370
380,339,370
381,338,370
382,338,370
383,338,369
384,337,369
385,337,369
386,337,369
387,336,368
388,336,368
389,336,368
390,335,367
391,335,367
392,334,367
393,334,367
394,333,366
395,333,366
396,332,366
397,332,365
398,331,365
399,331,365
400,330,365
401,329,364
402,329,364
403,329,364
404,329,363
405,329,363
406,329,363
407,329,362
408,329,362
409,329,361
410,329,361
411,329,361
412,329,360
413,328,360
414,328,359
415,328,359
416,328,359
417,328,358
418,328,358
419,328,357
420,328,357
421,328,356
422,328,356
423,328,355
424,328,355
425,328,354
426,328,354
427,328,353
428,328,353
429,328,352
430,328,352
431,328,351
432,328,350
433,328,350
434,328,349
435,328,349
436,328,348
437,327,347
438,327,346
439,327,346
440,327,345
441,327,344
442,327,343
443,327,342
444,327,341
445,327,340
446,327,338
447,327,337
448,327,336
449,327,334
450,327,333
451,327,331
452,327,328
1,57
329,401,413
328,402,436
327,403,452
326,404,452
325,404,452
324,405,453
323,405,452
322,405,452
321,405,452
320,405,452
319,405,452
318,405,451
317,405,451
316,405,450
315,405,449
314,405,449
313,405,448
312,405,447
311,404,446
310,404,444
309,404,443
308,403,441
307,403,440
306,403,438
305,402,437
304,402,435
303,402,433
302,402,432
301,401,431
300,401,429
299,401,428
298,400,427
297,400,426
296,400,424
295,399,423
294,399,422
293,399,420
292,399,419
291,398,418
290,398,417
289,398,416
288,397,415
287,397,414
286,397,412
285,396,411
284,396,410
283,396,409
282,395,408
281,395,407
280,395,406
279,395,405
278,394,404
277,394,403
276,394,402
275,393,400
274,394,399
273,395,397
0,0
0,159
279,260,260
280,255,264
281,254,267
282,253,269
283,252,272
284,252,274
285,252,275
286,252,277
287,252,279
288,252,281
289,252,282
290,253,284
291,253,285
292,253,286
293,253,287
294,253,288
295,253,289
296,253,290
297,253,290
298,253,290
299,253,291
300,253,291
301,253,290
302,253,290
303,253,290
304,253,289
305,253,288
306,253,288
307,253,287
308,253,287
309,253,286
310,253,286
311,253,285
312,252,285
313,252,284
314,252,284
315,252,283
316,252,283
317,252,283
318,251,282
319,251,282
320,251,281
321,251,281
322,250,280
323,250,280
324,250,279
325,250,279
326,249,279
327,249,278
328,249,278
329,248,277
330,248,277
331,248,276
332,247,276
333,247,276
334,247,275
335,246,275
336,246,275
337,245,274
338,245,274
339,245,273
340,244,273
341,244,272
342,244,272
343,243,272
344,243,271
345,242,271
346,242,270
347,241,270
348,241,269
349,240,269
350,240,268
351,239,268
352,239,267
353,238,267
354,238,266
355,237,266
356,237,265
357,236,265
358,236,264
359,235,264
360,235,263
361,234,263
362,233,262
363,233,261
364,232,261
365,232,260
366,231,260
367,230,259
368,230,258
369,229,258
370,229,257
371,228,257
372,227,256
373,227,255
374,226,255
375,225,254
376,224,253
377,224,253
378,223,252
379,222,251
380,222,251
381,221,250
382,220,249
383,219,248
384,219,248
385,218,247
386,217,246
387,216,245
388,216,244
389,215,244
390,214,243
391,213,242
392,212,241
393,211,240
394,210,239
395,210,238
396,209,237
397,208,236
398,207,235
399,206,234
400,205,233
401,204,232
402,203,231
403,202,230
404,201,229
405,200,228
406,199,227
407,198,225
408,197,224
409,196,223
410,195,222
411,194,220
412,193,219
413,192,218
414,191,217
415,189,215
416,188,214
417,187,212
418,186,211
419,185,209
420,184,208
421,183,206
422,182,205
423,181,203
424,180,202
425,179,200
426,178,198
427,176,196
428,175,194
429,174,193
430,173,191
431,172,188
432,171,186
433,170,184
434,170,182
435,170,180
436,171,177
437,173,173
0,0
