1,130
63,117,119
64,116,120
65,116,121
66,115,121
67,115,122
68,114,123
69,114,123
70,114,123
71,113,124
72,113,124
73,113,125
74,113,125
75,113,126
76,112,126
77,112,126
78,112,127
79,112,127
80,112,127
81,112,127
82,112,128
83,112,128
84,111,128
85,111,128
86,111,129
87,111,129
88,111,129
89,111,129
90,110,129
91,110,130
92,110,130
93,110,130
94,110,130
95,109,130
96,109,130
97,109,130
98,109,130
99,109,130
100,108,130
101,108,130
102,108,130
103,108,130
104,108,130
105,107,130
106,107,129
107,107,129
108,107,129
109,106,129
110,106,129
111,106,129
112,106,128
113,105,128
114,105,128
115,105,128
116,104,127
117,104,127
118,104,127
119,104,126
120,103,126
121,103,126
122,103,126
123,102,125
124,102,125
125,102,125
126,101,125
127,101,124
128,101,124
129,101,124
130,100,124
131,100,123
132,100,123
133,99,123
134,99,123
135,99,122
136,98,122
137,98,122
138,98,122
139,97,121
140,97,121
141,96,121
142,96,121
143,96,120
144,95,120
145,95,120
146,94,120
147,94,120
148,94,119
149,93,119
150,93,119
151,93,119
152,93,118
153,92,118
154,92,118
155,92,118
156,92,117
157,92,117
158,91,117
159,91,117
160,91,116
161,91,116
162,91,116
163,91,116
164,91,115
165,90,115
166,91,115
167,91,115
168,91,114
169,91,114
170,91,114
171,91,114
172,92,113
173,92,113
174,92,113
175,92,113
176,92,112
177,93,112
178,93,112
179,93,111
180,93,111
181,94,111
182,94,111
183,94,110
184,95,110
185,95,110
186,95,109
187,96,109
188,96,109
189,97,108
190,98,108
191,99,107
192,101,105
0,0
1,134
59,222,223
60,221,224
61,220,225
62,220,225
63,219,226
64,219,227
65,218,227
66,218,227
67,218,228
68,218,228
69,217,229
70,217,229
71,217,229
72,217,230
73,217,230
74,216,230
75,216,231
76,216,231
77,216,231
78,216,231
79,216,232
80,215,232
81,215,232
82,215,232
83,215,232
84,215,233
85,215,233
86,214,233
87,214,233
88,214,233
89,214,233
90,214,233
91,213,233
92,213,233
93,213,233
94,213,233
95,212,233
96,212,233
97,212,233
98,212,233
99,211,232
100,211,232
101,211,232
102,211,232
103,210,232
104,210,231
105,210,231
106,210,231
107,209,231
108,209,230
109,209,230
110,209,230
111,208,230
112,208,229
113,208,229
114,207,229
115,207,228
116,207,228
117,206,228
118,206,228
119,206,227
120,205,227
121,205,227
122,205,227
123,205,226
124,204,226
125,204,226
126,203,225
127,203,225
128,203,225
129,202,225
130,202,224
131,202,224
132,201,224
133,201,224
134,201,223
135,200,223
136,200,223
137,200,222
138,199,222
139,199,222
140,198,222
141,198,221
142,198,221
143,197,221
144,197,221
145,196,220
146,196,220
147,196,220
148,195,219
149,195,219
150,194,219
151,194,219
152,194,218
153,193,218
154,193,218
155,193,218
156,192,217
157,192,217
158,192,217
159,192,216
160,192,216
161,192,216
162,192,216
163,191,215
164,191,215
165,191,215
166,191,215
167,191,214
168,191,214
169,191,214
170,191,213
171,192,213
172,192,213
173,192,213
174,192,212
175,192,212
176,192,212
177,192,211
178,193,211
179,193,211
180,193,210
181,193,210
182,193,210
183,194,209
184,194,209
185,194,209
186,195,208
187,195,208
188,196,208
189,196,207
190,197,207
191,198,206
192,200,204
0,0
0,214
109,116,116
110,112,122
111,111,125
112,110,127
113,109,129
114,109,131
115,109,133
116,109,135
117,109,136
118,110,137
119,110,138
120,111,140
121,111,141
122,111,142
123,112,143
124,112,144
125,113,145
126,113,146
127,114,146
128,114,147
129,115,148
130,115,148
131,116,148
132,116,149
133,117,149
134,117,149
135,117,149
136,117,149
137,118,149
138,118,149
139,118,149
140,118,149
141,119,148
142,119,148
143,119,148
144,119,148
145,119,148
146,119,148
147,119,148
148,120,148
149,120,148
150,120,148
151,120,148
152,120,148
153,120,148
154,120,148
155,120,148
156,120,148
157,120,148
158,120,148
159,120,147
160,120,147
161,120,147
162,120,147
163,120,147
164,120,147
165,120,147
166,120,147
167,120,147
168,120,147
169,120,147
170,120,147
171,120,147
172,120,147
173,120,147
174,120,147
175,120,147
176,120,147
177,120,147
178,120,147
179,120,147
180,120,147
181,120,147
182,120,147
183,120,147
184,120,147
185,120,147
186,120,147
187,120,147
188,120,147
189,120,147
190,120,147
191,120,146
192,120,146
193,120,146
194,120,146
195,120,146
196,120,146
197,120,146
198,120,146
199,120,146
200,120,146
201,120,146
202,120,146
203,120,146
204,120,146
205,120,146
206,120,146
207,120,146
208,120,146
209,120,146
210,120,146
211,120,146
212,120,146
213,120,146
214,120,146
215,120,146
216,120,146
217,120,146
218,120,146
219,120,146
220,120,146
221,120,146
222,120,145
223,120,145
224,120,145
225,120,145
226,120,145
227,120,145
228,120,145
229,120,145
230,120,145
231,120,145
232,120,145
233,120,145
234,120,145
235,120,145
236,120,145
237,120,145
238,120,145
239,120,145
240,120,145
241,120,145
242,120,145
243,120,145
244,120,145
245,120,145
246,120,145
247,120,145
248,120,145
249,120,145
250,120,145
251,120,145
252,120,145
253,120,145
254,120,145
255,120,145
256,120,145
257,120,145
258,120,144
259,120,144
260,120,144
261,120,144
262,120,144
263,120,144
264,120,144
265,120,144
266,120,144
267,120,144
268,120,144
269,120,144
270,120,144
271,120,144
272,120,144
273,120,144
274,120,144
275,120,144
276,120,144
277,120,144
278,120,144
279,120,144
280,120,144
281,120,144
282,120,144
283,120,144
284,120,144
285,120,144
286,120,144
287,120,144
288,120,144
289,120,144
290,120,144
291,120,144
292,120,144
293,120,144
294,120,144
295,120,143
296,120,143
297,120,143
298,120,143
299,120,143
300,120,143
301,120,143
302,120,143
303,120,143
304,120,143
305,120,143
306,120,143
307,120,143
308,120,143
309,120,143
310,120,143
311,120,143
312,120,143
313,120,143
314,120,143
315,120,143
316,120,143
317,120,143
318,120,143
319,120,143
320,120,143
321,120,143
322,137,143
0,0
1,159
39,340,347
40,339,349
41,338,350
42,337,351
43,337,352
44,336,352
45,336,353
46,336,354
47,336,354
48,336,355
49,335,355
50,335,356
51,335,357
52,335,357
53,335,358
54,335,358
55,334,359
56,334,359
57,334,359
58,334,360
59,334,360
60,333,361
61,333,361
62,333,362
63,332,362
64,332,363
65,332,363
66,332,363
67,331,364
68,331,364
69,331,364
70,330,365
71,330,365
72,330,365
73,329,365
74,329,365
75,329,365
76,328,366
77,328,366
78,328,366
79,327,365
80,327,365
81,327,365
82,326,365
83,326,364
84,326,363
85,325,363
86,325,362
87,325,361
88,324,360
89,324,359
90,323,358
91,323,357
92,323,356
93,322,356
94,322,355
95,322,354
96,321,353
97,321,352
98,320,352
99,320,351
100,320,350
101,319,349
102,319,349
103,318,348
104,318,347
105,318,346
106,317,346
107,317,345
108,316,344
109,316,344
110,316,343
111,315,342
112,315,342
113,315,341
114,314,340
115,314,340
116,313,339
117,313,339
118,313,338
119,312,337
120,312,337
121,311,336
122,311,336
123,310,335
124,310,334
125,310,334
126,309,333
127,309,333
128,308,332
129,308,331
130,308,331
131,307,330
132,307,330
133,306,329
134,306,329
135,306,328
136,305,327
137,305,327
138,304,326
139,304,326
140,304,325
141,303,325
142,303,324
143,302,323
144,302,323
145,301,322
146,301,322
147,301,321
148,300,321
149,300,320
150,299,319
151,299,319
152,298,318
153,298,318
154,298,317
155,297,316
156,297,316
157,296,315
158,296,315
159,295,314
160,295,313
161,295,313
162,294,312
163,294,312
164,293,311
165,293,311
166,292,310
167,292,309
168,292,309
169,291,308
170,291,308
171,290,307
172,290,306
173,289,306
174,289,305
175,289,305
176,288,304
177,288,303
178,287,303
179,287,302
180,286,301
181,286,301
182,286,300
183,285,299
184,285,298
185,284,298
186,284,297
187,283,296
188,283,296
189,283,295
190,282,294
191,282,293
192,282,292
193,282,291
194,282,291
195,282,290
196,283,289
197,284,287
0,0
0,53
117,217,217
118,213,219
119,212,222
120,212,224
121,212,227
122,211,229
123,211,231
124,211,233
125,212,235
126,212,237
127,212,239
128,212,241
129,213,243
130,213,244
131,214,245
132,214,247
133,215,248
134,216,249
135,217,250
136,217,251
137,218,252
138,218,253
139,219,254
140,220,255
141,220,255
142,221,256
143,222,257
144,222,257
145,223,257
146,224,258
147,225,258
148,225,258
149,226,258
150,227,259
151,227,259
152,228,259
153,229,259
154,230,259
155,230,259
156,231,259
157,232,259
158,233,259
159,234,258
160,235,258
161,236,258
162,237,257
163,238,257
164,239,256
165,241,256
166,242,255
167,244,254
168,246,252
169,250,250
0,0
0,61
79,384,384
80,381,388
81,379,391
82,379,393
83,378,395
84,378,396
85,378,398
86,378,399
87,378,400
88,377,401
89,377,402
90,377,403
91,377,403
92,377,404
93,376,405
94,376,406
95,376,407
96,375,407
97,375,408
98,374,409
99,374,409
100,373,410
101,372,410
102,372,411
103,371,411
104,370,412
105,369,412
106,368,413
107,367,413
108,367,413
109,366,413
110,365,413
111,364,413
112,363,413
113,362,412
114,362,411
115,361,408
116,360,405
117,359,402
118,358,399
119,357,396
120,356,393
121,355,391
122,354,388
123,353,386
124,352,384
125,351,381
126,350,379
127,349,377
128,349,374
129,348,372
130,347,370
131,346,368
132,345,365
133,344,363
134,343,361
135,343,359
136,343,357
137,343,354
138,344,352
139,346,349
0,0
0,193
48,293,299
49,290,303
50,287,306
51,286,308
52,285,310
53,284,312
54,284,314
55,284,316
56,284,318
57,284,320
58,284,322
59,285,323
60,285,325
61,286,327
62,287,328
63,287,328
64,288,329
65,288,330
66,289,330
67,289,330
68,290,330
69,290,330
70,290,330
71,290,330
72,291,330
73,291,329
74,291,329
75,291,329
76,291,328
77,291,328
78,291,327
79,292,327
80,292,327
81,292,326
82,292,326
83,292,326
84,292,325
85,292,325
86,292,325
87,292,324
88,292,324
89,292,324
90,292,324
91,292,324
92,292,323
93,292,323
94,292,323
95,292,323
96,292,323
97,292,323
98,293,322
99,293,322
100,293,322
101,293,322
102,293,322
103,293,322
104,293,321
105,293,321
106,293,321
107,293,321
108,292,321
109,292,321
110,292,321
111,292,321
112,292,320
113,292,320
114,292,320
115,292,320
116,292,320
117,292,320
118,291,320
119,291,319
120,291,319
121,291,319
122,291,319
123,291,319
124,291,319
125,290,319
126,290,319
127,290,318
128,290,318
129,290,318
130,289,318
131,289,318
132,289,318
133,289,318
134,289,317
135,288,317
136,288,317
137,288,317
138,288,317
139,287,316
140,287,316
141,287,316
142,287,316
143,286,315
144,286,315
145,286,315
146,286,314
147,285,314
148,285,314
149,285,313
150,285,313
151,284,313
152,284,312
153,284,312
154,283,312
155,283,311
156,283,311
157,282,310
158,282,310
159,282,309
160,281,309
161,281,308
162,281,308
163,280,307
164,280,307
165,279,306
166,279,306
167,279,306
168,278,305
169,278,305
170,277,304
171,277,304
172,276,303
173,276,303
174,275,302
175,275,302
176,274,301
177,274,301
178,273,301
179,273,300
180,272,300
181,272,299
182,271,299
183,270,298
184,270,298
185,269,297
186,268,297
187,268,296
188,267,296
189,267,295
190,266,294
191,265,294
192,265,293
193,264,292
194,263,291
195,262,291
196,262,290
197,261,289
198,260,288
199,259,287
200,258,286
201,258,286
202,257,285
203,256,284
204,255,283
205,254,282
206,253,281
207,252,280
208,251,279
209,250,278
210,249,277
211,248,276
212,247,274
213,246,273
214,244,272
215,243,271
216,242,270
217,241,268
218,240,267
219,239,266
220,238,264
221,236,263
222,235,262
223,234,260
224,233,259
225,232,257
226,230,256
227,229,254
228,228,252
229,227,251
230,226,249
231,224,247
232,223,245
233,222,243
234,221,241
235,219,238
236,218,236
237,218,233
238,217,230
239,218,226
240,220,220
0,0
0,74
151,301,301
152,299,304
153,299,308
154,299,311
155,299,315
156,299,318
157,299,321
158,299,325
159,300,328
160,300,331
161,301,334
162,302,337
163,303,340
164,304,343
165,305,346
166,307,349
167,309,352
168,310,354
169,312,357
170,314,360
171,315,362
172,317,365
173,318,367
174,320,369
175,321,371
176,323,374
177,324,376
178,326,378
179,327,379
180,329,381
181,330,383
182,332,384
183,333,386
184,335,387
185,336,388
186,338,389
187,339,390
188,341,391
189,342,392
190,344,393
191,345,393
192,347,394
193,348,395
194,349,395
195,351,396
196,352,396
197,354,397
198,355,397
199,356,398
200,358,399
201,359,399
202,360,400
203,362,400
204,363,400
205,365,401
206,366,401
207,367,401
208,369,402
209,370,402
210,371,402
211,373,403
212,374,403
213,375,403
214,377,403
215,378,403
216,379,403
217,381,402
218,382,402
219,383,402
220,385,401
221,386,400
222,388,399
223,390,397
224,393,394
0,0
0,54
280,213,214
281,211,217
282,210,220
283,210,222
284,210,224
285,209,226
286,209,228
287,209,230
288,209,232
289,210,234
290,210,235
291,210,237
292,211,239
293,211,240
294,212,242
295,212,243
296,213,245
297,214,246
298,214,247
299,215,248
300,216,249
301,216,250
302,217,251
303,218,252
304,218,253
305,219,253
306,220,254
307,220,255
308,221,255
309,222,256
310,223,256
311,223,256
312,224,256
313,225,257
314,225,257
315,226,257
316,227,257
317,227,257
318,228,257
319,229,257
320,230,257
321,230,257
322,231,257
323,232,257
324,233,257
325,234,256
326,235,256
327,236,256
328,237,255
329,238,255
330,240,254
331,241,253
332,244,251
333,247,247
0,0
0,67
255,384,389
256,382,393
257,381,395
258,380,396
259,380,398
260,380,399
261,380,400
262,380,401
263,380,402
264,379,403
265,379,404
266,379,405
267,379,406
268,378,406
269,378,407
270,378,408
271,377,409
272,377,409
273,376,410
274,375,410
275,375,411
276,374,412
277,373,412
278,372,413
279,371,413
280,370,414
281,369,414
282,368,414
283,367,415
284,367,415
285,365,415
286,365,415
287,364,415
288,363,414
289,362,414
290,361,412
291,360,409
292,359,406
293,358,403
294,357,400
295,355,398
296,354,395
297,353,392
298,352,390
299,351,388
300,350,385
301,349,383
302,348,381
303,347,379
304,346,376
305,345,374
306,344,372
307,343,370
308,342,367
309,340,365
310,339,363
311,338,361
312,337,359
313,336,357
314,335,354
315,334,353
316,333,350
317,333,348
318,333,346
319,333,344
320,334,342
321,336,339
0,0
0,211
234,291,291
235,282,295
236,279,300
237,276,304
238,275,307
239,274,310
240,273,312
241,273,313
242,272,315
243,272,316
244,273,317
245,273,318
246,274,318
247,274,319
248,275,319
249,276,319
250,277,319
251,277,319
252,278,319
253,279,318
254,279,318
255,280,317
256,280,317
257,281,316
258,281,316
259,281,316
260,282,315
261,282,315
262,283,315
263,283,315
264,283,315
265,283,314
266,284,314
267,284,314
268,284,314
269,284,314
270,284,313
271,285,313
272,285,313
273,285,313
274,285,313
275,285,313
276,285,313
277,285,313
278,285,313
279,285,312
280,285,312
281,285,312
282,285,312
283,285,312
284,285,312
285,285,312
286,285,312
287,285,312
288,285,312
289,284,312
290,284,312
291,284,312
292,284,312
293,284,311
294,284,311
295,284,311
296,284,311
297,283,311
298,283,311
299,283,311
300,283,311
301,283,310
302,283,310
303,283,310
304,283,310
305,283,310
306,282,310
307,282,310
308,282,309
309,282,309
310,282,309
311,282,309
312,282,309
313,281,309
314,281,308
315,281,308
316,281,308
317,281,308
318,280,308
319,280,307
320,280,307
321,280,307
322,279,307
323,279,306
324,279,306
325,279,306
326,278,306
327,278,305
328,278,305
329,277,305
330,277,305
331,277,304
332,276,304
333,276,304
334,276,304
335,275,303
336,275,303
337,275,303
338,274,302
339,274,302
340,274,302
341,273,301
342,273,301
343,272,301
344,272,300
345,272,300
346,271,300
347,271,299
348,270,299
349,270,299
350,269,298
351,269,298
352,268,297
353,268,297
354,267,296
355,266,296
356,266,296
357,265,295
358,265,295
359,264,294
360,263,294
361,263,293
362,262,293
363,261,292
364,261,292
365,260,291
366,259,291
367,259,290
368,258,290
369,257,289
370,257,289
371,256,288
372,255,287
373,254,287
374,253,286
375,253,286
376,252,285
377,251,284
378,250,283
379,249,283
380,248,282
381,248,281
382,247,281
383,246,280
384,245,279
385,244,278
386,243,278
387,242,277
388,241,276
389,240,275
390,239,274
391,238,273
392,237,273
393,236,272
394,235,271
395,234,270
396,232,269
397,231,268
398,230,267
399,229,266
400,228,265
401,226,264
402,225,262
403,224,261
404,222,260
405,221,259
406,220,258
407,218,257
408,217,255
409,216,254
410,214,253
411,213,252
412,211,250
413,210,249
414,208,247
415,207,246
416,205,245
417,203,243
418,202,241
419,200,240
420,199,238
421,197,237
422,195,235
423,194,233
424,192,231
425,190,230
426,189,228
427,187,226
428,185,224
429,183,222
430,182,219
431,180,217
432,178,215
433,176,212
434,175,210
435,173,207
436,171,204
437,169,201
438,167,197
439,166,194
440,165,190
441,164,185
442,164,180
443,164,174
444,167,167
0,0
1,192
284,318,319
285,314,323
286,313,325
287,313,327
288,312,328
289,313,330
290,314,331
291,316,319
291,315,333
292,316,334
293,317,336
294,317,337
295,318,339
296,319,340
297,320,342
298,321,343
299,322,345
300,323,346
301,324,348
302,325,349
303,326,350
304,327,352
305,328,353
306,329,355
307,330,356
308,331,358
309,332,359
310,333,360
311,334,362
312,335,363
313,336,365
314,337,366
315,338,368
316,339,369
317,340,370
318,341,372
319,343,373
320,344,374
321,344,376
322,346,377
323,347,379
324,348,380
325,349,381
326,350,383
327,351,384
328,352,386
329,353,387
330,354,388
331,355,389
332,356,391
333,357,392
334,358,393
335,358,395
336,359,396
337,360,397
338,361,399
339,362,400
340,363,401
341,364,403
342,365,404
343,366,405
344,367,407
345,368,408
346,369,409
347,369,410
348,370,412
349,371,413
350,372,414
351,373,416
352,374,417
353,375,418
354,375,419
355,376,421
356,377,422
357,378,423
358,379,425
359,380,426
360,380,427
361,381,428
362,382,429
363,383,431
364,384,432
365,384,433
366,385,434
367,386,435
368,387,436
369,387,436
370,388,437
371,389,438
372,390,438
373,390,439
374,391,439
375,392,440
376,392,440
377,393,441
378,394,441
379,394,442
380,395,442
381,396,443
382,396,443
383,397,443
384,398,444
385,398,444
386,399,444
387,399,445
388,400,445
389,401,445
390,401,445
391,402,445
392,403,446
393,403,446
394,404,446
395,404,446
396,405,447
397,405,447
398,406,447
399,407,447
400,407,447
401,408,447
402,408,448
403,409,448
404,409,448
405,410,448
406,410,448
407,411,448
408,411,448
409,412,448
410,412,448
411,413,449
412,413,449
413,414,449
414,414,449
415,415,449
416,415,449
417,416,449
418,416,449
419,417,449
420,417,449
421,418,449
422,418,450
423,418,450
424,419,450
425,419,450
426,420,450
427,420,450
428,421,450
429,421,450
430,422,450
431,422,450
432,422,450
433,423,450
434,423,450
435,424,450
436,424,450
437,425,450
438,425,451
439,426,450
440,426,450
441,427,450
442,427,450
443,428,450
444,428,450
445,429,450
446,429,450
447,429,450
448,430,450
449,430,450
450,431,450
451,431,450
452,432,449
453,432,449
454,433,449
455,433,449
456,434,449
457,434,449
458,435,449
459,435,449
460,436,449
461,436,449
462,436,448
463,437,448
464,437,448
465,438,448
466,438,448
467,439,448
468,439,448
469,440,447
470,440,447
471,441,447
472,442,447
473,442,446
474,443,446
0,0
