0,58
83,83,87
84,81,90
85,81,93
86,80,96
87,80,98
88,80,100
89,80,103
90,80,105
91,80,107
92,81,109
93,81,111
94,82,113
95,82,115
96,83,117
97,83,118
98,84,120
99,85,122
100,86,123
101,87,125
102,88,126
103,88,127
104,89,128
105,90,129
106,91,130
107,92,131
108,93,132
109,94,132
110,95,133
111,96,133
112,97,134
113,97,134
114,98,134
115,99,134
116,100,134
117,101,135
118,102,135
119,102,135
120,103,135
121,104,135
122,105,135
123,106,135
124,107,135
125,107,135
126,108,135
127,109,135
128,110,135
129,111,135
130,111,135
131,112,135
132,113,134
133,114,134
134,115,134
135,116,133
136,117,132
137,118,132
138,120,130
139,122,128
140,125,125
0,0
0,104
37,213,213
38,209,220
39,208,224
40,207,227
41,206,230
42,206,232
43,206,234
44,206,236
45,207,238
46,207,240
47,207,241
48,208,243
49,208,244
50,208,245
51,208,246
52,208,247
53,208,248
54,208,249
55,208,249
56,208,250
57,207,250
58,207,250
59,207,250
60,206,250
61,206,249
62,205,249
63,205,247
64,204,246
65,204,245
66,204,244
67,203,242
68,203,241
69,202,239
70,202,238
71,201,237
72,201,236
73,200,234
74,200,233
75,199,232
76,199,231
77,198,230
78,198,229
79,197,229
80,197,228
81,196,227
82,196,226
83,195,225
84,194,224
85,194,223
86,193,222
87,193,221
88,192,220
89,192,219
90,191,218
91,190,217
92,190,216
93,189,215
94,188,214
95,188,213
96,187,212
97,187,211
98,186,210
99,185,209
100,185,208
101,184,207
102,183,207
103,183,206
104,182,205
105,181,204
106,181,203
107,180,202
108,179,201
109,179,200
110,178,199
111,177,198
112,177,197
113,176,196
114,175,195
115,175,194
116,174,193
117,173,192
118,173,191
119,172,190
120,171,189
121,171,187
122,170,186
123,169,185
124,169,184
125,168,183
126,167,182
127,167,181
128,166,180
129,166,179
130,165,178
131,164,176
132,164,175
133,163,174
134,162,173
135,162,172
136,162,171
137,161,170
138,161,168
139,161,167
140,163,165
0,0
1,165
64,180,182
65,179,183
66,179,184
67,179,185
68,178,185
69,178,186
70,178,187
71,178,187
72,177,188
73,177,189
74,177,189
75,177,190
76,177,190
77,176,191
78,176,192
79,176,192
80,176,193
81,176,193
82,176,194
83,175,194
84,175,194
85,175,194
86,175,194
87,175,195
88,175,195
89,174,195
90,174,194
91,174,194
92,174,194
93,174,194
94,174,194
95,173,193
96,173,193
97,173,193
98,173,193
99,173,192
100,173,192
101,172,192
102,172,192
103,172,191
104,172,191
105,172,191
106,172,191
107,172,190
108,171,190
109,171,190
110,171,190
111,171,189
112,171,189
113,171,189
114,170,189
115,170,188
116,170,188
117,170,188
118,170,188
119,169,187
120,169,187
121,169,187
122,169,187
123,169,186
124,168,186
125,168,186
126,168,186
127,168,185
128,168,185
129,167,185
130,167,185
131,167,185
132,167,184
133,166,184
134,166,184
135,166,184
136,166,183
137,165,183
138,165,183
139,165,183
140,165,183
141,164,182
142,164,182
143,164,182
144,164,182
145,163,181
146,163,181
147,163,181
148,163,181
149,162,181
150,162,180
151,162,180
152,162,180
153,161,180
154,161,180
155,161,179
156,160,179
157,160,179
158,160,179
159,160,179
160,159,178
161,159,178
162,159,178
163,158,178
164,158,178
165,158,177
166,158,177
167,157,177
168,157,177
169,157,177
170,157,176
171,156,176
172,156,176
173,156,176
174,155,176
175,155,175
176,155,175
177,154,175
178,154,175
179,154,175
180,154,174
181,153,174
182,153,174
183,153,174
184,152,174
185,152,174
186,152,173
187,151,173
188,151,173
189,151,173
190,151,172
191,150,172
192,150,172
193,150,172
194,149,172
195,149,172
196,149,171
197,149,171
198,149,171
199,149,171
200,148,171
201,148,171
202,148,170
203,148,170
204,149,170
205,149,170
206,149,170
207,149,169
208,149,169
209,149,169
210,149,169
211,150,169
212,150,169
213,150,168
214,151,168
215,151,168
216,151,168
217,152,168
218,152,168
219,152,167
220,153,167
221,153,167
222,154,167
223,154,167
224,155,167
225,155,166
226,156,166
227,156,165
228,157,163
0,0
1,204
30,265,268
31,264,270
32,263,271
33,262,272
34,262,273
35,261,273
36,261,274
37,261,275
38,261,276
39,261,276
40,261,277
41,261,277
42,261,278
43,260,278
44,260,279
45,260,279
46,260,280
47,260,280
48,260,280
49,260,281
50,260,281
51,260,281
52,259,281
53,259,282
54,259,282
55,259,282
56,259,282
57,259,282
58,259,282
59,259,282
60,259,282
61,258,282
62,258,283
63,258,282
64,258,282
65,258,282
66,258,281
67,258,281
68,258,281
69,257,281
70,257,280
71,257,280
72,257,280
73,257,280
74,257,279
75,257,279
76,257,279
77,256,278
78,256,278
79,256,278
80,256,277
81,256,277
82,256,277
83,255,276
84,255,276
85,255,276
86,255,275
87,255,275
88,255,275
89,254,274
90,254,274
91,254,274
92,254,273
93,254,273
94,253,273
95,253,272
96,253,272
97,253,272
98,253,272
99,252,271
100,252,271
101,252,271
102,252,270
103,252,270
104,251,270
105,251,269
106,251,269
107,251,269
108,251,269
109,250,268
110,250,268
111,250,268
112,250,267
113,249,267
114,249,267
115,249,267
116,249,266
117,249,266
118,248,266
119,248,265
120,248,265
121,248,265
122,248,265
123,247,264
124,247,264
125,247,264
126,247,264
127,246,263
128,246,263
129,246,263
130,246,263
131,245,262
132,245,262
133,245,262
134,245,262
135,245,261
136,244,261
137,244,261
138,244,261
139,244,260
140,243,260
141,243,260
142,243,260
143,243,259
144,243,259
145,242,259
146,242,259
147,242,258
148,242,258
149,241,258
150,241,258
151,241,258
152,241,257
153,241,257
154,240,257
155,240,257
156,240,256
157,240,256
158,239,256
159,239,256
160,239,256
161,239,255
162,239,255
163,238,255
164,238,255
165,238,255
166,238,254
167,237,254
168,237,254
169,237,254
170,237,254
171,236,253
172,236,253
173,236,253
174,236,253
175,236,253
176,235,253
177,235,252
178,235,252
179,235,252
180,234,252
181,234,252
182,234,251
183,234,251
184,233,251
185,233,251
186,233,251
187,233,251
188,233,250
189,232,250
190,232,250
191,232,250
192,232,250
193,231,250
194,231,249
195,231,249
196,231,249
197,230,249
198,230,249
199,230,249
200,230,248
201,230,248
202,229,248
203,229,248
204,229,248
205,229,248
206,229,248
207,228,247
208,228,247
209,228,247
210,228,247
211,228,247
212,228,247
213,228,247
214,228,246
215,228,246
216,229,246
217,229,246
218,229,246
219,229,246
220,229,246
221,230,245
222,230,245
223,231,245
224,231,245
225,231,245
226,232,245
227,232,244
228,233,244
229,234,244
230,234,244
231,235,243
232,236,242
233,237,242
0,0
0,240
187,97,97
188,93,103
189,91,107
190,91,110
191,91,112
192,91,115
193,91,117
194,91,119
195,92,121
196,92,122
197,93,124
198,94,125
199,94,127
200,95,128
201,95,129
202,96,129
203,97,130
204,97,131
205,97,131
206,98,131
207,98,131
208,98,131
209,99,131
210,99,130
211,99,130
212,100,130
213,100,130
214,100,129
215,100,129
216,101,129
217,101,129
218,101,129
219,101,128
220,101,128
221,102,128
222,102,128
223,102,128
224,102,127
225,102,127
226,102,127
227,102,127
228,102,127
229,102,127
230,102,127
231,103,127
232,103,127
233,103,127
234,103,127
235,103,127
236,103,127
237,103,127
238,103,127
239,103,127
240,103,127
241,103,127
242,103,127
243,103,127
244,103,127
245,103,127
246,103,126
247,103,126
248,103,126
249,103,126
250,103,126
251,103,126
252,103,126
253,103,126
254,103,126
255,102,126
256,102,126
257,102,126
258,102,126
259,102,126
260,102,126
261,102,126
262,102,125
263,102,125
264,102,125
265,102,125
266,102,125
267,102,125
268,102,125
269,102,125
270,102,125
271,102,125
272,102,125
273,102,125
274,102,124
275,101,124
276,101,124
277,101,124
278,101,124
279,101,124
280,101,124
281,101,124
282,101,124
283,101,124
284,101,123
285,101,123
286,101,123
287,101,123
288,100,123
289,100,123
290,100,123
291,100,123
292,100,122
293,100,122
294,100,122
295,100,122
296,100,122
297,99,122
298,99,122
299,99,121
300,99,121
301,99,121
302,99,121
303,99,121
304,98,121
305,98,121
306,98,120
307,98,120
308,98,120
309,98,120
310,97,120
311,97,119
312,97,119
313,97,119
314,97,119
315,96,119
316,96,118
317,96,118
318,96,118
319,96,118
320,95,118
321,95,117
322,95,117
323,94,117
324,94,117
325,94,116
326,94,116
327,93,116
328,93,116
329,93,115
330,93,115
331,92,115
332,92,115
333,92,114
334,91,114
335,91,114
336,91,114
337,90,113
338,90,113
339,90,113
340,89,112
341,89,112
342,89,112
343,88,111
344,88,111
345,88,111
346,87,110
347,87,110
348,86,110
349,86,109
350,85,109
351,85,108
352,85,108
353,84,108
354,84,107
355,83,107
356,83,106
357,82,106
358,82,105
359,82,105
360,81,105
361,81,104
362,80,104
363,80,103
364,79,103
365,79,102
366,78,101
367,78,101
368,77,100
369,76,100
370,76,99
371,75,99
372,75,98
373,74,98
374,74,97
375,73,96
376,72,96
377,72,95
378,71,94
379,70,94
380,70,93
381,69,92
382,68,91
383,68,91
384,67,90
385,66,89
386,65,88
387,65,87
388,64,87
389,63,86
390,62,85
391,61,84
392,60,83
393,59,82
394,58,81
395,57,80
396,56,79
397,55,78
398,54,77
399,53,76
400,53,75
401,52,74
402,51,73
403,50,72
404,49,71
405,48,70
406,47,68
407,46,67
408,45,66
409,43,65
410,43,64
411,42,62
412,41,61
413,40,60
414,39,58
415,37,57
416,36,56
417,35,54
418,34,53
419,34,51
420,33,50
421,32,48
422,31,47
423,31,45
424,31,42
425,32,40
426,36,36
0,0
0,248
170,171,174
171,168,178
172,167,180
173,166,182
174,166,184
175,166,185
176,167,187
177,167,188
178,168,190
179,168,191
180,169,192
181,169,193
182,170,195
183,170,195
184,170,196
185,171,197
186,171,198
187,171,198
188,171,198
189,172,198
190,172,198
191,172,198
192,172,198
193,172,198
194,172,198
195,173,198
196,173,198
197,173,198
198,173,198
199,173,197
200,173,197
201,173,197
202,173,197
203,173,197
204,174,197
205,174,197
206,174,197
207,174,197
208,174,197
209,174,197
210,174,197
211,174,196
212,174,196
213,174,196
214,174,196
215,174,196
216,174,196
217,174,196
218,174,196
219,174,196
220,174,196
221,174,196
222,174,196
223,174,196
224,174,196
225,174,196
226,174,196
227,174,196
228,174,196
229,174,196
230,174,196
231,174,196
232,174,196
233,174,196
234,174,196
235,174,196
236,174,196
237,174,196
238,174,196
239,174,195
240,174,195
241,174,195
242,174,195
243,174,195
244,174,195
245,174,195
246,174,195
247,174,195
248,174,195
249,174,195
250,174,195
251,174,195
252,174,195
253,174,195
254,174,195
255,174,195
256,174,195
257,174,195
258,174,195
259,174,195
260,174,195
261,174,195
262,174,195
263,174,195
264,174,195
265,174,195
266,174,195
267,174,195
268,174,195
269,174,195
270,174,195
271,174,195
272,174,195
273,174,195
274,174,195
275,174,195
276,174,195
277,173,195
278,173,195
279,173,195
280,173,195
281,173,195
282,173,195
283,173,195
284,173,195
285,173,195
286,173,195
287,173,195
288,173,195
289,173,195
290,173,195
291,173,195
292,173,195
293,173,195
294,173,195
295,173,195
296,173,195
297,173,195
298,173,195
299,173,195
300,172,195
301,172,195
302,172,195
303,172,195
304,172,195
305,172,195
306,172,195
307,172,195
308,172,195
309,172,195
310,172,195
311,172,195
312,172,195
313,172,195
314,172,195
315,172,195
316,172,195
317,171,195
318,171,195
319,171,195
320,171,195
321,171,195
322,171,195
323,171,195
324,171,195
325,171,195
326,171,195
327,171,195
328,171,195
329,171,196
330,171,196
331,171,196
332,170,196
333,170,196
334,170,196
335,170,196
336,170,196
337,170,196
338,170,196
339,170,196
340,170,196
341,170,196
342,169,196
343,169,196
344,169,196
345,169,196
346,169,196
347,169,196
348,169,196
349,169,196
350,168,196
351,168,196
352,168,196
353,168,196
354,168,196
355,168,196
356,168,196
357,167,196
358,167,196
359,167,196
360,167,196
361,167,196
362,166,196
363,166,196
364,166,196
365,166,196
366,165,196
367,165,196
368,165,196
369,165,196
370,165,196
371,165,196
372,165,197
373,165,197
374,165,197
375,165,197
376,165,197
377,165,197
378,165,197
379,165,197
380,165,197
381,166,197
382,166,197
383,166,197
384,166,197
385,166,197
386,167,197
387,167,197
388,167,197
389,168,197
390,168,197
391,168,197
392,169,197
393,169,197
394,169,197
395,170,197
396,170,197
397,171,197
398,171,197
399,172,197
400,172,197
401,173,196
402,173,196
403,174,196
404,174,196
405,175,195
406,176,195
407,176,195
408,177,194
409,178,194
410,179,194
411,179,193
412,180,193
413,181,192
414,182,191
415,183,191
416,185,189
417,187,187
0,0
1,167
241,125,127
242,124,128
243,123,129
244,123,129
245,123,130
246,122,130
247,122,131
248,122,131
249,121,132
250,121,132
251,121,133
252,121,133
253,121,134
254,120,134
255,120,134
256,120,135
257,120,135
258,120,135
259,120,136
260,120,136
261,119,136
262,119,137
263,119,137
264,119,137
265,119,137
266,119,137
267,119,138
268,118,138
269,118,138
270,118,138
271,118,138
272,118,138
273,118,138
274,118,138
275,117,139
276,117,138
277,117,138
278,117,138
279,117,138
280,117,138
281,116,138
282,116,138
283,116,138
284,116,138
285,116,138
286,115,138
287,115,138
288,115,137
289,115,137
290,115,137
291,114,137
292,114,137
293,114,136
294,114,136
295,114,136
296,113,136
297,113,135
298,113,135
299,113,135
300,112,135
301,112,134
302,112,134
303,112,134
304,111,134
305,111,133
306,111,133
307,111,133
308,110,133
309,110,132
310,110,132
311,110,132
312,109,132
313,109,132
314,109,131
315,109,131
316,108,131
317,108,131
318,108,130
319,107,130
320,107,130
321,107,130
322,107,129
323,106,129
324,106,129
325,106,129
326,105,128
327,105,128
328,105,128
329,104,128
330,104,128
331,104,127
332,104,127
333,103,127
334,103,127
335,103,126
336,102,126
337,102,126
338,102,126
339,101,125
340,101,125
341,101,125
342,100,125
343,100,124
344,100,124
345,99,124
346,99,124
347,99,123
348,98,123
349,98,123
350,98,123
351,97,123
352,97,122
353,96,122
354,96,122
355,96,122
356,95,121
357,95,121
358,95,121
359,94,121
360,94,120
361,93,120
362,93,120
363,93,120
364,92,119
365,92,119
366,92,119
367,92,119
368,92,118
369,91,118
370,91,118
371,91,118
372,91,118
373,91,117
374,91,117
375,91,117
376,90,116
377,90,116
378,90,116
379,90,116
380,90,115
381,90,115
382,90,115
383,91,115
384,91,114
385,91,114
386,91,114
387,91,114
388,91,113
389,92,113
390,92,113
391,92,112
392,92,112
393,93,112
394,93,112
395,93,111
396,93,111
397,94,111
398,94,110
399,95,110
400,95,110
401,95,109
402,96,109
403,97,108
404,97,108
405,98,107
406,99,106
407,101,104
0,0
0,288
131,263,269
132,261,272
133,261,274
134,261,276
135,260,278
136,260,279
137,260,281
138,260,282
139,261,283
140,261,285
141,261,286
142,261,287
143,262,288
144,262,289
145,262,290
146,263,291
147,263,292
148,263,293
149,264,293
150,264,294
151,264,295
152,265,295
153,265,296
154,265,296
155,266,297
156,266,297
157,266,297
158,266,297
159,267,297
160,267,297
161,267,296
162,267,296
163,267,296
164,267,295
165,268,295
166,268,295
167,268,295
168,268,294
169,268,294
170,268,294
171,268,294
172,268,293
173,268,293
174,268,293
175,268,293
176,268,293
177,269,292
178,269,292
179,269,292
180,269,292
181,269,292
182,269,292
183,269,291
184,269,291
185,269,291
186,268,291
187,268,291
188,268,291
189,268,291
190,268,290
191,268,290
192,268,290
193,268,290
194,268,290
195,268,290
196,268,290
197,268,290
198,268,289
199,268,289
200,268,289
201,268,289
202,268,289
203,268,289
204,268,289
205,268,289
206,268,289
207,267,289
208,267,288
209,267,288
210,267,288
211,267,288
212,267,288
213,267,288
214,267,288
215,267,288
216,267,288
217,267,288
218,267,288
219,267,287
220,267,287
221,266,287
222,266,287
223,266,287
224,266,287
225,266,287
226,266,287
227,266,287
228,266,287
229,266,286
230,265,286
231,265,286
232,265,286
233,265,286
234,265,286
235,265,286
236,265,286
237,265,286
238,265,286
239,264,285
240,264,285
241,264,285
242,264,285
243,264,285
244,264,285
245,264,285
246,264,285
247,263,285
248,263,284
249,263,284
250,263,284
251,263,284
252,263,284
253,263,284
254,263,284
255,262,284
256,262,283
257,262,283
258,262,283
259,262,283
260,262,283
261,261,283
262,261,282
263,261,282
264,261,282
265,261,282
266,261,282
267,260,282
268,260,282
269,260,281
270,260,281
271,260,281
272,260,281
273,260,281
274,259,281
275,259,281
276,259,280
277,259,280
278,259,280
279,258,280
280,258,280
281,258,280
282,258,279
283,258,279
284,258,279
285,257,279
286,257,279
287,257,279
288,257,278
289,257,278
290,257,278
291,256,278
292,256,278
293,256,278
294,256,277
295,256,277
296,255,277
297,255,277
298,255,277
299,255,277
300,255,276
301,254,276
302,254,276
303,254,276
304,254,276
305,254,276
306,253,275
307,253,275
308,253,275
309,253,275
310,253,275
311,252,275
312,252,274
313,252,274
314,252,274
315,252,274
316,251,274
317,251,274
318,251,273
319,251,273
320,251,273
321,250,273
322,250,273
323,250,272
324,250,272
325,249,272
326,249,272
327,249,272
328,249,271
329,249,271
330,248,271
331,248,271
332,248,271
333,248,271
334,248,270
335,247,270
336,247,270
337,247,270
338,247,270
339,247,269
340,246,269
341,246,269
342,246,269
343,245,269
344,245,269
345,245,268
346,245,268
347,244,268
348,244,268
349,244,268
350,243,267
351,243,267
352,242,267
353,242,267
354,242,267
355,241,266
356,241,266
357,240,267
358,239,267
358,239,267
358,272,272
359,239,270
359,270,272
359,239,272
360,238,271
361,238,271
362,237,270
363,236,269
364,235,269
365,235,268
366,234,267
367,233,267
368,232,266
369,231,266
370,231,265
371,230,264
372,229,264
373,228,263
374,227,263
375,226,262
376,225,261
377,225,261
378,224,260
379,223,259
380,223,259
381,222,258
382,222,258
383,221,257
384,221,256
385,220,256
386,220,255
387,220,254
388,220,254
389,220,253
390,220,253
391,220,252
392,220,251
393,220,251
394,220,250
395,220,249
396,220,249
397,220,248
398,221,248
399,221,247
400,221,246
401,222,246
402,222,245
403,223,245
404,223,244
405,223,243
406,224,243
407,224,242
408,225,241
409,226,241
410,227,240
411,227,239
412,228,238
413,230,236
414,232,233
0,67
410,240,240
409,240,241
408,241,242
407,242,242
406,242,243
405,243,244
404,244,245
403,244,246
402,245,248
401,245,249
400,246,250
399,247,251
398,247,252
397,248,253
396,249,255
395,249,256
394,250,257
393,250,259
392,251,260
391,252,261
390,252,262
389,253,264
388,254,265
387,254,266
386,255,268
385,255,269
384,256,270
383,257,272
382,257,273
381,258,275
380,258,276
379,259,277
378,260,279
377,260,280
376,261,282
375,262,283
374,262,284
373,263,286
372,263,287
371,264,288
370,265,290
369,265,291
368,266,293
367,267,294
366,267,296
365,268,297
364,268,299
363,269,300
362,270,301
361,270,303
360,271,304
359,272,306
358,272,308
357,275,309
356,278,311
355,281,312
354,284,314
353,287,315
352,290,317
351,294,318
350,297,319
349,300,320
348,302,320
347,305,321
346,307,321
345,311,320
344,316,318
0,0
1,76
269,204,205
270,204,206
271,203,207
272,203,208
273,203,209
274,203,209
275,203,210
276,203,210
277,203,211
278,203,211
279,203,211
280,203,211
281,203,212
282,202,212
283,202,212
284,202,212
285,202,212
286,202,212
287,202,212
288,201,212
289,201,213
290,201,213
291,201,212
292,201,212
293,200,212
294,200,212
295,200,212
296,199,212
297,199,212
298,199,212
299,199,212
300,198,211
301,198,211
302,198,211
303,197,211
304,197,211
305,197,211
306,196,210
307,196,210
308,196,210
309,195,210
310,195,209
311,195,209
312,194,209
313,194,209
314,194,208
315,193,208
316,193,208
317,192,208
318,192,208
319,192,207
320,191,207
321,191,207
322,190,207
323,190,206
324,189,206
325,189,206
326,189,206
327,188,205
328,188,205
329,187,205
330,187,205
331,186,204
332,186,204
333,185,204
334,185,204
335,184,203
336,183,203
337,183,202
338,182,199
339,181,195
340,181,192
341,180,189
342,180,185
343,179,182
344,178,179
0,267
173,361,361
174,353,366
175,349,367
176,347,371
177,345,373
178,344,376
179,344,379
180,343,382
181,343,385
182,343,387
183,342,390
184,342,392
185,342,394
186,341,396
187,341,397
188,341,397
189,341,398
190,340,398
191,340,398
192,340,397
193,339,397
194,339,396
195,339,395
196,338,394
197,338,394
198,338,393
199,338,392
200,337,390
201,337,389
202,337,388
203,336,387
204,344,386
205,345,386
206,346,385
207,346,384
208,346,383
209,347,382
210,347,382
211,347,381
212,347,381
213,347,380
214,347,379
215,347,379
216,347,378
217,347,378
218,347,377
219,347,377
220,347,376
221,347,376
222,347,375
223,347,375
224,347,374
225,347,374
226,347,374
227,347,373
228,347,373
229,347,372
230,346,372
231,346,372
232,346,371
233,346,371
234,346,371
235,346,370
236,346,370
237,346,370
238,346,369
239,346,369
240,345,369
241,345,369
242,345,368
243,345,368
244,345,368
245,345,368
246,345,367
247,345,367
248,345,367
249,344,367
250,344,366
251,344,366
252,344,366
253,344,366
254,344,365
255,344,365
256,344,365
257,344,365
258,344,364
259,343,364
260,343,364
261,343,364
262,343,364
263,343,364
264,343,363
265,343,363
266,343,363
267,343,363
268,342,363
269,342,362
270,342,362
271,342,362
272,342,362
273,342,362
274,342,362
275,342,362
276,342,362
277,342,361
278,341,361
279,341,361
280,341,361
281,341,361
282,341,361
283,341,361
284,341,361
285,341,361
286,341,361
287,341,360
288,341,360
289,340,360
290,340,360
291,340,360
292,340,360
293,340,360
294,340,360
295,340,360
296,340,360
297,340,360
298,340,360
299,340,360
300,340,360
301,340,360
302,340,360
303,340,360
304,340,360
305,340,360
306,340,360
307,340,360
308,340,360
309,340,360
310,340,360
311,340,360
312,340,360
313,340,360
314,340,360
315,340,360
316,340,360
317,340,360
318,340,360
319,340,360
320,340,360
321,340,360
322,341,360
323,341,360
324,341,360
325,341,360
326,341,361
327,341,361
328,341,361
329,341,361
330,341,361
331,341,361
332,341,361
333,342,361
334,342,361
335,342,362
336,342,362
337,342,362
338,342,362
339,342,362
340,342,363
341,343,363
342,343,363
343,343,363
344,343,364
345,343,364
346,343,364
347,344,364
348,344,364
349,344,365
350,344,365
351,344,365
352,345,366
353,345,366
354,345,366
355,345,367
356,346,367
357,346,368
358,346,368
359,347,368
360,347,369
361,347,369
362,347,370
363,348,370
364,348,371
365,348,371
366,349,372
367,349,373
368,349,373
369,350,374
370,350,374
371,351,374
372,351,375
373,351,375
374,352,376
375,352,377
376,353,377
377,353,378
378,354,379
379,354,379
380,355,380
381,355,381
382,356,382
383,356,383
384,357,384
385,357,385
386,358,386
387,359,387
388,359,388
389,360,389
390,361,390
391,361,392
392,362,393
393,363,395
394,363,397
395,364,399
396,365,401
397,365,404
398,366,407
399,367,412
399,367,412
399,436,436
400,368,419
400,432,437
401,368,428
401,428,438
401,368,438
402,369,439
403,370,440
404,371,441
405,372,442
406,373,443
407,374,444
408,375,445
409,376,446
410,377,447
411,378,448
412,379,449
413,380,450
414,382,451
415,383,452
416,384,453
417,386,454
418,387,455
419,388,456
420,390,457
421,391,458
422,393,459
423,395,460
424,397,462
425,399,463
426,401,464
427,403,465
428,405,466
429,408,467
430,411,468
431,415,464
432,419,460
433,425,453
434,438,438
0,96
430,467,469
429,466,471
428,465,473
427,464,475
426,463,476
425,462,477
424,461,478
423,460,479
422,459,479
421,458,479
420,457,480
419,456,480
418,455,480
417,454,480
416,453,480
415,452,480
414,451,480
413,450,480
412,449,479
411,448,479
410,447,479
409,446,478
408,445,478
407,444,478
406,443,477
405,442,477
404,441,477
403,440,477
402,439,476
401,438,476
400,437,476
399,437,475
398,438,475
397,439,475
396,440,475
395,441,474
394,442,474
393,442,474
392,443,474
391,444,473
390,444,473
389,445,473
388,445,473
387,446,473
386,446,473
385,447,472
384,447,472
383,447,472
382,448,472
381,448,472
380,449,472
379,449,471
378,449,471
377,450,471
376,450,471
375,450,471
374,451,471
373,451,471
372,451,471
371,452,471
370,452,471
369,452,471
368,453,471
367,453,470
366,453,470
365,454,470
364,454,470
363,454,470
362,455,470
361,455,470
360,455,470
359,456,470
358,456,470
357,456,470
356,457,470
355,457,470
354,457,470
353,458,470
352,458,470
351,458,470
350,459,470
349,459,470
348,459,470
347,460,470
346,460,470
345,460,470
344,460,470
343,461,470
342,461,469
341,461,469
340,462,469
339,462,469
338,462,469
337,463,468
336,464,467
335,466,466
0,0
0,39
262,282,284
263,279,291
264,278,296
265,278,301
266,278,305
267,278,308
268,278,311
269,279,314
270,279,316
271,280,318
272,281,319
273,281,321
274,283,322
275,284,322
276,285,323
277,286,324
278,287,324
279,289,325
280,290,325
281,292,325
282,293,326
283,294,326
284,295,326
285,297,326
286,298,327
287,299,327
288,300,327
289,301,327
290,303,327
291,304,327
292,305,327
293,306,327
294,307,327
295,308,327
296,309,327
297,311,326
298,312,325
299,314,324
300,316,322
0,0
