0,48
29,241,241
30,237,250
31,236,256
32,235,262
33,235,266
34,235,270
35,235,273
36,235,276
37,235,279
38,236,281
39,236,283
40,237,284
41,237,286
42,238,287
43,239,288
44,240,288
45,241,289
46,242,290
47,243,290
48,244,290
49,246,291
50,247,291
51,249,291
52,250,292
53,251,292
54,252,292
55,254,293
56,255,293
57,256,293
58,257,293
59,258,294
60,260,294
61,261,294
62,262,294
63,263,294
64,264,294
65,265,294
66,266,294
67,267,294
68,269,293
69,270,293
70,271,293
71,272,292
72,273,292
73,275,291
74,277,289
75,279,288
76,284,284
0,0
1,221
164,106,107
165,105,109
166,105,110
167,104,110
168,104,111
169,104,112
170,104,112
171,104,113
172,103,114
173,103,114
174,103,115
175,103,115
176,103,116
177,103,116
178,103,117
179,103,117
180,103,117
181,103,118
182,102,118
183,102,118
184,102,119
185,102,119
186,102,119
187,102,120
188,102,120
189,102,120
190,102,120
191,102,121
192,102,121
193,102,121
194,102,121
195,102,121
196,102,121
197,102,121
198,101,121
199,101,121
200,101,122
201,101,122
202,101,122
203,101,122
204,101,121
205,101,121
206,101,121
207,101,121
208,101,121
209,101,121
210,100,121
211,100,121
212,100,121
213,100,121
214,100,120
215,100,120
216,100,120
217,100,120
218,100,120
219,100,120
220,100,120
221,99,119
222,99,119
223,99,119
224,99,119
225,99,119
226,99,119
227,99,118
228,99,118
229,98,118
230,98,118
231,98,118
232,98,118
233,98,118
234,98,117
235,98,117
236,98,117
237,97,117
238,97,117
239,97,117
240,97,116
241,97,116
242,97,116
243,97,116
244,96,116
245,96,116
246,96,116
247,96,115
248,96,115
249,96,115
250,95,115
251,95,115
252,95,115
253,95,114
254,95,114
255,95,114
256,95,114
257,94,114
258,94,114
259,94,113
260,94,113
261,94,113
262,93,113
263,93,113
264,93,113
265,93,113
266,93,112
267,93,112
268,92,112
269,92,112
270,92,112
271,92,112
272,92,111
273,91,111
274,91,111
275,91,111
276,91,111
277,91,111
278,90,111
279,90,110
280,90,110
281,90,110
282,90,110
283,89,110
284,89,110
285,89,109
286,89,109
287,88,109
288,88,109
289,88,109
290,88,109
291,88,109
292,87,108
293,87,108
294,87,108
295,87,108
296,86,108
297,86,108
298,86,107
299,86,107
300,86,107
301,85,107
302,85,107
303,85,107
304,85,107
305,84,106
306,84,106
307,84,106
308,84,106
309,83,106
310,83,106
311,83,105
312,83,105
313,82,105
314,82,105
315,82,105
316,82,105
317,81,104
318,81,104
319,81,104
320,81,104
321,80,104
322,80,104
323,80,104
324,80,103
325,79,103
326,79,103
327,79,103
328,78,103
329,78,103
330,78,102
331,78,102
332,77,102
333,77,102
334,77,102
335,76,102
336,76,101
337,76,101
338,76,101
339,75,101
340,75,101
341,75,101
342,75,100
343,74,100
344,74,100
345,74,100
346,74,100
347,73,99
348,73,99
349,73,99
350,73,99
351,73,99
352,73,99
353,73,98
354,73,98
355,73,98
356,73,98
357,73,98
358,73,97
359,73,97
360,72,97
361,73,97
362,73,97
363,73,96
364,73,96
365,73,96
366,74,96
367,74,96
368,75,95
369,75,95
370,75,95
371,76,95
372,76,94
373,76,94
374,77,94
375,77,94
376,77,93
377,78,93
378,78,93
379,79,92
380,80,92
381,80,92
382,81,91
383,82,90
384,83,89
0,0
0,337
92,146,146
93,143,152
94,141,155
95,139,157
96,138,159
97,138,161
98,138,163
99,138,165
100,138,166
101,138,168
102,138,169
103,139,171
104,139,172
105,140,173
106,141,174
107,141,175
108,142,176
109,142,177
110,143,178
111,143,179
112,144,180
113,144,180
114,145,181
115,145,181
116,146,182
117,146,182
118,146,182
119,147,182
120,147,182
121,147,182
122,147,182
123,147,182
124,147,181
125,147,181
126,147,180
127,147,180
128,147,180
129,147,179
130,147,179
131,147,179
132,147,179
133,147,178
134,147,178
135,147,178
136,147,178
137,147,177
138,147,177
139,147,177
140,147,177
141,147,177
142,147,176
143,146,176
144,146,176
145,146,176
146,146,176
147,146,176
148,146,175
149,146,175
150,146,175
151,146,175
152,146,175
153,146,175
154,146,175
155,145,175
156,145,174
157,145,174
158,145,174
159,145,174
160,145,174
161,145,174
162,145,174
163,145,173
164,145,173
165,145,173
166,145,173
167,145,173
168,145,173
169,144,173
170,144,173
171,144,172
172,144,172
173,144,172
174,144,172
175,144,172
176,144,172
177,144,172
178,144,172
179,144,171
180,144,171
181,143,171
182,143,171
183,143,171
184,143,171
185,143,171
186,143,171
187,143,170
188,143,170
189,143,170
190,143,170
191,142,170
192,142,170
193,142,170
194,142,170
195,142,169
196,142,169
197,142,169
198,141,169
199,141,169
200,141,169
201,141,169
202,141,168
203,141,168
204,141,168
205,141,168
206,140,168
207,140,168
208,140,167
209,140,167
210,140,167
211,139,167
212,139,167
213,139,167
214,139,166
215,139,166
216,139,166
217,139,166
218,138,166
219,138,165
220,138,165
221,138,165
222,138,165
223,138,165
224,137,164
225,137,164
226,137,164
227,137,164
228,137,163
229,136,163
230,136,163
231,136,163
232,136,163
233,136,162
234,135,162
235,135,162
236,135,162
237,135,161
238,135,161
239,134,161
240,134,161
241,134,161
242,134,160
243,134,160
244,133,160
245,133,159
246,133,159
247,133,159
248,133,159
249,132,158
250,132,158
251,132,158
252,132,158
253,131,157
254,131,157
255,131,157
256,131,157
257,130,156
258,130,156
259,130,156
260,130,156
261,129,155
262,129,155
263,129,155
264,129,154
265,128,154
266,128,154
267,128,153
268,128,153
269,127,153
270,127,153
271,127,152
272,126,152
273,126,152
274,126,151
275,126,151
276,125,151
277,125,150
278,125,150
279,124,150
280,124,149
281,124,149
282,123,149
283,123,149
284,123,148
285,122,148
286,122,148
287,122,147
288,122,147
289,121,147
290,121,146
291,120,146
292,120,146
293,120,145
294,120,145
295,119,144
296,119,144
297,118,144
298,118,143
299,118,143
300,117,143
301,117,142
302,117,142
303,116,142
304,116,141
305,116,141
306,115,140
307,115,140
308,114,140
309,114,139
310,114,139
311,113,138
312,113,138
313,113,138
314,112,137
315,112,137
316,111,136
317,111,136
318,111,136
319,110,135
320,110,135
321,109,134
322,109,134
323,108,133
324,108,133
325,108,133
326,107,132
327,107,132
328,106,131
329,106,131
330,105,130
331,105,130
332,104,129
333,104,129
334,104,128
335,103,128
336,103,127
337,102,127
338,102,127
339,101,126
340,101,126
341,100,125
342,100,125
343,99,124
344,99,124
345,98,123
346,98,123
347,97,122
348,97,122
349,96,121
350,96,121
351,95,120
352,95,119
353,94,119
354,94,118
355,93,118
356,93,117
357,92,117
358,92,116
359,91,116
360,91,115
361,90,115
362,89,114
363,89,113
364,88,113
365,88,112
366,87,112
367,86,111
368,86,110
369,85,110
370,85,109
371,84,109
372,84,108
373,83,108
374,82,107
375,82,106
376,81,106
377,80,105
378,80,104
379,79,103
380,78,103
381,78,102
382,77,101
383,76,101
384,76,100
385,75,99
386,75,98
387,74,98
388,73,97
389,73,96
390,72,95
391,71,94
392,71,94
393,70,93
394,69,92
395,69,91
396,68,90
397,68,89
398,67,88
399,66,87
400,66,86
401,65,85
402,64,84
403,64,83
404,63,82
405,62,81
406,62,80
407,61,79
408,60,78
409,60,78
410,59,76
411,58,75
412,58,74
413,57,74
414,56,72
415,56,71
416,55,70
417,54,70
418,53,68
419,53,67
420,52,66
421,52,65
422,51,64
423,51,63
424,51,62
425,51,61
426,50,59
427,51,57
428,53,53
0,0
0,53
145,68,72
146,67,76
147,66,80
148,66,82
149,66,85
150,65,87
151,65,90
152,65,92
153,66,94
154,66,96
155,66,98
156,66,100
157,67,102
158,68,104
159,68,105
160,69,107
161,70,108
162,71,109
163,71,111
164,72,112
165,73,113
166,74,114
167,75,114
168,75,115
169,76,116
170,77,117
171,78,117
172,79,117
173,79,118
174,80,118
175,81,118
176,82,119
177,83,119
178,84,119
179,84,119
180,85,119
181,86,119
182,87,119
183,88,119
184,89,119
185,90,119
186,90,119
187,91,119
188,92,119
189,93,119
190,95,119
191,96,118
192,97,118
193,98,117
194,100,116
195,102,115
196,104,114
197,108,111
0,0
1,130
23,289,293
24,287,295
25,286,297
26,285,298
27,285,298
28,285,299
29,284,300
30,284,300
31,284,301
32,283,301
33,283,302
34,283,302
35,283,302
36,282,303
37,282,303
38,282,304
39,281,304
40,281,304
41,281,305
42,280,305
43,280,305
44,279,306
45,279,306
46,278,306
47,278,307
48,278,307
49,277,307
50,277,307
51,276,308
52,276,308
53,275,308
54,275,308
55,274,309
56,274,309
57,273,309
58,273,309
59,273,309
60,272,309
61,272,309
62,271,309
63,271,309
64,270,309
65,270,308
66,269,308
67,269,308
68,268,307
69,268,306
70,267,305
71,267,303
72,266,302
73,266,301
74,265,300
75,265,299
76,264,298
77,264,297
78,263,296
79,263,295
80,262,294
81,261,293
82,261,292
83,260,291
84,260,290
85,259,289
86,259,288
87,258,287
88,258,286
89,257,285
90,257,284
91,256,283
92,256,283
93,255,282
94,254,281
95,254,280
96,253,279
97,253,279
98,252,278
99,252,277
100,251,276
101,251,275
102,250,275
103,250,274
104,249,273
105,249,272
106,248,271
107,247,271
108,247,270
109,246,269
110,246,268
111,245,267
112,245,267
113,244,266
114,244,265
115,243,264
116,242,264
117,242,263
118,241,262
119,241,261
120,240,260
121,240,260
122,239,259
123,239,258
124,238,257
125,237,256
126,237,255
127,236,255
128,236,254
129,235,253
130,235,252
131,234,251
132,233,251
133,233,250
134,232,249
135,232,248
136,231,247
137,231,246
138,230,246
139,230,245
140,229,244
141,228,243
142,228,242
143,227,241
144,227,240
145,227,239
146,226,238
147,226,237
148,226,236
149,226,234
150,226,234
151,227,232
152,228,231
0,0
0,52
138,225,229
139,223,231
140,223,234
141,223,236
142,222,238
143,222,240
144,223,242
145,223,243
146,223,245
147,223,247
148,224,249
149,224,250
150,225,252
151,225,253
152,226,255
153,227,256
154,227,258
155,228,259
156,229,260
157,230,261
158,230,262
159,231,263
160,232,264
161,233,264
162,233,265
163,234,265
164,235,266
165,235,266
166,236,266
167,237,267
168,238,267
169,238,267
170,239,267
171,240,267
172,240,267
173,241,267
174,242,267
175,242,267
176,243,267
177,244,267
178,244,267
179,245,266
180,246,266
181,246,266
182,247,266
183,248,265
184,248,265
185,249,264
186,250,264
187,252,263
188,253,261
189,256,259
0,0
0,88
114,330,334
115,325,338
116,323,341
117,322,343
118,322,345
119,321,347
120,321,349
121,321,350
122,322,352
123,322,353
124,322,354
125,323,356
126,323,357
127,323,358
128,323,359
129,323,360
130,323,361
131,323,361
132,323,362
133,323,362
134,323,362
135,323,362
136,323,362
137,322,361
138,322,360
139,322,358
140,321,357
141,321,356
142,321,355
143,320,354
144,320,353
145,319,352
146,319,351
147,319,350
148,318,349
149,318,348
150,317,347
151,317,346
152,316,345
153,316,344
154,316,343
155,315,342
156,315,341
157,314,340
158,314,339
159,313,338
160,313,337
161,312,336
162,312,335
163,312,335
164,311,334
165,311,333
166,310,332
167,310,331
168,309,330
169,309,329
170,308,328
171,308,327
172,307,326
173,307,325
174,306,325
175,306,324
176,305,323
177,305,322
178,304,321
179,304,320
180,303,319
181,303,318
182,302,318
183,302,317
184,301,316
185,301,315
186,300,314
187,300,313
188,299,312
189,299,312
190,298,311
191,298,310
192,297,309
193,297,308
194,296,307
195,296,306
196,295,306
197,295,305
198,295,304
199,295,303
200,296,302
201,299,299
0,0
0,113
205,192,198
206,189,203
207,188,208
208,188,212
209,188,215
210,188,217
211,188,218
212,188,219
213,188,220
214,189,220
215,189,221
216,190,221
217,191,221
218,191,222
219,192,222
220,192,222
221,193,222
222,193,222
223,193,222
224,194,222
225,194,222
226,195,223
227,195,223
228,196,223
229,196,223
230,197,223
231,197,223
232,197,223
233,198,224
234,198,224
235,199,224
236,199,224
237,199,224
238,200,224
239,200,225
240,201,225
241,201,225
242,201,225
243,202,225
244,202,225
245,202,226
246,203,226
247,203,226
248,203,226
249,204,226
250,204,227
251,204,227
252,205,227
253,205,227
254,205,227
255,205,228
256,206,228
257,206,228
258,206,228
259,206,228
260,207,229
261,207,229
262,207,229
263,207,229
264,208,229
265,208,230
266,208,230
267,208,230
268,209,230
269,209,230
270,209,230
271,209,231
272,209,231
273,210,231
274,210,231
275,210,231
276,210,232
277,210,232
278,210,232
279,211,232
280,211,232
281,211,232
282,211,233
283,212,233
284,212,233
285,212,233
286,212,233
287,213,233
288,213,233
289,213,234
290,213,234
291,214,234
292,214,234
293,214,234
294,214,234
295,215,234
296,215,234
297,215,235
298,216,235
299,216,235
300,217,235
301,217,235
302,217,235
303,218,235
304,218,235
305,219,235
306,219,235
307,220,235
308,220,235
309,221,235
310,222,235
311,223,234
312,223,234
313,224,234
314,225,234
315,227,233
316,228,233
317,230,231
0,0
1,164
201,213,216
202,212,217
203,212,219
204,212,220
205,211,220
206,211,221
207,211,222
208,211,222
209,211,223
210,211,223
211,210,223
212,210,224
213,210,224
214,210,224
215,210,224
216,210,224
217,210,225
218,209,225
219,209,224
220,209,224
221,209,224
222,209,224
223,209,224
224,208,224
225,208,224
226,208,223
227,208,223
228,208,223
229,208,223
230,207,222
231,207,222
232,207,222
233,207,221
234,207,221
235,207,221
236,206,221
237,206,220
238,206,220
239,206,220
240,206,219
241,205,219
242,205,219
243,205,219
244,205,218
245,205,218
246,205,218
247,204,218
248,204,217
249,204,217
250,204,217
251,204,217
252,203,216
253,203,216
254,203,216
255,203,216
256,203,215
257,202,215
258,202,215
259,202,215
260,202,214
261,202,214
262,201,214
263,201,214
264,201,213
265,201,213
266,201,213
267,200,213
268,200,213
269,200,212
270,200,212
271,200,212
272,199,212
273,199,211
274,199,211
275,199,211
276,198,211
277,198,211
278,198,210
279,198,210
280,198,210
281,197,210
282,197,210
283,197,209
284,197,209
285,197,209
286,196,209
287,196,209
288,196,208
289,196,208
290,196,208
291,195,208
292,195,208
293,195,207
294,195,207
295,195,207
296,195,207
297,194,207
298,194,207
299,194,206
300,194,206
301,194,206
302,193,206
303,193,206
304,193,206
305,193,205
306,193,205
307,192,205
308,192,205
309,192,205
310,192,205
311,192,204
312,191,204
313,191,204
314,191,204
315,191,204
316,191,204
317,191,203
318,190,203
319,190,203
320,190,203
321,190,203
322,190,203
323,190,203
324,189,202
325,189,202
326,189,202
327,189,202
328,189,202
329,188,202
330,188,202
331,188,202
332,188,201
333,188,201
334,188,201
335,187,201
336,187,201
337,187,201
338,187,201
339,187,201
340,186,201
341,186,201
342,186,201
343,186,201
344,186,201
345,185,201
346,185,201
347,185,201
348,185,201
349,184,201
350,184,201
351,184,201
352,184,201
353,183,201
354,183,201
355,183,201
356,183,201
357,182,201
358,182,201
359,182,201
360,182,202
361,181,203
362,181,203
363,180,187
363,180,181
0,130
180,365,368
181,363,373
182,363,375
183,363,378
184,363,380
185,363,382
186,363,383
187,363,385
188,363,387
189,363,388
190,362,390
191,362,391
192,362,393
193,362,394
194,362,396
195,362,397
196,362,398
197,362,399
198,362,400
199,362,401
200,362,402
201,362,403
202,362,404
203,362,405
204,362,405
205,363,406
206,363,406
207,363,406
208,364,406
209,364,406
210,364,406
211,364,405
212,364,405
213,364,404
214,364,403
215,364,403
216,364,402
217,364,401
218,364,400
219,364,399
220,364,398
221,364,397
222,364,397
223,364,396
224,363,395
225,363,395
226,363,394
227,363,393
228,363,393
229,363,392
230,363,392
231,362,391
232,362,391
233,362,391
234,362,390
235,362,390
236,361,390
237,361,389
238,361,389
239,361,389
240,361,388
241,360,388
242,360,388
243,360,387
244,360,387
245,360,387
246,359,387
247,359,386
248,359,386
249,359,386
250,358,385
251,358,385
252,358,385
253,358,385
254,357,384
255,357,384
256,357,384
257,357,383
258,356,383
259,356,383
260,356,383
261,356,382
262,355,382
263,355,382
264,355,381
265,354,381
266,354,381
267,354,381
268,353,380
269,353,380
270,353,380
271,352,379
272,352,379
273,351,379
274,351,378
275,350,378
276,350,378
277,349,378
278,348,377
279,347,377
280,345,377
281,341,376
282,339,376
283,338,376
284,338,375
285,338,375
286,338,375
287,339,374
288,339,374
289,340,374
290,340,373
291,341,373
292,341,372
293,342,372
294,342,372
295,343,371
296,344,371
297,344,370
298,345,370
299,346,369
300,347,369
301,347,368
302,348,368
303,349,367
304,350,366
305,351,365
306,352,364
307,354,363
308,355,361
309,358,358
0,0
1,98
244,253,254
245,252,256
246,252,257
247,252,257
248,251,258
249,251,258
250,251,259
251,250,259
252,250,259
253,250,259
254,250,259
255,249,260
256,249,259
257,249,259
258,249,259
259,248,259
260,248,259
261,248,259
262,248,259
263,247,259
264,247,259
265,247,259
266,247,258
267,246,258
268,246,258
269,246,258
270,245,258
271,245,258
272,245,258
273,245,258
274,244,257
275,244,257
276,244,257
277,244,257
278,243,257
279,243,257
280,243,256
281,242,256
282,242,256
283,242,256
284,242,256
285,241,255
286,241,255
287,241,255
288,241,255
289,240,255
290,240,255
291,240,254
292,239,254
293,239,254
294,239,254
295,239,254
296,238,254
297,238,253
298,238,253
299,237,253
300,237,253
301,237,253
302,237,253
303,236,252
304,236,252
305,236,252
306,236,252
307,236,252
308,235,252
309,235,252
310,235,251
311,235,251
312,235,251
313,234,251
314,234,251
315,234,251
316,234,250
317,234,250
318,234,250
319,234,250
320,234,250
321,233,250
322,234,249
323,234,249
324,234,249
325,234,249
326,234,249
327,234,249
328,235,249
329,235,248
330,235,248
331,235,248
332,236,248
333,236,248
334,236,248
335,237,248
336,238,247
337,238,247
338,239,247
339,240,246
340,241,246
341,242,245
0,0
1,131
225,294,296
226,293,297
227,293,299
228,292,300
229,292,301
230,292,302
231,292,302
232,292,303
233,292,304
234,292,304
235,291,304
236,291,304
237,291,305
238,291,305
239,291,305
240,291,305
241,291,305
242,291,305
243,290,304
244,290,304
245,290,304
246,290,304
247,290,304
248,290,304
249,290,303
250,290,303
251,289,303
252,289,303
253,289,303
254,289,302
255,289,302
256,289,302
257,289,302
258,288,302
259,288,302
260,288,301
261,288,301
262,288,301
263,288,301
264,287,301
265,287,301
266,287,300
267,287,300
268,287,300
269,287,300
270,286,300
271,286,300
272,286,299
273,286,299
274,286,299
275,286,299
276,285,299
277,285,299
278,285,299
279,285,298
280,285,298
281,284,298
282,284,298
283,284,298
284,284,298
285,284,298
286,284,298
287,283,297
288,283,297
289,283,297
290,283,297
291,282,297
292,282,297
293,282,297
294,282,297
295,282,297
296,281,296
297,281,296
298,281,296
299,281,296
300,281,296
301,280,296
302,280,296
303,280,296
304,280,296
305,280,295
306,279,295
307,279,295
308,279,295
309,279,295
310,278,295
311,278,295
312,278,295
313,278,295
314,278,295
315,277,294
316,277,294
317,277,294
318,277,294
319,276,294
320,276,294
321,276,294
322,276,294
323,276,294
324,275,294
325,275,294
326,275,293
327,275,293
328,275,293
329,275,293
330,275,293
331,275,293
332,275,293
333,274,293
334,275,293
335,275,293
336,275,292
337,275,292
338,275,292
339,276,292
340,276,292
341,276,292
342,276,292
343,277,292
344,277,292
345,278,292
346,278,292
347,279,292
348,280,292
349,280,292
350,281,291
351,282,291
352,283,291
353,284,291
354,285,290
355,286,289
0,0
1,357
147,351,354
148,350,355
149,349,356
150,349,357
151,349,358
152,349,359
153,349,360
154,349,361
155,348,362
156,348,363
157,348,363
158,348,364
159,348,365
160,348,365
161,348,366
162,348,366
163,348,367
164,347,367
165,347,367
166,347,368
167,347,368
168,347,369
169,347,369
170,347,369
171,347,369
172,347,369
173,347,370
174,346,370
175,346,370
176,346,370
177,346,370
178,346,371
179,346,370
180,346,370
181,346,370
182,346,370
183,346,370
184,346,370
185,345,370
186,345,369
187,345,369
188,345,369
189,345,369
190,345,369
191,345,368
192,345,368
193,345,368
194,345,368
195,344,367
196,344,367
197,344,367
198,344,367
199,344,366
200,344,366
201,344,366
202,344,366
203,344,366
204,343,365
205,343,365
206,343,365
207,343,365
208,343,364
209,343,364
210,343,364
211,343,364
212,343,364
213,343,363
214,342,363
215,342,363
216,342,363
217,342,363
218,342,362
219,342,362
220,342,362
221,342,362
222,342,362
223,341,362
224,341,361
225,341,361
226,341,361
227,341,361
228,341,361
229,341,360
230,341,360
231,341,360
232,341,360
233,340,360
234,340,360
235,340,359
236,340,359
237,340,359
238,340,359
239,340,359
240,340,359
241,340,358
242,339,358
243,339,358
244,339,358
245,339,358
246,339,358
247,339,358
248,339,357
249,339,357
250,339,357
251,338,357
252,338,357
253,338,357
254,338,357
255,338,356
256,338,356
257,338,356
258,338,356
259,338,356
260,337,356
261,337,356
262,337,355
263,337,355
264,337,355
265,337,355
266,337,355
267,337,355
268,337,355
269,337,355
270,336,355
271,336,354
272,336,354
273,336,354
274,336,354
275,336,354
276,336,354
277,336,354
278,336,354
279,335,354
280,335,353
281,335,353
282,335,353
283,335,353
284,335,353
285,335,353
286,335,353
287,335,353
288,334,353
289,334,353
290,334,352
291,334,352
292,334,352
293,334,352
294,334,352
295,334,352
296,333,352
297,333,352
298,333,352
299,333,352
300,333,352
301,333,351
302,333,351
303,333,351
304,333,351
305,332,351
306,332,351
307,332,351
308,332,351
309,332,351
310,332,351
311,332,351
312,332,351
313,332,351
314,331,350
315,331,350
316,331,350
317,331,350
318,331,350
319,331,350
320,331,350
321,331,350
322,330,350
323,330,350
324,330,350
325,330,350
326,330,350
327,330,350
328,330,350
329,330,350
330,329,350
331,329,349
332,329,349
333,329,349
334,329,349
335,329,349
336,329,349
337,328,349
338,328,349
339,328,349
340,328,349
341,328,349
342,328,349
343,328,349
344,328,349
345,327,349
346,327,349
347,327,349
348,327,349
349,327,349
350,327,349
351,327,349
352,327,349
353,326,349
354,326,349
355,326,349
356,326,349
357,326,349
358,326,349
359,326,349
360,325,349
361,325,349
362,325,349
363,325,349
364,325,349
365,325,349
366,324,349
367,324,349
368,324,349
369,324,349
370,324,349
371,324,349
372,324,349
373,323,349
374,323,349
375,323,349
376,323,349
377,323,349
378,323,349
379,323,349
380,322,349
381,322,349
382,322,349
383,322,349
384,322,349
385,322,349
386,321,349
387,321,349
388,321,349
389,321,349
390,321,349
391,321,349
392,320,349
393,320,349
394,320,349
395,320,349
396,320,349
397,320,349
398,319,349
399,319,349
400,319,349
401,319,349
402,319,349
403,346,349
403,319,350
404,346,349
404,318,350
405,346,349
405,318,350
406,346,349
406,318,350
407,346,349
407,318,350
408,346,349
408,318,350
409,346,349
409,318,350
410,346,349
410,317,350
411,346,349
411,317,350
412,346,349
412,317,350
413,346,349
413,317,350
414,346,349
414,317,350
415,346,349
415,317,350
416,346,349
416,316,350
417,346,349
417,316,350
418,346,349
418,316,350
419,346,349
419,316,350
420,346,349
420,316,350
421,346,349
421,316,350
422,346,349
422,315,350
423,346,349
423,316,350
424,346,349
424,316,350
425,346,349
425,316,350
426,346,349
426,316,350
427,346,349
427,316,350
428,346,349
428,317,350
429,346,349
429,317,350
430,346,349
430,317,350
431,346,349
431,317,350
432,346,349
432,317,350
433,346,349
433,318,350
434,346,349
434,318,351
435,346,349
435,318,351
436,346,349
436,319,351
437,346,349
437,319,351
438,320,351
439,320,351
440,320,351
441,321,351
442,321,351
443,322,351
444,322,351
445,323,351
446,324,351
447,324,351
448,325,351
449,326,351
450,326,351
451,327,351
452,327,351
453,328,351
454,329,351
455,330,351
456,331,351
457,331,350
458,332,350
459,333,350
460,334,350
461,335,350
462,336,350
463,337,349
464,338,349
465,339,348
466,340,347
467,342,346
467,342,345
0,0
0,260
205,276,280
206,273,283
207,271,286
208,269,288
209,268,290
210,267,292
211,267,294
212,267,295
213,267,297
214,267,298
215,267,300
216,268,301
217,268,302
218,269,303
219,269,304
220,270,305
221,270,306
222,271,306
223,272,307
224,272,307
225,273,307
226,273,308
227,274,308
228,274,308
229,274,308
230,275,307
231,275,307
232,275,307
233,275,307
234,275,306
235,276,306
236,276,306
237,276,306
238,276,306
239,276,305
240,276,305
241,276,305
242,276,305
243,276,305
244,276,305
245,276,304
246,277,304
247,277,304
248,277,304
249,277,304
250,277,304
251,277,304
252,277,304
253,277,304
254,277,304
255,277,304
256,277,304
257,277,304
258,277,304
259,277,303
260,277,303
261,277,303
262,277,303
263,277,303
264,277,303
265,277,303
266,277,303
267,277,303
268,277,303
269,277,303
270,277,303
271,277,303
272,277,303
273,277,303
274,277,303
275,277,303
276,277,303
277,277,303
278,277,303
279,277,303
280,277,303
281,277,303
282,277,302
283,278,302
284,278,302
285,278,302
286,278,302
287,278,302
288,278,302
289,278,302
290,278,302
291,278,302
292,278,302
293,278,302
294,278,302
295,278,302
296,278,302
297,278,302
298,278,302
299,278,302
300,278,302
301,278,302
302,278,302
303,278,302
304,278,302
305,278,302
306,277,302
307,277,302
308,277,302
309,277,302
310,277,302
311,277,302
312,277,301
313,277,301
314,277,301
315,277,301
316,277,301
317,277,301
318,277,301
319,277,301
320,277,301
321,277,301
322,277,301
323,277,301
324,277,301
325,277,301
326,277,301
327,277,301
328,277,301
329,277,301
330,277,301
331,277,301
332,277,301
333,277,301
334,277,301
335,277,301
336,277,301
337,277,301
338,277,301
339,277,301
340,277,301
341,277,301
342,277,301
343,277,301
344,277,301
345,277,301
346,277,301
347,277,301
348,277,301
349,277,301
350,277,301
351,277,301
352,277,301
353,277,301
354,277,301
355,277,301
356,277,301
357,277,301
358,277,301
359,277,301
360,277,301
361,277,301
362,277,301
363,277,301
364,277,301
365,277,301
366,277,301
367,277,301
368,277,301
369,277,301
370,277,301
371,276,301
372,276,301
373,276,301
374,276,301
375,276,301
376,276,301
377,276,301
378,276,301
379,276,301
380,276,301
381,276,301
382,276,301
383,276,301
384,276,301
385,276,301
386,276,301
387,276,301
388,276,301
389,276,301
390,276,301
391,276,301
392,276,301
393,276,301
394,276,301
395,276,301
396,276,301
397,276,301
398,276,301
399,276,301
400,276,301
401,276,301
402,276,301
403,276,301
404,276,301
405,276,301
406,276,301
407,276,301
408,276,301
409,276,300
410,276,300
411,276,300
412,276,300
413,276,300
414,276,300
415,276,300
416,276,300
417,276,300
418,276,300
419,276,300
420,276,300
421,276,300
422,276,300
423,276,299
424,276,299
425,276,299
426,276,299
427,276,299
428,276,299
429,276,299
430,276,299
431,276,299
432,276,298
433,276,298
434,277,298
435,277,298
436,277,298
437,277,298
438,277,298
439,277,298
440,277,298
441,277,298
442,277,297
443,277,297
444,277,297
445,277,297
446,277,297
447,278,297
448,278,297
449,278,296
450,278,296
451,278,296
452,279,296
453,279,295
454,279,295
455,280,295
456,280,294
457,280,294
458,281,293
459,281,293
460,282,292
461,282,292
462,283,291
463,284,289
464,287,287
0,0
