0,143
100,94,94
101,90,97
102,90,100
103,89,102
104,89,104
105,89,105
106,89,107
107,89,108
108,89,110
109,89,111
110,89,113
111,89,114
112,90,115
113,90,116
114,91,117
115,91,118
116,92,119
117,92,120
118,93,121
119,93,121
120,93,122
121,94,122
122,94,123
123,94,123
124,95,123
125,95,123
126,95,123
127,95,123
128,96,123
129,96,123
130,96,123
131,96,123
132,97,122
133,97,122
134,97,122
135,97,122
136,97,122
137,97,122
138,98,122
139,98,122
140,98,122
141,98,122
142,98,122
143,98,122
144,98,122
145,98,122
146,98,122
147,98,122
148,98,121
149,99,121
150,99,121
151,99,121
152,99,121
153,99,121
154,99,121
155,99,121
156,99,121
157,99,121
158,99,121
159,99,121
160,99,121
161,99,121
162,99,121
163,99,121
164,99,121
165,98,121
166,98,121
167,98,122
168,98,122
169,98,122
170,98,122
171,98,122
172,98,122
173,98,122
174,98,122
175,98,122
176,98,122
177,98,122
178,98,122
179,98,122
180,98,122
181,98,122
182,97,122
183,97,122
184,97,122
185,97,122
186,97,122
187,97,122
188,97,122
189,97,122
190,97,122
191,97,122
192,97,122
193,97,122
194,96,122
195,96,122
196,96,122
197,96,122
198,96,122
199,96,122
200,96,123
201,96,123
202,95,123
203,95,123
204,95,123
205,95,123
206,95,123
207,95,123
208,95,123
209,95,123
210,94,123
211,94,123
212,94,123
213,94,123
214,94,123
215,94,123
216,95,123
217,95,122
218,95,122
219,95,122
220,95,122
221,96,122
222,96,122
223,97,122
224,97,122
225,97,122
226,98,122
227,99,122
228,99,121
229,100,121
230,100,121
231,101,121
232,102,121
233,103,121
234,103,120
235,104,120
236,105,120
237,106,120
238,107,119
239,109,119
240,110,119
241,112,118
242,114,117
0,0
0,231
54,171,171
55,168,176
56,166,179
57,164,181
58,164,184
59,164,186
60,164,187
61,164,189
62,164,191
63,164,193
64,165,194
65,165,195
66,166,197
67,166,198
68,166,199
69,167,199
70,167,200
71,168,200
72,168,201
73,169,201
74,169,201
75,170,201
76,170,201
77,171,201
78,171,201
79,171,201
80,172,201
81,172,201
82,172,201
83,172,201
84,173,201
85,173,201
86,173,201
87,173,201
88,173,201
89,174,201
90,174,201
91,174,201
92,174,201
93,174,201
94,174,201
95,174,201
96,175,200
97,175,200
98,175,200
99,175,200
100,175,200
101,175,200
102,175,200
103,175,200
104,175,200
105,175,200
106,176,200
107,176,200
108,176,200
109,176,200
110,176,200
111,176,201
112,176,201
113,176,201
114,176,201
115,176,201
116,176,201
117,176,201
118,176,201
119,176,201
120,177,201
121,177,201
122,177,201
123,177,201
124,177,201
125,177,201
126,177,201
127,177,201
128,177,201
129,177,201
130,177,201
131,177,201
132,177,201
133,177,201
134,177,201
135,177,201
136,177,201
137,177,201
138,177,201
139,177,201
140,177,201
141,177,201
142,177,201
143,177,201
144,177,201
145,177,201
146,177,201
147,177,201
148,177,201
149,177,201
150,177,201
151,178,201
152,178,201
153,178,201
154,178,201
155,178,201
156,178,201
157,178,201
158,178,201
159,178,201
160,178,201
161,178,201
162,178,201
163,178,201
164,178,201
165,178,201
166,178,201
167,178,201
168,178,201
169,178,201
170,178,201
171,178,201
172,178,201
173,177,201
174,177,201
175,177,201
176,177,201
177,177,201
178,177,201
179,177,201
180,177,201
181,177,201
182,177,201
183,177,201
184,177,201
185,177,201
186,177,201
187,177,201
188,177,201
189,177,201
190,177,201
191,177,201
192,177,201
193,177,201
194,177,201
195,177,201
196,177,201
197,176,201
198,176,201
199,176,201
200,176,201
201,176,201
202,176,201
203,176,202
204,176,202
205,176,202
206,176,202
207,176,202
208,175,202
209,175,202
210,175,202
211,175,202
212,175,202
213,175,202
214,175,202
215,175,202
216,174,202
217,174,202
218,174,202
219,174,202
220,174,202
221,174,202
222,173,202
223,173,202
224,173,202
225,173,202
226,173,202
227,173,202
228,172,202
229,172,202
230,172,202
231,172,202
232,172,202
233,171,202
234,171,202
235,171,202
236,171,202
237,171,202
238,171,202
239,170,202
240,170,202
241,170,202
242,170,202
243,170,202
244,170,202
245,170,201
246,170,201
247,170,201
248,170,201
249,170,201
250,170,201
251,170,201
252,170,201
253,171,201
254,171,201
255,171,201
256,171,201
257,172,201
258,172,201
259,172,201
260,172,201
261,173,201
262,173,201
263,173,201
264,174,201
265,174,201
266,175,201
267,175,201
268,176,200
269,176,200
270,177,200
271,177,200
272,178,200
273,178,199
274,179,199
275,179,198
276,180,198
277,181,197
278,182,197
279,182,196
280,183,195
281,184,195
282,185,194
283,187,192
284,190,190
0,0
0,172
48,292,295
49,288,301
50,287,304
51,286,306
52,285,308
53,285,310
54,285,312
55,286,314
56,286,315
57,286,317
58,287,319
59,287,320
60,288,321
61,288,323
62,289,324
63,289,325
64,289,326
65,290,327
66,290,328
67,290,328
68,290,329
69,290,329
70,290,330
71,291,330
72,291,330
73,291,330
74,291,330
75,291,330
76,291,329
77,290,329
78,290,328
79,290,328
80,290,327
81,290,326
82,290,325
83,290,325
84,289,324
85,289,323
86,289,323
87,289,322
88,289,322
89,288,321
90,288,320
91,288,320
92,288,319
93,287,319
94,287,318
95,287,318
96,286,317
97,286,317
98,286,316
99,285,315
100,285,315
101,285,314
102,284,314
103,284,313
104,284,313
105,283,312
106,283,312
107,283,311
108,282,311
109,282,310
110,282,310
111,281,309
112,281,309
113,280,309
114,280,308
115,280,308
116,279,307
117,279,307
118,278,306
119,278,306
120,278,305
121,277,305
122,277,304
123,276,304
124,276,303
125,275,303
126,275,302
127,275,302
128,274,301
129,274,301
130,273,300
131,273,300
132,272,299
133,272,298
134,271,298
135,271,297
136,271,297
137,270,296
138,270,296
139,269,295
140,269,295
141,268,294
142,268,293
143,267,293
144,267,292
145,266,292
146,266,291
147,265,290
148,265,290
149,264,289
150,264,289
151,263,288
152,263,287
153,262,287
154,262,286
155,261,286
156,261,285
157,260,284
158,260,284
159,259,283
160,259,283
161,258,282
162,257,281
163,257,280
164,256,280
165,256,279
166,255,279
167,255,278
168,254,277
169,254,277
170,253,276
171,253,275
172,252,274
173,252,274
174,251,273
175,250,272
176,250,272
177,249,271
178,249,270
179,248,269
180,248,269
181,247,268
182,247,267
183,246,266
184,245,266
185,245,265
186,244,264
187,244,263
188,243,263
189,242,262
190,242,261
191,241,260
192,241,259
193,240,259
194,240,258
195,239,257
196,238,256
197,238,255
198,237,254
199,237,253
200,236,253
201,235,252
202,235,251
203,234,250
204,234,249
205,233,248
206,232,247
207,232,246
208,231,245
209,230,244
210,230,243
211,229,242
212,228,241
213,228,240
214,228,239
215,227,237
216,227,236
217,227,234
218,227,233
219,230,230
0,0
1,145
279,146,149
280,145,150
281,145,150
282,144,151
283,144,152
284,144,152
285,144,153
286,143,153
287,143,154
288,143,154
289,143,155
290,143,155
291,142,156
292,142,156
293,142,157
294,142,157
295,142,157
296,142,158
297,142,158
298,142,158
299,142,159
300,142,159
301,142,159
302,142,160
303,142,160
304,141,160
305,141,160
306,141,160
307,141,161
308,141,161
309,141,161
310,141,161
311,141,161
312,141,161
313,141,161
314,140,161
315,140,161
316,140,161
317,140,161
318,140,161
319,140,162
320,140,161
321,139,161
322,139,161
323,139,161
324,139,161
325,139,161
326,139,161
327,139,161
328,138,160
329,138,160
330,138,160
331,138,160
332,138,160
333,138,160
334,137,159
335,137,159
336,137,159
337,137,159
338,137,159
339,136,158
340,136,158
341,136,158
342,136,158
343,136,158
344,135,158
345,135,157
346,135,157
347,135,157
348,134,157
349,134,157
350,134,157
351,134,156
352,133,156
353,133,156
354,133,156
355,133,156
356,132,155
357,132,155
358,132,155
359,132,155
360,131,155
361,131,155
362,131,154
363,131,154
364,130,154
365,130,154
366,130,154
367,129,154
368,129,153
369,129,153
370,129,153
371,128,153
372,128,153
373,128,152
374,127,152
375,127,152
376,127,152
377,126,152
378,126,152
379,126,151
380,126,151
381,125,151
382,125,151
383,125,151
384,125,151
385,125,150
386,125,150
387,125,150
388,124,150
389,124,150
390,124,149
391,124,149
392,124,149
393,124,149
394,124,149
395,124,149
396,124,148
397,124,148
398,124,148
399,124,148
400,124,148
401,125,147
402,125,147
403,125,147
404,126,147
405,126,147
406,126,146
407,127,146
408,127,146
409,127,146
410,127,145
411,128,145
412,128,145
413,129,145
414,129,145
415,129,144
416,130,144
417,130,144
418,131,143
419,132,143
420,133,142
421,134,141
422,136,140
422,136,139
0,0
0,67
196,311,314
197,308,319
198,307,322
199,307,325
200,307,328
201,307,331
202,307,333
203,307,336
204,308,338
205,308,341
206,308,343
207,309,345
208,310,348
209,311,350
210,311,352
211,312,354
212,313,356
213,314,358
214,315,360
215,316,362
216,317,364
217,319,365
218,320,367
219,321,368
220,322,369
221,323,371
222,324,372
223,326,373
224,327,374
225,328,375
226,329,375
227,330,376
228,331,377
229,333,378
230,334,378
231,335,379
232,336,379
233,337,380
234,338,380
235,339,380
236,340,380
237,341,381
238,343,381
239,344,381
240,345,381
241,346,382
242,347,382
243,348,382
244,349,382
245,350,382
246,351,382
247,352,382
248,353,382
249,354,382
250,356,382
251,357,382
252,358,382
253,359,382
254,360,382
255,361,382
256,362,381
257,363,381
258,364,380
259,365,379
260,367,378
261,371,376
262,373,373
0,0
0,127
306,120,120
307,117,128
308,115,131
309,114,133
310,113,135
311,113,137
312,113,139
313,113,141
314,114,142
315,114,144
316,115,145
317,116,146
318,116,147
319,117,148
320,118,149
321,118,150
322,119,150
323,120,151
324,120,151
325,121,151
326,121,151
327,122,151
328,122,151
329,122,151
330,123,151
331,123,151
332,123,151
333,123,151
334,124,151
335,124,151
336,124,151
337,124,152
338,124,152
339,125,152
340,125,152
341,125,152
342,125,152
343,125,152
344,126,152
345,126,152
346,126,152
347,126,153
348,126,153
349,127,153
350,127,153
351,127,153
352,127,153
353,127,153
354,127,153
355,128,153
356,128,153
357,128,154
358,128,154
359,128,154
360,129,154
361,129,154
362,129,154
363,129,154
364,129,154
365,129,154
366,130,154
367,130,155
368,130,155
369,130,155
370,130,155
371,130,155
372,131,155
373,131,155
374,131,155
375,131,155
376,131,156
377,131,156
378,132,156
379,132,156
380,132,156
381,132,156
382,132,156
383,132,156
384,133,156
385,133,156
386,133,157
387,133,157
388,134,157
389,134,157
390,134,157
391,134,157
392,134,157
393,134,157
394,135,157
395,135,158
396,135,158
397,135,158
398,135,158
399,135,158
400,136,158
401,136,158
402,136,158
403,136,158
404,136,158
405,136,159
406,137,159
407,137,159
408,137,159
409,137,159
410,137,159
411,137,159
412,138,159
413,138,159
414,138,160
415,138,160
416,138,160
417,138,160
418,139,160
419,139,160
420,139,160
421,139,160
422,139,160
423,140,161
424,140,161
425,140,161
426,140,161
427,140,161
428,140,161
429,141,161
430,141,159
431,141,150
432,141,142
0,0
1,230
124,319,320
125,318,322
126,317,323
127,317,324
128,317,325
129,317,326
130,317,327
131,316,328
132,316,328
133,316,329
134,316,330
135,316,330
136,316,331
137,316,331
138,316,332
139,316,332
140,316,332
141,316,333
142,316,333
143,316,333
144,316,334
145,315,334
146,315,334
147,315,334
148,315,334
149,315,334
150,315,335
151,315,335
152,315,335
153,315,335
154,315,335
155,315,334
156,315,334
157,315,334
158,315,334
159,315,334
160,315,333
161,315,333
162,315,333
163,314,333
164,314,332
165,314,332
166,314,332
167,314,332
168,314,332
169,314,332
170,314,331
171,314,331
172,314,331
173,314,331
174,314,331
175,314,331
176,314,331
177,313,330
178,313,330
179,313,330
180,313,330
181,313,330
182,313,330
183,313,329
184,313,329
185,313,329
186,313,329
187,313,329
188,313,329
189,313,328
190,313,328
191,312,328
192,312,328
193,312,328
194,312,328
195,312,328
196,312,327
197,312,327
198,312,327
199,312,327
200,312,327
201,312,327
202,312,326
203,311,326
204,311,326
205,311,326
206,311,326
207,311,326
208,311,326
209,311,325
210,311,325
211,311,325
212,311,325
213,311,325
214,311,325
215,311,325
216,311,324
217,310,324
218,310,324
219,310,324
220,310,324
221,310,324
222,310,324
223,310,324
224,310,323
225,310,323
226,310,323
227,309,323
228,309,323
229,309,323
230,309,323
231,309,322
232,309,322
233,309,322
234,309,322
235,309,322
236,309,322
237,309,322
238,308,322
239,308,321
240,308,321
241,308,321
242,308,321
243,308,321
244,308,321
245,308,321
246,308,320
247,308,320
248,308,320
249,307,320
250,307,320
251,307,320
252,307,320
253,307,320
254,307,320
255,307,319
256,307,319
257,307,319
258,306,319
259,306,319
260,306,319
261,306,319
262,306,319
263,306,319
264,306,318
265,306,318
266,306,318
267,305,318
268,305,318
269,305,318
270,305,318
271,305,318
272,305,318
273,305,317
274,305,317
275,305,317
276,305,317
277,304,317
278,304,317
279,304,317
280,304,317
281,304,317
282,304,317
283,304,317
284,304,316
285,303,316
286,303,316
287,303,316
288,303,316
289,303,316
290,303,316
291,303,316
292,303,315
293,303,315
294,302,315
295,302,315
296,302,315
297,302,315
298,302,315
299,302,315
300,302,315
301,302,315
302,301,315
303,301,315
304,301,315
305,301,315
306,301,315
307,301,315
308,301,315
309,300,315
310,300,315
311,300,315
312,300,315
313,300,315
314,300,315
315,300,315
316,299,315
317,299,315
318,299,315
319,299,315
320,299,315
321,299,315
322,299,315
323,299,315
324,298,315
325,298,315
326,298,315
327,298,315
328,298,315
329,298,315
330,297,315
331,297,315
332,297,315
333,297,315
334,297,315
335,297,315
336,315,315
336,297,316
337,315,315
337,296,316
338,315,315
338,296,316
339,315,315
339,296,316
340,315,315
340,296,317
341,315,315
341,296,317
342,315,315
342,296,318
343,315,315
343,296,316
344,295,305
345,295,295
0,120
295,345,350
296,344,354
297,344,357
298,344,360
299,344,362
300,344,364
301,344,366
302,344,368
303,344,370
304,344,372
305,344,374
306,343,375
307,343,377
308,343,378
309,343,380
310,343,381
311,343,383
312,343,384
313,343,385
314,343,386
315,343,387
316,342,388
317,342,388
318,342,389
319,343,389
320,343,389
321,344,390
322,344,390
323,344,390
324,344,389
325,344,389
326,344,389
327,344,388
328,344,388
329,344,387
330,344,386
331,344,385
332,344,384
333,344,384
334,344,383
335,344,383
336,344,382
337,344,381
338,344,381
339,343,380
340,343,380
341,343,379
342,343,379
343,343,378
344,343,378
345,343,377
346,343,377
347,342,376
348,342,376
349,342,375
350,342,375
351,342,375
352,342,374
353,342,374
354,341,373
355,341,373
356,341,373
357,341,372
358,341,372
359,340,371
360,340,371
361,340,371
362,340,370
363,340,370
364,340,369
365,339,369
366,339,369
367,339,368
368,339,368
369,339,368
370,339,367
371,338,367
372,338,366
373,338,366
374,338,366
375,337,365
376,337,365
377,337,365
378,337,364
379,337,364
380,337,364
381,336,363
382,336,363
383,336,363
384,336,362
385,335,362
386,335,362
387,335,361
388,335,361
389,335,361
390,334,360
391,334,360
392,334,360
393,334,359
394,334,359
395,333,359
396,333,359
397,333,358
398,333,358
399,332,358
400,332,357
401,332,357
402,332,357
403,332,357
404,331,356
405,331,356
406,331,356
407,331,355
408,330,355
409,330,355
410,330,355
411,330,354
412,330,354
413,329,351
414,329,336
0,0
0,107
316,194,197
317,191,201
318,190,204
319,189,206
320,189,208
321,189,210
322,189,212
323,189,214
324,190,215
325,190,216
326,190,218
327,191,219
328,191,220
329,192,221
330,192,222
331,193,222
332,193,223
333,194,223
334,194,224
335,195,224
336,195,224
337,196,224
338,196,225
339,196,225
340,197,225
341,197,225
342,197,225
343,198,224
344,198,224
345,198,224
346,198,224
347,199,224
348,199,224
349,199,224
350,199,224
351,200,224
352,200,224
353,200,224
354,200,224
355,200,224
356,201,223
357,201,223
358,201,223
359,201,223
360,201,223
361,201,223
362,202,223
363,202,223
364,202,223
365,202,223
366,202,223
367,202,223
368,202,223
369,202,223
370,203,223
371,203,223
372,203,223
373,203,223
374,203,223
375,203,223
376,203,223
377,203,223
378,203,223
379,204,223
380,204,223
381,204,223
382,204,223
383,204,223
384,204,223
385,204,223
386,204,223
387,204,223
388,204,223
389,205,223
390,205,223
391,205,223
392,205,223
393,205,223
394,205,223
395,205,223
396,205,223
397,205,223
398,205,223
399,206,223
400,206,223
401,206,223
402,206,223
403,206,223
404,206,224
405,206,224
406,206,224
407,206,224
408,206,224
409,207,224
410,207,224
411,207,224
412,207,224
413,207,224
414,207,224
415,207,224
416,207,224
417,207,224
418,207,224
419,207,224
420,208,224
421,208,217
422,208,208
0,0
0,111
310,273,277
311,270,281
312,269,284
313,269,286
314,269,287
315,269,289
316,269,290
317,269,292
318,269,293
319,269,294
320,270,296
321,270,297
322,271,298
323,271,299
324,271,300
325,271,301
326,272,302
327,272,302
328,272,303
329,272,304
330,272,304
331,273,304
332,273,304
333,273,304
334,273,303
335,273,303
336,273,303
337,273,302
338,273,301
339,273,301
340,273,301
341,273,300
342,273,300
343,273,300
344,273,299
345,273,299
346,273,298
347,273,298
348,273,298
349,273,298
350,273,297
351,273,297
352,272,297
353,272,296
354,272,296
355,272,296
356,272,296
357,272,295
358,272,295
359,272,295
360,272,294
361,272,294
362,271,294
363,271,294
364,271,293
365,271,293
366,271,293
367,271,292
368,271,292
369,271,292
370,270,292
371,270,291
372,270,291
373,270,291
374,270,291
375,270,290
376,270,290
377,270,290
378,269,289
379,269,289
380,269,289
381,269,289
382,269,288
383,269,288
384,269,288
385,268,288
386,268,287
387,268,287
388,268,287
389,268,287
390,268,286
391,267,286
392,267,286
393,267,285
394,267,285
395,267,285
396,267,285
397,267,284
398,266,284
399,266,284
400,266,283
401,266,283
402,266,283
403,266,283
404,265,282
405,265,282
406,265,282
407,265,282
408,265,281
409,265,281
410,264,281
411,264,280
412,264,280
413,264,280
414,264,280
415,264,279
416,263,279
417,263,279
418,263,279
419,263,275
420,263,265
0,0
1,547
46,422,426
47,421,427
48,421,429
49,421,430
50,421,431
51,421,432
52,420,433
53,420,434
54,420,435
55,420,436
56,420,437
57,420,437
58,420,438
59,420,439
60,420,439
61,420,440
62,420,440
63,420,441
64,420,441
65,420,442
66,420,442
67,420,443
68,420,443
69,420,443
70,420,444
71,419,444
72,419,444
73,419,444
74,419,445
75,419,445
76,419,445
77,419,445
78,419,445
79,419,445
80,419,445
81,419,445
82,419,445
83,419,446
84,419,445
85,419,445
86,419,445
87,419,445
88,419,445
89,419,444
90,419,444
91,419,444
92,419,444
93,419,444
94,418,444
95,418,443
96,418,443
97,418,443
98,418,443
99,418,443
100,418,442
101,418,442
102,418,442
103,418,442
104,418,442
105,418,442
106,418,441
107,418,441
108,418,441
109,418,441
110,418,441
111,418,441
112,418,440
113,418,440
114,418,440
115,418,440
116,417,440
117,417,440
118,417,439
119,417,439
120,417,439
121,417,439
122,417,439
123,417,439
124,417,439
125,417,438
126,417,438
127,417,438
128,417,438
129,417,438
130,417,438
131,417,437
132,417,437
133,417,437
134,417,437
135,417,437
136,417,437
137,416,437
138,416,436
139,416,436
140,416,436
141,416,436
142,416,436
143,416,436
144,416,436
145,416,436
146,416,435
147,416,435
148,416,435
149,416,435
150,416,435
151,416,435
152,416,435
153,416,435
154,416,435
155,416,434
156,416,434
157,416,434
158,416,434
159,415,434
160,415,434
161,415,434
162,415,434
163,415,433
164,415,433
165,415,433
166,415,433
167,415,433
168,415,433
169,415,433
170,415,433
171,415,433
172,415,433
173,415,432
174,415,432
175,415,432
176,415,432
177,414,432
178,414,432
179,414,432
180,414,432
181,414,432
182,414,432
183,414,431
184,414,431
185,414,431
186,414,431
187,414,431
188,414,431
189,414,431
190,414,431
191,414,431
192,414,431
193,414,431
194,414,431
195,414,430
196,414,430
197,413,430
198,413,430
199,413,430
200,413,430
201,413,430
202,413,430
203,413,430
204,413,430
205,413,430
206,413,430
207,413,430
208,413,429
209,413,429
210,413,429
211,413,429
212,413,429
213,413,429
214,413,429
215,412,429
216,412,429
217,412,429
218,412,429
219,412,429
220,412,429
221,412,429
222,412,429
223,412,429
224,412,429
225,412,428
226,412,428
227,412,428
228,412,428
229,412,428
230,412,428
231,412,428
232,412,428
233,411,428
234,411,428
235,411,428
236,411,427
237,411,427
238,411,427
239,411,427
240,411,427
241,411,427
242,411,427
243,411,427
244,411,427
245,411,427
246,411,427
247,411,427
248,411,427
249,411,427
250,411,427
251,411,427
252,411,427
253,410,427
254,410,427
255,410,427
256,410,427
257,410,427
258,410,427
259,410,427
260,410,427
261,410,427
262,410,427
263,410,427
264,410,427
265,410,427
266,410,427
267,410,427
268,409,427
269,409,427
270,409,427
271,409,427
272,409,427
273,409,427
274,409,427
275,409,427
276,409,427
277,409,427
278,409,427
279,409,427
280,409,427
281,409,427
282,409,427
283,408,427
284,408,427
285,408,427
286,408,427
287,408,427
288,408,427
289,408,427
290,408,427
291,408,427
292,408,427
293,408,427
294,408,427
295,408,427
296,408,427
297,408,427
298,407,427
299,407,427
300,407,427
301,407,427
302,407,427
303,407,427
304,407,427
305,407,427
306,407,427
307,407,427
308,407,427
309,407,427
310,407,427
311,406,427
312,419,427
312,406,428
313,419,427
313,406,428
314,419,427
314,406,428
315,419,427
315,406,428
316,419,427
316,406,428
317,419,427
317,406,428
318,419,427
318,406,428
319,419,427
319,406,428
320,419,427
320,406,428
321,419,427
321,406,428
322,419,427
322,406,428
323,419,427
323,406,428
324,419,427
324,405,428
325,419,427
325,405,428
326,419,427
326,405,428
327,419,427
327,405,428
328,419,427
328,405,428
329,419,427
329,405,428
330,419,427
330,405,428
331,419,427
331,405,428
332,419,427
332,405,428
333,419,427
333,405,428
334,419,427
334,405,428
335,419,427
335,405,428
336,419,427
336,404,428
337,419,427
337,404,428
338,419,427
338,404,428
339,419,427
339,404,429
340,419,427
340,404,429
341,419,427
341,404,429
342,419,427
342,404,429
343,419,427
343,404,429
344,419,427
344,404,429
345,419,427
345,404,429
346,419,427
346,404,429
347,419,427
347,404,429
348,419,427
348,403,429
349,419,427
349,403,429
350,419,427
350,403,429
351,419,427
351,403,429
352,419,427
352,403,429
353,419,427
353,403,429
354,419,427
354,403,430
355,419,427
355,403,430
356,419,427
356,403,430
357,419,427
357,403,430
358,419,427
358,402,430
359,419,427
359,402,430
360,419,427
360,402,430
361,419,427
361,402,430
362,419,427
362,402,430
363,419,427
363,402,430
364,419,427
364,402,430
365,419,427
365,402,430
366,419,427
366,402,430
367,419,427
367,402,430
368,419,427
368,401,431
369,419,427
369,401,431
370,419,427
370,401,431
371,419,427
371,401,431
372,419,427
372,401,431
373,419,427
373,401,431
374,419,427
374,401,431
375,419,427
375,401,431
376,419,427
376,401,431
377,419,427
377,400,431
378,419,427
378,400,431
379,419,427
379,400,431
380,419,427
380,400,431
381,419,427
381,400,432
382,419,427
382,400,432
383,419,427
383,400,432
384,419,427
384,400,432
385,419,427
385,400,432
386,419,427
386,400,432
387,419,427
387,399,432
388,419,427
388,399,432
389,419,427
389,399,432
390,419,427
390,399,432
391,419,427
391,399,432
392,419,427
392,399,432
393,419,427
393,399,432
394,419,427
394,399,433
395,419,427
395,398,433
396,419,427
396,398,433
397,419,427
397,398,433
398,419,427
398,398,433
399,419,427
399,398,433
400,419,427
400,398,433
401,419,427
401,398,433
402,419,427
402,398,433
403,419,427
403,397,433
404,419,427
404,397,433
405,419,427
405,397,433
406,419,427
406,397,433
407,419,427
407,397,434
408,419,427
408,397,434
409,419,427
409,397,434
410,419,427
410,397,434
411,419,427
411,397,434
412,419,427
412,396,434
413,419,427
413,397,434
414,419,427
414,397,434
415,419,427
415,397,434
416,419,427
416,397,434
417,419,427
417,397,434
418,419,427
418,397,434
419,419,427
419,397,435
420,419,427
420,397,435
421,419,427
421,398,435
422,419,427
422,398,435
423,419,427
423,398,435
424,419,427
424,398,435
425,419,427
425,399,435
426,419,427
426,399,435
427,419,427
427,399,435
428,419,427
428,400,435
429,419,427
429,400,435
430,419,427
430,400,435
431,419,427
431,401,435
432,419,427
432,401,435
433,419,427
433,402,435
434,419,427
434,402,436
435,419,427
435,403,436
436,419,427
436,403,436
437,419,427
437,404,436
438,419,427
438,405,436
439,419,427
439,405,436
440,419,427
440,406,436
441,407,436
442,407,436
443,408,436
444,409,436
445,409,436
446,410,437
447,411,437
448,412,437
449,412,437
450,413,437
451,414,437
452,415,436
453,416,436
454,417,436
455,418,436
456,419,436
457,420,435
458,421,435
459,422,435
460,423,434
461,425,433
462,427,432
462,432,432
0,0
