0,299
101,62,66
102,59,70
103,57,72
104,56,74
105,56,76
106,56,78
107,56,80
108,56,82
109,57,83
110,57,85
111,57,87
112,58,88
113,58,89
114,58,90
115,59,91
116,59,91
117,59,92
118,60,92
119,60,93
120,61,93
121,61,93
122,62,93
123,62,93
124,63,93
125,63,93
126,63,93
127,64,93
128,64,93
129,65,93
130,65,93
131,65,93
132,66,93
133,66,93
134,66,93
135,66,92
136,67,92
137,67,92
138,67,92
139,67,92
140,67,92
141,68,92
142,68,92
143,68,92
144,68,92
145,68,92
146,68,92
147,68,92
148,68,92
149,69,92
150,69,92
151,69,92
152,69,92
153,69,92
154,69,92
155,69,92
156,69,92
157,69,92
158,69,92
159,70,92
160,70,92
161,70,92
162,70,92
163,70,92
164,70,92
165,70,92
166,70,92
167,70,92
168,70,92
169,70,92
170,70,92
171,70,92
172,70,92
173,70,92
174,71,91
175,71,91
176,71,91
177,71,91
178,71,91
179,71,91
180,71,91
181,71,91
182,71,91
183,71,91
184,71,91
185,71,91
186,71,91
187,71,91
188,71,91
189,71,91
190,71,91
191,71,91
192,71,91
193,71,91
194,71,91
195,71,91
196,71,91
197,71,91
198,71,91
199,71,91
200,71,91
201,71,91
202,71,91
203,71,91
204,71,91
205,71,91
206,71,91
207,71,91
208,71,91
209,71,91
210,71,91
211,71,91
212,71,91
213,71,91
214,71,91
215,71,91
216,71,91
217,71,91
218,71,91
219,71,91
220,71,91
221,71,91
222,71,91
223,71,91
224,71,91
225,71,91
226,71,91
227,71,91
228,71,91
229,71,91
230,71,91
231,71,91
232,71,91
233,71,91
234,71,91
235,71,91
236,71,91
237,71,91
238,71,91
239,71,91
240,71,91
241,71,91
242,71,91
243,71,91
244,71,91
245,71,91
246,71,91
247,71,91
248,71,91
249,71,91
250,71,91
251,71,91
252,71,91
253,71,91
254,71,91
255,71,91
256,71,91
257,71,91
258,71,91
259,70,91
260,70,91
261,70,91
262,70,91
263,70,91
264,70,91
265,70,91
266,70,91
267,70,91
268,70,91
269,70,91
270,70,91
271,70,91
272,70,91
273,70,91
274,70,91
275,70,91
276,70,91
277,70,91
278,69,91
279,69,91
280,69,91
281,69,91
282,69,91
283,69,91
284,69,91
285,69,91
286,69,91
287,69,91
288,69,91
289,69,91
290,69,91
291,68,91
292,68,91
293,68,91
294,68,91
295,68,91
296,68,91
297,68,91
298,68,91
299,68,91
300,68,91
301,67,91
302,67,91
303,67,91
304,67,91
305,67,90
306,67,90
307,67,90
308,67,90
309,66,90
310,66,90
311,66,90
312,66,90
313,66,90
314,66,90
315,66,90
316,65,90
317,65,90
318,65,90
319,65,90
320,65,90
321,65,90
322,64,90
323,64,90
324,64,90
325,64,90
326,64,90
327,64,90
328,63,90
329,63,90
330,63,90
331,63,90
332,63,90
333,62,90
334,62,90
335,62,90
336,62,90
337,62,90
338,61,90
339,61,90
340,61,90
341,61,90
342,60,90
343,60,90
344,60,90
345,60,90
346,60,90
347,59,90
348,59,90
349,59,90
350,59,90
351,58,90
352,58,90
353,58,90
354,58,89
355,58,89
356,58,89
357,58,89
358,58,89
359,58,89
360,58,89
361,58,89
362,58,89
363,58,89
364,58,89
365,58,89
366,58,89
367,58,89
368,58,89
369,58,89
370,58,89
371,59,89
372,59,88
373,59,88
374,59,88
375,60,88
376,60,88
377,60,88
378,61,88
379,61,88
380,61,88
381,62,88
382,62,88
383,63,87
384,63,87
385,64,87
386,64,87
387,65,87
388,65,86
389,66,86
390,66,85
391,67,85
392,68,84
393,68,84
394,69,83
395,70,83
396,71,82
397,72,81
398,73,79
399,76,76
0,0
1,81
65,115,117
66,115,118
67,114,119
68,114,120
69,114,121
70,114,121
71,113,122
72,113,122
73,113,123
74,113,123
75,113,124
76,113,124
77,112,124
78,112,124
79,112,124
80,112,125
81,112,125
82,112,125
83,111,125
84,111,125
85,111,125
86,111,125
87,111,125
88,110,125
89,110,125
90,110,124
91,110,124
92,109,124
93,109,124
94,109,124
95,109,123
96,108,123
97,108,123
98,108,123
99,107,123
100,107,122
101,107,122
102,107,122
103,106,122
104,106,121
105,106,121
106,105,121
107,105,121
108,105,120
109,104,120
110,104,120
111,104,120
112,103,119
113,103,119
114,102,119
115,102,119
116,102,118
117,101,118
118,101,118
119,101,118
120,100,117
121,100,117
122,99,117
123,99,116
124,98,116
125,98,116
126,98,116
127,97,115
128,97,115
129,96,114
130,96,114
131,95,114
132,95,114
133,95,114
134,94,114
135,94,114
136,97,114
137,99,114
138,101,114
139,103,114
140,106,114
141,108,115
142,110,115
143,113,116
144,115,117
145,117,117
0,309
91,145,145
92,139,151
93,136,156
94,134,160
95,135,163
96,135,166
97,136,169
98,136,171
99,137,174
100,137,176
101,137,178
102,138,180
103,138,181
104,139,182
105,139,183
106,140,184
107,140,185
108,141,185
109,141,186
110,141,186
111,142,186
112,142,186
113,143,186
114,143,186
115,144,185
116,144,185
117,144,184
118,145,184
119,146,184
120,147,183
121,147,182
122,147,182
123,148,182
124,148,181
125,148,181
126,148,181
127,149,180
128,149,180
129,149,180
130,149,180
131,149,180
132,150,179
133,150,179
134,150,179
135,150,179
136,150,179
137,150,179
138,151,178
139,151,178
140,151,178
141,151,178
142,151,178
143,151,178
144,151,178
145,151,178
146,151,178
147,152,177
148,152,177
149,152,177
150,152,177
151,152,177
152,152,177
153,152,177
154,152,177
155,152,177
156,152,177
157,152,177
158,152,177
159,152,177
160,153,177
161,153,177
162,153,177
163,153,177
164,153,177
165,153,177
166,153,177
167,153,177
168,153,177
169,153,177
170,153,177
171,153,177
172,153,177
173,153,177
174,153,177
175,153,177
176,153,177
177,153,176
178,153,176
179,154,176
180,154,176
181,154,176
182,154,176
183,154,176
184,154,176
185,154,176
186,154,177
187,154,177
188,154,177
189,154,177
190,154,177
191,154,177
192,154,177
193,154,177
194,154,177
195,154,177
196,154,177
197,154,177
198,154,177
199,154,177
200,154,177
201,154,177
202,154,177
203,154,177
204,154,177
205,154,177
206,154,177
207,154,177
208,154,177
209,154,177
210,154,177
211,154,177
212,154,177
213,154,177
214,154,177
215,154,177
216,154,177
217,154,177
218,154,177
219,154,177
220,154,177
221,155,177
222,155,177
223,155,177
224,155,178
225,155,178
226,155,178
227,155,178
228,155,178
229,155,178
230,155,178
231,155,178
232,155,178
233,155,178
234,155,178
235,155,178
236,155,178
237,155,178
238,155,178
239,155,178
240,155,178
241,155,178
242,155,178
243,155,178
244,155,178
245,155,178
246,155,178
247,155,178
248,155,178
249,155,178
250,155,178
251,155,179
252,155,179
253,155,179
254,155,179
255,155,179
256,155,179
257,155,179
258,154,179
259,154,179
260,154,179
261,154,179
262,154,179
263,154,179
264,154,179
265,154,179
266,154,179
267,154,179
268,154,179
269,154,179
270,154,179
271,154,180
272,154,180
273,154,180
274,154,180
275,154,180
276,154,180
277,154,180
278,154,180
279,154,180
280,154,180
281,154,180
282,154,180
283,154,180
284,154,180
285,154,180
286,154,180
287,154,180
288,154,180
289,154,180
290,154,181
291,154,181
292,154,181
293,154,181
294,154,181
295,154,181
296,153,181
297,153,181
298,153,181
299,153,181
300,153,181
301,153,181
302,153,181
303,153,181
304,153,181
305,153,182
306,153,182
307,153,182
308,153,182
309,153,182
310,153,182
311,153,182
312,153,182
313,153,182
314,153,182
315,153,182
316,153,183
317,153,183
318,153,183
319,152,183
320,152,183
321,152,183
322,152,183
323,152,183
324,152,183
325,152,183
326,152,183
327,152,183
328,152,183
329,152,184
330,152,184
331,152,184
332,152,184
333,152,184
334,152,184
335,152,184
336,151,184
337,151,184
338,151,184
339,151,184
340,151,184
341,151,184
342,151,184
343,151,184
344,151,184
345,151,184
346,151,184
347,151,184
348,151,184
349,151,184
350,151,184
351,151,184
352,151,184
353,150,184
354,150,184
355,149,183
356,140,183
357,136,183
358,136,183
359,135,183
360,136,183
361,136,183
362,136,183
363,137,183
364,137,182
365,138,182
366,138,182
367,139,182
368,140,182
369,140,181
370,141,181
371,141,181
372,142,181
373,143,180
374,143,180
375,144,180
376,145,179
377,145,179
378,146,179
379,147,178
380,147,178
381,148,178
382,149,177
383,149,177
384,150,176
385,151,176
386,152,175
387,152,175
388,153,174
389,154,174
390,154,173
391,155,173
392,156,172
393,156,171
394,157,171
395,158,170
396,159,169
397,160,168
398,161,166
399,164,164
0,0
1,60
81,209,210
82,208,211
83,208,212
84,207,213
85,206,214
86,205,214
87,205,215
88,204,215
89,203,216
90,202,215
91,201,215
92,201,215
93,200,215
94,200,215
95,199,215
96,199,215
97,199,215
98,198,214
99,198,214
100,198,214
101,197,214
102,197,214
103,197,214
104,197,213
105,196,213
106,196,213
107,196,213
108,196,213
109,196,212
110,195,212
111,195,212
112,195,212
113,195,212
114,195,212
115,195,211
116,195,211
117,194,211
118,194,211
119,194,211
120,194,211
121,194,210
122,195,210
123,195,210
124,195,210
125,195,210
126,195,210
127,195,209
128,195,209
129,196,209
130,196,209
131,196,209
132,197,209
133,197,208
134,198,208
135,198,208
136,199,207
137,200,207
138,201,206
139,203,205
139,203,204
0,0
1,68
76,279,281
77,278,282
78,278,283
79,277,284
80,277,285
81,276,285
82,276,285
83,275,286
84,275,286
85,274,286
86,274,286
87,273,286
88,273,286
89,272,285
90,271,285
91,271,285
92,270,285
93,270,285
94,269,285
95,269,285
96,268,284
97,268,284
98,268,284
99,267,284
100,267,284
101,267,284
102,266,283
103,266,283
104,266,283
105,265,283
106,265,282
107,265,282
108,265,282
109,264,282
110,264,282
111,264,281
112,264,281
113,263,281
114,263,281
115,263,281
116,263,280
117,263,280
118,263,280
119,263,280
120,263,280
121,263,279
122,262,279
123,263,279
124,263,279
125,263,279
126,263,279
127,263,278
128,263,278
129,263,278
130,263,278
131,263,278
132,264,278
133,264,277
134,264,277
135,265,277
136,265,277
137,266,277
138,266,276
139,267,276
140,268,275
141,269,275
142,270,274
143,272,273
0,0
1,90
67,367,370
68,367,371
69,366,372
70,366,373
71,366,374
72,365,374
73,365,374
74,365,374
75,365,375
76,364,375
77,364,375
78,364,375
79,364,375
80,363,376
81,363,375
82,363,375
83,363,375
84,362,375
85,362,375
86,362,375
87,362,375
88,361,375
89,361,375
90,361,375
91,361,375
92,360,375
93,360,374
94,360,374
95,360,374
96,359,374
97,359,374
98,359,374
99,359,374
100,358,374
101,358,374
102,358,374
103,357,374
104,357,374
105,357,373
106,357,373
107,356,373
108,356,373
109,356,373
110,356,373
111,356,373
112,355,373
113,355,373
114,355,373
115,355,372
116,355,372
117,354,372
118,354,372
119,354,372
120,354,372
121,354,372
122,354,372
123,354,372
124,354,372
125,354,372
126,353,371
127,353,371
128,353,371
129,353,371
130,353,371
131,353,371
132,353,371
133,353,371
134,353,371
135,353,371
136,354,371
137,354,371
138,354,371
139,354,370
140,354,370
141,355,370
142,355,370
143,355,370
144,355,370
145,356,370
146,356,370
147,357,370
148,357,370
149,358,370
150,358,369
151,359,369
152,360,369
153,361,369
154,362,368
155,363,367
155,363,364
0,0
0,69
35,279,279
36,274,284
37,272,288
38,272,292
39,272,295
40,271,298
41,271,301
42,271,304
43,271,307
44,272,310
45,272,312
46,272,315
47,272,317
48,273,319
49,273,322
50,274,324
51,274,326
52,275,328
53,276,329
54,276,331
55,277,333
56,278,334
57,279,335
58,280,336
59,281,337
60,282,338
61,283,339
62,284,340
63,285,340
64,286,341
65,288,341
66,289,342
67,290,342
68,291,343
69,292,343
70,293,343
71,294,343
72,295,344
73,296,344
74,297,344
75,298,344
76,299,344
77,300,345
78,301,345
79,302,345
80,303,345
81,304,345
82,304,345
83,305,345
84,306,345
85,307,345
86,308,345
87,309,345
88,310,345
89,311,345
90,312,345
91,313,345
92,314,345
93,315,345
94,315,344
95,316,344
96,317,344
97,319,343
98,320,342
99,321,342
100,322,341
101,324,340
102,326,338
103,330,335
0,0
1,260
191,172,174
192,171,175
193,171,176
194,170,177
195,170,178
196,170,179
197,170,180
198,170,180
199,169,181
200,169,182
201,169,182
202,169,183
203,168,183
204,168,184
205,168,184
206,168,184
207,168,185
208,167,185
209,167,185
210,167,186
211,167,186
212,167,186
213,167,186
214,166,186
215,166,186
216,166,186
217,166,186
218,166,186
219,165,187
220,165,186
221,165,186
222,165,186
223,165,186
224,164,185
225,164,185
226,164,185
227,164,185
228,164,185
229,163,184
230,163,184
231,163,184
232,163,183
233,163,183
234,162,183
235,162,182
236,162,182
237,162,182
238,162,181
239,161,181
240,161,181
241,161,180
242,161,180
243,161,180
244,160,180
245,160,179
246,160,179
247,160,179
248,160,178
249,159,178
250,159,178
251,159,177
252,159,177
253,159,177
254,158,177
255,158,176
256,158,176
257,158,176
258,158,175
259,157,175
260,157,175
261,157,175
262,157,174
263,157,174
264,156,174
265,156,174
266,156,173
267,156,173
268,156,173
269,155,173
270,155,172
271,155,172
272,155,172
273,155,172
274,154,171
275,154,171
276,154,171
277,154,171
278,154,170
279,153,170
280,153,170
281,153,170
282,153,170
283,153,169
284,152,169
285,152,169
286,152,169
287,152,168
288,152,168
289,151,168
290,151,168
291,151,167
292,151,167
293,150,167
294,150,167
295,150,167
296,150,166
297,150,166
298,149,166
299,149,166
300,149,166
301,149,165
302,149,165
303,148,165
304,148,165
305,148,165
306,148,164
307,148,164
308,147,164
309,147,164
310,147,164
311,147,164
312,147,163
313,146,163
314,146,163
315,146,163
316,146,163
317,146,162
318,145,162
319,145,162
320,145,162
321,145,162
322,144,162
323,144,161
324,144,161
325,144,161
326,144,161
327,143,161
328,143,161
329,143,160
330,143,160
331,142,160
332,142,160
333,142,160
334,142,160
335,142,160
336,141,159
337,141,159
338,141,159
339,141,159
340,140,159
341,140,159
342,140,159
343,140,158
344,139,158
345,139,158
346,139,158
347,139,158
348,139,158
349,138,158
350,138,158
351,138,157
352,138,157
353,137,157
354,137,157
355,137,157
356,137,157
357,137,157
358,136,157
359,136,157
360,136,156
361,136,156
362,135,156
363,135,156
364,135,156
365,135,156
366,134,156
367,134,156
368,134,156
369,134,156
370,133,155
371,133,155
372,133,155
373,133,155
374,132,155
375,132,155
376,132,155
377,132,155
378,131,155
379,131,155
380,131,155
381,131,155
382,130,155
383,130,154
384,130,154
385,130,154
386,129,154
387,129,154
388,129,154
389,129,154
390,128,154
391,128,154
392,128,154
393,127,154
394,127,154
395,127,154
396,127,154
397,126,154
398,126,154
399,126,154
400,125,153
401,125,153
402,125,153
403,125,153
404,125,153
405,124,153
406,124,153
407,124,153
408,124,153
409,124,153
410,124,153
411,124,153
412,123,153
413,124,153
414,124,153
415,124,153
416,124,153
417,124,152
418,124,152
419,124,152
420,125,152
421,125,152
422,125,152
423,125,152
424,126,152
425,126,152
426,126,152
427,127,152
428,127,152
429,127,152
430,128,152
431,128,152
432,129,152
433,129,152
434,130,151
435,130,151
436,131,151
437,131,151
438,132,151
439,133,151
440,133,151
441,134,151
442,135,151
443,135,151
444,136,150
445,137,150
446,138,150
447,139,149
448,139,149
449,141,148
450,142,147
0,0
0,143
165,271,271
166,267,275
167,265,277
168,264,279
169,264,281
170,264,283
171,264,284
172,264,285
173,264,286
174,264,288
175,265,289
176,265,290
177,265,291
178,266,292
179,266,293
180,266,294
181,266,295
182,266,296
183,266,297
184,266,298
185,266,299
186,266,299
187,266,300
188,266,301
189,266,301
190,265,302
191,265,302
192,265,302
193,265,302
194,265,302
195,264,302
196,264,301
197,263,301
198,263,300
199,263,300
200,262,299
201,262,298
202,262,298
203,261,297
204,261,296
205,261,295
206,260,294
207,260,293
208,259,292
209,259,291
210,258,291
211,258,290
212,258,289
213,257,288
214,257,287
215,256,286
216,256,285
217,255,285
218,255,284
219,254,283
220,254,282
221,253,281
222,253,281
223,252,280
224,252,279
225,251,278
226,250,277
227,250,276
228,249,276
229,249,275
230,248,274
231,248,273
232,247,273
233,246,272
234,246,271
235,245,270
236,245,269
237,244,269
238,243,268
239,243,267
240,242,266
241,242,265
242,241,265
243,240,264
244,240,263
245,239,262
246,238,262
247,238,261
248,237,260
249,236,259
250,236,259
251,235,258
252,234,257
253,233,257
254,233,256
255,232,255
256,231,254
257,230,254
258,230,253
259,229,252
260,228,251
261,227,251
262,226,250
263,225,249
264,224,249
265,224,248
266,223,247
267,222,247
268,221,246
269,220,245
270,219,244
271,218,243
272,216,243
273,215,242
274,214,242
275,213,242
276,212,242
277,210,243
278,209,244
279,209,250
280,208,251
281,207,250
282,207,249
283,207,248
284,206,247
285,206,246
286,206,245
287,206,244
288,206,243
289,206,242
290,207,241
291,207,240
292,207,239
293,208,238
294,208,237
295,208,236
296,209,235
297,209,234
298,210,232
299,211,231
300,211,230
301,212,229
302,213,228
303,214,227
304,215,226
305,216,225
306,217,224
307,220,220
1,98
224,306,306
225,305,305
226,304,305
227,303,304
228,302,304
229,301,304
230,300,303
231,300,303
232,299,303
233,298,302
234,297,302
235,296,302
236,295,301
237,294,301
238,293,301
239,292,300
240,291,300
241,290,300
242,289,300
243,288,299
244,287,299
245,286,299
246,285,299
247,284,298
248,283,298
249,282,298
250,281,298
251,280,298
252,280,297
253,280,297
254,280,297
255,280,297
256,280,297
257,280,296
258,280,296
259,280,296
260,280,296
261,280,296
262,280,296
263,280,295
264,280,295
265,280,295
266,280,295
267,280,295
268,280,294
269,280,294
270,280,294
271,280,294
272,280,294
273,280,294
274,279,294
275,279,293
276,279,293
277,279,293
278,279,293
279,279,293
280,279,293
281,279,292
282,279,292
283,279,292
284,279,292
285,279,292
286,279,292
287,279,292
288,279,291
289,279,291
290,279,291
291,279,291
292,279,291
293,279,291
294,279,291
295,279,291
296,279,290
297,279,290
298,279,290
299,279,290
300,279,290
301,279,290
302,279,290
303,279,290
304,279,289
305,279,289
306,279,289
307,279,289
308,279,288
309,279,288
310,279,288
311,279,288
312,279,287
313,279,287
314,279,287
315,279,286
316,279,286
317,279,285
318,279,284
319,280,284
320,280,283
321,280,281
0,0
0,219
200,345,351
201,344,354
202,343,357
203,342,359
204,342,360
205,341,362
206,341,364
207,341,365
208,341,367
209,341,368
210,341,370
211,341,371
212,341,372
213,341,373
214,341,375
215,341,376
216,341,377
217,341,378
218,340,379
219,340,379
220,340,380
221,340,381
222,339,382
223,339,383
224,339,383
225,338,383
226,338,384
227,338,384
228,337,384
229,337,384
230,336,384
231,336,384
232,335,384
233,335,384
234,334,383
235,334,382
236,333,382
237,333,381
238,333,380
239,332,379
240,332,378
241,331,377
242,331,375
243,330,374
244,330,373
245,329,372
246,329,370
247,328,369
248,328,368
249,327,367
250,327,366
251,326,365
252,326,364
253,325,363
254,324,362
255,324,361
256,323,360
257,323,359
258,322,358
259,321,358
260,321,357
261,320,356
262,320,355
263,319,354
264,318,353
265,318,352
266,317,351
267,316,350
268,316,350
269,315,349
270,314,348
271,314,347
272,313,346
273,312,345
274,312,344
275,311,343
276,310,342
277,310,341
278,309,340
279,308,339
280,307,339
281,307,338
282,306,337
283,305,336
284,305,335
285,304,334
286,303,333
287,302,332
288,301,331
289,301,330
290,300,329
291,299,328
292,299,328
293,298,327
294,297,326
295,296,325
296,295,324
297,295,323
298,294,322
299,293,321
300,292,320
301,291,319
302,290,318
303,290,317
304,289,317
305,288,316
306,287,315
307,286,314
308,286,313
309,285,312
310,284,311
311,283,310
312,282,309
313,281,308
314,281,308
315,280,307
316,279,306
317,278,305
318,277,304
319,277,303
320,276,302
321,275,301
322,274,300
323,273,299
324,272,299
325,271,298
326,271,297
327,270,296
328,269,295
329,268,294
330,267,293
331,266,292
332,265,292
333,265,291
334,264,290
335,263,289
336,262,288
337,261,287
338,260,286
339,259,285
340,258,284
341,258,284
342,257,283
343,256,282
344,255,281
345,254,280
346,253,279
347,252,279
348,251,278
349,250,277
350,250,276
351,249,275
352,248,274
353,247,273
354,246,273
355,245,272
356,244,271
357,243,270
358,242,269
359,241,268
360,241,268
361,240,267
362,239,266
363,238,265
364,237,264
365,236,264
366,235,263
367,234,262
368,233,261
369,232,260
370,231,260
371,229,259
372,228,259
373,227,259
374,226,259
374,226,259
374,269,270
375,224,262
375,262,269
375,224,269
376,223,268
377,221,267
378,219,267
379,217,266
380,216,265
381,215,264
382,214,263
383,213,263
384,212,262
385,212,261
386,212,260
387,211,260
388,211,259
389,211,258
390,211,257
391,211,256
392,212,256
393,212,255
394,212,254
395,212,253
396,213,253
397,213,252
398,214,251
399,215,250
400,215,249
401,216,249
402,217,248
403,218,247
404,218,246
405,219,246
406,220,245
407,221,244
408,222,243
409,223,242
410,224,242
411,226,241
412,228,239
413,230,237
414,234,234
1,154
241,410,411
242,409,410
243,408,410
244,407,409
245,405,409
246,404,408
247,403,408
248,402,407
249,400,407
250,399,406
251,398,406
252,396,405
253,395,405
254,394,404
255,393,404
256,391,403
257,390,403
258,389,402
259,387,402
260,386,401
261,385,401
262,384,400
263,382,400
264,381,399
265,380,399
266,378,399
267,377,398
268,376,398
269,375,397
270,374,397
271,374,397
272,374,396
273,373,396
274,373,395
275,373,395
276,373,395
277,373,394
278,372,394
279,372,393
280,372,393
281,372,392
282,372,392
283,371,392
284,371,391
285,371,391
286,371,391
287,370,390
288,370,390
289,370,390
290,370,389
291,370,389
292,369,389
293,369,388
294,369,388
295,369,387
296,369,387
297,368,387
298,368,386
299,368,386
300,368,386
301,368,385
302,368,385
303,367,385
304,367,385
305,367,384
306,367,384
307,367,384
308,366,383
309,366,383
310,366,383
311,366,383
312,366,382
313,366,382
314,365,382
315,365,381
316,365,381
317,365,381
318,365,380
319,364,380
320,364,380
321,364,380
322,364,379
323,364,379
324,364,379
325,363,379
326,363,378
327,363,378
328,363,378
329,363,378
330,363,377
331,362,377
332,362,377
333,362,376
334,362,376
335,362,376
336,362,376
337,361,375
338,361,375
339,361,375
340,361,375
341,361,374
342,361,374
343,361,374
344,360,374
345,360,373
346,360,373
347,360,373
348,360,373
349,360,373
350,359,372
351,359,372
352,359,372
353,359,372
354,359,371
355,359,371
356,359,371
357,358,371
358,358,370
359,358,370
360,358,370
361,358,370
362,358,370
363,358,369
364,358,369
365,357,369
366,357,369
367,357,368
368,357,368
369,357,368
370,357,368
371,357,368
372,357,367
373,356,367
374,356,367
375,356,367
376,356,367
377,356,366
378,356,366
379,356,366
380,356,366
381,356,366
382,355,365
383,355,365
384,355,365
385,355,365
386,355,364
387,355,364
388,355,364
389,355,363
390,355,363
391,355,362
392,355,362
393,356,361
394,356,360
0,0
0,113
301,355,355
302,353,357
303,352,357
304,351,359
305,351,360
306,351,362
307,350,363
308,350,364
309,350,365
310,350,367
311,350,368
312,350,369
313,350,370
314,351,372
315,351,373
316,351,374
317,352,375
318,353,376
319,353,377
320,354,379
321,355,380
322,355,381
323,356,382
324,356,383
325,357,385
326,358,386
327,358,387
328,359,388
329,360,389
330,360,390
331,361,392
332,361,393
333,362,394
334,363,395
335,363,396
336,364,397
337,364,398
338,365,399
339,366,400
340,366,401
341,367,402
342,367,404
343,368,404
344,369,405
345,369,407
346,370,408
347,370,408
348,371,409
349,371,410
350,372,411
351,373,412
352,373,413
353,374,414
354,374,415
355,375,416
356,375,417
357,376,417
358,377,418
359,377,419
360,378,420
361,378,420
362,379,421
363,379,421
364,380,422
365,380,422
366,381,423
367,382,423
368,382,424
369,383,424
370,383,424
371,384,425
372,384,425
373,385,425
374,386,425
375,386,425
376,387,426
377,387,426
378,388,426
379,388,426
380,389,426
381,389,426
382,390,426
383,390,426
384,391,427
385,391,427
386,392,427
387,392,427
388,393,427
389,393,427
390,394,427
391,395,427
392,395,427
393,396,427
394,396,426
395,397,426
396,397,426
397,398,426
398,398,426
399,399,426
400,399,426
401,399,426
402,400,425
403,400,425
404,401,425
405,402,424
406,402,424
407,403,423
408,404,423
409,405,422
410,405,421
411,407,420
412,408,418
413,411,415
0,0
