0,130
45,155,155
46,151,159
47,149,162
48,148,165
49,148,167
50,148,169
51,148,170
52,148,172
53,148,173
54,148,175
55,148,176
56,148,178
57,148,179
58,148,180
59,148,181
60,148,182
61,148,183
62,148,184
63,148,185
64,148,185
65,148,186
66,148,186
67,148,186
68,148,186
69,148,186
70,148,185
71,148,185
72,148,184
73,148,183
74,148,183
75,147,182
76,147,181
77,147,180
78,147,180
79,147,179
80,146,178
81,146,178
82,146,177
83,146,176
84,145,176
85,145,175
86,145,174
87,144,174
88,144,173
89,143,173
90,143,172
91,143,171
92,142,171
93,142,170
94,141,169
95,141,169
96,141,168
97,140,167
98,140,167
99,139,166
100,139,166
101,138,165
102,138,164
103,137,164
104,137,163
105,136,162
106,135,162
107,135,161
108,135,161
109,134,160
110,133,160
111,133,159
112,132,158
113,132,158
114,131,157
115,130,157
116,130,156
117,129,155
118,129,155
119,128,154
120,127,153
121,127,153
122,126,152
123,125,151
124,125,151
125,124,150
126,124,149
127,123,148
128,122,148
129,121,147
130,121,146
131,120,145
132,119,144
133,118,143
134,118,143
135,117,142
136,116,141
137,115,140
138,114,139
139,114,138
140,113,137
141,112,136
142,111,135
143,110,134
144,109,133
145,108,132
146,107,131
147,106,130
148,106,129
149,105,128
150,104,127
151,103,126
152,102,124
153,101,123
154,100,122
155,99,121
156,98,119
157,97,118
158,96,116
159,95,115
160,94,114
161,93,112
162,92,111
163,91,110
164,90,108
165,89,107
166,89,105
167,88,103
168,87,102
169,86,100
170,86,98
171,85,96
172,85,94
173,85,91
174,87,87
0,0
1,100
154,93,95
155,92,96
156,92,97
157,91,97
158,91,98
159,91,98
160,91,99
161,90,99
162,90,100
163,90,100
164,90,101
165,90,101
166,90,102
167,89,102
168,89,102
169,89,103
170,89,103
171,89,103
172,89,104
173,89,104
174,89,104
175,89,104
176,89,105
177,89,105
178,88,105
179,88,105
180,88,105
181,88,105
182,88,106
183,88,106
184,88,106
185,87,106
186,87,106
187,87,106
188,87,106
189,87,106
190,87,106
191,86,106
192,86,106
193,86,105
194,86,105
195,85,105
196,85,105
197,85,105
198,85,105
199,85,104
200,84,104
201,84,104
202,84,104
203,84,104
204,83,103
205,83,103
206,83,103
207,82,103
208,82,103
209,82,102
210,82,102
211,81,102
212,81,102
213,80,102
214,80,102
215,80,101
216,80,101
217,80,101
218,79,101
219,79,101
220,79,101
221,79,100
222,79,100
223,79,100
224,79,100
225,79,100
226,78,99
227,78,99
228,78,99
229,78,99
230,78,99
231,79,99
232,79,98
233,79,98
234,79,98
235,79,98
236,80,98
237,80,97
238,80,97
239,80,97
240,81,97
241,81,97
242,81,96
243,82,96
244,82,96
245,82,96
246,83,96
247,83,95
248,84,95
249,85,95
250,85,94
251,86,93
252,88,92
252,88,88
0,0
0,35
115,153,154
116,150,162
117,150,167
118,150,171
119,150,175
120,150,178
121,150,181
122,150,183
123,151,185
124,151,187
125,152,188
126,153,189
127,154,191
128,156,191
129,157,192
130,158,193
131,159,193
132,160,194
133,162,194
134,163,195
135,164,195
136,165,195
137,166,196
138,168,196
139,169,196
140,170,196
141,172,196
142,173,196
143,174,196
144,176,196
145,177,195
146,179,195
147,180,194
148,183,193
149,186,190
0,0
0,105
33,287,287
34,282,293
35,281,295
36,280,298
37,280,300
38,279,302
39,279,304
40,280,305
41,280,307
42,280,308
43,280,310
44,280,311
45,280,313
46,281,314
47,281,315
48,281,316
49,281,316
50,281,317
51,281,317
52,281,317
53,281,317
54,281,317
55,281,317
56,281,316
57,281,316
58,281,315
59,281,314
60,281,313
61,281,313
62,281,312
63,280,312
64,280,311
65,280,310
66,280,310
67,279,309
68,279,308
69,279,308
70,279,307
71,278,307
72,278,306
73,278,305
74,277,305
75,277,304
76,277,304
77,276,303
78,276,302
79,275,302
80,275,301
81,275,301
82,274,300
83,274,300
84,273,299
85,273,298
86,272,298
87,272,297
88,272,297
89,271,296
90,271,296
91,270,295
92,270,294
93,269,294
94,269,293
95,268,292
96,268,292
97,267,291
98,266,291
99,266,290
100,265,289
101,265,288
102,264,288
103,263,287
104,263,286
105,262,285
106,261,285
107,261,284
108,260,283
109,260,282
110,259,281
111,258,280
112,257,279
113,257,278
114,256,277
115,255,276
116,254,275
117,253,274
118,253,273
119,252,272
120,251,271
121,250,269
122,249,268
123,249,267
124,248,266
125,247,264
126,246,263
127,246,262
128,245,260
129,244,259
130,244,257
131,243,256
132,242,254
133,242,253
134,242,251
135,241,248
136,242,246
137,243,243
0,0
1,113
285,81,83
286,81,84
287,80,85
288,80,86
289,79,86
290,79,87
291,79,87
292,79,88
293,79,88
294,78,89
295,78,89
296,78,90
297,78,90
298,78,91
299,78,91
300,78,91
301,78,92
302,78,92
303,77,92
304,77,93
305,77,93
306,77,93
307,77,93
308,77,94
309,77,94
310,77,94
311,77,94
312,77,94
313,76,94
314,76,95
315,76,95
316,76,95
317,76,95
318,76,95
319,76,95
320,75,95
321,75,95
322,75,94
323,75,94
324,75,94
325,75,94
326,74,94
327,74,94
328,74,94
329,74,94
330,74,93
331,73,93
332,73,93
333,73,93
334,73,93
335,72,92
336,72,92
337,72,92
338,72,92
339,72,92
340,71,92
341,71,91
342,71,91
343,71,91
344,70,91
345,70,91
346,70,90
347,69,90
348,69,90
349,69,90
350,69,90
351,68,90
352,68,89
353,68,89
354,67,89
355,67,89
356,67,89
357,66,88
358,66,88
359,66,88
360,66,88
361,65,88
362,65,88
363,65,87
364,65,87
365,65,87
366,65,87
367,65,87
368,65,86
369,64,86
370,64,86
371,64,86
372,64,86
373,64,86
374,64,85
375,64,85
376,64,85
377,65,85
378,65,85
379,65,84
380,66,84
381,66,84
382,66,84
383,66,84
384,67,83
385,67,83
386,67,83
387,68,83
388,68,82
389,68,82
390,69,82
391,69,82
392,70,81
393,71,81
394,71,81
395,72,80
396,74,79
396,74,75
0,0
0,47
105,285,285
106,281,290
107,279,296
108,278,301
109,278,306
110,278,310
111,278,314
112,279,317
113,279,320
114,280,323
115,280,326
116,281,328
117,282,330
118,283,331
119,284,333
120,285,334
121,287,335
122,288,336
123,290,337
124,291,337
125,293,338
126,295,339
127,296,339
128,298,339
129,299,340
130,301,340
131,302,341
132,304,341
133,305,341
134,307,342
135,308,342
136,309,342
137,311,342
138,312,342
139,313,343
140,315,343
141,316,343
142,318,343
143,319,343
144,320,343
145,322,342
146,323,342
147,325,342
148,326,341
149,328,340
150,330,339
151,333,333
0,0
0,39
139,226,226
140,223,233
141,222,237
142,222,242
143,221,245
144,222,249
145,222,251
146,222,254
147,222,256
148,223,258
149,224,260
150,224,261
151,225,262
152,226,263
153,227,263
154,229,264
155,230,264
156,231,265
157,232,265
158,234,265
159,235,266
160,236,266
161,237,266
162,238,266
163,239,266
164,240,267
165,241,267
166,242,267
167,243,267
168,244,267
169,246,267
170,247,267
171,248,267
172,249,266
173,250,266
174,251,265
175,252,265
176,254,263
177,257,261
0,0
1,155
154,198,201
155,197,202
156,197,203
157,197,204
158,197,205
159,197,205
160,196,206
161,196,207
162,196,207
163,196,208
164,196,208
165,196,209
166,196,209
167,196,209
168,196,210
169,196,210
170,196,210
171,196,210
172,195,210
173,195,210
174,195,210
175,195,210
176,195,211
177,195,211
178,195,210
179,195,210
180,195,210
181,195,210
182,195,210
183,195,210
184,195,210
185,195,210
186,195,210
187,195,209
188,194,209
189,194,209
190,194,209
191,194,208
192,194,208
193,194,208
194,194,208
195,194,208
196,194,208
197,194,207
198,194,207
199,193,207
200,193,207
201,193,207
202,193,207
203,193,206
204,193,206
205,193,206
206,193,206
207,193,206
208,192,206
209,192,206
210,192,205
211,192,205
212,192,205
213,192,205
214,192,205
215,192,205
216,192,205
217,191,204
218,191,204
219,191,204
220,191,204
221,191,204
222,191,204
223,191,203
224,190,203
225,190,203
226,190,203
227,190,203
228,190,203
229,190,203
230,190,202
231,189,202
232,189,202
233,189,202
234,189,202
235,189,202
236,189,202
237,188,201
238,188,201
239,188,201
240,188,201
241,188,201
242,188,201
243,187,200
244,187,200
245,187,200
246,187,200
247,187,200
248,186,200
249,186,199
250,186,199
251,186,199
252,186,199
253,185,199
254,185,199
255,185,199
256,185,198
257,185,198
258,184,198
259,184,198
260,184,198
261,184,198
262,183,197
263,183,197
264,183,197
265,183,197
266,182,197
267,182,197
268,182,196
269,182,196
270,182,196
271,181,196
272,181,196
273,181,196
274,180,196
275,180,195
276,180,195
277,180,195
278,179,195
279,179,195
280,179,195
281,178,195
282,178,194
283,178,194
284,178,194
285,177,194
286,177,194
287,177,194
288,176,194
289,176,194
290,176,194
291,175,194
292,175,194
293,175,194
294,175,194
295,174,194
296,174,194
297,174,194
298,173,194
299,173,194
300,173,194
301,172,194
302,172,194
303,171,194
304,172,195
305,178,195
306,185,196
307,191,197
307,195,197
0,72
170,309,309
171,305,314
172,303,318
173,303,321
174,304,323
175,304,325
176,304,327
177,304,329
178,304,331
179,304,332
180,305,334
181,305,336
182,305,337
183,305,339
184,305,340
185,305,342
186,305,343
187,306,344
188,306,345
189,306,347
190,306,348
191,306,349
192,306,350
193,307,351
194,307,351
195,307,352
196,307,353
197,307,353
198,308,353
199,308,354
200,308,354
201,308,354
202,308,353
203,308,353
204,308,353
205,308,352
206,308,351
207,308,350
208,308,350
209,308,348
210,307,346
211,307,345
212,307,343
213,307,342
214,306,341
215,306,340
216,306,339
217,306,338
218,305,337
219,305,336
220,305,335
221,305,334
222,304,334
223,304,333
224,304,332
225,303,332
226,303,331
227,303,330
228,302,329
229,302,329
230,302,328
231,301,328
232,301,327
233,301,326
234,300,326
235,300,325
236,300,324
237,299,324
238,299,323
239,298,323
240,308,322
241,322,322
0,0
1,183
153,256,258
154,256,260
155,255,261
156,255,263
157,255,264
158,255,265
159,254,266
160,254,266
161,254,267
162,254,267
163,254,268
164,254,268
165,254,268
166,254,268
167,254,269
168,254,269
169,254,269
170,254,269
171,253,269
172,253,268
173,253,268
174,253,268
175,253,268
176,253,268
177,253,268
178,253,267
179,253,267
180,253,267
181,253,267
182,252,267
183,252,267
184,252,266
185,252,266
186,252,266
187,252,266
188,252,266
189,252,266
190,252,265
191,252,265
192,252,265
193,251,265
194,251,265
195,251,265
196,251,265
197,251,264
198,251,264
199,251,264
200,251,264
201,251,264
202,250,264
203,250,264
204,250,263
205,250,263
206,250,263
207,250,263
208,250,263
209,250,263
210,250,263
211,249,263
212,249,262
213,249,262
214,249,262
215,249,262
216,249,262
217,249,262
218,249,262
219,248,262
220,248,262
221,248,261
222,248,261
223,248,261
224,248,261
225,248,261
226,248,261
227,247,261
228,247,261
229,247,261
230,247,260
231,247,260
232,247,260
233,246,260
234,246,260
235,246,260
236,246,260
237,246,260
238,246,260
239,246,260
240,245,259
241,245,259
242,245,259
243,245,259
244,245,259
245,245,259
246,245,259
247,244,259
248,244,259
249,244,259
250,244,258
251,244,258
252,244,258
253,243,258
254,243,258
255,243,258
256,243,258
257,243,258
258,243,258
259,243,258
260,242,258
261,242,258
262,242,257
263,242,257
264,242,257
265,241,257
266,241,257
267,241,257
268,241,257
269,241,257
270,241,257
271,240,257
272,240,257
273,240,257
274,240,257
275,240,256
276,240,256
277,239,256
278,239,256
279,239,256
280,239,256
281,239,256
282,239,256
283,238,256
284,238,256
285,238,256
286,238,256
287,238,256
288,237,256
289,237,256
290,237,255
291,237,255
292,237,255
293,236,255
294,236,255
295,236,255
296,236,255
297,236,255
298,236,255
299,235,255
300,235,255
301,235,255
302,235,255
303,235,255
304,235,255
305,234,255
306,234,254
307,234,254
308,234,254
309,234,254
310,234,254
311,234,254
312,234,254
313,234,254
314,235,254
315,235,254
316,235,254
317,235,254
318,235,254
319,236,254
320,236,254
321,236,254
322,237,254
323,237,254
324,238,253
325,239,253
326,239,253
327,240,253
328,241,253
329,241,253
330,242,253
331,243,253
332,244,253
333,245,252
334,246,252
335,247,251
0,0
0,253
176,148,150
177,144,154
178,143,157
179,142,158
180,142,160
181,142,162
182,141,163
183,142,164
184,142,166
185,142,167
186,142,168
187,143,169
188,143,170
189,144,171
190,144,172
191,144,173
192,145,174
193,145,175
194,145,175
195,146,176
196,146,177
197,146,177
198,146,178
199,146,178
200,146,179
201,146,179
202,146,179
203,146,180
204,146,180
205,146,180
206,146,179
207,146,179
208,145,179
209,145,179
210,145,178
211,145,177
212,144,177
213,144,176
214,144,176
215,144,175
216,144,175
217,143,174
218,143,174
219,143,174
220,143,173
221,143,173
222,142,173
223,142,172
224,142,172
225,142,172
226,141,171
227,141,171
228,141,171
229,141,170
230,141,170
231,140,170
232,140,169
233,140,169
234,140,169
235,140,169
236,139,168
237,139,168
238,139,168
239,139,167
240,138,167
241,138,167
242,138,167
243,138,166
244,138,166
245,137,166
246,137,165
247,137,165
248,137,165
249,136,165
250,136,164
251,136,164
252,136,164
253,135,163
254,135,163
255,135,163
256,135,162
257,134,162
258,134,162
259,134,162
260,133,161
261,133,161
262,133,161
263,133,161
264,132,160
265,132,160
266,132,160
267,131,159
268,131,159
269,131,159
270,131,158
271,130,158
272,130,158
273,130,157
274,129,157
275,129,157
276,129,156
277,129,156
278,128,156
279,128,155
280,127,155
281,127,154
282,127,154
283,126,154
284,126,153
285,126,153
286,125,153
287,125,152
288,125,152
289,124,151
290,124,151
291,124,151
292,123,150
293,123,150
294,123,149
295,122,149
296,122,149
297,122,148
298,121,148
299,121,147
300,120,147
301,120,146
302,120,146
303,119,146
304,119,145
305,118,145
306,118,144
307,118,144
308,117,143
309,117,143
310,116,143
311,116,142
312,116,142
313,115,141
314,115,141
315,114,140
316,114,140
317,113,139
318,113,139
319,112,138
320,112,138
321,112,137
322,111,137
323,111,136
324,110,136
325,110,135
326,109,135
327,109,134
328,108,134
329,108,133
330,107,133
331,107,132
332,106,132
333,106,131
334,105,131
335,105,130
336,104,130
337,104,129
338,103,129
339,103,128
340,102,127
341,102,127
342,101,126
343,101,126
344,100,125
345,99,125
346,99,124
347,98,124
348,98,123
349,97,122
350,96,122
351,96,121
352,95,121
353,95,120
354,94,119
355,94,119
356,93,118
357,92,118
358,92,117
359,91,116
360,90,116
361,90,115
362,89,114
363,88,114
364,88,113
365,87,112
366,86,112
367,86,111
368,85,110
369,85,110
370,84,109
371,83,108
372,82,107
373,82,107
374,81,106
375,80,105
376,79,105
377,79,104
378,78,103
379,77,102
380,77,102
381,76,101
382,75,100
383,74,99
384,73,98
385,73,98
386,72,97
387,71,96
388,70,95
389,69,94
390,69,93
391,68,93
392,67,92
393,66,91
394,65,90
395,64,89
396,63,88
397,63,87
398,62,86
399,61,85
400,60,84
401,59,83
402,58,82
403,58,81
404,57,80
405,56,78
406,55,77
407,54,76
408,53,75
409,52,73
410,52,72
411,51,71
412,50,69
413,49,68
414,48,67
415,47,66
416,46,64
417,45,63
418,44,61
419,44,60
420,42,59
421,42,57
422,41,56
423,41,55
424,40,53
425,40,52
426,39,50
427,40,48
428,42,45
0,0
0,147
301,144,144
302,140,149
303,137,153
304,137,155
305,136,158
306,136,160
307,136,162
308,137,163
309,137,164
310,138,165
311,138,166
312,139,167
313,139,167
314,140,168
315,140,168
316,140,168
317,141,169
318,141,169
319,141,169
320,142,169
321,142,169
322,142,169
323,143,169
324,143,168
325,143,168
326,143,168
327,144,168
328,144,168
329,144,168
330,144,168
331,144,168
332,144,168
333,145,168
334,145,168
335,145,168
336,145,168
337,145,168
338,145,168
339,145,168
340,145,168
341,145,168
342,145,168
343,145,168
344,146,168
345,146,167
346,146,167
347,146,167
348,146,167
349,146,167
350,146,167
351,146,167
352,146,167
353,146,167
354,146,167
355,146,167
356,146,167
357,146,167
358,146,167
359,146,167
360,146,167
361,146,167
362,145,167
363,145,167
364,145,167
365,145,167
366,145,167
367,145,167
368,145,167
369,145,167
370,145,167
371,145,167
372,145,167
373,145,167
374,145,167
375,145,167
376,144,167
377,144,167
378,144,167
379,144,167
380,144,167
381,144,167
382,144,167
383,144,167
384,143,167
385,143,167
386,143,167
387,143,167
388,143,166
389,143,166
390,142,166
391,142,166
392,142,166
393,142,166
394,142,166
395,141,166
396,141,166
397,141,166
398,141,166
399,140,166
400,140,166
401,140,166
402,139,166
403,139,166
404,139,166
405,138,166
406,138,166
407,137,165
408,137,165
409,137,165
410,136,165
411,136,165
412,136,165
413,135,165
414,135,165
415,135,165
416,135,165
417,135,165
418,135,164
419,135,164
420,135,164
421,135,164
422,135,164
423,135,163
424,135,163
425,136,163
426,136,163
427,136,163
428,136,162
429,136,162
430,137,162
431,137,161
432,137,161
433,138,161
434,138,160
435,139,160
436,139,160
437,140,159
438,140,159
439,141,158
440,141,158
441,142,157
442,142,157
443,143,156
444,144,155
445,145,155
446,146,154
447,148,152
0,0
1,284
148,311,314
149,310,315
150,310,316
151,309,317
152,309,318
153,309,319
154,309,320
155,308,320
156,308,321
157,308,322
158,308,322
159,308,323
160,308,323
161,307,324
162,307,324
163,307,324
164,307,324
165,307,325
166,307,325
167,307,325
168,307,325
169,307,325
170,307,325
171,306,326
172,306,325
173,306,325
174,306,325
175,306,325
176,306,325
177,306,324
178,305,324
179,305,324
180,305,324
181,305,323
182,305,323
183,305,323
184,305,322
185,304,322
186,304,322
187,304,321
188,304,321
189,304,321
190,304,321
191,303,320
192,303,320
193,303,320
194,303,319
195,303,319
196,302,319
197,302,319
198,302,318
199,302,318
200,302,318
201,302,318
202,301,317
203,301,317
204,301,317
205,301,317
206,301,316
207,300,316
208,300,316
209,300,316
210,300,315
211,300,315
212,299,315
213,299,315
214,299,315
215,299,314
216,299,314
217,299,314
218,298,314
219,298,313
220,298,313
221,298,313
222,298,313
223,298,313
224,298,312
225,297,312
226,297,312
227,297,312
228,297,312
229,297,312
230,297,311
231,297,311
232,296,311
233,296,311
234,296,311
235,296,310
236,296,310
237,296,310
238,296,310
239,295,310
240,295,310
241,295,309
242,295,309
243,295,309
244,295,309
245,295,309
246,295,309
247,295,308
248,295,308
249,294,308
250,294,308
251,294,308
252,294,308
253,294,307
254,294,307
255,294,307
256,294,307
257,294,307
258,293,307
259,293,306
260,293,306
261,293,306
262,293,306
263,293,306
264,293,306
265,293,306
266,293,306
267,292,305
268,292,305
269,292,305
270,292,305
271,292,305
272,292,305
273,292,305
274,292,305
275,292,304
276,292,304
277,292,304
278,291,304
279,291,304
280,291,304
281,291,304
282,291,304
283,291,303
284,291,303
285,291,303
286,291,303
287,291,303
288,290,303
289,290,303
290,290,303
291,290,303
292,290,303
293,290,303
294,290,303
295,290,302
296,290,302
297,290,302
298,290,302
299,290,302
300,289,302
301,289,302
302,289,302
303,289,302
304,289,302
305,289,302
306,289,302
307,289,302
308,289,302
309,289,301
310,289,301
311,289,301
312,288,301
313,288,301
314,288,301
315,288,301
316,288,301
317,288,301
318,288,301
319,288,301
320,288,301
321,288,301
322,288,301
323,288,301
324,288,301
325,288,301
326,287,300
327,287,300
328,287,300
329,287,300
330,287,300
331,287,300
332,286,300
333,286,300
334,286,300
335,286,300
336,286,300
337,286,300
338,285,300
339,285,300
340,285,300
341,285,300
342,285,300
343,284,300
344,284,300
345,284,300
346,284,300
347,284,300
348,283,300
349,283,300
350,283,300
351,283,300
352,282,300
353,282,300
354,282,300
355,282,301
356,281,301
357,281,301
358,281,302
359,280,302
360,280,303
361,280,303
362,280,304
363,280,305
364,279,307
365,279,317
366,279,317
367,279,317
368,280,317
369,280,317
370,280,317
371,280,317
372,280,317
373,281,317
374,281,317
375,281,317
376,282,317
377,282,317
378,283,317
379,283,317
380,284,317
381,284,317
382,285,317
383,286,317
384,286,317
385,287,317
386,288,317
387,288,317
388,289,317
389,290,317
390,290,317
391,291,317
392,292,307
392,309,309
392,308,316
393,293,307
393,309,309
393,308,316
394,293,307
394,309,309
394,308,316
395,294,307
395,309,309
395,308,316
396,295,307
396,309,309
396,308,316
397,296,307
397,309,309
397,308,316
398,297,307
398,309,309
398,308,316
399,298,307
399,309,309
399,308,316
400,299,307
400,309,309
400,308,316
401,299,307
401,309,309
401,308,316
402,300,307
402,308,314
403,301,307
403,308,310
403,312,312
403,311,313
404,303,307
404,308,311
405,304,308
405,308,308
0,147
317,391,400
318,365,399
319,365,399
320,365,398
321,365,398
322,365,398
323,365,397
324,365,397
325,365,397
326,365,396
327,365,396
328,365,396
329,365,396
330,365,395
331,365,395
332,365,395
333,365,395
334,365,394
335,365,394
336,365,394
337,365,394
338,365,394
339,365,394
340,365,394
341,365,393
342,365,393
343,365,393
344,365,393
345,365,393
346,365,393
347,365,393
348,365,393
349,365,393
350,365,393
351,365,393
352,365,392
353,365,392
354,365,392
355,364,392
356,364,392
357,364,392
358,364,392
359,364,392
360,364,392
361,364,392
362,364,392
363,364,392
364,364,392
365,364,392
366,364,392
367,364,392
368,364,392
369,364,392
370,364,392
371,364,392
372,364,392
373,364,392
374,364,392
375,364,392
376,364,392
377,364,392
378,364,392
379,364,392
380,363,392
381,363,392
382,363,392
383,363,392
384,363,392
385,363,392
386,363,392
387,363,392
388,363,392
389,363,392
390,363,392
391,363,392
392,363,392
393,363,392
394,362,392
395,362,391
396,362,391
397,362,391
398,362,391
399,362,391
400,362,391
401,362,391
402,362,391
403,361,391
404,361,391
405,361,391
406,361,391
407,361,391
408,360,391
409,360,391
410,360,391
411,360,391
412,359,391
413,359,391
414,359,391
415,359,391
416,359,391
417,360,391
418,360,391
419,360,391
420,360,391
421,360,390
422,360,390
423,360,390
424,360,390
425,360,390
426,360,390
427,361,390
428,361,390
429,361,390
430,361,390
431,361,389
432,361,389
433,361,389
434,361,389
435,361,389
436,361,389
437,362,388
438,362,388
439,362,388
440,362,388
441,362,387
442,362,387
443,362,387
444,362,386
445,362,386
446,362,385
447,363,385
448,363,384
449,363,384
450,363,384
451,363,383
452,363,383
453,363,382
454,363,381
455,363,381
456,363,380
457,364,379
458,364,378
459,364,377
460,364,376
461,365,375
462,366,374
463,369,371
1,51
364,456,460
363,446,459
362,436,457
361,427,456
360,417,455
359,413,453
358,414,452
357,415,451
356,415,450
355,415,449
354,415,447
353,415,446
352,415,445
351,414,444
350,414,443
349,414,442
348,413,441
347,413,440
346,413,439
345,413,438
344,412,436
343,412,435
342,412,435
341,411,434
340,411,433
339,411,432
338,411,431
337,410,430
336,410,429
335,410,428
334,409,427
333,409,426
332,409,425
331,409,424
330,408,423
329,408,422
328,408,421
327,407,421
326,407,420
325,407,419
324,407,418
323,406,417
322,406,416
321,406,415
320,406,414
319,406,414
318,406,413
317,405,412
316,406,411
315,406,410
314,407,408
0,0
1,170
178,365,367
179,365,369
180,365,370
181,364,371
182,364,372
183,364,372
184,364,373
185,364,373
186,363,373
187,363,374
188,363,374
189,363,374
190,363,374
191,363,374
192,362,374
193,362,374
194,362,374
195,362,374
196,362,374
197,362,374
198,361,374
199,361,374
200,361,375
201,361,374
202,361,374
203,361,374
204,360,374
205,360,374
206,360,374
207,360,374
208,360,374
209,360,374
210,360,374
211,359,374
212,359,374
213,359,374
214,359,374
215,359,374
216,359,373
217,358,373
218,358,373
219,358,373
220,358,373
221,358,373
222,358,373
223,357,373
224,357,373
225,357,372
226,357,372
227,357,372
228,357,372
229,356,372
230,356,372
231,356,372
232,356,372
233,356,371
234,356,371
235,355,371
236,355,371
237,355,371
238,355,371
239,355,371
240,354,370
241,354,370
242,354,370
243,354,370
244,354,370
245,354,370
246,353,370
247,353,369
248,353,369
249,353,369
250,353,369
251,353,369
252,352,369
253,352,369
254,352,368
255,352,368
256,352,368
257,352,368
258,351,368
259,351,368
260,351,368
261,351,367
262,351,367
263,350,367
264,350,367
265,350,367
266,350,367
267,350,367
268,350,367
269,349,366
270,349,366
271,349,366
272,349,366
273,349,366
274,348,366
275,348,366
276,348,365
277,348,365
278,348,365
279,347,365
280,347,365
281,347,365
282,347,365
283,347,365
284,347,364
285,346,364
286,346,364
287,346,364
288,346,364
289,346,364
290,345,364
291,345,364
292,345,363
293,345,363
294,345,363
295,345,363
296,344,363
297,344,363
298,344,363
299,344,363
300,344,362
301,343,362
302,343,362
303,343,362
304,343,362
305,343,362
306,342,362
307,342,362
308,342,361
309,342,361
310,342,361
311,342,361
312,342,361
313,342,361
314,342,361
315,341,361
316,341,360
317,341,360
318,341,360
319,341,360
320,341,360
321,341,360
322,341,360
323,341,360
324,341,360
325,341,359
326,341,359
327,341,359
328,342,359
329,342,359
330,342,359
331,342,359
332,342,359
333,343,359
334,343,359
335,343,358
336,344,358
337,344,358
338,345,358
339,345,358
340,345,358
341,346,358
342,347,357
343,348,357
344,349,357
345,350,356
346,351,356
347,353,355
0,0
0,117
309,209,214
310,208,217
311,207,220
312,207,222
313,207,225
314,207,227
315,207,228
316,207,230
317,208,231
318,208,233
319,208,233
320,209,234
321,209,234
322,209,235
323,209,235
324,210,235
325,210,235
326,210,235
327,210,235
328,211,235
329,211,234
330,211,234
331,211,234
332,211,234
333,212,234
334,212,234
335,212,234
336,212,234
337,212,234
338,213,234
339,213,234
340,213,234
341,213,234
342,213,234
343,213,234
344,214,234
345,214,234
346,214,234
347,214,234
348,214,234
349,214,234
350,214,234
351,214,234
352,215,234
353,215,234
354,215,234
355,215,234
356,215,234
357,215,234
358,215,234
359,215,234
360,215,234
361,215,234
362,215,234
363,215,234
364,216,234
365,216,234
366,216,234
367,216,234
368,216,234
369,216,234
370,216,234
371,216,234
372,216,234
373,216,234
374,216,234
375,216,234
376,216,234
377,216,234
378,216,234
379,216,234
380,216,234
381,216,234
382,216,234
383,216,234
384,216,234
385,216,234
386,216,234
387,216,234
388,216,234
389,216,234
390,216,234
391,216,234
392,216,234
393,216,234
394,216,234
395,216,234
396,216,234
397,216,234
398,216,234
399,216,234
400,216,234
401,217,234
402,217,234
403,217,234
404,217,234
405,217,234
406,217,234
407,217,233
408,218,233
409,218,233
410,218,233
411,218,233
412,219,233
413,219,233
414,219,232
415,220,232
416,220,232
417,221,232
418,221,232
419,222,231
420,222,231
421,223,231
422,224,230
423,224,229
424,226,229
425,227,227
0,0
0,139
296,282,282
297,277,284
298,275,287
299,274,289
300,272,291
301,272,292
302,272,294
303,272,295
304,272,297
305,272,298
306,273,299
307,274,300
308,274,301
309,275,302
310,275,303
311,276,303
312,276,304
313,276,304
314,276,304
315,276,304
316,277,304
317,277,304
318,277,304
319,277,303
320,277,303
321,277,303
322,277,303
323,277,302
324,277,302
325,277,302
326,277,302
327,277,302
328,277,302
329,277,301
330,277,301
331,277,301
332,277,301
333,277,301
334,277,301
335,277,301
336,277,301
337,277,301
338,277,301
339,277,301
340,277,300
341,277,300
342,277,300
343,277,300
344,277,300
345,277,300
346,277,300
347,277,300
348,277,300
349,277,300
350,277,300
351,277,300
352,277,299
353,277,299
354,277,299
355,277,299
356,277,299
357,277,299
358,277,299
359,277,299
360,277,299
361,277,299
362,277,299
363,277,299
364,277,298
365,277,298
366,277,298
367,277,298
368,277,298
369,277,298
370,277,298
371,277,298
372,277,298
373,277,298
374,277,298
375,277,298
376,277,298
377,277,298
378,277,298
379,277,298
380,277,298
381,277,298
382,277,298
383,277,298
384,277,297
385,277,297
386,277,297
387,277,297
388,277,297
389,277,297
390,277,297
391,277,297
392,277,297
393,277,297
394,277,297
395,277,297
396,277,297
397,277,297
398,277,297
399,277,297
400,277,296
401,277,296
402,277,296
403,277,296
404,277,296
405,277,296
406,277,296
407,277,295
408,277,295
409,277,295
410,277,295
411,277,295
412,277,295
413,277,295
414,277,294
415,277,294
416,277,294
417,277,294
418,278,294
419,278,294
420,278,294
421,278,293
422,278,293
423,278,293
424,279,293
425,279,292
426,279,292
427,279,292
428,280,291
429,280,291
430,280,290
431,281,289
432,281,289
433,282,288
434,283,287
0,0
