0,46
74,162,162
75,159,166
76,158,172
77,157,176
78,157,180
79,157,183
80,157,186
81,157,189
82,157,192
83,158,195
84,158,197
85,159,199
86,160,201
87,161,202
88,161,203
89,162,204
90,163,205
91,164,206
92,166,206
93,167,207
94,168,207
95,169,208
96,171,208
97,172,208
98,173,209
99,174,209
100,175,209
101,176,210
102,178,210
103,179,210
104,180,210
105,181,210
106,182,210
107,183,210
108,184,210
109,185,210
110,186,210
111,187,210
112,188,210
113,189,210
114,190,209
115,192,209
116,193,208
117,194,207
118,196,206
119,199,203
0,0
0,59
48,323,323
49,320,328
50,319,331
51,318,333
52,318,335
53,318,336
54,317,337
55,317,338
56,317,339
57,317,340
58,317,341
59,317,342
60,317,343
61,317,344
62,316,345
63,316,345
64,316,346
65,315,347
66,315,347
67,314,348
68,313,349
69,313,349
70,312,350
71,311,350
72,311,350
73,310,351
74,309,351
75,308,351
76,308,351
77,307,350
78,306,349
79,305,348
80,304,345
81,304,342
82,303,340
83,302,337
84,301,335
85,300,333
86,299,331
87,298,329
88,298,326
89,297,324
90,296,322
91,295,320
92,294,318
93,293,316
94,292,314
95,292,312
96,291,311
97,290,309
98,289,307
99,288,305
100,287,303
101,286,301
102,286,299
103,286,297
104,286,296
105,287,294
106,290,290
0,0
1,256
123,147,150
124,147,151
125,146,152
126,146,153
127,146,154
128,146,154
129,145,155
130,145,156
131,145,157
132,145,158
133,145,158
134,145,159
135,145,160
136,145,161
137,144,161
138,144,162
139,144,163
140,144,163
141,144,164
142,144,164
143,144,165
144,144,165
145,144,165
146,144,165
147,143,165
148,143,165
149,143,165
150,143,166
151,143,165
152,143,165
153,143,165
154,143,165
155,143,165
156,143,165
157,142,165
158,142,164
159,142,164
160,142,164
161,142,164
162,142,164
163,142,163
164,142,163
165,142,163
166,142,163
167,142,163
168,141,162
169,141,162
170,141,162
171,141,162
172,141,162
173,141,162
174,141,161
175,141,161
176,141,161
177,141,161
178,141,161
179,141,160
180,140,160
181,140,160
182,140,160
183,140,160
184,140,160
185,140,159
186,140,159
187,140,159
188,140,159
189,140,159
190,140,159
191,140,158
192,139,158
193,139,158
194,139,158
195,139,158
196,139,158
197,139,157
198,139,157
199,139,157
200,139,157
201,139,157
202,138,157
203,138,156
204,138,156
205,138,156
206,138,156
207,138,156
208,138,155
209,138,155
210,138,155
211,138,155
212,137,155
213,137,155
214,137,155
215,137,154
216,137,154
217,137,154
218,137,154
219,137,154
220,136,154
221,136,153
222,136,153
223,136,153
224,136,153
225,136,153
226,136,153
227,136,152
228,135,152
229,135,152
230,135,152
231,135,152
232,135,152
233,135,152
234,134,151
235,134,151
236,134,151
237,134,151
238,134,151
239,134,151
240,134,151
241,133,150
242,133,150
243,133,150
244,133,150
245,133,150
246,133,150
247,132,150
248,132,149
249,132,149
250,132,149
251,132,149
252,131,149
253,131,149
254,131,149
255,131,148
256,131,148
257,131,148
258,130,148
259,130,148
260,130,148
261,130,148
262,130,147
263,129,147
264,129,147
265,129,147
266,129,147
267,129,147
268,129,147
269,128,147
270,128,146
271,128,146
272,128,146
273,127,146
274,127,146
275,127,146
276,127,146
277,127,145
278,126,145
279,126,145
280,126,145
281,126,145
282,126,145
283,125,145
284,125,145
285,125,144
286,125,144
287,125,144
288,124,144
289,124,144
290,124,144
291,124,144
292,124,144
293,123,143
294,123,143
295,123,143
296,123,143
297,123,143
298,122,143
299,122,143
300,122,143
301,122,142
302,122,142
303,121,142
304,121,142
305,121,142
306,121,142
307,120,142
308,120,142
309,120,141
310,120,141
311,120,141
312,119,141
313,119,141
314,119,141
315,119,141
316,118,141
317,118,140
318,118,140
319,118,140
320,118,140
321,117,140
322,117,140
323,117,140
324,117,140
325,116,140
326,116,139
327,116,139
328,116,139
329,116,139
330,115,139
331,115,139
332,115,139
333,115,139
334,114,139
335,114,138
336,114,138
337,114,138
338,114,138
339,113,138
340,113,138
341,113,138
342,113,138
343,113,137
344,112,137
345,112,137
346,112,137
347,112,137
348,112,137
349,112,137
350,112,137
351,112,137
352,113,137
353,113,136
354,113,136
355,113,136
356,114,136
357,114,136
358,114,136
359,115,136
360,115,136
361,115,136
362,116,136
363,116,135
364,117,135
365,117,135
366,118,135
367,118,135
368,118,135
369,119,135
370,119,135
371,120,135
372,120,135
373,121,134
374,122,134
375,122,133
376,123,132
377,124,131
378,126,129
0,0
0,219
28,237,240
29,232,245
30,230,248
31,229,250
32,229,252
33,228,255
34,228,257
35,228,258
36,228,260
37,229,261
38,229,263
39,230,264
40,230,266
41,231,267
42,231,268
43,232,269
44,232,270
45,233,271
46,233,272
47,233,273
48,234,274
49,234,274
50,234,275
51,235,275
52,235,276
53,235,276
54,236,276
55,236,276
56,236,275
57,236,274
58,236,274
59,237,273
60,237,273
61,237,272
62,237,272
63,238,272
64,238,271
65,238,271
66,238,271
67,238,270
68,238,270
69,239,269
70,239,269
71,239,269
72,239,269
73,239,268
74,239,268
75,240,268
76,240,267
77,240,267
78,240,267
79,240,267
80,240,266
81,240,266
82,240,266
83,240,266
84,240,265
85,241,265
86,241,265
87,241,265
88,241,265
89,241,264
90,241,264
91,241,264
92,241,264
93,241,264
94,241,264
95,241,264
96,241,263
97,241,263
98,242,263
99,242,263
100,242,263
101,242,263
102,242,262
103,242,262
104,242,262
105,242,262
106,242,262
107,242,262
108,242,262
109,242,262
110,242,262
111,242,262
112,242,261
113,242,261
114,242,261
115,242,261
116,242,261
117,242,261
118,242,261
119,242,261
120,242,261
121,242,261
122,242,261
123,242,261
124,242,260
125,242,260
126,242,260
127,242,260
128,242,260
129,242,260
130,242,260
131,242,260
132,242,260
133,242,260
134,242,260
135,242,260
136,242,260
137,242,260
138,242,260
139,242,260
140,242,260
141,242,260
142,242,260
143,242,260
144,242,259
145,242,259
146,242,259
147,242,259
148,242,259
149,242,259
150,242,259
151,242,259
152,242,259
153,242,259
154,242,259
155,242,259
156,242,259
157,242,259
158,242,259
159,242,259
160,242,259
161,242,259
162,242,259
163,242,259
164,242,259
165,242,259
166,242,259
167,242,259
168,241,259
169,241,259
170,241,259
171,241,259
172,241,259
173,241,259
174,241,259
175,241,259
176,241,260
177,241,260
178,241,260
179,241,260
180,241,260
181,241,260
182,241,260
183,240,260
184,240,260
185,240,260
186,240,260
187,240,260
188,240,260
189,240,260
190,240,260
191,240,260
192,239,260
193,239,260
194,239,260
195,239,260
196,239,260
197,239,260
198,239,260
199,239,260
200,238,260
201,238,260
202,238,260
203,238,260
204,238,260
205,238,260
206,237,260
207,237,260
208,237,260
209,237,260
210,237,260
211,236,260
212,236,260
213,236,260
214,236,260
215,235,260
216,235,260
217,235,260
218,235,260
219,235,260
220,235,260
221,235,260
222,235,260
223,235,260
224,236,260
225,236,260
226,236,260
227,236,261
228,237,261
229,237,261
230,238,261
231,238,261
232,239,260
233,239,260
234,240,260
235,240,260
236,241,260
237,241,259
238,242,259
239,242,259
240,243,258
241,243,258
242,244,257
243,245,256
244,245,254
245,247,252
246,250,250
0,0
0,106
141,225,230
142,222,235
143,221,238
144,220,240
145,220,242
146,220,244
147,219,245
148,219,247
149,219,248
150,218,248
151,218,249
152,218,249
153,217,249
154,216,248
155,216,248
156,215,246
157,215,245
158,214,244
159,213,243
160,212,242
161,212,241
162,211,240
163,210,239
164,210,239
165,209,238
166,208,237
167,207,236
168,206,235
169,206,234
170,205,234
171,204,233
172,203,232
173,202,232
174,201,231
175,201,230
176,200,229
177,199,228
178,198,227
179,197,227
180,196,226
181,195,225
182,194,224
183,193,223
184,192,222
185,191,221
186,190,220
187,189,219
188,188,218
189,187,217
190,186,216
191,185,215
192,183,214
193,182,213
194,181,212
195,180,211
196,179,210
197,178,209
198,176,208
199,175,207
200,174,205
201,173,204
202,171,203
203,170,202
204,169,201
205,167,200
206,166,198
207,165,197
208,163,196
209,162,195
210,160,193
211,159,192
212,157,191
213,156,189
214,154,188
215,153,187
216,151,185
217,150,184
218,148,183
219,146,181
220,145,180
221,143,178
222,142,177
223,140,175
224,138,174
225,136,172
226,135,171
227,133,169
228,131,167
229,129,165
230,128,163
231,126,162
232,124,160
233,122,158
234,121,156
235,119,153
236,117,151
237,115,148
238,113,145
239,111,142
240,110,139
241,108,135
242,107,131
243,106,128
244,106,124
245,107,119
246,112,112
0,0
1,187
250,138,144
251,137,146
252,136,147
253,137,149
254,138,150
255,138,151
256,139,152
257,139,153
258,140,154
259,141,155
260,141,156
261,142,157
262,143,158
263,143,159
264,144,161
265,145,162
266,145,163
267,146,164
268,147,165
269,148,166
270,148,167
271,149,168
272,150,169
273,151,170
274,151,171
275,152,172
276,153,173
277,153,174
278,154,175
279,155,176
280,155,177
281,156,178
282,157,179
283,158,180
284,158,181
285,159,182
286,160,183
287,161,184
288,161,185
289,162,186
290,163,187
291,164,188
292,164,189
293,165,190
294,166,191
295,167,192
296,167,193
297,168,194
298,169,195
299,169,196
300,170,197
301,171,198
302,171,199
303,172,200
304,173,201
305,173,202
306,174,203
307,175,204
308,175,205
309,176,206
310,177,207
311,177,208
312,178,209
313,178,209
314,179,210
315,180,211
316,180,212
317,181,213
318,182,214
319,182,215
320,183,216
321,183,217
322,184,218
323,184,219
324,185,220
325,186,221
326,186,222
327,187,223
328,187,223
329,188,224
330,188,225
331,189,226
332,189,227
333,190,228
334,190,229
335,191,230
336,191,231
337,192,231
338,192,232
339,193,233
340,193,233
341,194,234
342,194,234
343,195,235
344,195,235
345,196,235
346,196,236
347,197,236
348,197,236
349,197,237
350,198,237
351,198,237
352,199,237
353,199,237
354,200,238
355,200,238
356,200,238
357,201,238
358,201,238
359,202,238
360,202,238
361,202,238
362,203,239
363,203,239
364,203,239
365,204,239
366,204,239
367,204,239
368,205,239
369,205,239
370,205,239
371,206,239
372,206,239
373,206,239
374,207,239
375,207,239
376,207,239
377,208,239
378,208,239
379,208,238
380,208,238
381,209,238
382,209,238
383,209,238
384,209,238
385,210,238
386,210,238
387,210,238
388,210,238
389,211,238
390,211,238
391,211,238
392,211,238
393,212,238
394,212,238
395,212,237
396,213,237
397,213,237
398,213,237
399,213,237
400,214,237
401,214,237
402,214,236
403,215,236
404,215,236
405,215,236
406,215,236
407,216,236
408,216,235
409,216,235
410,216,235
411,217,235
412,217,235
413,217,234
414,218,234
415,218,234
416,218,234
417,219,234
418,219,233
419,219,233
420,219,233
421,220,232
422,220,232
423,220,232
424,220,232
425,221,231
426,221,231
427,221,231
428,222,231
429,222,230
430,222,230
431,223,230
432,223,229
433,223,229
434,224,228
435,224,228
436,225,227
0,0
1,224
136,286,289
137,286,290
138,285,291
139,285,291
140,285,292
141,284,293
142,284,293
143,284,294
144,284,294
145,284,295
146,284,296
147,284,296
148,284,297
149,284,297
150,284,298
151,284,298
152,284,298
153,284,299
154,284,299
155,284,299
156,283,300
157,283,300
158,283,300
159,283,301
160,283,301
161,283,301
162,283,301
163,283,302
164,283,302
165,283,302
166,283,302
167,283,302
168,283,302
169,283,302
170,283,303
171,283,302
172,283,302
173,283,302
174,283,302
175,283,302
176,283,302
177,283,302
178,283,302
179,283,302
180,283,302
181,283,302
182,283,302
183,282,301
184,282,301
185,282,301
186,282,301
187,282,301
188,282,301
189,282,301
190,282,301
191,282,301
192,282,300
193,282,300
194,282,300
195,282,300
196,282,300
197,282,300
198,282,300
199,281,300
200,281,299
201,281,299
202,281,299
203,281,299
204,281,299
205,281,299
206,281,299
207,281,299
208,281,299
209,281,298
210,280,298
211,280,298
212,280,298
213,280,298
214,280,298
215,280,298
216,280,298
217,280,298
218,280,297
219,280,297
220,279,297
221,279,297
222,279,297
223,279,297
224,279,297
225,279,297
226,279,296
227,279,296
228,278,296
229,278,296
230,278,296
231,278,296
232,278,296
233,278,296
234,278,295
235,278,295
236,277,295
237,277,295
238,277,295
239,277,295
240,277,295
241,277,295
242,276,295
243,276,294
244,276,294
245,276,294
246,276,294
247,276,294
248,276,294
249,275,294
250,275,294
251,275,294
252,275,293
253,275,293
254,274,293
255,274,293
256,274,293
257,274,293
258,274,293
259,274,293
260,273,292
261,273,292
262,273,292
263,273,292
264,273,292
265,273,292
266,272,292
267,272,292
268,272,292
269,272,291
270,272,291
271,271,291
272,271,291
273,271,291
274,271,291
275,271,291
276,271,291
277,270,290
278,270,290
279,270,290
280,270,290
281,270,290
282,269,290
283,269,290
284,269,290
285,269,289
286,269,289
287,268,289
288,268,289
289,268,289
290,268,289
291,267,289
292,267,289
293,267,289
294,267,288
295,266,288
296,266,288
297,266,288
298,266,288
299,266,288
300,265,288
301,265,288
302,265,287
303,265,287
304,264,287
305,264,287
306,264,287
307,264,287
308,263,287
309,263,287
310,263,286
311,263,286
312,262,286
313,262,286
314,262,286
315,262,286
316,262,286
317,261,285
318,261,285
319,261,285
320,261,285
321,260,285
322,260,285
323,260,285
324,260,285
325,260,284
326,260,284
327,260,284
328,260,284
329,260,284
330,259,284
331,260,283
332,260,283
333,260,283
334,260,283
335,260,283
336,260,283
337,260,282
338,260,282
339,261,282
340,261,282
341,261,282
342,261,282
343,262,281
344,262,281
345,262,281
346,263,281
347,263,281
348,263,280
349,264,280
350,264,280
351,265,280
352,265,279
353,266,279
354,266,279
355,267,278
356,268,278
357,269,277
358,270,276
359,272,274
0,0
0,116
240,185,185
241,182,189
242,179,194
243,179,196
244,178,199
245,178,201
246,178,203
247,178,205
248,178,206
249,178,208
250,179,209
251,179,210
252,180,212
253,180,213
254,181,214
255,181,215
256,182,216
257,182,216
258,183,217
259,183,217
260,184,218
261,184,218
262,185,219
263,185,219
264,185,219
265,186,219
266,186,219
267,187,219
268,187,219
269,187,219
270,188,219
271,188,219
272,188,219
273,189,219
274,189,219
275,189,219
276,190,219
277,190,219
278,190,218
279,190,218
280,190,218
281,191,218
282,191,218
283,191,218
284,191,218
285,191,218
286,192,218
287,192,218
288,192,218
289,192,218
290,192,218
291,192,218
292,193,218
293,193,218
294,193,218
295,193,218
296,193,218
297,193,218
298,194,218
299,194,218
300,194,218
301,194,218
302,194,218
303,194,218
304,194,218
305,195,218
306,195,218
307,195,218
308,195,218
309,195,218
310,195,218
311,195,218
312,195,218
313,196,218
314,196,218
315,196,218
316,196,218
317,196,218
318,196,218
319,196,218
320,197,218
321,197,218
322,197,218
323,197,218
324,197,218
325,197,219
326,197,219
327,197,219
328,197,219
329,198,219
330,198,219
331,198,219
332,198,219
333,198,219
334,198,219
335,198,219
336,198,219
337,199,219
338,199,219
339,199,219
340,199,219
341,199,219
342,199,219
343,199,219
344,199,219
345,199,219
346,200,219
347,200,219
348,200,219
349,200,219
350,200,219
351,200,219
352,200,220
353,200,220
354,201,216
355,201,204
0,0
0,125
224,281,281
225,279,286
226,276,289
227,275,292
228,275,294
229,274,296
230,274,297
231,274,299
232,274,300
233,275,302
234,275,303
235,275,304
236,276,306
237,276,307
238,277,308
239,277,309
240,277,310
241,278,311
242,278,312
243,278,313
244,278,313
245,279,314
246,279,314
247,279,314
248,279,314
249,279,313
250,279,313
251,280,312
252,280,312
253,280,312
254,280,311
255,280,311
256,280,310
257,280,310
258,280,310
259,280,309
260,280,309
261,280,309
262,280,308
263,280,308
264,280,308
265,280,307
266,280,307
267,280,307
268,280,307
269,280,306
270,280,306
271,280,306
272,280,306
273,280,306
274,280,305
275,280,305
276,280,305
277,280,305
278,280,304
279,279,304
280,279,304
281,279,304
282,279,303
283,279,303
284,279,303
285,279,303
286,279,302
287,279,302
288,279,302
289,279,302
290,279,302
291,279,301
292,278,301
293,278,301
294,278,301
295,278,300
296,278,300
297,278,300
298,278,300
299,278,299
300,278,299
301,278,299
302,277,299
303,277,299
304,277,298
305,277,298
306,277,298
307,277,298
308,277,297
309,277,297
310,276,297
311,276,297
312,276,297
313,276,296
314,276,296
315,276,296
316,276,296
317,276,295
318,276,295
319,275,295
320,275,295
321,275,294
322,275,294
323,275,294
324,275,294
325,275,293
326,275,293
327,274,293
328,274,293
329,274,293
330,274,292
331,274,292
332,274,292
333,274,292
334,274,291
335,273,291
336,273,291
337,273,291
338,273,290
339,273,290
340,273,290
341,273,290
342,272,290
343,272,289
344,272,289
345,272,289
346,272,287
347,272,280
348,272,273
0,0
1,475
49,359,360
50,359,363
51,358,364
52,357,365
53,357,366
54,357,367
55,357,368
56,357,369
57,357,370
58,357,370
59,357,371
60,356,372
61,356,372
62,356,373
63,356,374
64,356,374
65,356,375
66,356,375
67,356,375
68,356,376
69,356,376
70,356,376
71,356,377
72,355,377
73,355,377
74,355,377
75,355,377
76,355,378
77,355,378
78,355,378
79,355,378
80,355,378
81,355,378
82,355,378
83,355,378
84,354,378
85,354,378
86,354,378
87,354,377
88,354,377
89,354,377
90,354,377
91,354,376
92,354,376
93,354,376
94,354,376
95,354,375
96,354,375
97,353,375
98,353,375
99,353,375
100,353,374
101,353,374
102,353,374
103,353,374
104,353,373
105,353,373
106,353,373
107,353,373
108,352,373
109,352,372
110,352,372
111,352,372
112,352,372
113,352,372
114,352,371
115,352,371
116,352,371
117,352,371
118,352,371
119,352,370
120,351,370
121,351,370
122,351,370
123,351,370
124,351,369
125,351,369
126,351,369
127,351,369
128,351,369
129,351,368
130,351,368
131,351,368
132,350,368
133,350,368
134,350,368
135,350,367
136,350,367
137,350,367
138,350,367
139,350,367
140,350,366
141,350,366
142,350,366
143,350,366
144,349,366
145,349,366
146,349,365
147,349,365
148,349,365
149,349,365
150,349,365
151,349,365
152,349,364
153,349,364
154,349,364
155,349,364
156,348,364
157,348,364
158,348,363
159,348,363
160,348,363
161,348,363
162,348,363
163,348,363
164,348,363
165,348,362
166,348,362
167,347,362
168,347,362
169,347,362
170,347,362
171,347,361
172,347,361
173,347,361
174,347,361
175,347,361
176,347,361
177,347,361
178,346,360
179,346,360
180,346,360
181,346,360
182,346,360
183,346,360
184,346,360
185,346,360
186,346,359
187,346,359
188,346,359
189,345,359
190,345,359
191,345,359
192,345,359
193,345,359
194,345,358
195,345,358
196,345,358
197,345,358
198,345,358
199,345,358
200,344,358
201,344,358
202,344,358
203,344,357
204,344,357
205,344,357
206,344,357
207,344,357
208,344,357
209,344,357
210,344,357
211,343,357
212,343,356
213,343,356
214,343,356
215,343,356
216,343,356
217,343,356
218,343,356
219,343,356
220,343,356
221,343,356
222,342,355
223,342,355
224,342,355
225,342,355
226,342,355
227,342,355
228,342,355
229,342,355
230,342,355
231,342,355
232,341,355
233,341,354
234,341,354
235,341,354
236,341,354
237,341,354
238,341,354
239,341,354
240,341,354
241,341,354
242,340,354
243,340,354
244,340,354
245,340,354
246,340,353
247,340,353
248,340,353
249,340,353
250,340,353
251,340,353
252,340,353
253,339,353
254,339,353
255,339,353
256,339,353
257,339,353
258,339,353
259,339,353
260,339,353
261,339,352
262,339,352
263,338,352
264,338,352
265,338,352
266,338,352
267,338,352
268,338,352
269,338,352
270,338,352
271,338,352
272,337,352
273,337,352
274,337,352
275,337,352
276,337,352
277,337,352
278,337,352
279,337,351
280,337,351
281,336,351
282,336,351
283,336,351
284,336,351
285,336,351
286,336,351
287,336,351
288,336,351
289,336,351
290,336,351
291,335,351
292,335,351
293,335,351
294,335,351
295,335,351
296,335,351
297,335,351
298,335,351
299,335,351
300,334,351
301,334,351
302,334,351
303,334,351
304,334,351
305,334,351
306,334,351
307,334,351
308,334,351
309,333,351
310,333,351
311,333,351
312,333,351
313,333,351
314,333,351
315,333,351
316,333,351
317,333,351
318,332,351
319,332,351
320,332,351
321,332,351
322,332,351
323,332,351
324,332,351
325,332,351
326,331,351
327,331,351
328,331,351
329,331,351
330,331,351
331,331,351
332,331,351
333,331,351
334,330,351
335,330,351
336,330,351
337,330,351
338,330,351
339,330,351
340,330,351
341,330,351
342,329,351
343,329,351
344,329,351
345,329,351
346,329,351
347,329,351
348,329,351
349,328,351
350,328,351
351,328,351
352,328,351
353,328,351
354,328,351
355,328,351
356,328,351
357,327,351
358,327,351
359,327,351
360,327,351
361,327,351
362,327,351
363,327,351
364,326,351
365,326,351
366,351,351
366,326,352
367,351,351
367,326,352
368,351,351
368,326,352
369,351,351
369,326,352
370,351,351
370,326,352
371,351,351
371,326,352
372,351,351
372,325,352
373,351,351
373,325,352
374,351,351
374,325,352
375,351,351
375,325,352
376,351,351
376,325,352
377,351,351
377,325,352
378,351,351
378,324,352
379,351,351
379,324,352
380,351,351
380,324,352
381,351,351
381,324,352
382,351,351
382,324,352
383,351,351
383,324,352
384,351,351
384,324,352
385,351,351
385,323,352
386,351,351
386,323,352
387,351,351
387,323,352
388,351,351
388,323,352
389,351,351
389,323,352
390,351,351
390,323,352
391,351,351
391,322,352
392,351,351
392,322,352
393,351,351
393,322,352
394,351,351
394,322,352
395,351,351
395,322,353
396,351,351
396,322,353
397,351,351
397,321,353
398,351,351
398,321,353
399,351,351
399,321,353
400,351,351
400,321,353
401,351,351
401,321,353
402,351,351
402,321,353
403,351,351
403,321,353
404,351,351
404,320,353
405,351,351
405,320,353
406,351,351
406,320,353
407,351,351
407,320,353
408,351,351
408,320,353
409,351,351
409,319,353
410,351,351
410,320,353
411,351,351
411,320,353
412,351,351
412,320,353
413,351,351
413,320,353
414,351,351
414,320,353
415,351,351
415,320,353
416,351,351
416,320,353
417,351,351
417,320,353
418,351,351
418,321,353
419,351,351
419,321,353
420,351,351
420,321,353
421,351,351
421,321,353
422,351,351
422,322,353
423,351,351
423,322,353
424,351,351
424,322,353
425,351,351
425,322,354
426,351,351
426,323,354
427,351,351
427,323,354
428,351,351
428,324,354
429,351,351
429,324,354
430,351,351
430,325,354
431,351,351
431,325,354
432,351,351
432,326,354
433,351,351
433,326,354
434,327,354
435,327,354
436,328,354
437,329,354
438,329,354
439,330,354
440,331,354
441,331,354
442,332,354
443,333,354
444,334,354
445,334,354
446,335,353
447,336,353
448,337,353
449,338,353
450,339,353
451,340,353
452,341,352
453,342,351
454,344,350
455,346,349
0,0
0,80
377,195,195
378,192,199
379,190,202
380,189,205
381,188,207
382,188,209
383,187,211
384,187,213
385,186,214
386,186,216
387,185,217
388,185,219
389,184,220
390,184,221
391,183,222
392,182,222
393,182,223
394,181,223
395,180,224
396,180,224
397,179,224
398,178,223
399,177,223
400,176,223
401,175,222
402,175,221
403,174,221
404,173,220
405,172,219
406,171,217
407,170,216
408,169,214
409,168,213
410,167,211
411,166,210
412,165,208
413,164,207
414,163,205
415,162,204
416,160,203
417,159,201
418,158,200
419,157,199
420,156,197
421,155,196
422,153,195
423,152,193
424,151,192
425,149,190
426,148,189
427,146,187
428,145,186
429,144,184
430,142,183
431,141,181
432,139,179
433,138,178
434,136,176
435,134,174
436,133,172
437,131,170
438,130,169
439,128,167
440,127,165
441,125,163
442,124,161
443,122,159
444,120,157
445,119,155
446,117,153
447,115,151
448,114,148
449,112,146
450,111,143
451,109,140
452,107,138
453,106,134
454,106,130
455,110,125
456,116,116
0,0
0,87
370,284,285
371,282,287
372,282,290
373,281,292
374,281,295
375,281,298
376,281,300
377,281,303
378,281,305
379,282,308
380,282,310
381,282,313
382,283,315
383,283,318
384,284,320
385,285,322
386,286,325
387,287,327
388,288,329
389,289,332
390,290,334
391,291,336
392,292,338
393,294,340
394,295,342
395,296,344
396,297,346
397,298,347
398,299,349
399,300,351
400,301,352
401,302,354
402,303,355
403,304,357
404,305,358
405,307,359
406,308,360
407,309,361
408,310,361
409,311,362
410,312,363
411,313,364
412,314,364
413,315,365
414,316,365
415,317,366
416,318,366
417,319,367
418,320,367
419,321,368
420,322,368
421,323,369
422,324,369
423,325,369
424,326,370
425,327,370
426,328,370
427,329,371
428,330,371
429,331,371
430,332,372
431,333,372
432,334,372
433,335,372
434,336,373
435,337,373
436,338,373
437,339,373
438,340,373
439,341,373
440,342,373
441,342,374
442,343,374
443,344,374
444,345,374
445,346,373
446,347,373
447,348,373
448,349,373
449,350,372
450,351,372
451,352,371
452,353,370
453,354,369
454,356,368
455,358,367
456,361,363
0,0
