0,183
57,123,123
58,120,128
59,118,131
60,117,133
61,117,135
62,117,137
63,117,138
64,117,139
65,117,141
66,118,142
67,118,144
68,118,145
69,119,146
70,119,147
71,119,148
72,120,150
73,120,151
74,120,152
75,120,153
76,120,153
77,120,154
78,120,155
79,120,156
80,120,156
81,120,156
82,120,157
83,120,157
84,120,157
85,120,156
86,119,156
87,119,156
88,119,155
89,119,155
90,118,154
91,118,154
92,118,153
93,118,152
94,118,152
95,117,151
96,117,150
97,117,149
98,116,149
99,116,148
100,116,147
101,116,147
102,115,146
103,115,145
104,114,145
105,114,144
106,114,143
107,114,143
108,113,142
109,113,141
110,113,140
111,112,140
112,112,139
113,112,138
114,111,138
115,111,137
116,110,136
117,110,136
118,110,135
119,109,135
120,109,134
121,108,133
122,108,133
123,108,132
124,107,131
125,107,131
126,106,130
127,106,129
128,106,129
129,105,128
130,105,128
131,104,127
132,104,126
133,103,126
134,103,125
135,102,124
136,102,124
137,101,123
138,101,123
139,100,122
140,100,121
141,100,121
142,99,120
143,99,120
144,98,119
145,98,118
146,97,118
147,97,117
148,96,116
149,96,116
150,95,115
151,95,115
152,94,114
153,94,113
154,93,113
155,93,112
156,92,112
157,92,111
158,91,110
159,91,110
160,90,109
161,89,109
162,89,108
163,88,108
164,88,107
165,87,106
166,87,106
167,86,105
168,86,105
169,85,104
170,84,104
171,84,103
172,83,102
173,82,102
174,82,101
175,81,101
176,81,100
177,80,100
178,79,99
179,79,98
180,78,98
181,77,97
182,77,97
183,76,96
184,75,96
185,75,95
186,74,94
187,73,94
188,72,93
189,72,93
190,71,92
191,70,92
192,69,91
193,69,91
194,68,90
195,67,90
196,66,89
197,66,89
198,65,88
199,64,87
200,63,87
201,62,86
202,61,85
203,60,85
204,59,84
205,58,84
206,57,84
207,56,84
208,55,85
209,54,86
210,53,96
211,52,95
212,51,94
213,51,93
214,50,92
215,50,91
216,50,90
217,49,89
218,49,88
219,49,87
220,49,86
221,50,85
222,50,84
223,50,83
224,50,82
225,51,81
226,51,80
227,52,79
228,52,78
229,53,77
230,53,76
231,54,75
232,55,74
233,56,73
234,57,72
235,57,71
236,58,70
237,60,69
238,62,67
239,64,64
1,81
69,237,237
70,236,236
71,235,236
72,234,235
73,233,235
74,232,235
75,231,234
76,230,234
77,229,233
78,228,233
79,227,233
80,226,232
81,225,232
82,224,232
83,223,231
84,222,231
85,221,231
86,220,231
87,219,230
88,218,230
89,217,230
90,216,230
91,215,229
92,214,229
93,213,229
94,212,228
95,211,228
96,210,228
97,210,228
98,210,228
99,210,227
100,210,227
101,210,227
102,210,227
103,210,226
104,210,226
105,210,226
106,210,226
107,210,226
108,210,225
109,210,225
110,210,225
111,210,225
112,210,225
113,210,224
114,210,224
115,210,224
116,210,224
117,210,224
118,210,223
119,210,223
120,210,223
121,210,223
122,210,223
123,210,223
124,210,222
125,210,222
126,210,222
127,210,222
128,210,222
129,210,222
130,210,222
131,210,221
132,210,221
133,210,221
134,210,221
135,210,221
136,210,220
137,210,220
138,210,220
139,210,219
140,210,219
141,210,219
142,210,218
143,210,218
144,211,217
145,211,217
146,211,216
147,211,215
148,212,214
149,212,213
0,0
0,189
135,164,164
136,161,168
137,159,171
138,158,173
139,158,176
140,158,178
141,158,180
142,158,182
143,158,183
144,158,185
145,158,186
146,158,188
147,158,189
148,158,190
149,158,191
150,158,192
151,158,193
152,158,194
153,158,195
154,158,195
155,158,196
156,158,196
157,157,196
158,157,196
159,157,196
160,156,196
161,156,196
162,156,195
163,156,195
164,155,194
165,155,193
166,154,192
167,154,192
168,154,190
169,153,189
170,153,188
171,153,187
172,152,186
173,152,186
174,152,185
175,151,184
176,151,183
177,151,182
178,150,181
179,150,181
180,149,180
181,149,179
182,148,178
183,148,177
184,148,177
185,147,176
186,147,175
187,146,175
188,146,174
189,145,173
190,145,172
191,144,172
192,144,171
193,143,170
194,143,170
195,142,169
196,142,168
197,141,168
198,141,167
199,140,166
200,140,165
201,139,164
202,139,164
203,138,163
204,137,162
205,137,161
206,136,161
207,136,160
208,135,159
209,135,158
210,134,158
211,133,157
212,133,156
213,132,155
214,132,155
215,131,154
216,130,153
217,130,152
218,129,152
219,128,151
220,128,150
221,127,149
222,126,149
223,126,148
224,125,147
225,124,147
226,124,146
227,123,145
228,123,144
229,122,144
230,121,143
231,121,142
232,120,141
233,119,141
234,119,140
235,118,139
236,117,139
237,117,138
238,116,137
239,115,136
240,115,136
241,114,135
242,113,134
243,113,133
244,112,133
245,111,132
246,110,131
247,110,131
248,109,130
249,108,129
250,108,128
251,107,128
252,106,127
253,105,126
254,105,126
255,104,125
256,104,124
257,103,124
258,102,123
259,101,122
260,101,122
261,100,121
262,99,120
263,98,119
264,98,119
265,97,118
266,96,117
267,96,117
268,95,116
269,94,115
270,94,115
271,93,114
272,92,113
273,91,113
274,91,112
275,90,112
276,89,111
277,89,110
278,88,110
279,87,109
280,86,109
281,85,109
281,85,109
281,116,118
282,84,109
282,113,117
283,83,110
283,110,116
283,83,116
284,82,116
285,81,115
286,80,115
287,79,114
288,78,113
289,76,113
290,75,112
291,74,112
292,73,111
293,72,110
294,71,110
295,71,109
296,70,109
297,70,108
298,70,107
299,70,107
300,70,106
301,70,106
302,71,105
303,71,104
304,72,104
305,72,103
306,73,103
307,73,102
308,74,101
309,75,101
310,76,100
311,77,100
312,78,99
313,79,98
314,81,98
315,82,97
316,84,96
317,86,94
318,90,90
1,84
97,315,315
98,313,314
99,311,313
100,310,313
101,308,312
102,306,311
103,305,310
104,303,310
105,301,309
106,300,308
107,298,308
108,296,307
109,295,306
110,293,305
111,291,305
112,290,304
113,288,303
114,286,303
115,285,302
116,283,302
117,281,301
118,281,300
119,280,300
120,280,299
121,280,299
122,280,298
123,279,297
124,279,297
125,279,296
126,278,296
127,278,295
128,278,295
129,277,294
130,277,294
131,277,293
132,276,293
133,276,292
134,276,292
135,276,291
136,275,291
137,275,290
138,275,290
139,274,289
140,274,289
141,274,288
142,274,288
143,273,287
144,273,287
145,273,286
146,273,286
147,272,285
148,272,285
149,272,284
150,272,284
151,271,284
152,271,283
153,271,283
154,271,282
155,270,282
156,270,281
157,270,281
158,270,280
159,269,280
160,269,280
161,269,279
162,269,279
163,268,278
164,268,278
165,268,278
166,268,277
167,268,277
168,267,276
169,267,276
170,267,276
171,267,275
172,267,275
173,266,274
174,266,274
175,266,274
176,266,273
177,265,272
178,266,272
179,266,270
180,267,269
0,0
1,140
42,384,388
43,382,390
44,381,391
45,380,392
46,380,393
47,379,394
48,379,394
49,379,395
50,379,395
51,378,396
52,378,396
53,378,397
54,378,397
55,378,398
56,377,398
57,377,399
58,377,399
59,376,399
60,376,400
61,376,400
62,375,401
63,375,401
64,375,401
65,374,402
66,374,402
67,374,402
68,373,403
69,373,403
70,373,403
71,372,404
72,372,404
73,371,404
74,371,404
75,371,404
76,370,404
77,370,405
78,369,404
79,369,404
80,369,404
81,368,404
82,368,404
83,367,403
84,367,403
85,367,402
86,366,401
87,366,400
88,365,399
89,365,398
90,364,397
91,364,396
92,364,395
93,363,394
94,363,393
95,362,392
96,362,391
97,361,391
98,361,390
99,360,389
100,360,388
101,359,387
102,359,386
103,359,386
104,358,385
105,358,384
106,357,383
107,357,382
108,356,382
109,356,381
110,355,380
111,355,380
112,354,379
113,354,378
114,353,377
115,353,377
116,352,376
117,352,375
118,352,375
119,351,374
120,351,373
121,350,373
122,350,372
123,349,371
124,349,371
125,348,370
126,348,369
127,347,369
128,347,368
129,346,367
130,346,367
131,345,366
132,345,365
133,344,365
134,344,364
135,343,363
136,343,363
137,342,362
138,342,362
139,341,361
140,341,360
141,340,359
142,340,359
143,339,358
144,339,357
145,338,357
146,338,356
147,337,355
148,337,355
149,337,354
150,336,353
151,336,353
152,335,352
153,335,351
154,334,351
155,334,350
156,333,349
157,333,349
158,332,348
159,332,347
160,331,347
161,331,346
162,330,345
163,330,344
164,329,344
165,329,343
166,328,342
167,328,341
168,327,341
169,327,340
170,326,339
171,326,338
172,325,337
173,325,337
174,324,336
175,324,335
176,324,334
177,324,333
178,323,332
179,324,331
180,324,330
181,325,329
0,0
1,152
228,75,76
229,74,78
230,73,78
231,73,79
232,73,80
233,72,80
234,72,81
235,72,81
236,72,82
237,72,83
238,71,83
239,71,84
240,71,84
241,71,84
242,71,85
243,71,85
244,71,86
245,71,86
246,71,86
247,71,87
248,71,87
249,71,87
250,70,87
251,70,88
252,70,88
253,70,88
254,70,88
255,70,88
256,70,89
257,70,89
258,70,89
259,69,89
260,69,89
261,69,89
262,69,89
263,69,89
264,69,89
265,69,89
266,69,90
267,69,89
268,68,89
269,68,89
270,68,89
271,68,89
272,68,89
273,68,89
274,68,88
275,67,88
276,67,88
277,67,88
278,67,88
279,67,87
280,67,87
281,66,87
282,66,87
283,66,87
284,66,86
285,66,86
286,65,86
287,65,86
288,65,86
289,65,86
290,65,85
291,64,85
292,64,85
293,64,85
294,64,85
295,64,84
296,63,84
297,63,84
298,63,84
299,63,84
300,62,84
301,62,83
302,62,83
303,62,83
304,61,83
305,61,83
306,61,83
307,61,82
308,60,82
309,60,82
310,60,82
311,60,82
312,59,81
313,59,81
314,59,81
315,59,81
316,58,81
317,58,81
318,58,80
319,58,80
320,57,80
321,57,80
322,57,80
323,56,79
324,56,79
325,56,79
326,56,79
327,55,79
328,55,78
329,55,78
330,54,78
331,54,78
332,54,78
333,53,78
334,53,77
335,53,77
336,52,77
337,52,77
338,52,77
339,52,76
340,51,76
341,51,76
342,51,76
343,51,76
344,51,76
345,51,75
346,51,75
347,50,75
348,50,75
349,50,75
350,50,74
351,50,74
352,50,74
353,50,74
354,50,74
355,50,73
356,50,73
357,50,73
358,50,73
359,51,73
360,51,72
361,51,72
362,52,72
363,52,72
364,52,71
365,53,71
366,53,71
367,53,71
368,53,71
369,54,70
370,54,70
371,55,70
372,55,69
373,56,69
374,56,69
375,57,68
376,57,68
377,58,67
378,60,66
379,61,65
0,0
0,111
127,214,217
128,210,223
129,208,229
130,207,232
131,207,235
132,207,237
133,207,238
134,208,239
135,208,240
136,209,240
137,209,241
138,210,241
139,210,241
140,211,241
141,211,242
142,212,242
143,212,242
144,213,242
145,213,242
146,214,242
147,214,242
148,215,243
149,215,243
150,216,243
151,216,243
152,217,243
153,217,243
154,217,244
155,218,244
156,218,244
157,219,244
158,219,244
159,220,245
160,220,245
161,220,245
162,221,245
163,221,245
164,222,246
165,222,246
166,222,246
167,223,246
168,223,246
169,223,247
170,224,247
171,224,247
172,224,247
173,225,247
174,225,248
175,225,248
176,226,248
177,226,248
178,226,248
179,226,249
180,227,249
181,227,249
182,227,249
183,228,250
184,228,250
185,228,250
186,228,250
187,229,250
188,229,251
189,229,251
190,229,251
191,230,251
192,230,251
193,230,252
194,230,252
195,230,252
196,231,252
197,231,253
198,231,253
199,231,253
200,232,253
201,232,253
202,232,253
203,232,254
204,233,254
205,233,254
206,233,254
207,233,254
208,234,254
209,234,255
210,234,255
211,235,255
212,235,255
213,235,255
214,235,255
215,236,255
216,236,256
217,236,256
218,237,256
219,237,256
220,238,256
221,238,256
222,239,256
223,239,256
224,239,256
225,240,256
226,241,256
227,241,256
228,242,256
229,242,256
230,243,256
231,244,256
232,245,256
233,246,256
234,247,255
235,248,255
236,249,254
237,251,253
0,0
1,149
221,131,134
222,131,136
223,130,137
224,130,138
225,130,138
226,130,139
227,129,140
228,129,140
229,129,141
230,129,141
231,129,141
232,129,141
233,129,142
234,128,142
235,128,142
236,128,142
237,128,143
238,128,142
239,128,142
240,128,142
241,127,142
242,127,142
243,127,142
244,127,142
245,127,141
246,127,141
247,127,141
248,126,140
249,126,140
250,126,140
251,126,140
252,126,139
253,126,139
254,125,139
255,125,139
256,125,138
257,125,138
258,125,138
259,124,138
260,124,137
261,124,137
262,124,137
263,124,137
264,124,136
265,123,136
266,123,136
267,123,136
268,123,135
269,123,135
270,122,135
271,122,135
272,122,134
273,122,134
274,122,134
275,121,134
276,121,134
277,121,133
278,121,133
279,121,133
280,121,133
281,120,133
282,120,132
283,120,132
284,120,132
285,120,132
286,119,131
287,119,131
288,119,131
289,119,131
290,119,131
291,118,130
292,118,130
293,118,130
294,118,130
295,118,130
296,117,130
297,117,129
298,117,129
299,117,129
300,117,129
301,116,129
302,116,128
303,116,128
304,116,128
305,116,128
306,116,128
307,115,128
308,115,127
309,115,127
310,115,127
311,115,127
312,114,127
313,114,127
314,114,126
315,114,126
316,114,126
317,114,126
318,113,126
319,113,126
320,113,126
321,113,125
322,113,125
323,112,125
324,112,125
325,112,125
326,112,125
327,112,125
328,112,125
329,112,124
330,111,124
331,111,124
332,111,124
333,111,124
334,111,124
335,110,124
336,110,124
337,110,123
338,110,123
339,110,123
340,110,123
341,109,123
342,109,123
343,109,123
344,109,123
345,109,123
346,108,123
347,108,123
348,108,123
349,108,123
350,108,123
351,107,123
352,107,123
353,107,123
354,107,123
355,107,123
356,106,123
357,106,123
358,106,123
359,106,123
360,106,123
361,105,123
362,105,123
363,105,123
364,104,124
365,104,124
366,104,125
367,104,125
368,103,110
368,103,103
0,124
102,372,372
103,368,376
104,368,380
105,368,382
106,368,384
107,368,386
108,368,388
109,368,390
110,368,391
111,367,393
112,367,395
113,367,396
114,367,398
115,367,399
116,367,401
117,367,402
118,367,403
119,367,404
120,367,405
121,367,406
122,367,407
123,367,408
124,367,409
125,367,409
126,367,409
127,368,409
128,368,409
129,368,409
130,369,409
131,369,409
132,369,408
133,369,408
134,369,407
135,369,406
136,369,406
137,369,405
138,369,404
139,369,403
140,369,402
141,369,401
142,369,401
143,369,400
144,369,399
145,369,399
146,369,398
147,369,398
148,369,397
149,369,397
150,369,396
151,369,396
152,368,396
153,368,395
154,368,395
155,368,395
156,368,394
157,368,394
158,368,394
159,367,393
160,367,393
161,367,393
162,367,393
163,367,393
164,367,392
165,366,392
166,366,392
167,366,392
168,366,391
169,366,391
170,366,391
171,365,391
172,365,390
173,365,390
174,365,390
175,365,390
176,364,389
177,364,389
178,364,389
179,364,389
180,364,389
181,363,388
182,363,388
183,363,388
184,363,388
185,362,387
186,362,387
187,362,387
188,361,387
189,361,386
190,361,386
191,360,386
192,360,386
193,359,385
194,359,385
195,358,385
196,357,384
197,356,384
198,354,384
199,351,384
200,349,383
201,348,383
202,348,383
203,348,382
204,348,382
205,349,382
206,349,382
207,350,381
208,350,381
209,351,380
210,352,380
211,352,380
212,353,379
213,354,379
214,355,379
215,355,378
216,356,378
217,357,377
218,358,377
219,359,376
220,360,375
221,361,374
222,362,373
223,363,372
224,365,370
225,368,368
0,0
1,92
260,170,173
261,170,174
262,170,175
263,169,176
264,169,176
265,169,177
266,169,177
267,168,177
268,168,177
269,168,177
270,168,177
271,167,177
272,167,177
273,167,178
274,167,177
275,166,177
276,166,177
277,166,177
278,165,177
279,165,177
280,165,177
281,165,177
282,164,177
283,164,176
284,164,176
285,164,176
286,163,176
287,163,176
288,163,176
289,162,175
290,162,175
291,162,175
292,162,175
293,161,175
294,161,175
295,161,175
296,161,174
297,160,174
298,160,174
299,160,174
300,160,174
301,159,174
302,159,173
303,159,173
304,158,173
305,158,173
306,158,173
307,158,173
308,157,173
309,157,172
310,157,172
311,157,172
312,156,172
313,156,172
314,156,172
315,156,171
316,155,171
317,155,171
318,155,171
319,155,171
320,155,171
321,155,171
322,154,170
323,154,170
324,154,170
325,154,170
326,154,170
327,154,170
328,154,170
329,154,169
330,154,169
331,153,169
332,154,169
333,154,169
334,154,169
335,154,169
336,154,169
337,154,168
338,155,168
339,155,168
340,155,168
341,155,168
342,156,168
343,156,168
344,156,168
345,157,167
346,158,167
347,158,167
348,159,167
349,160,166
350,161,165
351,163,164
0,0
0,86
125,295,295
126,290,297
127,289,300
128,288,302
129,288,304
130,288,306
131,289,307
132,289,308
133,289,309
134,290,311
135,291,311
136,291,313
137,291,313
138,292,314
139,292,315
140,292,315
141,292,316
142,293,316
143,293,316
144,293,316
145,293,316
146,293,316
147,293,316
148,293,316
149,293,315
150,293,315
151,293,315
152,293,315
153,293,315
154,293,315
155,294,315
156,294,315
157,294,315
158,294,315
159,294,315
160,294,314
161,294,314
162,294,314
163,294,314
164,294,314
165,294,314
166,294,314
167,294,314
168,294,314
169,294,314
170,294,314
171,294,314
172,294,314
173,294,314
174,294,313
175,294,313
176,294,313
177,294,313
178,294,313
179,294,313
180,294,313
181,294,313
182,294,313
183,294,313
184,294,313
185,294,313
186,294,313
187,295,313
188,295,313
189,295,312
190,295,312
191,295,312
192,295,312
193,295,312
194,295,312
195,295,312
196,295,312
197,295,312
198,295,312
199,295,312
200,295,312
201,295,312
202,295,312
203,295,312
204,295,312
205,295,311
206,295,311
207,295,311
208,295,311
209,295,311
210,303,311
0,0
1,121
242,215,215
243,214,217
244,214,218
245,214,219
246,213,219
247,213,220
248,213,220
249,213,220
250,213,221
251,213,221
252,212,221
253,212,221
254,212,221
255,212,221
256,212,221
257,212,221
258,211,221
259,211,221
260,211,221
261,211,221
262,211,221
263,211,221
264,210,221
265,210,221
266,210,220
267,210,220
268,210,220
269,209,220
270,209,220
271,209,220
272,209,220
273,209,220
274,209,220
275,208,220
276,208,219
277,208,219
278,208,219
279,208,219
280,207,219
281,207,219
282,207,219
283,207,219
284,207,218
285,207,218
286,206,218
287,206,218
288,206,218
289,206,218
290,206,217
291,205,217
292,205,217
293,205,217
294,205,217
295,205,217
296,205,217
297,204,216
298,204,216
299,204,216
300,204,216
301,204,216
302,203,216
303,203,216
304,203,215
305,203,215
306,203,215
307,202,215
308,202,215
309,202,215
310,202,215
311,202,214
312,201,214
313,201,214
314,201,214
315,201,214
316,201,214
317,200,214
318,200,214
319,200,213
320,200,213
321,200,213
322,199,213
323,199,213
324,199,213
325,199,213
326,199,212
327,198,212
328,198,212
329,198,212
330,198,212
331,198,212
332,197,212
333,197,212
334,197,211
335,197,211
336,197,211
337,197,211
338,197,211
339,197,211
340,197,211
341,197,211
342,197,211
343,196,210
344,196,210
345,196,210
346,196,210
347,197,210
348,197,210
349,197,210
350,197,210
351,197,209
352,198,209
353,198,209
354,198,209
355,199,209
356,199,209
357,200,209
358,200,209
359,201,208
360,202,208
361,203,208
362,204,207
0,0
1,260
192,262,265
193,261,266
194,261,267
195,261,268
196,261,269
197,260,270
198,260,271
199,260,272
200,260,272
201,260,273
202,260,274
203,260,274
204,260,275
205,259,275
206,259,276
207,259,276
208,259,276
209,259,277
210,259,277
211,259,277
212,259,277
213,259,277
214,258,277
215,258,278
216,258,278
217,258,278
218,258,278
219,258,278
220,258,278
221,258,278
222,257,277
223,257,277
224,257,277
225,257,277
226,257,277
227,257,277
228,257,276
229,257,276
230,257,276
231,256,276
232,256,275
233,256,275
234,256,275
235,256,275
236,256,274
237,256,274
238,256,274
239,255,274
240,255,273
241,255,273
242,255,273
243,255,273
244,255,273
245,255,272
246,255,272
247,254,272
248,254,272
249,254,271
250,254,271
251,254,271
252,254,271
253,254,271
254,254,270
255,254,270
256,253,270
257,253,270
258,253,270
259,253,270
260,253,269
261,253,269
262,253,269
263,252,269
264,252,269
265,252,268
266,252,268
267,252,268
268,252,268
269,252,268
270,252,267
271,251,267
272,251,267
273,251,267
274,251,267
275,251,267
276,251,266
277,251,266
278,251,266
279,250,266
280,250,266
281,250,266
282,250,266
283,250,265
284,250,265
285,250,265
286,250,265
287,250,265
288,249,265
289,249,265
290,249,264
291,249,264
292,249,264
293,249,264
294,249,264
295,248,264
296,248,264
297,248,263
298,248,263
299,248,263
300,248,263
301,248,263
302,248,263
303,247,263
304,247,263
305,247,263
306,247,262
307,247,262
308,247,262
309,247,262
310,247,262
311,246,262
312,246,262
313,246,262
314,246,261
315,246,261
316,246,261
317,246,261
318,246,261
319,245,261
320,245,261
321,245,261
322,245,261
323,245,261
324,245,261
325,245,260
326,244,260
327,244,260
328,244,260
329,244,260
330,244,260
331,244,260
332,244,260
333,243,260
334,243,260
335,243,260
336,243,260
337,243,260
338,243,259
339,243,259
340,242,259
341,242,259
342,242,259
343,242,259
344,242,259
345,242,259
346,242,259
347,241,259
348,241,259
349,241,259
350,241,259
351,241,259
352,241,259
353,240,259
354,240,259
355,240,259
356,240,259
357,240,259
358,240,259
359,240,259
360,239,259
361,239,259
362,239,259
363,239,259
364,239,259
365,239,259
366,239,259
367,238,259
368,238,259
369,238,259
370,238,259
371,238,259
372,237,259
373,237,259
374,237,259
375,237,259
376,237,259
377,237,259
378,237,259
379,236,259
380,236,259
381,236,259
382,236,259
383,236,259
384,235,259
385,235,259
386,235,259
387,235,259
388,235,259
389,235,259
390,234,259
391,234,259
392,234,259
393,234,259
394,234,259
395,233,259
396,233,259
397,233,259
398,233,259
399,233,259
400,232,259
401,232,259
402,232,259
403,232,259
404,232,259
405,232,259
406,231,259
407,231,259
408,231,259
409,231,259
410,231,259
411,231,259
412,231,259
413,230,259
414,231,259
415,231,259
416,231,259
417,231,259
418,231,259
419,231,259
420,231,259
421,232,259
422,232,259
423,232,259
424,232,259
425,232,259
426,233,259
427,233,259
428,234,259
429,234,259
430,235,259
431,235,259
432,236,259
433,236,259
434,237,259
435,237,259
436,238,259
437,239,259
438,239,259
439,240,259
440,241,259
441,241,259
442,242,259
443,243,258
444,244,258
445,244,258
446,245,258
447,246,258
448,247,257
449,248,257
450,249,256
451,251,255
0,0
0,111
297,205,212
298,203,218
299,202,223
300,201,226
301,201,229
302,201,231
303,202,232
304,202,233
305,202,234
306,203,234
307,203,235
308,204,235
309,204,235
310,205,235
311,205,235
312,206,236
313,206,236
314,207,236
315,207,236
316,208,236
317,208,236
318,209,236
319,209,236
320,210,237
321,210,237
322,211,237
323,211,237
324,211,237
325,212,237
326,212,238
327,212,238
328,213,238
329,213,238
330,214,238
331,214,238
332,214,239
333,215,239
334,215,239
335,216,239
336,216,239
337,216,240
338,217,240
339,217,240
340,217,240
341,218,240
342,218,241
343,218,241
344,218,241
345,219,241
346,219,241
347,219,241
348,220,242
349,220,242
350,220,242
351,220,242
352,221,242
353,221,243
354,221,243
355,221,243
356,222,243
357,222,243
358,222,244
359,222,244
360,223,244
361,223,244
362,223,244
363,223,245
364,223,245
365,224,245
366,224,245
367,224,245
368,224,245
369,224,246
370,224,246
371,225,246
372,225,246
373,225,246
374,225,247
375,226,247
376,226,247
377,226,247
378,226,247
379,227,247
380,227,247
381,227,248
382,227,248
383,228,248
384,228,248
385,228,248
386,229,248
387,229,248
388,229,248
389,230,248
390,230,248
391,231,248
392,231,248
393,232,248
394,232,248
395,232,248
396,233,248
397,234,248
398,234,248
399,235,248
400,236,248
401,236,248
402,237,248
403,238,248
404,239,247
405,240,247
406,242,246
407,245,245
0,0
1,164
211,305,308
212,305,309
213,304,311
214,304,312
215,304,312
216,304,313
217,303,314
218,303,314
219,303,315
220,303,315
221,303,315
222,303,315
223,303,316
224,303,316
225,302,316
226,302,316
227,302,317
228,302,316
229,302,316
230,302,316
231,302,316
232,302,316
233,301,316
234,301,316
235,301,315
236,301,315
237,301,315
238,301,315
239,301,314
240,300,314
241,300,314
242,300,314
243,300,314
244,300,313
245,300,313
246,300,313
247,299,313
248,299,312
249,299,312
250,299,312
251,299,312
252,299,311
253,298,311
254,298,311
255,298,311
256,298,311
257,298,310
258,298,310
259,298,310
260,297,310
261,297,309
262,297,309
263,297,309
264,297,309
265,297,309
266,296,308
267,296,308
268,296,308
269,296,308
270,296,308
271,296,308
272,295,307
273,295,307
274,295,307
275,295,307
276,295,307
277,294,306
278,294,306
279,294,306
280,294,306
281,294,306
282,293,305
283,293,305
284,293,305
285,293,305
286,293,305
287,293,305
288,293,304
289,292,304
290,292,304
291,292,304
292,292,304
293,292,304
294,292,304
295,291,303
296,291,303
297,291,303
298,291,303
299,291,303
300,291,303
301,290,302
302,290,302
303,290,302
304,290,302
305,290,302
306,289,302
307,289,302
308,289,301
309,289,301
310,289,301
311,289,301
312,289,301
313,288,301
314,288,301
315,288,301
316,288,301
317,288,300
318,288,300
319,287,300
320,287,300
321,287,300
322,287,300
323,287,300
324,287,300
325,287,299
326,286,299
327,286,299
328,286,299
329,286,299
330,286,299
331,286,299
332,286,299
333,285,299
334,285,299
335,285,299
336,285,298
337,285,298
338,285,298
339,284,298
340,284,298
341,284,298
342,284,298
343,284,298
344,284,298
345,283,298
346,283,298
347,283,298
348,283,298
349,283,298
350,283,298
351,282,298
352,282,298
353,282,298
354,282,298
355,281,298
356,281,298
357,281,298
358,298,298
358,281,299
359,298,298
359,281,299
360,298,298
360,280,299
361,298,298
361,280,299
362,298,298
362,280,300
363,298,298
363,280,300
364,298,298
364,279,301
365,279,296
366,279,286
366,279,279
0,120
278,369,372
279,366,376
280,366,379
281,366,382
282,366,384
283,366,386
284,366,387
285,366,389
286,365,391
287,365,393
288,365,394
289,365,396
290,365,397
291,365,399
292,365,400
293,365,401
294,365,403
295,365,404
296,364,405
297,364,406
298,364,407
299,364,408
300,364,408
301,364,409
302,364,409
303,365,409
304,365,410
305,366,410
306,366,409
307,366,409
308,366,409
309,366,408
310,366,408
311,367,407
312,367,406
313,367,406
314,367,405
315,367,404
316,367,403
317,367,402
318,367,401
319,367,400
320,366,400
321,366,399
322,366,399
323,366,398
324,366,398
325,366,397
326,366,397
327,366,396
328,366,396
329,366,395
330,365,395
331,365,395
332,365,394
333,365,394
334,365,394
335,365,393
336,365,393
337,365,393
338,364,393
339,364,392
340,364,392
341,364,392
342,364,392
343,364,391
344,363,391
345,363,391
346,363,391
347,363,390
348,363,390
349,362,390
350,362,390
351,362,389
352,362,389
353,362,389
354,361,389
355,361,388
356,361,388
357,361,388
358,360,388
359,360,387
360,360,387
361,360,387
362,359,386
363,359,386
364,358,386
365,358,386
366,357,385
367,356,385
368,354,385
369,352,385
370,349,384
371,347,384
372,347,384
373,347,383
374,347,383
375,347,383
376,347,383
377,348,382
378,348,382
379,349,382
380,350,381
381,350,381
382,351,381
383,352,380
384,352,380
385,353,379
386,354,379
387,355,379
388,356,378
389,357,378
390,357,377
391,358,376
392,359,376
393,361,375
394,362,374
395,363,373
396,365,371
397,368,368
0,0
1,90
256,342,344
257,342,346
258,342,347
259,341,347
260,341,348
261,341,348
262,340,349
263,340,349
264,340,349
265,340,349
266,339,349
267,339,349
268,339,349
269,339,350
270,338,349
271,338,349
272,338,349
273,338,349
274,337,349
275,337,349
276,337,349
277,336,348
278,336,348
279,336,348
280,336,348
281,335,348
282,335,348
283,335,348
284,334,347
285,334,347
286,334,347
287,334,347
288,333,347
289,333,347
290,333,347
291,333,346
292,332,346
293,332,346
294,332,346
295,331,346
296,331,346
297,331,345
298,331,345
299,330,345
300,330,345
301,330,345
302,329,345
303,329,344
304,329,344
305,329,344
306,328,344
307,328,344
308,328,344
309,328,344
310,327,343
311,327,343
312,327,343
313,327,343
314,327,343
315,327,343
316,326,343
317,326,342
318,326,342
319,326,342
320,326,342
321,326,342
322,326,342
323,326,342
324,326,341
325,325,341
326,326,341
327,326,341
328,326,341
329,326,341
330,326,341
331,326,340
332,326,340
333,327,340
334,327,340
335,327,340
336,327,340
337,328,340
338,328,340
339,329,339
340,329,339
341,330,339
342,331,339
343,332,338
344,333,338
345,334,337
0,0
0,88
297,290,290
298,286,293
299,284,296
300,284,298
301,283,300
302,283,301
303,284,303
304,284,304
305,284,305
306,285,306
307,285,307
308,286,308
309,287,309
310,287,310
311,287,311
312,287,311
313,288,312
314,288,312
315,288,313
316,288,313
317,288,313
318,288,313
319,288,313
320,289,312
321,289,312
322,289,312
323,289,312
324,289,312
325,289,312
326,289,312
327,289,312
328,289,311
329,289,311
330,289,311
331,289,311
332,289,311
333,289,311
334,289,311
335,289,311
336,289,311
337,289,311
338,289,311
339,289,311
340,289,311
341,289,311
342,289,310
343,289,310
344,289,310
345,290,310
346,290,310
347,290,310
348,290,310
349,290,310
350,290,310
351,290,310
352,290,310
353,290,310
354,290,310
355,290,310
356,290,309
357,290,309
358,290,309
359,290,309
360,290,309
361,290,309
362,290,309
363,290,309
364,290,309
365,290,309
366,290,309
367,290,309
368,290,309
369,290,309
370,290,309
371,290,309
372,291,308
373,291,308
374,291,308
375,291,308
376,291,308
377,291,308
378,291,308
379,291,308
380,291,308
381,291,308
382,291,308
383,291,308
384,301,308
0,0
1,128
237,384,386
238,384,388
239,383,388
240,383,389
241,383,390
242,383,390
243,383,391
244,382,391
245,382,391
246,382,391
247,382,391
248,382,391
249,382,391
250,382,391
251,381,391
252,381,391
253,381,392
254,381,391
255,381,391
256,381,391
257,380,391
258,380,391
259,380,391
260,380,391
261,380,391
262,380,391
263,380,391
264,379,391
265,379,391
266,379,391
267,379,391
268,379,391
269,379,391
270,379,390
271,378,390
272,378,390
273,378,390
274,378,390
275,378,390
276,378,390
277,377,390
278,377,390
279,377,390
280,377,389
281,377,389
282,377,389
283,376,389
284,376,389
285,376,389
286,376,389
287,376,389
288,376,388
289,375,388
290,375,388
291,375,388
292,375,388
293,375,388
294,375,388
295,374,388
296,374,387
297,374,387
298,374,387
299,374,387
300,374,387
301,373,387
302,373,387
303,373,387
304,373,387
305,373,386
306,373,386
307,372,386
308,372,386
309,372,386
310,372,386
311,372,386
312,372,386
313,371,386
314,371,386
315,371,385
316,371,385
317,371,385
318,371,385
319,370,385
320,370,385
321,370,385
322,370,385
323,370,385
324,370,384
325,369,384
326,369,384
327,369,384
328,369,384
329,369,384
330,369,384
331,369,384
332,368,384
333,368,384
334,368,383
335,368,383
336,368,383
337,368,383
338,368,383
339,368,383
340,367,383
341,367,383
342,367,383
343,367,383
344,367,382
345,367,382
346,367,382
347,367,382
348,368,382
349,368,382
350,368,382
351,368,382
352,369,382
353,369,382
354,369,382
355,369,381
356,370,381
357,370,381
358,371,381
359,371,381
360,372,381
361,373,381
362,374,380
363,375,380
364,377,379
0,0
1,318
166,433,433
167,431,435
168,430,436
169,430,437
170,430,438
171,430,439
172,430,440
173,429,441
174,429,442
175,429,443
176,429,443
177,429,444
178,429,445
179,429,445
180,429,446
181,429,446
182,429,447
183,429,447
184,428,447
185,428,448
186,428,448
187,428,448
188,428,449
189,428,449
190,428,449
191,428,449
192,428,449
193,428,449
194,427,450
195,427,450
196,427,450
197,427,450
198,427,450
199,427,450
200,427,450
201,427,449
202,427,449
203,427,449
204,427,449
205,427,449
206,426,448
207,426,448
208,426,448
209,426,448
210,426,448
211,426,447
212,426,447
213,426,447
214,426,447
215,426,446
216,425,446
217,425,446
218,425,446
219,425,446
220,425,445
221,425,445
222,425,445
223,425,445
224,425,445
225,425,444
226,424,444
227,424,444
228,424,444
229,424,444
230,424,444
231,424,443
232,424,443
233,424,443
234,424,443
235,424,443
236,424,442
237,423,442
238,423,442
239,423,442
240,423,442
241,423,442
242,423,441
243,423,441
244,423,441
245,423,441
246,423,441
247,423,441
248,422,441
249,422,440
250,422,440
251,422,440
252,422,440
253,422,440
254,422,440
255,422,439
256,422,439
257,422,439
258,421,439
259,421,439
260,421,439
261,421,439
262,421,438
263,421,438
264,421,438
265,421,438
266,421,438
267,420,438
268,420,438
269,420,438
270,420,438
271,420,437
272,420,437
273,420,437
274,420,437
275,420,437
276,420,437
277,420,437
278,419,437
279,419,436
280,419,436
281,419,436
282,419,436
283,419,436
284,419,436
285,419,436
286,419,436
287,419,436
288,418,436
289,418,436
290,418,435
291,418,435
292,418,435
293,418,435
294,418,435
295,418,435
296,418,435
297,418,435
298,417,435
299,417,435
300,417,435
301,417,434
302,417,434
303,417,434
304,417,434
305,417,434
306,417,434
307,416,434
308,416,434
309,416,434
310,416,434
311,416,434
312,416,434
313,416,434
314,416,434
315,416,433
316,415,433
317,415,433
318,415,433
319,415,433
320,415,433
321,415,433
322,415,433
323,415,433
324,415,433
325,414,433
326,414,433
327,414,433
328,414,433
329,414,433
330,414,433
331,414,433
332,414,433
333,413,433
334,413,433
335,413,433
336,413,433
337,413,433
338,413,433
339,413,433
340,413,433
341,412,433
342,412,433
343,412,433
344,412,433
345,412,433
346,412,433
347,412,433
348,412,433
349,412,433
350,411,433
351,411,433
352,411,433
353,411,433
354,411,433
355,411,433
356,411,433
357,410,433
358,410,433
359,410,433
360,410,433
361,410,433
362,410,433
363,410,433
364,410,433
365,409,433
366,409,433
367,409,433
368,409,433
369,409,433
370,409,433
371,409,433
372,408,433
373,408,433
374,408,433
375,408,433
376,408,433
377,408,433
378,408,433
379,407,433
380,407,433
381,407,433
382,407,433
383,407,433
384,407,433
385,407,433
386,406,433
387,406,433
388,406,433
389,406,433
390,406,433
391,406,433
392,405,433
393,405,433
394,405,433
395,405,433
396,405,433
397,405,433
398,404,433
399,404,433
400,404,433
401,404,433
402,404,433
403,427,433
403,404,434
404,427,433
404,403,434
405,427,433
405,403,434
406,427,433
406,403,434
407,427,433
407,403,434
408,427,433
408,403,434
409,427,433
409,403,434
410,427,433
410,403,434
411,427,433
411,402,434
412,427,433
412,402,434
413,427,433
413,402,434
414,427,433
414,402,434
415,427,433
415,402,434
416,427,433
416,402,434
417,427,433
417,402,434
418,427,433
418,402,434
419,427,433
419,403,434
420,427,433
420,403,434
421,427,433
421,403,434
422,427,433
422,403,434
423,427,433
423,403,434
424,427,433
424,404,434
425,427,433
425,404,434
426,427,433
426,404,434
427,427,433
427,404,435
428,405,435
429,405,435
430,406,435
431,406,435
432,407,435
433,407,435
434,408,435
435,408,435
436,409,435
437,409,435
438,410,435
439,410,435
440,411,435
441,412,435
442,412,435
443,413,435
444,414,436
445,415,435
446,415,435
447,416,435
448,417,435
449,418,435
450,419,434
451,419,434
452,421,434
453,421,434
454,423,433
455,424,433
456,425,432
457,427,430
457,427,427
0,0
