1,147
101,136,136
102,134,137
103,134,138
104,133,139
105,132,139
106,132,140
107,132,140
108,131,141
109,131,141
110,131,141
111,130,142
112,130,142
113,130,143
114,130,143
115,130,143
116,129,144
117,129,144
118,129,144
119,129,144
120,129,144
121,128,145
122,128,145
123,128,145
124,128,145
125,128,145
126,127,146
127,127,146
128,127,146
129,127,146
130,126,146
131,126,146
132,126,146
133,126,146
134,125,146
135,125,146
136,125,147
137,125,146
138,125,146
139,124,146
140,124,146
141,124,146
142,123,146
143,123,146
144,123,145
145,123,145
146,122,145
147,122,145
148,122,145
149,122,144
150,121,144
151,121,144
152,121,144
153,120,143
154,120,143
155,120,143
156,120,142
157,119,142
158,119,142
159,119,141
160,118,141
161,118,141
162,118,140
163,117,140
164,117,140
165,117,140
166,116,139
167,116,139
168,115,139
169,115,138
170,115,138
171,114,138
172,114,137
173,114,137
174,113,137
175,113,137
176,113,136
177,112,136
178,112,136
179,111,135
180,111,135
181,111,135
182,110,134
183,110,134
184,109,134
185,109,134
186,109,133
187,108,133
188,108,133
189,107,132
190,107,132
191,107,132
192,106,131
193,106,131
194,105,131
195,105,130
196,104,130
197,104,130
198,104,130
199,103,129
200,103,129
201,102,129
202,102,128
203,101,128
204,101,128
205,101,127
206,100,127
207,100,127
208,100,126
209,99,126
210,99,126
211,99,126
212,99,125
213,99,125
214,99,125
215,98,124
216,98,124
217,98,124
218,98,124
219,98,123
220,98,123
221,98,123
222,98,122
223,98,122
224,98,122
225,98,121
226,98,121
227,98,121
228,98,120
229,99,120
230,99,120
231,99,119
232,99,119
233,99,119
234,99,118
235,100,118
236,100,118
237,100,117
238,100,117
239,101,116
240,101,116
241,101,116
242,102,115
243,102,115
244,103,114
245,104,114
246,105,113
247,106,111
0,0
1,130
108,197,199
109,196,200
110,195,200
111,195,201
112,194,201
113,194,202
114,194,202
115,193,203
116,193,203
117,193,203
118,192,204
119,192,204
120,192,204
121,192,204
122,192,205
123,191,205
124,191,205
125,191,205
126,191,206
127,191,206
128,190,206
129,190,206
130,190,206
131,190,206
132,189,206
133,189,207
134,189,207
135,189,207
136,188,207
137,188,207
138,188,207
139,188,207
140,187,206
141,187,206
142,187,206
143,187,206
144,186,206
145,186,206
146,186,206
147,186,206
148,185,205
149,185,205
150,185,205
151,184,205
152,184,204
153,184,204
154,183,204
155,183,203
156,183,203
157,182,203
158,182,202
159,182,202
160,181,202
161,181,201
162,181,201
163,180,201
164,180,200
165,180,200
166,179,200
167,179,200
168,179,199
169,178,199
170,178,199
171,177,198
172,177,198
173,177,198
174,176,197
175,176,197
176,176,197
177,175,196
178,175,196
179,174,196
180,174,195
181,174,195
182,173,195
183,173,195
184,172,194
185,172,194
186,171,194
187,171,193
188,171,193
189,170,193
190,170,192
191,169,192
192,169,192
193,168,191
194,168,191
195,167,191
196,167,190
197,166,190
198,166,190
199,166,189
200,165,189
201,165,189
202,165,189
203,164,188
204,164,188
205,164,188
206,164,187
207,164,187
208,163,187
209,163,186
210,163,186
211,163,186
212,163,185
213,162,185
214,163,185
215,163,184
216,163,184
217,163,184
218,163,183
219,163,183
220,163,183
221,163,182
222,163,182
223,164,182
224,164,181
225,164,181
226,164,181
227,164,180
228,165,180
229,165,180
230,165,179
231,165,179
232,166,178
233,166,178
234,167,177
235,168,177
236,169,176
237,170,175
0,0
1,219
39,270,270
40,267,273
41,266,274
42,265,275
43,265,276
44,265,277
45,264,277
46,264,278
47,264,279
48,264,279
49,264,280
50,264,280
51,263,281
52,263,282
53,263,282
54,263,282
55,263,283
56,263,283
57,263,284
58,263,284
59,262,284
60,262,284
61,262,285
62,262,285
63,262,285
64,262,285
65,262,285
66,262,286
67,261,286
68,261,286
69,261,286
70,261,286
71,261,286
72,261,286
73,261,286
74,260,286
75,260,285
76,260,285
77,260,285
78,260,285
79,260,285
80,259,284
81,259,284
82,259,284
83,259,284
84,259,283
85,259,283
86,259,282
87,258,282
88,258,282
89,258,281
90,258,281
91,258,281
92,258,280
93,257,280
94,257,280
95,257,279
96,257,279
97,257,279
98,257,278
99,256,278
100,256,278
101,256,277
102,256,277
103,255,277
104,255,276
105,255,276
106,255,276
107,255,275
108,254,275
109,254,275
110,254,274
111,254,274
112,253,274
113,253,273
114,253,273
115,253,273
116,253,272
117,252,272
118,252,272
119,252,271
120,252,271
121,251,271
122,251,270
123,251,270
124,251,270
125,250,269
126,250,269
127,250,269
128,250,268
129,250,268
130,249,268
131,249,268
132,249,267
133,249,267
134,248,267
135,248,266
136,248,266
137,248,266
138,247,266
139,247,265
140,247,265
141,247,265
142,246,264
143,246,264
144,246,264
145,246,264
146,245,263
147,245,263
148,245,263
149,245,262
150,244,262
151,244,262
152,244,262
153,244,261
154,244,261
155,243,261
156,243,260
157,243,260
158,242,260
159,242,260
160,242,259
161,242,259
162,241,259
163,241,259
164,241,258
165,241,258
166,240,258
167,240,258
168,240,257
169,240,257
170,239,257
171,239,257
172,239,256
173,239,256
174,238,256
175,238,256
176,238,255
177,238,255
178,237,255
179,237,255
180,237,255
181,237,254
182,236,254
183,236,254
184,236,254
185,236,254
186,235,253
187,235,253
188,235,253
189,235,253
190,234,252
191,234,252
192,234,252
193,234,252
194,233,252
195,233,251
196,233,251
197,233,251
198,232,251
199,232,251
200,232,250
201,232,250
202,231,250
203,231,250
204,231,250
205,231,249
206,230,249
207,230,249
208,230,249
209,230,249
210,229,248
211,229,248
212,229,248
213,229,248
214,228,248
215,228,247
216,228,247
217,228,247
218,227,247
219,227,247
220,227,247
221,227,246
222,226,246
223,226,246
224,226,246
225,226,246
226,225,245
227,225,245
228,225,245
229,225,245
230,225,245
231,225,245
232,224,244
233,224,244
234,224,244
235,224,244
236,225,244
237,225,244
238,225,243
239,225,243
240,225,243
241,225,243
242,225,243
243,226,243
244,226,242
245,226,242
246,227,242
247,227,242
248,228,242
249,228,242
250,229,241
251,229,241
252,230,241
253,230,241
254,231,240
255,232,240
256,233,239
257,234,238
0,0
0,439
24,158,160
25,154,163
26,152,166
27,151,168
28,150,170
29,150,172
30,149,174
31,149,176
32,149,177
33,148,179
34,149,180
35,149,182
36,149,183
37,149,185
38,149,186
39,150,187
40,151,189
41,151,190
42,152,191
43,152,193
44,153,194
45,154,195
46,154,196
47,155,197
48,155,198
49,156,199
50,156,200
51,157,201
52,157,201
53,158,201
54,158,201
55,159,202
56,159,202
57,159,202
58,160,202
59,160,201
60,161,201
61,161,201
62,161,200
63,162,200
64,162,199
65,162,199
66,163,198
67,163,198
68,163,198
69,163,198
70,164,198
71,164,197
72,164,197
73,164,197
74,165,197
75,165,197
76,165,196
77,165,196
78,165,196
79,166,196
80,166,196
81,166,196
82,166,195
83,166,195
84,166,195
85,166,195
86,166,195
87,167,195
88,167,195
89,167,194
90,167,194
91,167,194
92,167,194
93,167,194
94,167,194
95,167,194
96,167,194
97,167,194
98,167,193
99,167,193
100,167,193
101,167,193
102,167,193
103,167,193
104,167,193
105,167,193
106,167,193
107,167,193
108,167,192
109,167,192
110,167,192
111,167,192
112,167,192
113,167,192
114,167,192
115,167,192
116,167,192
117,167,192
118,167,192
119,167,192
120,167,192
121,167,191
122,167,191
123,167,191
124,167,191
125,167,191
126,167,191
127,167,191
128,167,191
129,167,191
130,167,191
131,167,191
132,167,191
133,167,191
134,167,191
135,167,191
136,167,190
137,167,190
138,167,190
139,167,190
140,167,190
141,167,190
142,167,190
143,167,190
144,167,190
145,167,190
146,167,190
147,167,190
148,167,190
149,167,190
150,167,190
151,167,190
152,167,190
153,167,190
154,167,190
155,167,189
156,167,189
157,167,189
158,167,189
159,167,189
160,167,189
161,167,189
162,167,189
163,167,189
164,167,189
165,167,189
166,167,189
167,167,189
168,167,189
169,167,189
170,167,189
171,167,189
172,167,189
173,167,189
174,167,189
175,167,189
176,167,189
177,167,189
178,167,189
179,167,189
180,167,189
181,167,188
182,167,188
183,167,188
184,167,188
185,167,188
186,167,188
187,167,188
188,167,188
189,167,188
190,167,188
191,167,188
192,166,188
193,166,188
194,166,188
195,166,188
196,166,188
197,166,188
198,166,188
199,166,188
200,166,188
201,166,188
202,166,188
203,166,188
204,166,188
205,166,188
206,166,188
207,166,188
208,166,188
209,166,188
210,166,188
211,166,188
212,166,188
213,166,188
214,166,187
215,166,187
216,166,187
217,166,187
218,166,187
219,166,187
220,166,187
221,166,187
222,166,187
223,166,187
224,166,187
225,166,187
226,166,187
227,166,187
228,166,187
229,166,187
230,166,187
231,166,187
232,166,187
233,166,187
234,166,187
235,166,187
236,166,187
237,166,187
238,166,187
239,166,187
240,166,187
241,166,187
242,166,187
243,166,187
244,165,187
245,165,187
246,165,187
247,165,187
248,165,187
249,165,187
250,165,187
251,165,187
252,165,187
253,165,187
254,165,187
255,165,187
256,165,187
257,165,187
258,165,187
259,165,187
260,165,187
261,165,187
262,165,187
263,165,187
264,165,187
265,165,187
266,165,187
267,165,187
268,165,187
269,165,187
270,165,187
271,165,187
272,165,187
273,165,187
274,165,186
275,165,186
276,165,186
277,164,186
278,164,186
279,164,186
280,164,186
281,164,186
282,164,186
283,164,186
284,164,186
285,164,186
286,164,186
287,164,186
288,164,186
289,164,186
290,164,186
291,164,186
292,164,186
293,164,186
294,164,186
295,164,186
296,164,186
297,164,186
298,164,186
299,164,186
300,164,186
301,164,186
302,164,186
303,164,186
304,164,186
305,163,186
306,163,186
307,163,186
308,163,186
309,163,186
310,163,186
311,163,186
312,163,186
313,163,186
314,163,186
315,163,186
316,163,186
317,163,186
318,163,186
319,163,186
320,163,186
321,163,186
322,163,186
323,162,186
324,162,186
325,162,186
326,162,186
327,162,186
328,162,186
329,162,186
330,162,186
331,162,186
332,162,186
333,162,186
334,162,186
335,162,186
336,161,186
337,161,186
338,161,186
339,161,186
340,161,186
341,161,186
342,161,186
343,161,186
344,161,186
345,161,186
346,161,186
347,160,185
348,160,185
349,160,185
350,160,185
351,160,185
352,160,185
353,160,185
354,160,185
355,159,185
356,159,185
357,159,185
358,159,185
359,159,185
360,159,185
361,159,185
362,158,185
363,158,185
364,158,185
365,158,185
366,158,185
367,158,185
368,158,185
369,157,185
370,157,185
371,157,185
372,157,185
373,157,185
374,157,185
375,156,185
376,156,185
377,156,185
378,156,185
379,156,185
380,155,185
381,155,185
382,155,185
383,155,185
384,155,185
385,154,185
386,154,185
387,154,185
388,154,185
389,153,185
390,153,185
391,153,185
392,153,185
393,152,185
394,152,185
395,152,185
396,152,185
397,151,185
398,151,185
399,151,185
400,151,185
401,150,185
402,150,185
403,150,185
404,150,185
405,149,185
406,149,185
407,149,185
408,149,185
409,149,185
410,148,185
411,148,185
412,148,185
413,148,185
414,148,185
415,148,185
416,148,185
417,148,185
418,148,185
419,148,185
420,148,185
421,148,185
422,148,185
423,148,185
424,148,185
425,149,185
426,149,185
427,149,185
428,150,185
429,150,185
430,150,185
431,150,185
432,151,185
433,151,184
434,151,184
435,152,184
436,152,184
437,152,184
438,153,183
439,153,183
440,154,183
441,154,183
442,154,182
443,155,182
444,155,182
445,156,181
446,156,181
447,156,180
448,157,180
449,157,179
450,158,179
451,158,178
452,158,178
453,159,177
454,159,177
455,160,176
456,160,176
457,161,175
458,162,174
459,162,173
460,163,173
461,164,171
462,166,169
0,0
0,149
249,163,163
250,160,165
251,159,166
252,158,167
253,158,168
254,157,169
255,157,170
256,156,170
257,156,171
258,155,171
259,155,172
260,154,172
261,154,172
262,154,173
263,153,173
264,153,173
265,152,173
266,152,174
267,151,174
268,151,174
269,150,174
270,150,174
271,149,174
272,149,174
273,148,174
274,148,174
275,148,173
276,147,173
277,147,173
278,146,172
279,146,172
280,145,171
281,145,171
282,144,170
283,144,170
284,143,169
285,142,168
286,142,168
287,141,167
288,141,166
289,140,166
290,140,165
291,139,164
292,138,164
293,138,163
294,137,162
295,136,162
296,136,161
297,135,160
298,135,159
299,134,159
300,133,158
301,133,157
302,132,157
303,131,156
304,131,155
305,130,155
306,129,154
307,128,153
308,128,152
309,127,152
310,126,151
311,125,150
312,124,150
313,124,149
314,123,148
315,122,147
316,121,147
317,120,146
318,119,145
319,119,144
320,118,144
321,117,143
322,116,142
323,115,141
324,115,141
325,114,140
326,113,139
327,112,138
328,111,137
329,110,137
330,109,136
331,109,135
332,108,134
333,107,133
334,106,133
335,105,132
336,104,131
337,103,130
338,102,129
339,102,128
340,101,128
341,100,127
342,99,126
343,98,125
344,97,124
345,96,123
346,95,122
347,94,122
348,93,121
349,92,120
350,91,119
351,89,118
352,88,117
353,87,116
354,86,115
355,85,114
356,84,113
357,83,112
358,82,111
359,81,109
360,80,108
361,79,107
362,77,106
363,76,105
364,75,104
365,74,103
366,73,101
367,72,100
368,70,99
369,69,98
370,68,96
371,67,95
372,66,94
373,65,92
374,63,91
375,62,89
376,61,88
377,60,86
378,59,85
379,57,84
380,56,82
381,55,80
382,54,79
383,53,77
384,52,75
385,50,74
386,49,72
387,48,70
388,47,68
389,45,66
390,44,64
391,43,62
392,42,60
393,42,58
394,41,56
395,41,54
396,42,51
397,45,48
0,0
0,54
282,182,185
283,179,189
284,179,193
285,178,196
286,178,199
287,178,202
288,179,204
289,179,207
290,179,209
291,180,212
292,180,214
293,181,216
294,182,218
295,183,221
296,184,223
297,185,224
298,186,226
299,187,228
300,188,229
301,189,230
302,190,231
303,191,232
304,193,233
305,194,234
306,195,235
307,196,236
308,197,236
309,198,237
310,199,237
311,201,238
312,202,238
313,203,238
314,204,238
315,205,239
316,206,239
317,207,239
318,208,239
319,209,239
320,210,240
321,212,240
322,213,240
323,214,240
324,215,240
325,216,240
326,217,240
327,218,240
328,219,239
329,220,239
330,221,239
331,222,238
332,223,238
333,224,237
334,226,236
335,230,233
0,0
0,305
128,270,270
129,267,273
130,264,277
131,262,279
132,262,281
133,261,283
134,261,285
135,261,287
136,262,289
137,262,290
138,262,292
139,263,293
140,263,295
141,263,296
142,264,297
143,264,298
144,264,299
145,265,299
146,265,300
147,266,300
148,266,301
149,266,301
150,267,301
151,267,301
152,268,302
153,268,302
154,269,302
155,269,302
156,270,302
157,270,301
158,271,301
159,271,301
160,271,301
161,271,301
162,272,301
163,272,301
164,272,301
165,272,301
166,273,301
167,273,301
168,273,300
169,273,300
170,273,300
171,273,300
172,274,300
173,274,300
174,274,300
175,274,300
176,274,300
177,274,300
178,274,300
179,275,300
180,275,300
181,275,300
182,275,300
183,275,300
184,275,300
185,275,300
186,275,300
187,275,300
188,275,300
189,276,300
190,276,300
191,276,300
192,276,300
193,276,300
194,276,300
195,276,300
196,276,300
197,276,300
198,276,300
199,276,300
200,276,300
201,276,300
202,276,300
203,276,300
204,277,300
205,277,300
206,277,300
207,277,300
208,277,300
209,277,300
210,277,300
211,277,300
212,277,300
213,277,300
214,277,300
215,277,300
216,277,300
217,277,300
218,277,300
219,277,300
220,277,300
221,277,300
222,277,300
223,277,300
224,277,300
225,277,300
226,277,300
227,277,300
228,277,300
229,277,300
230,277,300
231,277,300
232,277,300
233,278,300
234,278,300
235,278,300
236,278,300
237,278,300
238,278,300
239,278,300
240,278,300
241,278,300
242,278,300
243,278,300
244,278,300
245,278,300
246,278,300
247,278,300
248,278,300
249,278,300
250,278,300
251,278,300
252,278,300
253,278,300
254,278,300
255,278,300
256,278,300
257,278,300
258,278,300
259,278,300
260,278,300
261,278,300
262,278,300
263,278,300
264,278,300
265,278,300
266,278,300
267,278,300
268,277,300
269,277,300
270,277,300
271,277,300
272,277,300
273,277,300
274,277,300
275,277,300
276,277,300
277,277,300
278,277,300
279,277,300
280,277,300
281,277,300
282,277,300
283,277,300
284,277,300
285,277,300
286,277,300
287,277,300
288,277,300
289,277,300
290,277,300
291,277,300
292,277,300
293,277,300
294,277,300
295,277,300
296,277,300
297,277,300
298,277,300
299,277,300
300,277,300
301,277,300
302,277,300
303,276,300
304,276,300
305,276,300
306,276,300
307,276,300
308,276,300
309,276,300
310,276,300
311,276,300
312,276,300
313,276,300
314,276,300
315,276,300
316,276,300
317,276,300
318,276,300
319,275,300
320,275,300
321,275,300
322,275,300
323,275,300
324,275,300
325,275,300
326,275,300
327,275,300
328,275,300
329,275,300
330,274,300
331,274,300
332,274,300
333,274,300
334,274,300
335,274,300
336,274,300
337,274,300
338,274,300
339,273,300
340,273,300
341,273,300
342,273,300
343,273,300
344,273,300
345,273,300
346,272,300
347,272,300
348,272,300
349,272,300
350,272,300
351,272,300
352,271,300
353,271,300
354,271,299
355,271,299
356,271,299
357,271,299
358,270,299
359,270,299
360,270,299
361,270,299
362,270,299
363,270,299
364,269,299
365,269,299
366,269,299
367,269,299
368,269,299
369,268,299
370,268,299
371,268,299
372,268,299
373,268,299
374,267,299
375,267,299
376,267,299
377,267,299
378,266,299
379,266,299
380,266,299
381,266,299
382,266,299
383,265,299
384,265,299
385,265,299
386,265,299
387,265,299
388,265,299
389,265,299
390,265,299
391,265,299
392,265,299
393,265,299
394,265,299
395,265,299
396,265,299
397,265,298
398,265,298
399,265,298
400,266,298
401,266,298
402,266,298
403,266,298
404,266,298
405,267,298
406,267,298
407,267,298
408,268,298
409,268,298
410,268,297
411,269,297
412,269,297
413,270,297
414,270,297
415,270,297
416,271,297
417,271,297
418,272,297
419,272,296
420,273,296
421,273,296
422,274,295
423,275,295
424,275,294
425,276,294
426,277,293
427,278,292
428,278,292
429,279,291
430,280,290
431,281,289
432,284,286
0,0
1,109
278,145,147
279,144,148
280,143,149
281,143,150
282,142,150
283,142,151
284,142,151
285,142,152
286,142,152
287,141,153
288,141,153
289,141,153
290,141,154
291,141,154
292,140,154
293,140,154
294,140,154
295,140,155
296,140,155
297,139,155
298,139,155
299,139,155
300,139,154
301,139,154
302,138,154
303,138,154
304,138,154
305,138,154
306,137,154
307,137,153
308,137,153
309,137,153
310,137,153
311,136,152
312,136,152
313,136,152
314,136,151
315,135,151
316,135,151
317,135,150
318,134,150
319,134,150
320,134,149
321,134,149
322,134,149
323,133,149
324,133,148
325,133,148
326,132,148
327,132,148
328,132,147
329,132,147
330,131,147
331,131,147
332,131,146
333,130,146
334,130,146
335,130,146
336,129,145
337,129,145
338,129,145
339,128,145
340,128,144
341,128,144
342,127,144
343,127,144
344,127,143
345,126,143
346,126,143
347,126,143
348,125,142
349,125,142
350,125,142
351,124,142
352,124,141
353,123,141
354,123,141
355,123,141
356,122,140
357,122,140
358,121,140
359,121,140
360,121,139
361,120,139
362,120,139
363,119,139
364,119,138
365,118,138
366,118,138
367,118,138
368,117,137
369,117,137
370,116,137
371,116,137
372,115,136
373,115,136
374,114,136
375,114,136
376,113,136
377,113,136
378,112,136
379,114,136
380,118,136
381,122,136
382,125,136
383,129,136
384,132,136
385,136,137
385,136,137
0,92
111,382,392
112,379,397
113,378,400
114,378,403
115,379,405
116,379,407
117,379,410
118,379,412
119,380,414
120,380,416
121,380,418
122,381,419
123,381,421
124,381,423
125,381,424
126,382,426
127,382,427
128,382,428
129,383,429
130,383,431
131,383,431
132,383,432
133,384,433
134,384,433
135,384,434
136,385,434
137,385,434
138,385,434
139,386,434
140,386,433
141,387,433
142,387,432
143,387,432
144,387,431
145,387,431
146,387,430
147,387,428
148,387,427
149,387,426
150,387,425
151,387,424
152,387,423
153,387,422
154,387,422
155,387,421
156,386,420
157,386,419
158,386,418
159,386,418
160,386,417
161,386,416
162,385,416
163,385,415
164,385,415
165,385,414
166,385,414
167,384,413
168,384,413
169,384,412
170,384,412
171,384,411
172,383,411
173,383,411
174,383,410
175,383,410
176,382,409
177,382,409
178,382,408
179,382,408
180,382,408
181,381,407
182,381,407
183,381,407
184,380,406
185,380,406
186,380,406
187,380,405
188,379,405
189,379,404
190,379,404
191,378,404
192,378,403
193,378,403
194,378,403
195,377,402
196,377,402
197,377,402
198,376,401
199,376,401
200,376,397
201,375,383
202,375,375
0,0
1,136
285,217,217
286,216,220
287,215,221
288,215,222
289,215,223
290,214,224
291,214,225
292,214,226
293,214,226
294,214,227
295,213,227
296,213,228
297,213,228
298,213,228
299,213,228
300,212,228
301,212,228
302,212,229
303,212,228
304,212,228
305,212,228
306,211,228
307,211,228
308,211,228
309,211,227
310,211,227
311,210,227
312,210,227
313,210,226
314,210,226
315,210,226
316,209,226
317,209,225
318,209,225
319,209,225
320,209,225
321,208,225
322,208,224
323,208,224
324,208,224
325,208,224
326,207,223
327,207,223
328,207,223
329,207,223
330,207,223
331,206,222
332,206,222
333,206,222
334,206,222
335,205,222
336,205,221
337,205,221
338,205,221
339,204,221
340,204,221
341,204,220
342,204,220
343,203,220
344,203,220
345,203,220
346,203,220
347,202,219
348,202,219
349,202,219
350,202,219
351,201,219
352,201,219
353,201,218
354,201,218
355,200,218
356,200,218
357,200,218
358,200,218
359,199,217
360,199,217
361,199,217
362,199,217
363,198,217
364,198,217
365,198,217
366,197,216
367,197,216
368,197,216
369,197,216
370,196,216
371,196,216
372,196,215
373,196,215
374,195,215
375,195,215
376,195,215
377,194,215
378,194,215
379,194,214
380,194,214
381,193,214
382,193,214
383,193,214
384,193,214
385,192,214
386,192,213
387,192,213
388,192,213
389,192,213
390,191,213
391,191,213
392,191,213
393,191,213
394,191,212
395,191,212
396,191,212
397,191,212
398,191,212
399,192,212
400,192,212
401,192,212
402,192,211
403,193,211
404,193,211
405,193,211
406,194,211
407,194,211
408,195,211
409,195,211
410,196,210
411,196,210
412,197,210
413,198,210
414,198,210
415,199,210
416,200,210
417,200,209
418,201,209
419,202,208
420,204,207
0,0
1,112
284,293,294
285,292,296
286,291,297
287,291,298
288,291,299
289,290,299
290,290,300
291,290,300
292,290,301
293,290,301
294,290,302
295,290,302
296,289,302
297,289,302
298,289,303
299,289,303
300,289,303
301,289,303
302,289,303
303,288,303
304,288,304
305,288,303
306,288,303
307,288,303
308,288,303
309,287,303
310,287,303
311,287,303
312,287,303
313,287,303
314,287,303
315,286,302
316,286,302
317,286,302
318,286,302
319,286,301
320,286,301
321,285,301
322,285,300
323,285,300
324,285,300
325,285,300
326,284,299
327,284,299
328,284,299
329,284,299
330,284,299
331,283,299
332,283,298
333,283,298
334,283,298
335,282,298
336,282,298
337,282,297
338,282,297
339,282,297
340,281,297
341,281,297
342,281,296
343,281,296
344,280,296
345,280,296
346,280,296
347,280,295
348,279,295
349,279,295
350,279,295
351,278,295
352,278,294
353,278,294
354,278,294
355,277,294
356,277,294
357,277,293
358,276,293
359,276,293
360,276,293
361,275,293
362,275,292
363,275,292
364,274,292
365,274,292
366,274,292
367,274,291
368,273,291
369,273,291
370,272,291
371,272,291
372,272,290
373,271,290
374,271,290
375,271,290
376,270,290
377,270,289
378,269,289
379,269,289
380,269,289
381,268,289
382,268,289
383,267,289
384,267,289
385,267,289
386,266,289
387,266,289
388,265,289
389,266,289
390,270,289
391,275,289
392,279,289
393,284,289
394,288,290
394,289,290
0,104
263,397,397
264,391,402
265,388,407
266,388,410
267,389,413
268,389,415
269,389,417
270,389,419
271,390,421
272,390,423
273,390,425
274,390,427
275,390,429
276,391,430
277,391,432
278,391,434
279,391,435
280,392,437
281,392,438
282,392,439
283,392,440
284,392,442
285,393,443
286,393,443
287,393,444
288,393,445
289,394,445
290,394,446
291,394,446
292,395,446
293,395,446
294,396,446
295,396,446
296,396,446
297,396,445
298,396,445
299,396,444
300,396,443
301,396,443
302,396,442
303,396,441
304,396,439
305,396,438
306,396,437
307,396,436
308,396,435
309,396,435
310,396,434
311,396,433
312,396,432
313,395,431
314,395,430
315,395,430
316,395,429
317,395,428
318,395,428
319,394,427
320,394,426
321,394,426
322,394,425
323,394,425
324,393,424
325,393,424
326,393,423
327,393,423
328,392,423
329,392,422
330,392,422
331,392,421
332,392,421
333,391,420
334,391,420
335,391,420
336,391,419
337,390,419
338,390,418
339,390,418
340,390,418
341,389,417
342,389,417
343,389,417
344,388,416
345,388,416
346,388,416
347,388,415
348,387,415
349,387,415
350,387,414
351,386,414
352,386,413
353,386,413
354,386,413
355,385,413
356,385,412
357,385,412
358,384,411
359,384,411
360,384,411
361,383,411
362,383,410
363,383,410
364,382,402
365,382,389
366,382,382
0,0
1,145
284,376,380
285,376,381
286,375,382
287,375,384
288,375,384
289,375,385
290,374,386
291,374,387
292,374,388
293,374,388
294,374,388
295,374,389
296,374,389
297,373,389
298,373,389
299,373,389
300,373,390
301,373,389
302,373,389
303,373,389
304,373,389
305,372,389
306,372,389
307,372,389
308,372,388
309,372,388
310,372,388
311,371,388
312,371,388
313,371,387
314,371,387
315,371,387
316,371,387
317,371,387
318,370,386
319,370,386
320,370,386
321,370,386
322,370,386
323,370,385
324,369,385
325,369,385
326,369,385
327,369,385
328,369,385
329,369,384
330,368,384
331,368,384
332,368,384
333,368,384
334,368,384
335,367,383
336,367,383
337,367,383
338,367,383
339,367,383
340,367,383
341,366,382
342,366,382
343,366,382
344,366,382
345,366,382
346,365,382
347,365,382
348,365,382
349,365,381
350,365,381
351,364,381
352,364,381
353,364,381
354,364,381
355,363,381
356,363,380
357,363,380
358,363,380
359,363,380
360,362,380
361,362,380
362,362,380
363,362,380
364,362,379
365,361,379
366,361,379
367,361,379
368,361,379
369,360,379
370,360,379
371,360,379
372,360,379
373,360,378
374,359,378
375,359,378
376,359,378
377,359,378
378,358,378
379,358,378
380,358,378
381,358,378
382,357,377
383,357,377
384,357,377
385,357,377
386,356,377
387,356,377
388,356,377
389,356,377
390,356,377
391,355,376
392,355,376
393,355,376
394,355,376
395,355,376
396,354,376
397,354,376
398,354,376
399,354,376
400,354,376
401,354,375
402,354,375
403,354,375
404,354,375
405,354,375
406,355,375
407,355,375
408,355,375
409,355,375
410,356,375
411,356,375
412,356,375
413,357,374
414,357,374
415,358,374
416,358,374
417,359,374
418,359,374
419,360,374
420,361,374
421,361,374
422,362,374
423,363,374
424,364,373
425,365,373
426,366,372
427,367,372
428,369,370
0,0
