0,336
79,75,75
80,71,82
81,69,85
82,68,88
83,67,91
84,67,93
85,67,95
86,67,96
87,67,98
88,67,100
89,68,101
90,69,102
91,69,103
92,70,105
93,71,106
94,72,106
95,72,107
96,73,108
97,74,108
98,74,108
99,75,109
100,76,109
101,76,109
102,77,109
103,77,109
104,77,108
105,78,108
106,78,108
107,78,108
108,79,107
109,79,107
110,79,107
111,79,107
112,79,107
113,80,107
114,80,107
115,80,107
116,80,107
117,80,106
118,80,106
119,80,106
120,80,106
121,80,106
122,80,106
123,80,106
124,80,106
125,80,106
126,80,106
127,80,106
128,80,106
129,80,106
130,80,106
131,80,106
132,81,106
133,81,106
134,81,106
135,81,106
136,81,106
137,81,106
138,81,106
139,81,106
140,81,106
141,81,106
142,81,106
143,81,106
144,81,106
145,81,106
146,81,106
147,81,106
148,81,106
149,81,106
150,81,106
151,81,106
152,81,106
153,81,106
154,81,106
155,82,106
156,82,106
157,82,106
158,82,106
159,82,106
160,82,106
161,82,106
162,82,106
163,82,106
164,82,106
165,82,106
166,82,106
167,82,106
168,82,106
169,82,106
170,82,106
171,82,106
172,82,106
173,82,106
174,82,106
175,82,106
176,82,106
177,82,106
178,82,106
179,82,106
180,82,106
181,82,106
182,82,106
183,82,106
184,82,106
185,82,106
186,82,106
187,82,106
188,82,106
189,82,106
190,82,106
191,82,105
192,82,105
193,82,105
194,82,105
195,82,105
196,82,105
197,82,105
198,82,105
199,81,105
200,81,105
201,81,105
202,81,105
203,81,105
204,81,105
205,81,105
206,81,104
207,81,104
208,81,104
209,81,104
210,81,104
211,81,104
212,81,104
213,81,104
214,81,104
215,81,104
216,80,103
217,80,103
218,80,103
219,80,103
220,80,103
221,80,103
222,80,103
223,80,103
224,80,103
225,80,102
226,80,102
227,80,102
228,80,102
229,79,102
230,79,102
231,79,102
232,79,102
233,79,101
234,79,101
235,79,101
236,79,101
237,79,101
238,78,101
239,78,101
240,78,101
241,78,100
242,78,100
243,78,100
244,78,100
245,78,100
246,77,100
247,77,99
248,77,99
249,77,99
250,77,99
251,77,99
252,77,99
253,76,99
254,76,98
255,76,98
256,76,98
257,76,98
258,76,98
259,76,97
260,75,97
261,75,97
262,75,97
263,75,97
264,75,96
265,74,96
266,74,96
267,74,96
268,74,96
269,74,95
270,73,95
271,73,95
272,73,95
273,73,95
274,73,95
275,72,94
276,72,94
277,72,94
278,72,94
279,72,93
280,71,93
281,71,93
282,71,93
283,71,92
284,71,92
285,70,92
286,70,92
287,70,91
288,70,91
289,69,91
290,69,91
291,69,90
292,69,90
293,68,90
294,68,90
295,68,89
296,68,89
297,67,89
298,67,89
299,67,88
300,67,88
301,66,88
302,66,87
303,66,87
304,66,87
305,65,87
306,65,86
307,65,86
308,64,86
309,64,85
310,64,85
311,63,85
312,63,85
313,63,84
314,63,84
315,62,84
316,62,83
317,62,83
318,61,83
319,61,82
320,61,82
321,60,82
322,60,81
323,60,81
324,59,81
325,59,80
326,59,80
327,58,80
328,58,79
329,58,79
330,57,78
331,57,78
332,56,78
333,56,77
334,56,77
335,55,77
336,55,76
337,55,76
338,54,75
339,54,75
340,53,75
341,53,74
342,53,74
343,52,73
344,52,73
345,51,73
346,51,72
347,51,72
348,50,71
349,50,71
350,49,70
351,49,70
352,49,70
353,48,69
354,48,69
355,47,68
356,47,68
357,46,67
358,46,67
359,45,66
360,45,66
361,44,65
362,44,65
363,43,64
364,43,64
365,43,63
366,42,63
367,41,62
368,41,61
369,41,61
370,40,60
371,40,60
372,39,59
373,39,58
374,38,58
375,38,57
376,37,57
377,37,56
378,36,55
379,36,54
380,35,54
381,35,53
382,34,52
383,34,51
384,33,51
385,33,50
386,32,49
387,32,48
388,31,48
389,31,47
390,30,46
391,30,46
392,29,45
393,29,44
394,28,43
395,28,43
396,27,42
397,27,41
398,26,40
399,26,40
400,25,39
401,25,38
402,24,37
403,24,36
404,23,36
405,23,35
406,22,34
407,22,33
408,21,32
409,21,31
410,21,31
411,21,29
412,21,28
413,21,26
414,23,23
0,0
1,69
83,88,90
84,88,91
85,87,92
86,87,93
87,87,94
88,86,95
89,86,96
90,86,96
91,86,97
92,86,97
93,86,98
94,86,98
95,86,99
96,86,99
97,86,99
98,86,100
99,86,100
100,86,100
101,86,100
102,86,100
103,86,101
104,86,101
105,86,101
106,86,101
107,85,101
108,85,101
109,85,101
110,85,101
111,85,101
112,85,100
113,85,100
114,85,100
115,85,100
116,84,100
117,84,100
118,84,99
119,84,99
120,84,99
121,84,99
122,83,99
123,83,98
124,83,98
125,83,98
126,83,98
127,82,97
128,82,97
129,82,97
130,81,97
131,81,97
132,81,96
133,80,96
134,80,96
135,80,96
136,79,96
137,79,95
138,78,95
139,78,95
140,78,95
141,77,94
142,77,94
143,76,94
144,76,94
145,75,93
146,75,90
147,74,87
148,74,84
149,73,81
150,73,77
151,72,74
0,369
71,155,160
72,151,165
73,151,168
74,151,170
75,150,173
76,150,175
77,150,177
78,149,179
79,149,181
80,149,183
81,149,184
82,148,186
83,148,187
84,148,189
85,147,190
86,147,191
87,147,192
88,146,194
89,146,195
90,146,196
91,145,196
92,145,197
93,145,197
94,144,198
95,153,198
96,154,198
97,156,198
98,156,198
99,157,198
100,157,198
101,157,197
102,158,197
103,158,197
104,158,196
105,158,196
106,158,195
107,158,194
108,159,194
109,159,193
110,159,193
111,159,192
112,159,192
113,159,192
114,159,191
115,159,191
116,159,191
117,159,191
118,160,190
119,160,190
120,160,190
121,160,190
122,160,190
123,160,189
124,160,189
125,160,189
126,160,189
127,160,189
128,160,189
129,160,189
130,160,189
131,160,188
132,160,188
133,161,188
134,161,188
135,161,188
136,161,188
137,161,188
138,161,188
139,161,188
140,161,188
141,161,188
142,161,188
143,161,188
144,161,188
145,161,188
146,161,188
147,161,188
148,161,188
149,161,188
150,161,188
151,161,188
152,162,188
153,162,188
154,162,188
155,162,188
156,162,188
157,162,188
158,162,188
159,162,188
160,162,188
161,162,188
162,162,188
163,162,188
164,162,188
165,162,188
166,162,188
167,162,188
168,162,188
169,162,188
170,162,188
171,162,188
172,162,188
173,162,188
174,162,188
175,162,188
176,162,188
177,162,188
178,162,188
179,162,188
180,162,188
181,163,188
182,163,188
183,163,187
184,163,187
185,163,187
186,163,187
187,163,187
188,163,187
189,163,187
190,163,187
191,163,187
192,163,187
193,163,187
194,163,187
195,163,187
196,163,187
197,163,187
198,163,187
199,163,187
200,163,187
201,163,187
202,163,187
203,163,187
204,163,187
205,163,187
206,163,187
207,163,187
208,163,187
209,163,187
210,163,187
211,163,187
212,163,187
213,163,187
214,163,187
215,163,187
216,163,187
217,163,187
218,163,187
219,163,187
220,163,187
221,163,187
222,163,187
223,163,187
224,163,187
225,163,187
226,163,187
227,163,187
228,163,187
229,163,187
230,163,187
231,163,187
232,163,187
233,163,187
234,163,187
235,163,187
236,163,187
237,163,187
238,163,187
239,163,187
240,163,187
241,163,187
242,163,187
243,163,187
244,163,187
245,163,187
246,163,187
247,163,187
248,163,187
249,163,187
250,163,187
251,163,187
252,163,187
253,163,187
254,163,187
255,163,187
256,163,187
257,163,187
258,163,187
259,163,187
260,163,187
261,163,187
262,163,188
263,163,188
264,163,188
265,163,188
266,163,188
267,163,188
268,163,188
269,163,188
270,163,188
271,163,188
272,163,188
273,163,188
274,163,188
275,163,188
276,163,188
277,163,188
278,163,188
279,163,188
280,163,188
281,163,188
282,163,188
283,163,188
284,163,188
285,162,188
286,162,188
287,162,188
288,162,188
289,162,188
290,162,188
291,162,188
292,162,188
293,162,188
294,162,188
295,162,188
296,162,188
297,162,188
298,162,188
299,162,188
300,162,188
301,162,188
302,162,188
303,162,188
304,162,188
305,162,188
306,162,188
307,162,188
308,162,188
309,161,188
310,161,188
311,161,188
312,161,188
313,161,188
314,161,188
315,161,188
316,161,188
317,161,188
318,161,188
319,161,188
320,161,188
321,161,188
322,161,188
323,161,188
324,161,188
325,161,188
326,160,188
327,160,188
328,160,188
329,160,188
330,160,189
331,160,189
332,160,189
333,160,189
334,160,189
335,160,189
336,160,189
337,160,189
338,160,189
339,160,189
340,160,189
341,159,189
342,159,189
343,159,189
344,159,189
345,159,189
346,159,189
347,159,189
348,159,189
349,159,189
350,159,189
351,159,189
352,159,189
353,159,189
354,158,189
355,158,189
356,158,189
357,158,189
358,158,189
359,158,189
360,158,189
361,158,189
362,158,189
363,158,190
364,158,190
365,158,190
366,158,190
367,157,190
368,157,190
369,157,190
370,157,190
371,157,190
372,157,190
373,157,190
374,157,190
375,157,190
376,156,190
377,156,190
378,156,190
379,156,190
380,155,190
381,155,190
382,155,190
383,154,190
384,154,190
385,152,190
386,150,190
386,141,143
386,150,190
387,141,147
387,147,190
387,141,190
388,142,190
389,142,190
390,142,190
391,142,190
392,142,190
393,142,190
394,143,189
395,143,189
396,143,189
397,143,189
398,143,189
399,144,188
400,144,188
401,144,188
402,144,187
403,144,187
404,144,187
405,145,186
406,145,186
407,145,186
408,145,185
409,145,185
410,146,184
411,146,184
412,146,183
413,146,183
414,146,182
415,146,182
416,147,181
417,147,180
418,147,180
419,147,179
420,147,179
421,148,178
422,148,178
423,148,177
424,149,176
425,149,176
426,150,175
427,151,174
428,152,174
429,153,173
430,154,172
431,155,171
432,156,170
433,157,169
434,159,168
435,162,164
1,45
148,421,423
147,415,422
146,410,421
145,404,420
144,399,419
143,393,418
142,387,416
141,386,415
140,386,414
139,385,413
138,385,412
137,385,411
136,385,410
135,384,409
134,384,408
133,384,407
132,384,406
131,383,405
130,383,404
129,383,403
128,382,402
127,382,401
126,382,400
125,382,399
124,381,398
123,381,397
122,381,396
121,381,395
120,380,394
119,380,393
118,380,392
117,379,391
116,379,390
115,379,390
114,379,389
113,378,388
112,378,387
111,377,386
110,377,385
109,376,384
108,377,383
107,377,382
106,377,381
105,377,380
104,378,380
0,0
1,55
93,187,189
94,187,190
95,186,191
96,185,192
97,184,192
98,183,193
99,182,193
100,181,193
101,180,193
102,179,193
103,179,193
104,178,193
105,178,193
106,177,192
107,177,192
108,176,192
109,176,192
110,175,191
111,175,191
112,175,191
113,174,191
114,174,190
115,174,190
116,173,190
117,173,189
118,173,189
119,172,189
120,172,188
121,172,188
122,172,188
123,171,188
124,171,187
125,171,187
126,171,187
127,171,187
128,171,186
129,171,186
130,171,186
131,171,185
132,170,185
133,171,185
134,171,185
135,171,184
136,171,184
137,171,184
138,171,184
139,172,183
140,172,183
141,172,183
142,173,183
143,173,182
144,174,182
145,175,181
146,175,180
147,177,179
0,0
1,61
86,258,260
87,257,261
88,257,262
89,256,263
90,255,263
91,255,264
92,254,264
93,254,264
94,253,264
95,253,264
96,252,264
97,252,264
98,251,264
99,250,264
100,250,264
101,249,264
102,249,263
103,248,263
104,248,263
105,248,263
106,247,263
107,247,263
108,247,262
109,246,262
110,246,262
111,246,262
112,246,262
113,245,261
114,245,261
115,245,261
116,245,261
117,244,261
118,244,260
119,244,260
120,244,260
121,244,260
122,244,260
123,243,260
124,243,259
125,243,259
126,243,259
127,243,259
128,243,259
129,243,258
130,243,258
131,243,258
132,244,258
133,244,258
134,244,258
135,244,257
136,244,257
137,245,257
138,245,257
139,245,257
140,246,257
141,246,256
142,247,256
143,247,256
144,248,255
145,249,255
146,250,254
0,0
0,59
44,289,289
45,286,294
46,285,298
47,284,301
48,284,304
49,284,307
50,284,309
51,284,312
52,284,315
53,284,317
54,284,320
55,285,322
56,285,324
57,286,325
58,287,327
59,287,329
60,288,330
61,289,332
62,290,333
63,291,335
64,292,336
65,293,337
66,294,338
67,294,340
68,296,341
69,296,342
70,297,343
71,298,344
72,299,344
73,300,345
74,301,346
75,302,346
76,303,347
77,304,347
78,305,347
79,306,348
80,307,348
81,308,348
82,309,349
83,310,349
84,311,349
85,312,349
86,313,349
87,314,349
88,315,349
89,316,349
90,318,349
91,319,349
92,320,349
93,321,349
94,323,348
95,324,348
96,325,348
97,327,347
98,329,346
99,331,346
100,332,345
101,335,343
102,339,340
0,0
1,229
216,147,149
217,146,150
218,146,151
219,145,152
220,145,153
221,145,154
222,145,155
223,145,155
224,144,156
225,144,157
226,144,158
227,144,158
228,144,159
229,144,160
230,144,160
231,144,161
232,143,162
233,143,162
234,143,163
235,143,163
236,143,164
237,143,164
238,143,165
239,143,165
240,143,165
241,142,165
242,142,165
243,142,166
244,142,165
245,142,165
246,142,165
247,142,165
248,142,165
249,142,165
250,141,165
251,141,165
252,141,164
253,141,164
254,141,164
255,141,164
256,141,164
257,141,163
258,141,163
259,140,163
260,140,163
261,140,163
262,140,162
263,140,162
264,140,162
265,140,162
266,140,162
267,140,161
268,139,161
269,139,161
270,139,161
271,139,161
272,139,160
273,139,160
274,139,160
275,139,160
276,139,160
277,139,159
278,139,159
279,138,159
280,138,159
281,138,159
282,138,158
283,138,158
284,138,158
285,138,158
286,138,158
287,137,158
288,137,157
289,137,157
290,137,157
291,137,157
292,137,157
293,137,156
294,137,156
295,136,156
296,136,156
297,136,156
298,136,156
299,136,155
300,136,155
301,136,155
302,135,155
303,135,155
304,135,155
305,135,154
306,135,154
307,135,154
308,135,154
309,134,154
310,134,153
311,134,153
312,134,153
313,134,153
314,133,153
315,133,153
316,133,152
317,133,152
318,133,152
319,133,152
320,132,152
321,132,152
322,132,151
323,132,151
324,132,151
325,131,151
326,131,151
327,131,151
328,131,151
329,131,150
330,131,150
331,130,150
332,130,150
333,130,150
334,130,150
335,130,149
336,129,149
337,129,149
338,129,149
339,129,149
340,129,149
341,128,149
342,128,148
343,128,148
344,128,148
345,127,148
346,127,148
347,127,148
348,127,147
349,127,147
350,126,147
351,126,147
352,126,147
353,126,147
354,125,147
355,125,147
356,125,146
357,125,146
358,125,146
359,124,146
360,124,146
361,124,146
362,124,145
363,123,145
364,123,145
365,123,145
366,123,145
367,122,145
368,122,145
369,122,144
370,122,144
371,122,144
372,121,144
373,121,144
374,121,144
375,121,144
376,120,144
377,120,143
378,120,143
379,120,143
380,119,143
381,119,143
382,119,143
383,119,143
384,119,142
385,118,142
386,118,142
387,118,142
388,118,142
389,117,142
390,117,142
391,117,141
392,117,141
393,116,141
394,116,141
395,116,141
396,116,141
397,115,141
398,115,141
399,115,140
400,115,140
401,114,140
402,114,140
403,114,140
404,114,140
405,114,140
406,113,139
407,113,139
408,113,139
409,113,139
410,113,139
411,113,139
412,113,139
413,113,139
414,112,138
415,113,138
416,113,138
417,113,138
418,113,138
419,113,138
420,113,138
421,114,138
422,114,138
423,114,137
424,115,137
425,115,137
426,115,137
427,116,137
428,116,137
429,117,137
430,117,137
431,117,137
432,118,137
433,118,137
434,119,137
435,119,137
436,120,137
437,120,137
438,121,136
439,121,136
440,122,135
441,122,135
442,123,134
443,124,133
444,125,131
0,0
0,90
179,259,259
180,256,263
181,255,265
182,254,267
183,254,269
184,254,271
185,254,272
186,254,273
187,254,275
188,255,276
189,255,277
190,255,278
191,255,279
192,255,280
193,255,281
194,255,282
195,255,283
196,255,283
197,255,284
198,255,285
199,254,285
200,254,286
201,254,286
202,253,287
203,253,287
204,252,287
205,252,287
206,252,287
207,251,286
208,251,286
209,250,285
210,250,285
211,249,284
212,249,282
213,248,281
214,248,280
215,247,279
216,246,278
217,246,277
218,245,276
219,245,275
220,244,274
221,243,273
222,243,272
223,242,271
224,242,271
225,241,270
226,240,269
227,240,268
228,239,267
229,238,266
230,238,265
231,237,264
232,236,263
233,236,262
234,235,261
235,234,260
236,234,259
237,233,258
238,232,257
239,231,256
240,231,255
241,230,254
242,229,253
243,229,252
244,228,251
245,227,250
246,226,248
247,225,247
248,225,246
249,224,245
250,223,244
251,222,242
252,222,241
253,221,240
254,220,238
255,219,237
256,218,235
257,218,234
258,217,232
259,216,231
260,215,229
261,214,228
262,213,226
263,212,225
264,211,223
265,211,222
266,211,220
267,211,217
268,215,215
0,0
0,55
172,352,359
173,350,365
174,349,370
175,349,375
176,349,379
177,349,383
178,349,387
179,349,391
180,350,394
181,350,397
182,351,400
183,352,403
184,353,406
185,354,408
186,355,410
187,356,412
188,358,413
189,359,415
190,360,416
191,362,418
192,364,419
193,366,420
194,367,421
195,369,421
196,370,422
197,372,423
198,374,423
199,375,424
200,377,424
201,378,425
202,380,425
203,381,426
204,383,426
205,384,426
206,386,427
207,388,427
208,389,427
209,391,428
210,392,428
211,394,428
212,395,428
213,397,428
214,398,429
215,400,429
216,401,429
217,403,429
218,404,428
219,406,428
220,407,428
221,408,428
222,410,427
223,411,426
224,413,425
225,416,423
226,419,419
0,0
0,211
217,349,349
218,341,355
219,339,359
220,337,362
221,336,365
222,336,367
223,335,369
224,335,371
225,336,372
226,336,374
227,336,375
228,337,376
229,337,377
230,338,378
231,339,378
232,339,379
233,340,379
234,340,379
235,340,379
236,341,379
237,341,379
238,341,378
239,342,378
240,342,377
241,342,377
242,342,376
243,343,375
244,343,375
245,343,375
246,343,374
247,343,374
248,343,373
249,343,373
250,343,373
251,344,372
252,344,372
253,344,372
254,344,371
255,343,371
256,343,371
257,343,371
258,343,370
259,343,370
260,343,370
261,343,370
262,343,369
263,343,369
264,342,369
265,342,369
266,342,369
267,342,368
268,341,368
269,341,368
270,341,368
271,341,368
272,340,367
273,340,367
274,340,367
275,340,367
276,339,367
277,339,366
278,339,366
279,339,366
280,338,366
281,338,365
282,338,365
283,338,365
284,337,365
285,337,365
286,337,364
287,337,364
288,336,364
289,336,363
290,336,363
291,336,363
292,335,363
293,335,362
294,335,362
295,334,362
296,334,362
297,334,361
298,333,361
299,333,361
300,333,360
301,332,360
302,332,360
303,332,359
304,331,359
305,331,359
306,330,358
307,330,358
308,330,357
309,329,357
310,329,357
311,328,356
312,328,356
313,327,356
314,327,355
315,327,355
316,326,355
317,326,354
318,325,354
319,325,353
320,324,353
321,324,353
322,323,352
323,323,352
324,322,351
325,321,351
326,321,350
327,320,350
328,320,350
329,319,349
330,319,349
331,318,348
332,317,348
333,317,347
334,316,347
335,315,346
336,315,346
337,314,345
338,313,345
339,313,344
340,312,344
341,311,343
342,310,342
343,310,342
344,309,341
345,308,341
346,307,340
347,306,340
348,306,339
349,305,338
350,304,338
351,303,337
352,302,336
353,301,336
354,300,335
355,299,335
356,299,334
357,298,333
358,297,333
359,296,332
360,295,331
361,294,330
362,293,330
363,292,329
364,291,328
365,290,327
366,288,327
367,287,326
368,286,325
369,285,324
370,284,323
371,283,322
372,282,321
373,281,320
374,279,319
375,278,318
376,277,317
377,276,317
378,274,315
379,273,314
380,272,313
381,270,312
382,269,311
383,267,310
384,266,309
385,264,308
386,263,307
387,261,306
388,260,304
389,258,303
390,256,302
391,254,300
392,253,299
393,251,298
394,249,296
395,247,295
396,246,293
397,244,292
398,242,290
399,240,289
400,238,287
401,236,286
402,234,284
403,232,282
404,230,280
405,228,278
406,226,277
407,224,275
408,222,273
409,219,271
410,217,268
411,215,266
412,213,264
413,210,262
414,208,260
415,206,257
416,203,254
417,201,252
418,199,249
419,196,245
420,194,242
421,192,239
422,190,234
423,188,230
424,187,224
425,187,218
426,190,207
427,193,193
0,0
1,216
254,272,275
255,271,276
256,270,278
257,269,278
258,269,279
259,269,280
260,269,281
261,269,282
262,268,282
263,268,283
264,268,284
265,269,284
266,269,285
267,269,286
268,270,287
269,270,288
270,270,289
271,271,291
272,271,292
273,272,293
274,273,294
275,273,295
276,274,297
277,275,298
278,275,299
279,276,301
280,277,302
281,278,304
282,279,305
283,280,307
284,281,308
285,282,309
286,283,311
287,284,312
288,285,314
289,286,315
290,287,317
291,289,318
292,290,320
293,291,321
294,292,323
295,294,325
296,295,326
297,296,328
298,298,329
299,299,331
300,300,332
301,302,334
302,303,335
303,305,337
304,306,339
305,308,340
306,309,342
307,311,343
308,312,345
309,314,347
310,315,348
311,316,350
312,318,351
313,319,353
314,321,354
315,322,356
316,323,358
317,325,359
318,326,361
319,328,362
320,329,364
321,330,365
322,332,367
323,333,368
324,334,369
325,335,371
326,337,372
327,338,373
328,339,375
329,340,376
330,342,377
331,343,379
332,344,380
333,345,381
334,346,383
335,347,384
336,349,385
337,350,387
338,351,388
339,352,389
340,353,390
341,354,392
342,355,393
343,356,394
344,357,395
345,358,397
346,359,398
347,360,399
348,361,400
349,362,401
350,363,403
351,364,404
352,365,405
353,366,406
354,367,407
355,368,408
356,369,410
357,369,411
358,370,412
359,371,413
360,372,414
361,373,415
362,374,416
363,375,417
364,376,419
365,377,420
366,378,421
367,378,422
368,379,423
369,380,424
370,381,425
371,382,426
372,383,428
373,383,429
374,384,430
375,385,431
376,386,431
377,386,432
378,387,433
379,388,434
380,389,434
381,389,435
382,390,436
383,391,436
384,391,437
385,392,437
386,393,437
387,393,438
388,394,438
389,394,439
390,395,439
391,395,439
392,396,439
393,396,440
394,397,440
395,397,440
396,398,440
397,398,440
398,399,440
399,399,441
400,400,441
401,400,441
402,401,441
403,401,441
404,402,441
405,402,441
406,403,441
407,403,441
408,404,441
409,404,441
410,405,441
411,405,441
412,405,441
413,406,441
414,406,441
415,407,441
416,407,441
417,408,441
418,408,441
419,409,441
420,409,441
421,409,441
422,410,440
423,410,440
424,411,440
425,411,440
426,412,440
427,412,440
428,412,440
429,413,440
430,413,440
431,414,440
432,414,440
433,415,440
434,415,440
435,415,440
436,416,440
437,416,440
438,417,440
439,417,440
440,418,440
441,418,440
442,418,440
443,419,440
444,419,440
445,420,440
446,420,440
447,421,440
448,421,440
449,422,440
450,422,439
451,423,439
452,423,439
453,424,439
454,424,439
455,424,439
456,425,439
457,425,439
458,426,439
459,426,439
460,427,439
461,427,439
462,428,439
463,429,438
464,429,438
465,430,438
466,430,438
467,431,438
468,432,437
469,433,437
0,0
