0,358
72,66,74
73,64,78
74,62,81
75,61,84
76,61,86
77,60,89
78,60,90
79,60,92
80,61,94
81,61,95
82,62,97
83,62,98
84,63,99
85,64,100
86,65,101
87,65,102
88,66,103
89,67,103
90,68,103
91,68,104
92,69,104
93,70,104
94,70,104
95,71,104
96,71,104
97,72,104
98,72,103
99,72,103
100,73,103
101,73,103
102,73,103
103,73,103
104,74,102
105,74,102
106,74,102
107,74,102
108,74,102
109,74,102
110,75,102
111,75,102
112,75,102
113,75,102
114,75,102
115,75,102
116,75,102
117,75,102
118,75,102
119,75,102
120,75,102
121,75,102
122,75,102
123,75,102
124,75,102
125,75,102
126,76,102
127,76,102
128,76,102
129,76,102
130,76,102
131,76,102
132,76,102
133,76,102
134,76,102
135,76,102
136,76,102
137,76,102
138,76,102
139,76,102
140,76,102
141,76,102
142,77,102
143,77,102
144,77,102
145,77,102
146,77,102
147,77,102
148,77,102
149,77,102
150,77,102
151,77,102
152,77,102
153,77,102
154,77,102
155,77,102
156,77,102
157,77,102
158,77,102
159,78,102
160,78,102
161,78,102
162,78,103
163,78,103
164,78,103
165,78,103
166,78,103
167,78,103
168,78,103
169,78,103
170,78,103
171,78,103
172,78,103
173,78,103
174,78,103
175,78,103
176,78,103
177,78,103
178,78,103
179,78,103
180,78,103
181,78,103
182,78,103
183,78,103
184,78,103
185,78,103
186,78,103
187,78,102
188,78,102
189,78,102
190,78,102
191,78,102
192,78,102
193,78,102
194,78,102
195,78,102
196,78,102
197,78,102
198,78,102
199,78,102
200,78,102
201,78,102
202,78,102
203,78,102
204,78,102
205,78,102
206,78,102
207,78,102
208,78,102
209,77,101
210,77,101
211,77,101
212,77,101
213,77,101
214,77,101
215,77,101
216,77,101
217,77,101
218,77,101
219,77,101
220,77,101
221,77,100
222,77,100
223,77,100
224,77,100
225,77,100
226,77,100
227,77,100
228,76,100
229,76,100
230,76,100
231,76,99
232,76,99
233,76,99
234,76,99
235,76,99
236,76,99
237,76,99
238,76,99
239,75,99
240,75,98
241,75,98
242,75,98
243,75,98
244,75,98
245,75,98
246,75,98
247,75,97
248,74,97
249,74,97
250,74,97
251,74,97
252,74,97
253,74,97
254,74,97
255,74,96
256,73,96
257,73,96
258,73,96
259,73,96
260,73,96
261,73,95
262,73,95
263,73,95
264,72,95
265,72,95
266,72,95
267,72,95
268,72,94
269,72,94
270,71,94
271,71,94
272,71,94
273,71,93
274,71,93
275,71,93
276,70,93
277,70,93
278,70,93
279,70,92
280,70,92
281,70,92
282,69,92
283,69,91
284,69,91
285,69,91
286,69,91
287,68,91
288,68,91
289,68,90
290,68,90
291,67,90
292,67,90
293,67,89
294,67,89
295,67,89
296,66,89
297,66,88
298,66,88
299,66,88
300,65,88
301,65,87
302,65,87
303,65,87
304,65,87
305,64,86
306,64,86
307,64,86
308,64,86
309,63,85
310,63,85
311,63,85
312,62,85
313,62,84
314,62,84
315,62,84
316,61,83
317,61,83
318,61,83
319,61,83
320,60,82
321,60,82
322,60,82
323,59,81
324,59,81
325,59,81
326,58,81
327,58,80
328,58,80
329,58,80
330,57,79
331,57,79
332,57,79
333,56,78
334,56,78
335,56,78
336,55,77
337,55,77
338,55,77
339,54,76
340,54,76
341,54,76
342,53,75
343,53,75
344,53,74
345,52,74
346,52,74
347,52,73
348,51,73
349,51,73
350,51,72
351,50,72
352,50,71
353,49,71
354,49,71
355,49,70
356,48,70
357,48,70
358,47,69
359,47,69
360,47,68
361,46,68
362,46,68
363,45,67
364,45,67
365,44,66
366,44,66
367,44,65
368,43,65
369,43,64
370,42,64
371,42,63
372,41,63
373,41,63
374,41,62
375,40,61
376,40,61
377,39,60
378,39,60
379,38,59
380,38,59
381,37,58
382,37,58
383,36,57
384,36,57
385,35,56
386,35,55
387,35,55
388,34,54
389,34,53
390,33,53
391,33,52
392,32,51
393,32,51
394,31,50
395,31,49
396,30,49
397,30,48
398,29,47
399,29,47
400,28,46
401,28,45
402,28,44
403,27,44
404,27,43
405,26,42
406,26,42
407,25,41
408,25,40
409,24,40
410,24,39
411,23,38
412,23,37
413,22,36
414,22,36
415,21,35
416,21,34
417,20,33
418,20,33
419,19,32
420,19,31
421,18,30
422,18,30
423,18,29
424,17,28
425,17,27
426,17,26
427,17,25
428,17,23
429,17,21
0,0
1,65
79,82,84
80,82,85
81,82,86
82,81,87
83,81,88
84,81,89
85,81,90
86,81,90
87,81,91
88,80,91
89,80,92
90,80,92
91,80,93
92,80,93
93,80,93
94,80,93
95,80,93
96,80,94
97,80,94
98,79,94
99,79,94
100,79,94
101,79,95
102,79,94
103,79,94
104,79,94
105,79,94
106,78,94
107,78,94
108,78,94
109,78,94
110,78,93
111,77,93
112,77,93
113,77,93
114,77,93
115,77,93
116,76,92
117,76,92
118,76,92
119,76,91
120,75,91
121,75,91
122,75,91
123,74,90
124,74,90
125,74,90
126,73,90
127,73,89
128,72,89
129,72,89
130,72,89
131,71,88
132,71,88
133,70,88
134,70,88
135,69,87
136,69,87
137,68,87
138,68,84
139,67,80
140,67,77
141,66,74
142,66,70
143,65,67
0,381
63,149,149
64,146,154
65,143,158
66,143,161
67,143,163
68,142,166
69,142,168
70,142,170
71,141,172
72,141,174
73,141,175
74,140,177
75,140,179
76,140,180
77,140,181
78,139,183
79,139,184
80,139,185
81,138,186
82,138,187
83,138,188
84,138,189
85,137,189
86,137,189
87,137,190
88,146,190
89,148,190
90,148,190
91,149,190
92,149,190
93,150,189
94,150,189
95,150,189
96,150,188
97,150,188
98,151,187
99,151,187
100,151,186
101,151,185
102,151,185
103,151,185
104,151,184
105,151,184
106,151,184
107,151,183
108,152,183
109,152,183
110,152,183
111,152,182
112,152,182
113,152,182
114,152,182
115,152,182
116,152,181
117,152,181
118,152,181
119,152,181
120,153,181
121,153,181
122,153,181
123,153,181
124,153,181
125,153,181
126,153,180
127,153,180
128,153,180
129,153,180
130,153,180
131,153,180
132,153,180
133,153,180
134,153,180
135,153,180
136,153,180
137,153,180
138,153,180
139,154,180
140,154,180
141,154,180
142,154,180
143,154,180
144,154,180
145,154,180
146,154,180
147,154,180
148,154,180
149,154,180
150,154,180
151,154,180
152,154,180
153,154,180
154,154,180
155,154,180
156,154,180
157,154,180
158,154,180
159,154,180
160,154,180
161,154,180
162,154,180
163,155,180
164,155,180
165,155,180
166,155,180
167,155,180
168,155,180
169,155,180
170,155,180
171,155,180
172,155,180
173,155,180
174,155,180
175,155,180
176,155,180
177,155,180
178,155,180
179,155,180
180,155,180
181,155,180
182,155,180
183,155,180
184,155,180
185,155,180
186,155,180
187,155,180
188,155,180
189,155,180
190,155,180
191,155,180
192,155,180
193,155,180
194,155,180
195,156,180
196,156,180
197,156,180
198,156,180
199,156,180
200,156,180
201,156,180
202,156,180
203,156,180
204,156,180
205,156,180
206,156,180
207,156,180
208,156,180
209,156,180
210,156,180
211,156,180
212,156,180
213,156,180
214,156,180
215,156,180
216,156,180
217,156,180
218,156,180
219,156,180
220,156,180
221,156,180
222,156,180
223,156,180
224,156,180
225,156,180
226,156,180
227,156,180
228,156,180
229,156,180
230,156,180
231,156,180
232,156,180
233,156,180
234,156,180
235,156,180
236,156,180
237,156,180
238,156,180
239,156,180
240,156,180
241,156,180
242,156,180
243,156,180
244,156,180
245,156,180
246,156,180
247,156,180
248,156,180
249,156,180
250,156,180
251,156,180
252,156,180
253,156,180
254,156,180
255,156,180
256,156,180
257,156,180
258,156,180
259,156,180
260,156,180
261,156,180
262,156,180
263,156,180
264,155,180
265,155,180
266,155,180
267,155,180
268,155,180
269,155,180
270,155,180
271,155,180
272,155,180
273,155,180
274,155,180
275,155,180
276,155,180
277,155,180
278,155,180
279,155,180
280,155,180
281,155,180
282,155,180
283,155,180
284,155,180
285,155,180
286,155,180
287,155,180
288,155,180
289,155,180
290,155,180
291,155,180
292,155,180
293,155,180
294,155,180
295,155,180
296,154,180
297,154,180
298,154,180
299,154,180
300,154,180
301,154,180
302,154,180
303,154,180
304,154,180
305,154,180
306,154,180
307,154,180
308,154,180
309,154,180
310,154,180
311,154,180
312,154,180
313,154,180
314,153,180
315,153,180
316,153,180
317,153,180
318,153,180
319,153,180
320,153,180
321,153,180
322,153,180
323,153,180
324,153,180
325,153,180
326,153,181
327,153,181
328,153,181
329,153,181
330,153,181
331,153,181
332,152,181
333,152,181
334,152,181
335,152,181
336,152,181
337,152,181
338,152,181
339,152,181
340,152,181
341,152,181
342,152,181
343,152,181
344,152,181
345,152,181
346,151,181
347,151,181
348,151,181
349,151,181
350,151,181
351,151,181
352,151,181
353,151,181
354,151,181
355,151,181
356,151,181
357,151,181
358,151,181
359,151,181
360,150,181
361,150,181
362,150,181
363,150,181
364,150,182
365,150,182
366,150,182
367,150,182
368,150,182
369,150,182
370,150,182
371,150,182
372,149,182
373,149,182
374,149,182
375,149,182
376,149,182
377,149,182
378,149,182
379,149,182
380,149,182
381,148,182
382,148,182
383,148,182
384,147,182
385,147,182
386,147,182
387,146,182
388,146,182
389,145,182
390,143,182
390,133,133
390,143,182
391,133,139
391,139,182
391,133,182
392,133,182
393,133,182
394,134,182
395,134,182
396,134,182
397,134,182
398,134,182
399,135,181
400,135,181
401,135,181
402,135,181
403,135,181
404,136,180
405,136,180
406,136,180
407,136,179
408,136,179
409,137,179
410,137,178
411,137,178
412,137,177
413,137,177
414,138,176
415,138,176
416,138,175
417,138,175
418,138,174
419,139,174
420,139,173
421,139,173
422,139,172
423,139,172
424,140,171
425,140,171
426,140,170
427,140,169
428,141,169
429,142,168
430,142,167
431,143,167
432,144,166
433,145,165
434,146,165
435,147,164
436,148,163
437,149,162
438,151,160
439,154,157
1,47
140,423,427
139,418,426
138,413,425
137,408,424
136,403,423
135,398,422
134,392,420
133,390,419
132,390,418
131,390,417
130,390,416
129,389,415
128,389,414
127,389,413
126,388,412
125,388,411
124,388,410
123,388,409
122,387,408
121,387,407
120,387,406
119,387,405
118,386,405
117,386,404
116,386,403
115,385,402
114,385,401
113,385,400
112,385,399
111,384,398
110,384,397
109,384,396
108,383,395
107,383,395
106,383,394
105,383,393
104,382,392
103,382,391
102,382,390
101,381,389
100,381,388
99,380,387
98,381,387
97,381,386
96,381,385
95,381,384
94,382,383
0,0
1,54
87,183,185
88,182,186
89,182,187
90,179,187
91,177,188
92,176,188
93,176,189
94,175,189
95,175,190
96,174,189
97,174,189
98,173,189
99,173,189
100,172,188
101,172,188
102,171,188
103,171,188
104,171,187
105,170,187
106,170,187
107,170,187
108,169,187
109,169,186
110,169,186
111,168,186
112,168,185
113,168,185
114,168,185
115,168,184
116,167,184
117,167,184
118,167,184
119,167,183
120,167,183
121,167,183
122,167,183
123,166,182
124,167,182
125,167,182
126,167,182
127,167,181
128,167,181
129,167,181
130,168,181
131,168,180
132,168,180
133,169,180
134,169,180
135,169,179
136,170,179
137,171,178
138,171,177
139,172,176
140,175,175
0,0
1,60
80,255,258
81,255,259
82,254,260
83,254,260
84,253,261
85,252,262
86,251,262
87,251,262
88,250,262
89,249,262
90,248,263
91,248,262
92,247,262
93,247,262
94,246,262
95,246,262
96,246,261
97,245,261
98,245,261
99,245,261
100,244,261
101,244,261
102,244,261
103,244,260
104,243,260
105,243,260
106,243,260
107,243,260
108,242,259
109,242,259
110,242,259
111,242,259
112,242,259
113,242,259
114,241,258
115,241,258
116,241,258
117,241,258
118,241,258
119,241,257
120,241,257
121,241,257
122,241,257
123,241,257
124,242,257
125,242,257
126,242,256
127,242,256
128,242,256
129,243,256
130,243,256
131,243,256
132,244,255
133,244,255
134,245,255
135,245,254
136,246,254
137,247,254
138,248,253
139,250,251
0,0
0,55
51,310,313
52,306,319
53,305,323
54,305,327
55,305,331
56,305,334
57,305,337
58,305,340
59,305,343
60,305,346
61,305,348
62,306,350
63,306,352
64,307,354
65,308,355
66,308,357
67,309,358
68,310,359
69,311,359
70,312,360
71,313,361
72,314,361
73,315,362
74,316,362
75,317,362
76,318,363
77,320,363
78,321,363
79,322,363
80,323,363
81,324,364
82,325,364
83,326,364
84,327,364
85,328,364
86,329,364
87,329,365
88,330,365
89,331,365
90,332,365
91,333,365
92,334,365
93,335,365
94,336,364
95,337,364
96,338,364
97,339,364
98,340,363
99,341,363
100,342,362
101,343,361
102,345,361
103,346,359
104,350,358
105,354,354
0,0
1,188
242,150,152
243,149,153
244,149,154
245,149,155
246,148,155
247,148,156
248,148,157
249,148,157
250,147,158
251,147,158
252,147,159
253,147,160
254,147,160
255,147,161
256,147,161
257,147,161
258,147,162
259,147,162
260,146,163
261,146,163
262,146,163
263,146,164
264,146,164
265,146,164
266,146,165
267,146,165
268,146,165
269,146,165
270,146,165
271,146,166
272,146,166
273,146,166
274,146,166
275,146,166
276,145,166
277,145,166
278,145,166
279,145,166
280,145,167
281,145,167
282,145,167
283,145,167
284,145,166
285,145,166
286,145,166
287,145,166
288,144,166
289,144,166
290,144,166
291,144,166
292,144,166
293,144,166
294,144,165
295,144,165
296,144,165
297,143,165
298,143,165
299,143,165
300,143,164
301,143,164
302,143,164
303,143,164
304,143,164
305,142,164
306,142,164
307,142,163
308,142,163
309,142,163
310,142,163
311,142,163
312,141,163
313,141,162
314,141,162
315,141,162
316,141,162
317,141,162
318,140,162
319,140,162
320,140,161
321,140,161
322,140,161
323,140,161
324,139,161
325,139,161
326,139,161
327,139,160
328,139,160
329,138,160
330,138,160
331,138,160
332,138,160
333,138,160
334,138,159
335,137,159
336,137,159
337,137,159
338,137,159
339,136,159
340,136,158
341,136,158
342,136,158
343,136,158
344,135,158
345,135,158
346,135,158
347,135,157
348,135,157
349,134,157
350,134,157
351,134,157
352,134,157
353,133,156
354,133,156
355,133,156
356,133,156
357,132,156
358,132,156
359,132,156
360,132,155
361,131,155
362,131,155
363,131,155
364,131,155
365,130,155
366,130,154
367,130,154
368,130,154
369,129,154
370,129,154
371,129,154
372,129,154
373,128,153
374,128,153
375,128,153
376,128,153
377,127,153
378,127,153
379,127,152
380,126,152
381,126,152
382,126,152
383,126,152
384,125,152
385,125,152
386,125,151
387,124,151
388,124,151
389,124,151
390,124,151
391,124,151
392,124,150
393,124,150
394,124,150
395,123,150
396,123,150
397,123,149
398,123,149
399,123,149
400,123,149
401,123,149
402,123,149
403,123,149
404,123,148
405,123,148
406,123,148
407,123,148
408,124,148
409,124,147
410,124,147
411,125,147
412,125,147
413,126,147
414,126,146
415,126,146
416,126,146
417,127,146
418,127,145
419,128,145
420,128,145
421,128,145
422,129,144
423,129,144
424,130,144
425,131,143
426,131,143
427,132,143
428,133,142
429,135,140
0,0
0,296
135,233,233
136,229,238
137,227,242
138,226,245
139,225,247
140,224,249
141,224,251
142,224,253
143,224,255
144,225,257
145,225,258
146,225,259
147,226,261
148,227,262
149,228,263
150,228,264
151,229,265
152,230,265
153,230,266
154,231,266
155,232,267
156,232,267
157,233,267
158,233,267
159,233,267
160,234,267
161,234,267
162,234,267
163,234,266
164,235,266
165,235,266
166,235,265
167,235,265
168,235,265
169,235,265
170,235,265
171,235,265
172,235,265
173,235,265
174,235,264
175,235,264
176,235,264
177,235,264
178,235,264
179,235,264
180,235,264
181,236,264
182,236,264
183,236,264
184,236,264
185,236,264
186,236,264
187,236,264
188,236,264
189,236,264
190,236,263
191,236,263
192,236,263
193,236,263
194,236,263
195,236,263
196,236,263
197,236,263
198,236,263
199,236,263
200,236,263
201,236,263
202,236,263
203,236,263
204,236,263
205,236,263
206,236,263
207,236,263
208,236,263
209,236,263
210,236,263
211,236,263
212,236,263
213,236,263
214,236,263
215,236,263
216,236,263
217,236,263
218,236,263
219,236,263
220,236,263
221,236,263
222,236,262
223,236,262
224,236,262
225,236,262
226,236,262
227,236,262
228,236,262
229,236,262
230,236,262
231,236,262
232,236,262
233,236,262
234,236,262
235,236,262
236,236,262
237,236,262
238,236,261
239,236,261
240,236,261
241,235,261
242,235,261
243,235,261
244,235,261
245,235,261
246,235,261
247,235,261
248,235,260
249,235,260
250,235,260
251,235,260
252,235,260
253,235,260
254,235,260
255,235,260
256,234,259
257,234,259
258,234,259
259,234,259
260,234,259
261,234,259
262,234,259
263,234,258
264,234,258
265,234,258
266,233,258
267,233,258
268,233,258
269,233,257
270,233,257
271,233,257
272,233,257
273,233,257
274,232,257
275,232,256
276,232,256
277,232,256
278,232,256
279,232,256
280,232,256
281,231,256
282,231,255
283,231,255
284,231,255
285,231,255
286,231,254
287,230,254
288,230,254
289,230,254
290,230,254
291,230,254
292,230,253
293,229,253
294,229,253
295,229,253
296,229,252
297,229,252
298,229,252
299,228,252
300,228,252
301,228,251
302,228,251
303,227,251
304,227,251
305,227,250
306,227,250
307,227,250
308,226,250
309,226,249
310,226,249
311,226,249
312,225,249
313,225,248
314,225,248
315,225,248
316,224,248
317,224,247
318,224,247
319,224,247
320,223,246
321,223,246
322,223,246
323,223,246
324,222,245
325,222,245
326,222,245
327,222,244
328,221,244
329,221,244
330,221,243
331,220,243
332,220,243
333,220,243
334,220,242
335,219,242
336,219,241
337,219,241
338,218,241
339,218,240
340,218,240
341,217,240
342,217,239
343,217,239
344,216,239
345,216,238
346,216,238
347,215,238
348,215,237
349,215,237
350,214,237
351,214,236
352,214,236
353,213,235
354,213,235
355,212,235
356,212,234
357,212,234
358,211,233
359,211,233
360,211,233
361,210,232
362,210,232
363,209,231
364,209,231
365,209,230
366,208,230
367,208,230
368,207,229
369,207,229
370,206,228
371,206,228
372,206,227
373,205,227
374,205,226
375,204,226
376,204,225
377,203,225
378,203,224
379,202,224
380,202,223
381,201,223
382,201,222
383,200,222
384,200,221
385,199,221
386,199,220
387,198,220
388,198,219
389,197,218
390,197,218
391,196,217
392,196,216
393,195,216
394,195,215
395,194,214
396,194,214
397,193,213
398,193,212
399,192,211
400,192,210
401,191,210
402,191,209
403,190,208
404,190,207
405,189,207
406,189,206
407,188,205
408,188,204
409,187,203
410,187,203
411,186,202
412,186,201
413,185,200
414,185,199
415,184,198
416,184,198
417,183,197
418,183,196
419,182,195
420,181,194
421,181,193
422,180,193
423,180,192
424,180,191
425,179,190
426,179,189
427,179,188
428,179,186
429,180,184
430,181,181
0,0
1,148
279,288,289
280,287,290
281,286,291
282,286,292
283,286,293
284,285,293
285,285,294
286,285,294
287,285,295
288,285,295
289,284,296
290,284,296
291,284,297
292,284,297
293,284,298
294,284,298
295,284,299
296,284,299
297,284,299
298,284,300
299,284,300
300,284,300
301,283,300
302,283,301
303,283,301
304,283,301
305,283,301
306,283,301
307,283,302
308,283,302
309,283,302
310,283,302
311,282,302
312,282,302
313,282,302
314,282,302
315,282,302
316,282,302
317,282,303
318,282,302
319,282,302
320,281,302
321,281,302
322,281,302
323,281,302
324,281,302
325,281,302
326,281,301
327,280,301
328,280,301
329,280,301
330,280,301
331,280,300
332,280,300
333,279,300
334,279,300
335,279,300
336,279,300
337,279,299
338,279,299
339,278,299
340,278,299
341,278,299
342,278,299
343,277,298
344,277,298
345,277,298
346,277,298
347,277,298
348,276,298
349,276,297
350,276,297
351,276,297
352,275,297
353,275,297
354,275,296
355,275,296
356,274,296
357,274,296
358,274,296
359,274,296
360,273,295
361,273,295
362,273,295
363,273,295
364,272,295
365,272,295
366,272,294
367,272,294
368,271,294
369,271,294
370,271,294
371,271,293
372,270,293
373,270,293
374,270,293
375,269,293
376,269,293
377,269,292
378,269,292
379,268,292
380,268,292
381,268,292
382,267,291
383,267,291
384,267,291
385,266,291
386,266,291
387,266,291
388,266,290
389,266,290
390,266,290
391,265,290
392,265,290
393,265,290
394,265,289
395,265,289
396,265,289
397,265,289
398,265,289
399,265,288
400,265,288
401,264,288
402,265,288
403,265,288
404,265,287
405,266,287
406,266,287
407,266,287
408,266,287
409,267,286
410,267,286
411,267,286
412,267,286
413,268,286
414,268,285
415,268,285
416,269,285
417,269,285
418,270,284
419,270,284
420,271,284
421,271,284
422,272,283
423,272,283
424,273,282
425,275,281
426,277,279
0,0
0,219
185,336,342
186,332,345
187,331,348
188,330,351
189,329,353
190,328,354
191,328,356
192,328,358
193,328,359
194,328,361
195,328,362
196,328,363
197,329,364
198,330,365
199,330,366
200,331,368
201,331,369
202,332,369
203,332,370
204,333,371
205,333,371
206,334,372
207,334,372
208,335,372
209,335,372
210,336,372
211,336,372
212,336,372
213,337,372
214,337,372
215,337,371
216,337,371
217,337,370
218,337,370
219,337,370
220,337,369
221,337,369
222,337,369
223,338,369
224,338,369
225,338,368
226,338,368
227,338,368
228,338,368
229,338,368
230,338,368
231,338,367
232,338,367
233,338,367
234,338,367
235,338,367
236,338,367
237,338,367
238,338,367
239,338,367
240,338,366
241,338,366
242,338,366
243,338,366
244,338,366
245,338,366
246,338,366
247,338,366
248,338,366
249,338,366
250,338,366
251,338,366
252,338,365
253,338,365
254,338,365
255,338,365
256,338,365
257,338,365
258,338,365
259,338,365
260,338,365
261,338,365
262,338,365
263,338,365
264,338,365
265,338,365
266,338,365
267,338,364
268,338,364
269,338,364
270,338,364
271,338,364
272,338,364
273,338,364
274,338,364
275,338,364
276,338,364
277,338,364
278,338,364
279,338,364
280,338,364
281,338,364
282,338,364
283,338,363
284,338,363
285,337,363
286,337,363
287,337,363
288,337,363
289,337,363
290,337,363
291,337,363
292,337,363
293,337,363
294,337,363
295,337,363
296,337,363
297,337,363
298,337,363
299,337,363
300,337,363
301,337,362
302,337,362
303,337,362
304,337,362
305,337,362
306,337,362
307,337,362
308,337,362
309,337,362
310,337,362
311,337,362
312,337,362
313,337,362
314,337,362
315,337,362
316,337,362
317,337,362
318,337,362
319,337,361
320,337,361
321,337,361
322,337,361
323,337,361
324,337,361
325,337,361
326,337,361
327,337,361
328,337,361
329,337,361
330,337,361
331,337,361
332,337,361
333,337,361
334,337,361
335,337,361
336,337,360
337,337,360
338,337,360
339,337,360
340,337,360
341,337,360
342,337,360
343,337,360
344,337,360
345,337,360
346,337,360
347,337,360
348,337,360
349,337,360
350,337,360
351,337,360
352,337,360
353,337,360
354,337,359
355,337,359
356,337,359
357,337,359
358,337,359
359,337,359
360,337,359
361,337,359
362,337,359
363,337,359
364,337,359
365,337,359
366,337,359
367,337,359
368,337,359
369,337,359
370,337,359
371,337,359
372,337,358
373,337,358
374,337,358
375,337,358
376,337,358
377,337,358
378,337,358
379,337,358
380,337,358
381,337,358
382,337,358
383,337,358
384,337,358
385,337,358
386,337,358
387,337,358
388,337,358
389,337,358
390,337,358
391,337,357
392,337,357
393,337,357
394,337,357
395,337,357
396,337,357
397,337,357
398,337,357
399,337,357
400,337,357
401,337,357
402,337,357
403,357,357
0,0
1,297
227,402,404
228,401,406
229,400,407
230,400,408
231,400,409
232,400,410
233,400,411
234,399,412
235,399,413
236,399,414
237,399,414
238,399,415
239,399,416
240,399,416
241,399,417
242,399,417
243,399,418
244,399,418
245,399,419
246,399,419
247,398,420
248,398,420
249,398,420
250,398,420
251,398,421
252,398,421
253,398,421
254,398,421
255,398,421
256,398,421
257,398,422
258,398,422
259,397,422
260,397,422
261,397,422
262,397,422
263,397,421
264,397,421
265,397,421
266,397,421
267,397,421
268,397,421
269,397,421
270,396,420
271,396,420
272,396,420
273,396,420
274,396,420
275,396,419
276,396,419
277,396,419
278,396,419
279,396,419
280,396,418
281,396,418
282,395,418
283,395,418
284,395,418
285,395,418
286,395,417
287,395,417
288,395,417
289,395,417
290,395,417
291,395,417
292,395,417
293,395,416
294,394,416
295,394,416
296,394,416
297,394,416
298,394,416
299,394,416
300,394,415
301,394,415
302,394,415
303,394,415
304,393,415
305,393,415
306,393,415
307,393,415
308,393,415
309,393,414
310,393,414
311,393,414
312,393,414
313,393,414
314,393,414
315,392,414
316,392,414
317,392,414
318,392,413
319,392,413
320,392,413
321,392,413
322,392,413
323,392,413
324,392,413
325,392,413
326,392,413
327,391,413
328,391,413
329,391,413
330,391,412
331,391,412
332,391,412
333,391,412
334,391,412
335,391,412
336,391,412
337,390,412
338,390,412
339,390,412
340,390,412
341,390,412
342,390,412
343,390,412
344,390,412
345,390,412
346,390,412
347,389,412
348,389,412
349,389,412
350,389,412
351,389,411
352,389,411
353,389,411
354,389,411
355,389,411
356,388,411
357,388,411
358,388,411
359,388,411
360,388,411
361,388,411
362,388,411
363,388,411
364,388,411
365,388,411
366,387,411
367,387,411
368,387,411
369,387,411
370,387,411
371,387,411
372,387,411
373,387,411
374,386,411
375,386,411
376,386,411
377,386,411
378,386,411
379,386,411
380,386,411
381,386,411
382,385,411
383,385,411
384,385,411
385,385,411
386,385,411
387,385,411
388,385,411
389,385,411
390,384,411
391,384,411
392,384,411
393,384,411
394,384,411
395,384,411
396,384,411
397,398,411
397,383,412
398,398,411
398,383,412
399,398,411
399,383,412
400,398,411
400,383,412
401,398,411
401,383,412
402,398,411
402,383,412
403,398,411
403,383,412
404,398,411
404,383,412
405,398,411
405,382,412
406,398,411
406,382,412
407,398,411
407,382,412
408,398,411
408,382,412
409,398,411
409,382,412
410,398,411
410,382,412
411,398,411
411,381,412
412,398,411
412,381,412
413,398,411
413,381,412
414,398,411
414,381,412
415,398,411
415,381,412
416,398,411
416,381,412
417,398,411
417,381,412
418,398,411
418,380,412
419,398,411
419,380,413
420,398,411
420,380,413
421,398,411
421,380,413
422,398,411
422,380,413
423,398,411
423,380,413
424,398,411
424,380,413
425,398,411
425,379,413
426,398,411
426,380,413
427,398,411
427,380,413
428,398,411
428,380,413
429,398,411
429,380,413
430,398,411
430,380,413
431,398,411
431,380,413
432,398,411
432,380,413
433,398,411
433,380,414
434,398,411
434,380,414
435,398,411
435,380,414
436,398,411
436,381,414
437,398,411
437,381,414
438,398,411
438,381,414
439,398,411
439,382,414
440,398,411
440,382,414
441,398,411
441,382,414
442,398,411
442,383,414
443,398,411
443,383,414
444,398,411
444,383,414
445,398,411
445,384,414
446,398,411
446,384,414
447,385,415
448,385,415
449,386,415
450,387,415
451,387,415
452,388,415
453,388,415
454,389,415
455,390,415
456,390,415
457,391,415
458,392,416
459,393,415
460,393,415
461,394,415
462,395,415
463,396,415
464,397,415
465,397,415
466,398,414
467,399,414
468,400,414
469,401,413
470,403,413
471,404,412
472,406,411
472,411,411
0,0
