0,42
27,244,249
28,241,258
29,240,265
30,239,270
31,239,275
32,239,278
33,239,281
34,240,284
35,240,285
36,240,287
37,241,288
38,242,289
39,242,290
40,244,291
41,245,291
42,246,292
43,247,292
44,249,292
45,250,293
46,252,293
47,253,294
48,255,294
49,256,294
50,258,295
51,259,295
52,260,295
53,262,295
54,263,296
55,264,296
56,266,296
57,267,296
58,268,296
59,270,296
60,271,296
61,272,295
62,273,295
63,275,295
64,276,294
65,277,293
66,279,292
67,281,290
68,285,285
0,0
1,240
145,90,92
146,90,93
147,89,94
148,89,95
149,88,96
150,88,96
151,88,97
152,88,98
153,88,98
154,88,99
155,88,99
156,88,100
157,87,100
158,87,101
159,87,101
160,87,102
161,87,102
162,87,103
163,87,103
164,87,104
165,87,104
166,87,104
167,87,105
168,87,105
169,87,105
170,87,105
171,87,106
172,87,106
173,87,106
174,87,106
175,87,106
176,87,107
177,87,107
178,87,107
179,87,107
180,87,107
181,87,107
182,87,108
183,87,107
184,87,107
185,87,107
186,86,107
187,86,107
188,86,107
189,86,107
190,86,107
191,86,107
192,86,106
193,86,106
194,86,106
195,86,106
196,86,106
197,86,106
198,86,106
199,86,106
200,86,106
201,86,105
202,85,105
203,85,105
204,85,105
205,85,105
206,85,105
207,85,105
208,85,104
209,85,104
210,85,104
211,85,104
212,85,104
213,85,104
214,85,104
215,84,104
216,84,104
217,84,103
218,84,103
219,84,103
220,84,103
221,84,103
222,84,103
223,84,103
224,84,103
225,83,102
226,83,102
227,83,102
228,83,102
229,83,102
230,83,102
231,83,102
232,83,102
233,83,101
234,82,101
235,82,101
236,82,101
237,82,101
238,82,101
239,82,101
240,82,101
241,82,100
242,81,100
243,81,100
244,81,100
245,81,100
246,81,100
247,81,100
248,81,100
249,81,100
250,80,99
251,80,99
252,80,99
253,80,99
254,80,99
255,80,99
256,80,99
257,79,99
258,79,98
259,79,98
260,79,98
261,79,98
262,78,98
263,78,98
264,78,98
265,78,98
266,78,97
267,78,97
268,78,97
269,77,97
270,77,97
271,77,97
272,77,97
273,77,97
274,76,96
275,76,96
276,76,96
277,76,96
278,76,96
279,76,96
280,75,96
281,75,96
282,75,95
283,75,95
284,75,95
285,74,95
286,74,95
287,74,95
288,74,95
289,74,95
290,73,94
291,73,94
292,73,94
293,73,94
294,73,94
295,73,94
296,72,94
297,72,93
298,72,93
299,72,93
300,71,93
301,71,93
302,71,93
303,71,93
304,71,93
305,70,92
306,70,92
307,70,92
308,70,92
309,70,92
310,69,92
311,69,92
312,69,92
313,69,91
314,68,91
315,68,91
316,68,91
317,68,91
318,68,91
319,67,91
320,67,91
321,67,90
322,67,90
323,66,90
324,66,90
325,66,90
326,66,90
327,65,90
328,65,89
329,65,89
330,65,89
331,64,89
332,64,89
333,64,89
334,64,89
335,63,89
336,63,88
337,63,88
338,63,88
339,62,88
340,62,88
341,62,88
342,62,88
343,61,87
344,61,87
345,61,87
346,61,87
347,61,87
348,61,87
349,60,86
350,60,86
351,60,86
352,60,86
353,60,86
354,60,86
355,60,86
356,60,85
357,60,85
358,60,85
359,61,85
360,61,85
361,61,85
362,61,84
363,61,84
364,61,84
365,62,84
366,62,84
367,62,83
368,62,83
369,63,83
370,63,83
371,63,83
372,64,82
373,64,82
374,65,82
375,65,82
376,65,81
377,66,81
378,66,81
379,67,80
380,68,80
381,68,80
382,69,79
383,70,78
384,72,77
0,0
0,365
75,132,132
76,127,136
77,125,140
78,124,142
79,123,145
80,123,147
81,122,148
82,122,150
83,122,152
84,123,153
85,123,155
86,123,156
87,124,157
88,125,159
89,125,160
90,126,161
91,126,162
92,127,163
93,128,163
94,128,164
95,129,165
96,129,166
97,130,166
98,130,166
99,131,167
100,131,167
101,131,167
102,132,167
103,132,167
104,132,167
105,132,167
106,133,166
107,133,166
108,133,165
109,133,165
110,133,165
111,133,164
112,133,164
113,133,164
114,133,164
115,133,163
116,133,163
117,133,163
118,133,163
119,133,163
120,133,162
121,133,162
122,133,162
123,133,162
124,133,162
125,133,162
126,133,161
127,132,161
128,132,161
129,132,161
130,132,161
131,132,161
132,132,161
133,132,161
134,132,160
135,132,160
136,132,160
137,132,160
138,132,160
139,132,160
140,132,160
141,131,160
142,131,159
143,131,159
144,131,159
145,131,159
146,131,159
147,131,159
148,131,159
149,131,159
150,131,159
151,131,159
152,131,158
153,131,158
154,131,158
155,131,158
156,131,158
157,131,158
158,130,158
159,130,158
160,130,158
161,130,157
162,130,157
163,130,157
164,130,157
165,130,157
166,130,157
167,130,157
168,130,157
169,130,157
170,130,157
171,130,157
172,129,156
173,129,156
174,129,156
175,129,156
176,129,156
177,129,156
178,129,156
179,129,156
180,129,156
181,129,156
182,129,155
183,128,155
184,128,155
185,128,155
186,128,155
187,128,155
188,128,155
189,128,155
190,128,154
191,128,154
192,127,154
193,127,154
194,127,154
195,127,154
196,127,154
197,127,154
198,127,153
199,126,153
200,126,153
201,126,153
202,126,153
203,126,153
204,126,152
205,126,152
206,125,152
207,125,152
208,125,152
209,125,152
210,125,151
211,125,151
212,124,151
213,124,151
214,124,151
215,124,150
216,124,150
217,124,150
218,124,150
219,123,150
220,123,150
221,123,149
222,123,149
223,123,149
224,123,149
225,122,148
226,122,148
227,122,148
228,122,148
229,122,148
230,121,147
231,121,147
232,121,147
233,121,147
234,121,147
235,121,146
236,120,146
237,120,146
238,120,146
239,120,145
240,120,145
241,119,145
242,119,145
243,119,144
244,119,144
245,119,144
246,118,144
247,118,144
248,118,143
249,118,143
250,117,143
251,117,142
252,117,142
253,117,142
254,117,142
255,116,142
256,116,141
257,116,141
258,116,141
259,115,141
260,115,140
261,115,140
262,115,140
263,114,140
264,114,139
265,114,139
266,114,139
267,113,138
268,113,138
269,113,138
270,113,138
271,112,137
272,112,137
273,112,137
274,112,136
275,111,136
276,111,136
277,111,136
278,110,135
279,110,135
280,110,135
281,109,134
282,109,134
283,109,134
284,109,133
285,108,133
286,108,133
287,108,133
288,107,132
289,107,132
290,107,132
291,106,131
292,106,131
293,106,131
294,106,130
295,105,130
296,105,130
297,104,129
298,104,129
299,104,129
300,103,128
301,103,128
302,103,128
303,102,127
304,102,127
305,102,127
306,101,126
307,101,126
308,101,125
309,100,125
310,100,125
311,100,124
312,99,124
313,99,124
314,98,123
315,98,123
316,98,122
317,97,122
318,97,122
319,97,121
320,96,121
321,96,120
322,95,120
323,95,120
324,95,119
325,94,119
326,94,118
327,93,118
328,93,117
329,92,117
330,92,117
331,92,116
332,91,116
333,91,115
334,90,115
335,90,115
336,90,114
337,89,114
338,89,113
339,88,113
340,88,112
341,87,112
342,87,111
343,86,111
344,86,111
345,86,110
346,85,110
347,85,109
348,84,109
349,84,108
350,83,108
351,83,107
352,82,107
353,82,106
354,81,106
355,81,105
356,80,105
357,80,104
358,79,104
359,79,103
360,78,103
361,78,102
362,77,102
363,77,101
364,76,101
365,76,100
366,75,100
367,75,99
368,74,99
369,73,98
370,73,97
371,72,97
372,72,96
373,71,96
374,71,95
375,70,95
376,69,94
377,69,93
378,68,93
379,68,92
380,67,92
381,67,91
382,66,90
383,65,90
384,65,89
385,64,88
386,63,88
387,63,87
388,62,86
389,62,86
390,61,85
391,60,84
392,60,84
393,59,83
394,59,82
395,58,82
396,57,81
397,57,80
398,56,79
399,55,78
400,55,78
401,54,77
402,54,76
403,53,75
404,52,74
405,52,73
406,51,72
407,50,72
408,50,71
409,49,70
410,48,69
411,48,68
412,47,67
413,47,66
414,46,65
415,45,64
416,45,63
417,44,62
418,44,61
419,43,60
420,42,59
421,41,58
422,41,58
423,40,57
424,40,56
425,39,55
426,38,54
427,38,53
428,37,52
429,36,51
430,35,50
431,35,49
432,34,48
433,34,47
434,34,46
435,33,45
436,33,43
437,33,42
438,33,40
439,34,38
0,0
0,97
117,203,210
118,202,212
119,201,214
120,201,216
121,201,218
122,201,219
123,201,220
124,202,222
125,202,223
126,202,224
127,203,225
128,203,226
129,203,227
130,203,228
131,203,229
132,203,230
133,203,231
134,202,231
135,202,232
136,202,232
137,202,232
138,201,232
139,201,232
140,201,232
141,201,232
142,200,232
143,200,231
144,199,230
145,199,229
146,198,228
147,198,227
148,198,226
149,197,225
150,197,224
151,196,223
152,196,223
153,195,222
154,195,221
155,194,220
156,194,220
157,193,219
158,192,218
159,192,217
160,191,217
161,191,216
162,190,215
163,189,214
164,189,214
165,188,213
166,188,212
167,187,211
168,187,211
169,186,210
170,185,209
171,185,208
172,184,207
173,183,206
174,183,206
175,182,205
176,181,204
177,181,203
178,180,202
179,179,201
180,179,200
181,178,200
182,177,199
183,177,198
184,176,197
185,175,196
186,175,195
187,174,194
188,173,193
189,172,192
190,172,191
191,171,190
192,170,189
193,169,188
194,169,187
195,168,185
196,167,184
197,166,183
198,166,182
199,165,181
200,164,180
201,164,178
202,163,177
203,162,176
204,161,175
205,160,173
206,159,172
207,158,171
208,158,169
209,157,168
210,157,166
211,156,165
212,156,163
213,157,160
0,0
0,108
167,193,196
168,192,199
169,191,201
170,191,202
171,191,203
172,191,205
173,191,205
174,191,206
175,191,207
176,191,208
177,192,209
178,192,210
179,193,211
180,193,212
181,194,213
182,195,214
183,195,214
184,195,215
185,196,216
186,196,216
187,196,216
188,197,217
189,197,217
190,197,217
191,197,217
192,197,217
193,197,217
194,197,217
195,197,216
196,197,216
197,197,216
198,198,216
199,198,216
200,198,216
201,198,216
202,198,216
203,198,216
204,198,216
205,198,216
206,198,216
207,198,216
208,198,216
209,198,216
210,198,216
211,198,216
212,198,216
213,198,216
214,198,216
215,198,216
216,198,216
217,198,216
218,198,216
219,198,216
220,198,216
221,198,216
222,198,216
223,198,217
224,198,217
225,198,217
226,198,217
227,197,217
228,197,217
229,197,217
230,197,217
231,197,217
232,197,217
233,197,217
234,196,217
235,196,217
236,196,217
237,196,217
238,196,217
239,196,217
240,196,217
241,195,218
242,195,217
243,195,217
244,195,217
245,195,217
246,195,217
247,195,217
248,195,217
249,195,217
250,195,217
251,195,217
252,196,217
253,196,217
254,196,217
255,196,217
256,196,216
257,197,216
258,197,216
259,197,216
260,198,215
261,198,215
262,198,215
263,199,215
264,199,214
265,200,214
266,200,214
267,201,213
268,201,213
269,202,212
270,202,212
271,203,211
272,204,210
273,205,209
274,207,207
0,0
0,83
108,261,261
109,257,265
110,256,268
111,256,270
112,256,271
113,256,273
114,256,274
115,256,276
116,257,277
117,257,278
118,257,279
119,258,280
120,258,282
121,258,282
122,258,283
123,258,284
124,257,285
125,257,285
126,257,285
127,257,285
128,257,285
129,256,285
130,256,285
131,256,284
132,255,284
133,255,283
134,255,282
135,254,281
136,254,280
137,254,279
138,253,278
139,253,278
140,252,277
141,252,276
142,251,275
143,251,275
144,250,274
145,250,273
146,250,273
147,249,272
148,249,271
149,248,270
150,247,270
151,247,269
152,246,268
153,246,267
154,245,267
155,245,266
156,244,265
157,244,264
158,243,264
159,243,263
160,242,262
161,242,261
162,241,260
163,240,259
164,240,258
165,239,258
166,239,257
167,238,256
168,237,255
169,237,254
170,236,253
171,235,252
172,235,251
173,234,250
174,234,249
175,233,248
176,232,247
177,232,246
178,231,244
179,230,243
180,230,242
181,229,241
182,228,240
183,227,238
184,227,237
185,226,236
186,225,235
187,225,233
188,224,232
189,224,230
190,226,226
0,0
0,116
157,252,252
158,249,255
159,248,257
160,248,259
161,248,260
162,248,261
163,248,262
164,248,263
165,248,264
166,248,265
167,249,266
168,249,267
169,250,268
170,250,269
171,251,269
172,251,270
173,252,271
174,252,272
175,253,272
176,253,273
177,253,273
178,253,274
179,254,274
180,254,274
181,254,274
182,254,274
183,254,274
184,254,274
185,254,273
186,254,273
187,254,273
188,254,273
189,254,273
190,254,273
191,254,273
192,254,273
193,254,273
194,254,273
195,255,272
196,255,272
197,255,272
198,255,272
199,255,272
200,255,272
201,255,272
202,255,272
203,255,272
204,255,272
205,255,272
206,255,272
207,255,272
208,255,272
209,255,272
210,255,272
211,255,272
212,255,272
213,254,272
214,254,272
215,254,272
216,254,272
217,254,272
218,254,272
219,254,272
220,254,272
221,254,272
222,253,272
223,253,272
224,253,272
225,253,272
226,253,272
227,253,272
228,253,272
229,252,272
230,252,272
231,252,272
232,252,272
233,252,272
234,251,272
235,251,272
236,251,272
237,251,272
238,251,273
239,250,273
240,250,272
241,250,272
242,250,272
243,250,272
244,250,272
245,250,272
246,250,272
247,250,272
248,250,272
249,250,272
250,251,272
251,251,272
252,251,272
253,251,272
254,251,271
255,252,271
256,252,271
257,252,271
258,253,270
259,253,270
260,253,270
261,254,270
262,254,269
263,255,269
264,255,269
265,256,268
266,256,268
267,257,267
268,257,267
269,258,266
270,259,265
271,260,264
272,262,262
0,0
0,28
98,313,317
99,312,324
100,311,328
101,311,332
102,312,334
103,312,337
104,312,338
105,312,340
106,313,341
107,314,342
108,315,342
109,316,343
110,317,343
111,318,344
112,319,344
113,320,344
114,321,345
115,321,345
116,322,345
117,323,345
118,325,345
119,326,345
120,327,345
121,328,344
122,329,344
123,331,343
124,333,342
125,338,339
0,0
1,112
281,143,143
282,142,144
283,141,145
284,141,146
285,140,146
286,140,147
287,140,147
288,140,148
289,140,148
290,139,148
291,139,149
292,139,149
293,139,150
294,139,150
295,139,150
296,139,151
297,139,151
298,138,151
299,138,151
300,138,152
301,138,152
302,138,152
303,138,152
304,137,152
305,137,152
306,137,153
307,137,152
308,137,152
309,137,152
310,136,152
311,136,152
312,136,152
313,136,152
314,136,152
315,136,151
316,135,151
317,135,151
318,135,151
319,135,151
320,135,151
321,134,150
322,134,150
323,134,150
324,134,150
325,133,149
326,133,149
327,133,149
328,133,149
329,132,148
330,132,148
331,132,148
332,131,148
333,131,147
334,131,147
335,131,147
336,130,147
337,130,147
338,130,146
339,129,146
340,129,146
341,129,146
342,129,145
343,128,145
344,128,145
345,128,145
346,127,145
347,127,144
348,127,144
349,126,144
350,126,144
351,126,143
352,125,143
353,125,143
354,125,143
355,124,142
356,124,142
357,124,142
358,123,142
359,123,142
360,122,141
361,122,141
362,122,141
363,122,141
364,121,140
365,121,140
366,121,140
367,121,140
368,121,139
369,121,139
370,121,139
371,121,139
372,120,138
373,120,138
374,120,138
375,121,138
376,121,138
377,121,137
378,121,137
379,121,137
380,122,137
381,122,136
382,122,136
383,122,136
384,123,135
385,123,135
386,123,135
387,124,134
388,124,134
389,125,134
390,125,133
391,126,133
392,127,132
0,0
1,98
289,180,182
290,179,183
291,179,184
292,178,185
293,178,185
294,178,186
295,177,186
296,177,186
297,177,187
298,176,186
299,176,186
300,176,186
301,175,186
302,175,186
303,175,186
304,175,186
305,174,186
306,174,186
307,174,186
308,173,186
309,173,185
310,172,185
311,172,185
312,172,185
313,172,185
314,171,185
315,171,184
316,171,184
317,170,184
318,170,184
319,169,184
320,169,183
321,169,183
322,168,183
323,168,183
324,168,183
325,167,182
326,167,182
327,167,182
328,166,182
329,166,181
330,166,181
331,165,181
332,165,181
333,165,180
334,164,180
335,164,180
336,164,180
337,163,180
338,163,179
339,163,179
340,162,179
341,162,179
342,162,178
343,161,178
344,161,178
345,160,178
346,160,178
347,160,177
348,160,177
349,159,177
350,159,177
351,159,176
352,159,176
353,158,176
354,158,176
355,158,176
356,158,175
357,158,175
358,157,175
359,157,175
360,157,175
361,157,174
362,157,174
363,157,174
364,157,174
365,157,174
366,157,173
367,156,173
368,157,173
369,157,173
370,157,173
371,157,172
372,157,172
373,157,172
374,157,172
375,158,171
376,158,171
377,158,171
378,159,171
379,159,171
380,159,171
381,160,170
382,160,170
383,161,169
384,162,169
385,163,169
386,164,168
0,0
1,100
289,211,213
290,211,214
291,210,215
292,210,216
293,210,217
294,209,217
295,209,218
296,209,218
297,209,218
298,208,218
299,208,218
300,208,219
301,207,218
302,207,218
303,207,218
304,207,218
305,206,218
306,206,218
307,206,218
308,205,218
309,205,218
310,205,217
311,205,217
312,204,217
313,204,217
314,204,217
315,203,217
316,203,217
317,203,217
318,203,216
319,202,216
320,202,216
321,202,216
322,201,216
323,201,216
324,201,215
325,200,215
326,200,215
327,200,215
328,200,215
329,199,214
330,199,214
331,199,214
332,198,214
333,198,214
334,198,213
335,198,213
336,197,213
337,197,213
338,197,213
339,196,213
340,196,212
341,196,212
342,195,212
343,195,212
344,195,212
345,195,211
346,194,211
347,194,211
348,194,211
349,193,211
350,193,211
351,193,210
352,193,210
353,193,210
354,192,210
355,192,210
356,192,210
357,192,209
358,192,209
359,192,209
360,191,209
361,191,209
362,191,209
363,191,208
364,191,208
365,191,208
366,191,208
367,191,208
368,191,208
369,191,207
370,191,207
371,191,207
372,191,207
373,192,207
374,192,207
375,192,206
376,192,206
377,192,206
378,193,206
379,193,206
380,193,206
381,194,206
382,194,205
383,195,205
384,195,205
385,196,204
386,197,204
387,198,203
388,200,203
0,0
0,104
137,325,327
138,322,331
139,321,333
140,320,335
141,320,337
142,320,338
143,321,340
144,321,341
145,322,342
146,322,343
147,323,344
148,323,345
149,323,346
150,324,347
151,324,348
152,325,348
153,325,349
154,325,349
155,325,349
156,325,350
157,325,350
158,325,350
159,326,350
160,326,349
161,326,349
162,326,349
163,326,349
164,326,349
165,326,349
166,326,348
167,326,348
168,326,348
169,326,348
170,326,348
171,326,348
172,326,348
173,326,348
174,326,348
175,326,348
176,326,347
177,326,347
178,326,347
179,326,347
180,326,347
181,326,347
182,326,347
183,326,347
184,326,347
185,326,347
186,326,347
187,326,347
188,326,347
189,326,346
190,326,346
191,326,346
192,326,346
193,326,346
194,326,346
195,326,346
196,326,346
197,326,346
198,326,346
199,326,346
200,326,346
201,326,346
202,326,346
203,326,345
204,326,345
205,326,345
206,326,345
207,326,345
208,326,345
209,326,345
210,326,345
211,326,345
212,326,345
213,326,345
214,326,345
215,326,345
216,326,344
217,326,344
218,326,344
219,326,344
220,326,344
221,326,344
222,326,344
223,326,344
224,326,344
225,326,344
226,326,344
227,326,344
228,326,344
229,326,344
230,326,343
231,326,343
232,326,343
233,326,343
234,326,343
235,326,343
236,326,343
237,326,343
238,326,343
239,328,343
240,343,343
0,0
1,160
264,242,244
265,241,245
266,241,246
267,240,247
268,240,248
269,240,249
270,240,250
271,240,250
272,240,251
273,239,252
274,239,252
275,239,253
276,239,253
277,239,253
278,239,254
279,239,254
280,239,254
281,238,254
282,238,255
283,238,255
284,238,255
285,238,255
286,238,256
287,238,255
288,237,255
289,237,255
290,237,255
291,237,255
292,237,255
293,237,254
294,237,254
295,237,254
296,236,254
297,236,254
298,236,253
299,236,253
300,236,253
301,236,253
302,236,252
303,235,252
304,235,252
305,235,252
306,235,252
307,235,251
308,235,251
309,235,251
310,234,251
311,234,251
312,234,251
313,234,250
314,234,250
315,234,250
316,234,250
317,234,250
318,233,250
319,233,249
320,233,249
321,233,249
322,233,249
323,233,249
324,232,249
325,232,249
326,232,248
327,232,248
328,232,248
329,232,248
330,232,248
331,232,248
332,231,248
333,231,248
334,231,248
335,231,247
336,231,247
337,231,247
338,230,247
339,230,247
340,230,247
341,230,247
342,230,247
343,230,247
344,230,247
345,229,247
346,229,247
347,229,247
348,229,246
349,229,246
350,229,246
351,228,246
352,228,246
353,228,246
354,228,246
355,228,246
356,228,246
357,227,246
358,227,246
359,227,246
360,227,246
361,227,246
362,227,246
363,226,246
364,226,246
365,226,246
366,226,246
367,226,246
368,225,246
369,225,246
370,225,246
371,225,246
372,225,246
373,224,246
374,224,246
375,224,246
376,224,246
377,224,246
378,224,246
379,223,246
380,223,246
381,223,246
382,223,246
383,223,246
384,222,246
385,222,246
386,222,246
387,222,246
388,222,246
389,222,246
390,222,246
391,222,246
392,222,246
393,222,246
394,222,246
395,223,246
396,223,246
397,223,246
398,223,246
399,224,246
400,224,246
401,225,246
402,225,246
403,225,246
404,226,246
405,226,246
406,227,246
407,228,246
408,228,247
409,229,247
410,229,247
411,230,247
412,231,247
413,231,246
414,232,246
415,233,246
416,234,246
417,235,246
418,235,246
419,236,245
420,237,245
421,239,244
422,241,242
422,241,241
0,0
0,171
283,196,196
284,191,201
285,189,204
286,188,206
287,188,209
288,188,211
289,188,213
290,188,214
291,189,216
292,189,217
293,190,218
294,190,218
295,190,219
296,191,220
297,191,220
298,192,220
299,192,221
300,192,221
301,192,221
302,193,221
303,193,221
304,193,221
305,194,221
306,194,221
307,194,221
308,194,221
309,195,221
310,195,220
311,195,220
312,195,220
313,195,220
314,196,220
315,196,220
316,196,220
317,196,220
318,196,220
319,196,220
320,196,220
321,196,219
322,196,219
323,197,219
324,197,219
325,197,219
326,197,219
327,197,219
328,197,219
329,197,219
330,197,219
331,197,219
332,197,219
333,197,219
334,197,218
335,197,218
336,197,218
337,197,218
338,197,218
339,197,218
340,197,218
341,197,218
342,197,218
343,197,218
344,197,218
345,197,218
346,197,218
347,196,218
348,196,218
349,196,218
350,196,217
351,196,217
352,196,217
353,196,217
354,196,217
355,196,217
356,196,217
357,196,217
358,196,217
359,195,217
360,195,217
361,195,217
362,195,217
363,195,217
364,195,217
365,195,217
366,195,217
367,195,217
368,194,216
369,194,216
370,194,216
371,194,216
372,194,216
373,194,216
374,194,216
375,193,216
376,193,216
377,193,216
378,193,216
379,193,216
380,193,216
381,192,216
382,192,216
383,192,216
384,192,216
385,192,215
386,191,215
387,191,215
388,191,215
389,191,215
390,190,215
391,190,215
392,190,215
393,190,215
394,190,215
395,189,215
396,189,215
397,189,215
398,188,214
399,188,214
400,188,214
401,187,214
402,187,214
403,187,214
404,186,214
405,186,214
406,186,214
407,185,213
408,185,213
409,184,213
410,184,213
411,183,213
412,183,213
413,182,213
414,182,213
415,182,213
416,181,212
417,181,212
418,181,212
419,181,212
420,181,212
421,180,212
422,180,211
423,180,211
424,180,211
425,180,211
426,180,211
427,181,210
428,181,210
429,181,210
430,181,210
431,181,209
432,181,209
433,182,209
434,182,208
435,182,208
436,182,208
437,183,207
438,183,207
439,183,207
440,184,206
441,184,206
442,185,205
443,185,205
444,186,204
445,186,204
446,186,203
447,187,203
448,188,202
449,189,201
450,189,200
451,190,199
452,192,198
453,194,196
0,0
1,132
200,292,294
201,292,296
202,291,297
203,291,298
204,291,299
205,291,299
206,291,300
207,291,300
208,291,301
209,291,301
210,291,301
211,291,302
212,291,302
213,291,302
214,291,302
215,291,302
216,291,303
217,291,303
218,291,303
219,291,303
220,291,303
221,291,303
222,290,303
223,290,302
224,290,302
225,290,302
226,290,302
227,290,302
228,290,302
229,290,302
230,290,301
231,289,301
232,289,301
233,289,301
234,289,301
235,289,301
236,289,300
237,288,300
238,288,300
239,288,300
240,288,300
241,288,299
242,288,299
243,288,299
244,287,299
245,287,299
246,287,298
247,287,298
248,287,298
249,287,298
250,286,298
251,286,298
252,286,297
253,286,297
254,286,297
255,285,297
256,285,297
257,285,297
258,285,296
259,285,296
260,284,296
261,284,296
262,284,296
263,284,296
264,284,295
265,283,295
266,283,295
267,283,295
268,283,295
269,283,295
270,282,295
271,282,294
272,282,294
273,282,294
274,282,294
275,281,294
276,281,294
277,281,294
278,281,293
279,281,293
280,280,293
281,280,293
282,280,293
283,280,293
284,280,293
285,279,293
286,279,292
287,279,292
288,279,292
289,278,292
290,278,292
291,278,292
292,278,292
293,277,292
294,277,292
295,277,292
296,277,291
297,277,291
298,276,291
299,276,291
300,276,291
301,276,291
302,276,291
303,275,291
304,275,291
305,275,291
306,274,291
307,274,291
308,274,291
309,274,291
310,274,291
311,273,291
312,273,291
313,273,291
314,272,291
315,272,291
316,272,291
317,291,291
317,271,292
318,291,291
318,271,292
319,273,292
320,277,292
321,280,292
322,283,293
323,287,293
324,290,294
325,293,296
326,296,299
327,298,302
328,300,306
329,305,308
0,203
268,327,327
269,322,332
270,319,336
271,318,339
272,318,341
273,318,343
274,319,345
275,319,347
276,319,349
277,320,351
278,320,352
279,320,354
280,320,355
281,321,357
282,321,358
283,321,359
284,322,360
285,322,361
286,322,362
287,323,363
288,323,363
289,323,364
290,323,364
291,324,364
292,324,364
293,324,364
294,325,364
295,325,363
296,325,363
297,326,362
298,326,362
299,326,361
300,327,360
301,327,360
302,327,360
303,327,359
304,328,359
305,328,359
306,328,358
307,329,358
308,329,358
309,329,358
310,329,357
311,329,357
312,329,357
313,329,357
314,329,357
315,329,357
316,330,357
317,330,356
318,330,356
319,330,356
320,330,356
321,330,356
322,330,356
323,330,356
324,330,356
325,330,356
326,330,356
327,330,356
328,330,356
329,330,356
330,331,356
331,331,356
332,331,356
333,331,356
334,331,356
335,331,356
336,331,356
337,331,356
338,331,356
339,331,356
340,331,356
341,331,356
342,331,356
343,331,356
344,331,357
345,331,357
346,331,357
347,332,357
348,332,357
349,332,357
350,332,357
351,332,357
352,332,357
353,332,357
354,332,357
355,332,357
356,332,357
357,332,357
358,332,357
359,332,357
360,332,358
361,332,358
362,332,358
363,332,358
364,332,358
365,332,358
366,332,358
367,332,358
368,332,358
369,332,358
370,332,358
371,332,358
372,332,358
373,332,358
374,332,358
375,332,358
376,332,359
377,332,359
378,332,359
379,332,359
380,332,359
381,332,359
382,332,359
383,332,359
384,332,359
385,332,359
386,332,359
387,332,359
388,332,359
389,332,359
390,332,359
391,332,360
392,332,360
393,332,360
394,332,360
395,332,360
396,332,360
397,332,360
398,332,360
399,332,360
400,332,360
401,332,360
402,332,360
403,331,360
404,331,360
405,331,360
406,331,360
407,331,360
408,331,360
409,331,360
410,331,360
411,331,360
412,330,360
413,330,360
414,330,360
415,330,360
416,330,360
417,330,360
418,329,360
419,329,360
420,329,360
421,329,360
422,328,360
423,328,360
424,328,360
425,327,360
426,327,360
427,327,360
428,326,359
429,325,359
430,324,359
431,324,359
432,325,359
433,325,359
434,325,358
435,326,358
436,326,358
437,326,358
438,327,358
439,327,357
440,327,357
441,328,357
442,328,356
443,328,356
444,329,356
445,329,356
446,329,355
447,330,355
448,330,354
449,330,354
450,331,354
451,331,353
452,331,352
453,332,352
454,332,351
455,332,351
456,333,350
457,333,350
458,333,349
459,334,349
460,334,348
461,334,347
462,335,347
463,335,346
464,335,345
465,336,345
466,336,344
467,336,343
468,337,342
469,337,341
470,337,339
1,52
337,468,470
336,465,470
335,462,470
334,459,470
333,456,470
332,453,469
331,450,469
330,446,468
329,443,468
328,440,467
327,437,466
326,434,466
325,431,465
324,430,464
323,430,463
322,430,462
321,430,461
320,430,460
319,430,459
318,430,457
317,430,456
316,430,455
315,430,454
314,430,453
313,429,452
312,429,451
311,429,450
310,429,449
309,428,448
308,428,447
307,428,446
306,428,445
305,428,444
304,427,443
303,427,442
302,427,441
301,427,440
300,426,439
299,426,439
298,426,438
297,425,437
296,425,436
295,425,435
294,425,434
293,424,433
292,424,433
291,424,432
290,424,431
289,423,430
288,424,429
287,424,428
286,426,426
0,0
1,91
207,339,342
208,339,343
209,338,344
210,338,345
211,338,345
212,337,346
213,337,346
214,337,347
215,336,347
216,336,347
217,336,347
218,335,347
219,335,347
220,335,347
221,334,348
222,334,347
223,334,347
224,333,347
225,333,347
226,333,347
227,332,347
228,332,347
229,332,347
230,331,346
231,331,346
232,331,346
233,330,346
234,330,346
235,330,346
236,329,345
237,329,345
238,329,345
239,328,345
240,328,345
241,327,345
242,327,345
243,327,344
244,326,344
245,326,344
246,326,344
247,325,344
248,325,344
249,325,343
250,325,343
251,324,343
252,324,343
253,324,343
254,324,343
255,323,342
256,323,342
257,323,342
258,323,342
259,323,342
260,322,342
261,322,342
262,322,341
263,322,341
264,322,341
265,322,341
266,322,341
267,322,341
268,322,341
269,321,340
270,321,340
271,321,340
272,321,340
273,321,340
274,321,340
275,321,339
276,321,339
277,322,339
278,322,339
279,322,339
280,322,339
281,322,339
282,322,339
283,322,338
284,323,338
285,323,338
286,323,338
287,324,338
288,324,338
289,325,338
290,325,337
291,326,337
292,326,337
293,327,337
294,328,336
295,329,336
296,331,335
297,333,333
0,0
1,97
205,381,382
206,380,384
207,380,385
208,379,386
209,379,386
210,379,387
211,378,388
212,378,388
213,378,388
214,378,388
215,377,388
216,377,389
217,377,389
218,376,389
219,376,389
220,376,389
221,376,389
222,375,389
223,375,389
224,375,388
225,374,388
226,374,388
227,374,388
228,374,388
229,373,388
230,373,388
231,373,388
232,372,388
233,372,388
234,372,388
235,372,387
236,371,387
237,371,387
238,371,387
239,370,387
240,370,387
241,370,387
242,370,387
243,369,386
244,369,386
245,369,386
246,368,386
247,368,386
248,368,386
249,367,386
250,367,385
251,367,385
252,367,385
253,366,385
254,366,385
255,366,385
256,366,385
257,366,385
258,365,384
259,365,384
260,365,384
261,365,384
262,365,384
263,365,384
264,364,384
265,364,384
266,364,383
267,364,383
268,364,383
269,364,383
270,364,383
271,364,383
272,363,383
273,363,383
274,363,382
275,363,382
276,363,382
277,363,382
278,363,382
279,364,382
280,364,382
281,364,382
282,364,382
283,364,381
284,364,381
285,365,381
286,365,381
287,365,381
288,365,381
289,366,381
290,366,381
291,366,381
292,367,381
293,367,380
294,368,380
295,369,380
296,369,380
297,370,379
298,371,379
299,372,378
300,374,378
300,374,376
0,0
