1,346
83,137,137
84,135,139
85,135,140
86,135,141
87,134,142
88,134,142
89,134,143
90,134,144
91,133,144
92,133,145
93,133,146
94,133,146
95,133,147
96,133,147
97,133,148
98,133,148
99,133,149
100,133,149
101,133,150
102,132,150
103,132,150
104,132,151
105,132,151
106,132,152
107,132,152
108,132,152
109,132,152
110,132,153
111,132,153
112,131,153
113,131,153
114,131,153
115,131,153
116,131,153
117,131,154
118,131,154
119,131,154
120,131,154
121,131,154
122,131,154
123,130,154
124,130,154
125,130,155
126,130,154
127,130,154
128,130,154
129,130,154
130,130,154
131,130,154
132,130,154
133,130,154
134,129,154
135,129,153
136,129,153
137,129,153
138,129,153
139,129,153
140,129,153
141,129,153
142,129,152
143,128,152
144,128,152
145,128,152
146,128,151
147,128,151
148,128,151
149,128,151
150,128,150
151,128,150
152,128,150
153,127,150
154,127,149
155,127,149
156,127,149
157,127,149
158,127,149
159,127,148
160,127,148
161,127,148
162,127,148
163,126,147
164,126,147
165,126,147
166,126,147
167,126,147
168,126,146
169,126,146
170,126,146
171,126,146
172,125,146
173,125,146
174,125,145
175,125,145
176,125,145
177,125,145
178,125,145
179,125,144
180,125,144
181,124,144
182,124,144
183,124,144
184,124,143
185,124,143
186,124,143
187,124,143
188,124,143
189,124,143
190,124,142
191,123,142
192,123,142
193,123,142
194,123,142
195,123,142
196,123,141
197,123,141
198,123,141
199,122,141
200,122,141
201,122,141
202,122,140
203,122,140
204,122,140
205,122,140
206,122,140
207,122,140
208,121,140
209,121,139
210,121,139
211,121,139
212,121,139
213,121,139
214,121,139
215,121,139
216,121,139
217,120,138
218,120,138
219,120,138
220,120,138
221,120,138
222,120,138
223,120,138
224,120,137
225,119,137
226,119,137
227,119,137
228,119,137
229,119,137
230,119,137
231,119,137
232,119,137
233,118,136
234,118,136
235,118,136
236,118,136
237,118,136
238,118,136
239,118,136
240,118,136
241,118,136
242,117,135
243,117,135
244,117,135
245,117,135
246,117,135
247,117,135
248,117,135
249,116,135
250,116,135
251,116,135
252,116,134
253,116,134
254,116,134
255,116,134
256,116,134
257,115,134
258,115,134
259,115,134
260,115,134
261,115,134
262,115,134
263,115,134
264,115,133
265,114,133
266,114,133
267,114,133
268,114,133
269,114,133
270,114,133
271,114,133
272,113,133
273,113,133
274,113,133
275,113,133
276,113,133
277,113,132
278,113,132
279,112,132
280,112,132
281,112,132
282,112,132
283,112,132
284,112,132
285,112,132
286,111,132
287,111,132
288,111,132
289,111,132
290,111,132
291,111,132
292,111,131
293,110,131
294,110,131
295,110,131
296,110,131
297,110,131
298,110,131
299,110,131
300,109,131
301,109,131
302,109,131
303,109,131
304,109,131
305,109,131
306,109,131
307,108,131
308,108,131
309,108,131
310,108,131
311,108,131
312,108,131
313,108,131
314,107,130
315,107,130
316,107,130
317,107,130
318,107,130
319,107,130
320,106,130
321,106,130
322,106,130
323,106,130
324,106,130
325,106,130
326,105,130
327,105,130
328,105,130
329,105,130
330,105,130
331,105,130
332,105,130
333,104,130
334,104,130
335,104,130
336,104,130
337,104,130
338,104,130
339,103,130
340,103,130
341,103,130
342,103,130
343,103,130
344,103,130
345,102,130
346,102,130
347,102,130
348,102,130
349,102,130
350,102,130
351,101,130
352,101,130
353,101,130
354,101,130
355,101,130
356,101,130
357,100,130
358,100,130
359,100,130
360,100,130
361,100,130
362,100,130
363,99,130
364,99,130
365,99,130
366,99,130
367,99,130
368,98,130
369,98,130
370,98,130
371,98,130
372,98,130
373,98,130
374,98,130
375,98,130
376,97,130
377,97,130
378,97,130
379,97,130
380,97,130
381,97,130
382,97,130
383,97,130
384,97,130
385,97,130
386,97,130
387,97,130
388,98,130
389,98,130
390,98,130
391,98,130
392,98,130
393,98,130
394,99,130
395,99,130
396,99,130
397,99,130
398,100,130
399,100,130
400,100,130
401,101,130
402,101,130
403,101,130
404,102,130
405,102,130
406,103,130
407,103,130
408,104,130
409,104,130
410,105,131
411,105,131
412,106,131
413,106,131
414,107,131
415,108,131
416,108,131
417,109,131
418,110,131
419,111,131
420,111,132
421,112,131
422,113,131
423,114,130
424,115,130
425,117,129
426,118,129
427,119,127
428,122,125
0,0
0,127
61,166,166
62,160,169
63,156,173
64,154,177
65,152,181
66,151,184
67,150,187
68,150,190
69,150,192
70,150,194
71,150,195
72,150,196
73,151,197
74,151,198
75,152,198
76,152,198
77,153,199
78,154,199
79,155,199
80,155,199
81,156,199
82,157,199
83,158,199
84,158,199
85,159,199
86,160,199
87,161,200
88,161,200
89,162,200
90,163,200
91,163,200
92,164,200
93,164,200
94,165,200
95,166,200
96,166,200
97,167,200
98,167,201
99,168,201
100,168,201
101,169,201
102,169,201
103,170,201
104,170,201
105,171,201
106,171,201
107,172,201
108,172,201
109,173,202
110,173,202
111,173,202
112,174,202
113,174,202
114,174,202
115,175,202
116,175,202
117,175,202
118,176,203
119,176,203
120,176,203
121,177,203
122,177,203
123,177,203
124,177,203
125,178,203
126,178,203
127,178,203
128,178,204
129,179,204
130,179,204
131,179,204
132,179,204
133,179,204
134,180,204
135,180,204
136,180,204
137,180,204
138,181,205
139,181,205
140,181,205
141,181,205
142,181,205
143,182,205
144,182,205
145,182,205
146,182,205
147,183,206
148,183,206
149,183,206
150,183,206
151,183,206
152,183,206
153,184,206
154,184,206
155,184,207
156,184,207
157,184,207
158,185,207
159,185,207
160,185,207
161,185,207
162,185,207
163,185,208
164,186,208
165,186,208
166,186,208
167,186,208
168,186,208
169,187,208
170,187,208
171,188,208
172,188,208
173,188,208
174,189,208
175,189,208
176,190,208
177,191,208
178,191,208
179,192,208
180,193,208
181,193,207
182,194,207
183,195,207
184,196,206
185,197,206
186,199,205
187,201,204
0,0
0,154
37,310,310
38,305,316
39,303,319
40,301,322
41,300,324
42,299,326
43,299,328
44,299,330
45,298,332
46,299,333
47,299,335
48,299,337
49,300,338
50,300,339
51,301,341
52,301,342
53,302,343
54,302,344
55,302,345
56,302,346
57,303,347
58,303,347
59,303,348
60,303,348
61,303,349
62,303,349
63,303,349
64,304,349
65,304,348
66,304,348
67,304,348
68,304,347
69,304,347
70,304,346
71,304,345
72,304,344
73,304,344
74,304,343
75,304,343
76,304,342
77,304,342
78,304,341
79,304,341
80,303,340
81,303,340
82,303,339
83,303,339
84,303,338
85,303,338
86,303,337
87,303,337
88,303,336
89,303,336
90,302,336
91,302,335
92,302,335
93,302,334
94,302,334
95,302,333
96,301,333
97,301,332
98,301,332
99,301,332
100,301,331
101,301,331
102,300,331
103,300,330
104,300,330
105,300,329
106,300,329
107,299,329
108,299,328
109,299,328
110,299,328
111,299,327
112,298,327
113,298,327
114,298,326
115,298,326
116,297,325
117,297,325
118,297,325
119,297,324
120,297,324
121,296,324
122,296,323
123,296,323
124,296,323
125,295,322
126,295,322
127,295,322
128,295,321
129,294,321
130,294,320
131,294,320
132,294,320
133,293,319
134,293,319
135,293,318
136,293,318
137,292,318
138,292,317
139,292,317
140,291,316
141,291,316
142,291,316
143,291,315
144,290,315
145,290,314
146,290,314
147,289,313
148,289,313
149,289,313
150,289,312
151,288,312
152,288,311
153,288,311
154,288,311
155,287,310
156,287,310
157,287,309
158,286,309
159,286,308
160,286,308
161,285,308
162,285,307
163,285,307
164,285,306
165,284,306
166,284,305
167,284,305
168,284,304
169,283,304
170,283,303
171,283,303
172,283,302
173,283,302
174,283,301
175,282,301
176,282,300
177,282,299
178,282,299
179,282,298
180,282,297
181,282,297
182,282,296
183,282,295
184,282,294
185,282,293
186,282,292
187,282,291
188,283,289
189,284,288
190,285,285
0,0
1,234
132,293,294
133,292,296
134,291,297
135,291,297
136,290,298
137,290,299
138,290,299
139,290,300
140,289,301
141,289,301
142,289,302
143,289,303
144,289,303
145,289,304
146,289,304
147,289,305
148,288,305
149,288,306
150,288,306
151,288,306
152,288,307
153,288,307
154,288,308
155,288,308
156,288,308
157,288,309
158,288,309
159,288,309
160,288,310
161,288,310
162,288,310
163,288,310
164,288,311
165,288,311
166,288,311
167,288,311
168,287,311
169,287,312
170,287,312
171,287,312
172,287,312
173,287,312
174,287,312
175,287,312
176,287,312
177,287,312
178,287,313
179,287,312
180,287,312
181,287,312
182,286,312
183,286,312
184,286,312
185,286,312
186,286,312
187,286,312
188,286,312
189,286,311
190,286,311
191,286,311
192,286,311
193,286,311
194,286,311
195,285,311
196,285,310
197,285,310
198,285,310
199,285,310
200,285,310
201,285,310
202,285,310
203,285,309
204,284,309
205,284,309
206,284,309
207,284,309
208,284,309
209,284,309
210,284,308
211,284,308
212,283,308
213,283,308
214,283,308
215,283,308
216,283,308
217,283,307
218,283,307
219,283,307
220,282,307
221,282,307
222,282,307
223,282,307
224,282,307
225,282,306
226,281,306
227,281,306
228,281,306
229,281,306
230,281,306
231,281,306
232,281,305
233,280,305
234,280,305
235,280,305
236,280,305
237,280,305
238,280,305
239,279,304
240,279,304
241,279,304
242,279,304
243,279,304
244,278,304
245,278,304
246,278,303
247,278,303
248,278,303
249,278,303
250,277,303
251,277,303
252,277,303
253,277,302
254,277,302
255,276,302
256,276,302
257,276,302
258,276,302
259,276,302
260,275,301
261,275,301
262,275,301
263,275,301
264,275,301
265,274,301
266,274,301
267,274,300
268,274,300
269,274,300
270,273,300
271,273,300
272,273,300
273,273,300
274,272,299
275,272,299
276,272,299
277,272,299
278,271,299
279,271,299
280,271,299
281,271,298
282,271,298
283,270,298
284,270,298
285,270,298
286,270,298
287,269,298
288,269,297
289,269,297
290,269,297
291,268,297
292,268,297
293,268,297
294,268,297
295,267,296
296,267,296
297,267,296
298,267,296
299,266,296
300,266,296
301,266,296
302,266,295
303,265,295
304,265,295
305,265,295
306,264,295
307,264,295
308,264,295
309,264,294
310,263,294
311,263,294
312,263,294
313,262,294
314,262,294
315,262,293
316,262,293
317,262,293
318,261,293
319,261,293
320,261,293
321,261,293
322,261,292
323,261,292
324,261,292
325,261,292
326,261,292
327,261,292
328,261,291
329,261,291
330,261,291
331,260,291
332,260,291
333,260,291
334,260,290
335,260,290
336,260,290
337,261,290
338,261,290
339,261,290
340,261,289
341,261,289
342,262,289
343,262,289
344,263,289
345,263,288
346,263,288
347,264,288
348,264,288
349,264,288
350,265,287
351,265,287
352,265,287
353,266,287
354,266,286
355,267,286
356,267,286
357,268,286
358,268,285
359,269,285
360,269,285
361,270,284
362,271,284
363,272,283
364,273,282
365,275,280
0,0
0,208
193,234,234
194,230,238
195,226,242
196,225,246
197,224,249
198,223,251
199,223,253
200,223,255
201,223,257
202,223,259
203,223,261
204,223,263
205,223,264
206,224,266
207,224,268
208,225,269
209,225,270
210,226,272
211,227,273
212,227,274
213,228,274
214,228,275
215,229,276
216,229,276
217,230,276
218,230,276
219,230,276
220,231,276
221,231,275
222,232,275
223,232,275
224,232,275
225,232,275
226,233,274
227,233,274
228,233,274
229,234,274
230,234,273
231,234,273
232,234,273
233,235,273
234,235,273
235,235,272
236,235,272
237,235,272
238,236,272
239,236,272
240,236,271
241,236,271
242,236,271
243,237,271
244,237,271
245,237,271
246,237,271
247,237,271
248,237,270
249,237,270
250,238,270
251,238,270
252,238,270
253,238,270
254,238,270
255,238,270
256,238,270
257,238,270
258,238,270
259,239,269
260,239,269
261,239,269
262,239,269
263,239,269
264,239,269
265,239,269
266,239,269
267,239,269
268,239,269
269,239,269
270,239,269
271,240,269
272,240,268
273,240,268
274,240,268
275,240,268
276,240,268
277,240,268
278,240,268
279,240,268
280,240,268
281,240,268
282,240,268
283,240,268
284,240,268
285,240,268
286,240,268
287,240,268
288,240,267
289,240,267
290,240,267
291,240,267
292,240,267
293,240,267
294,240,267
295,240,267
296,241,267
297,241,267
298,241,267
299,241,267
300,241,267
301,241,267
302,241,267
303,241,266
304,241,266
305,241,266
306,241,266
307,241,266
308,241,266
309,241,266
310,241,266
311,241,266
312,241,266
313,241,266
314,241,266
315,241,266
316,241,266
317,241,266
318,241,266
319,241,266
320,241,265
321,241,265
322,241,265
323,241,265
324,241,265
325,241,265
326,241,265
327,241,265
328,241,265
329,241,265
330,241,265
331,241,265
332,241,265
333,241,265
334,241,265
335,241,265
336,241,264
337,241,264
338,241,264
339,241,264
340,241,264
341,241,264
342,241,264
343,241,264
344,241,264
345,241,264
346,241,264
347,241,264
348,241,264
349,241,264
350,241,264
351,241,264
352,241,263
353,241,263
354,241,263
355,241,263
356,241,263
357,241,263
358,241,263
359,240,263
360,240,263
361,240,263
362,240,263
363,240,263
364,240,263
365,240,263
366,240,263
367,240,262
368,240,262
369,240,262
370,240,262
371,240,262
372,240,262
373,240,262
374,240,262
375,240,262
376,240,262
377,240,262
378,240,262
379,240,262
380,240,262
381,240,262
382,240,262
383,240,261
384,240,261
385,240,261
386,240,261
387,240,261
388,240,261
389,240,261
390,240,261
391,240,261
392,240,261
393,240,261
394,240,261
395,240,258
396,240,254
397,240,251
398,239,247
399,239,244
400,239,240
0,0
1,423
75,402,406
76,402,408
77,401,409
78,401,410
79,401,411
80,401,412
81,401,413
82,400,414
83,400,415
84,400,416
85,400,416
86,400,417
87,400,418
88,400,418
89,400,419
90,400,419
91,400,420
92,400,420
93,400,421
94,399,421
95,399,422
96,399,422
97,399,422
98,399,423
99,399,423
100,399,423
101,399,423
102,399,424
103,399,424
104,399,424
105,399,424
106,398,424
107,398,424
108,398,425
109,398,424
110,398,424
111,398,424
112,398,424
113,398,424
114,398,424
115,398,424
116,398,424
117,398,424
118,398,424
119,397,423
120,397,423
121,397,423
122,397,423
123,397,423
124,397,422
125,397,422
126,397,422
127,397,422
128,397,421
129,397,421
130,397,421
131,396,421
132,396,421
133,396,420
134,396,420
135,396,420
136,396,420
137,396,420
138,396,419
139,396,419
140,396,419
141,396,419
142,396,419
143,395,418
144,395,418
145,395,418
146,395,418
147,395,418
148,395,417
149,395,417
150,395,417
151,395,417
152,395,417
153,395,417
154,395,416
155,394,416
156,394,416
157,394,416
158,394,416
159,394,416
160,394,415
161,394,415
162,394,415
163,394,415
164,394,415
165,394,415
166,394,414
167,393,414
168,393,414
169,393,414
170,393,414
171,393,414
172,393,414
173,393,413
174,393,413
175,393,413
176,393,413
177,393,413
178,392,413
179,392,413
180,392,412
181,392,412
182,392,412
183,392,412
184,392,412
185,392,412
186,392,412
187,392,411
188,392,411
189,392,411
190,391,411
191,391,411
192,391,411
193,391,411
194,391,410
195,391,410
196,391,410
197,391,410
198,391,410
199,391,410
200,391,410
201,390,410
202,390,410
203,390,409
204,390,409
205,390,409
206,390,409
207,390,409
208,390,409
209,390,409
210,390,409
211,390,409
212,390,408
213,389,408
214,389,408
215,389,408
216,389,408
217,389,408
218,389,408
219,389,408
220,389,408
221,389,408
222,389,407
223,389,407
224,388,407
225,388,407
226,388,407
227,388,407
228,388,407
229,388,407
230,388,407
231,388,407
232,388,407
233,388,407
234,388,406
235,387,406
236,387,406
237,387,406
238,387,406
239,387,406
240,387,406
241,387,406
242,387,406
243,387,406
244,387,406
245,387,406
246,386,406
247,386,405
248,386,405
249,386,405
250,386,405
251,386,405
252,386,405
253,386,405
254,386,405
255,386,405
256,386,405
257,385,405
258,385,405
259,385,405
260,385,405
261,385,405
262,385,404
263,385,404
264,385,404
265,385,404
266,385,404
267,384,404
268,384,404
269,384,404
270,384,404
271,384,404
272,384,404
273,384,404
274,384,404
275,384,404
276,383,404
277,383,404
278,383,404
279,383,404
280,383,404
281,383,404
282,383,404
283,383,404
284,383,404
285,383,404
286,382,404
287,382,404
288,382,404
289,382,404
290,382,404
291,382,404
292,382,404
293,382,404
294,382,404
295,381,404
296,381,404
297,381,404
298,381,404
299,381,404
300,381,404
301,381,404
302,381,404
303,381,404
304,380,404
305,380,404
306,380,404
307,380,404
308,380,404
309,380,404
310,380,404
311,380,404
312,380,404
313,379,404
314,379,404
315,379,404
316,379,404
317,379,404
318,379,404
319,379,404
320,379,404
321,379,404
322,378,404
323,378,404
324,378,404
325,378,404
326,378,404
327,378,404
328,378,404
329,377,404
330,377,404
331,377,404
332,377,404
333,377,404
334,377,404
335,377,404
336,377,404
337,376,404
338,376,404
339,376,404
340,376,404
341,376,404
342,376,404
343,376,404
344,375,404
345,375,404
346,375,404
347,375,404
348,375,404
349,375,404
350,375,404
351,375,404
352,374,404
353,374,404
354,374,404
355,374,404
356,374,404
357,374,404
358,374,404
359,398,404
359,373,405
360,398,404
360,373,405
361,398,404
361,373,405
362,398,404
362,373,405
363,398,404
363,373,405
364,398,404
364,373,405
365,398,404
365,373,405
366,398,404
366,372,405
367,398,404
367,372,405
368,398,404
368,372,405
369,398,404
369,372,405
370,398,404
370,372,405
371,398,404
371,372,405
372,398,404
372,371,405
373,398,404
373,371,405
374,398,404
374,371,405
375,398,404
375,371,405
376,398,404
376,371,405
377,398,404
377,371,405
378,398,404
378,371,405
379,398,404
379,370,405
380,398,404
380,370,406
381,398,404
381,370,406
382,398,404
382,370,406
383,398,404
383,370,406
384,398,404
384,370,406
385,398,404
385,370,406
386,398,404
386,369,406
387,398,404
387,369,406
388,398,404
388,369,406
389,398,404
389,369,406
390,398,404
390,369,406
391,398,404
391,369,406
392,398,404
392,369,406
393,398,404
393,369,406
394,398,404
394,369,406
395,398,404
395,369,406
396,398,404
396,369,406
397,398,404
397,369,406
398,398,404
398,369,406
399,398,404
399,370,406
400,398,404
400,370,407
401,398,404
401,370,407
402,398,404
402,370,407
403,398,404
403,370,407
404,398,404
404,371,407
405,398,404
405,371,407
406,398,404
406,371,407
407,398,404
407,372,407
408,398,404
408,372,407
409,398,404
409,372,407
410,398,404
410,373,407
411,398,404
411,373,407
412,398,404
412,374,407
413,398,404
413,374,407
414,375,407
415,375,407
416,376,407
417,376,407
418,377,407
419,378,407
420,378,407
421,379,407
422,380,407
423,380,408
424,381,408
425,382,408
426,382,408
427,383,408
428,384,408
429,385,408
430,386,408
431,386,408
432,387,407
433,388,407
434,389,407
435,390,407
436,391,407
437,392,406
438,393,406
439,394,405
440,396,404
441,397,403
441,397,397
0,0
