1,297
97,92,95
98,92,96
99,91,97
100,91,97
101,91,98
102,91,99
103,91,100
104,90,100
105,90,101
106,90,101
107,90,102
108,90,102
109,90,103
110,90,103
111,90,104
112,90,104
113,90,105
114,89,105
115,89,105
116,89,106
117,89,106
118,89,106
119,89,107
120,89,107
121,89,107
122,89,107
123,89,107
124,88,107
125,88,107
126,88,107
127,88,107
128,88,108
129,88,108
130,88,108
131,88,108
132,88,108
133,88,108
134,87,108
135,87,108
136,87,108
137,87,107
138,87,107
139,87,107
140,87,107
141,87,107
142,87,107
143,86,107
144,86,107
145,86,107
146,86,106
147,86,106
148,86,106
149,86,106
150,86,105
151,86,105
152,86,105
153,85,105
154,85,104
155,85,104
156,85,104
157,85,104
158,85,103
159,85,103
160,85,103
161,85,103
162,84,103
163,84,102
164,84,102
165,84,102
166,84,102
167,84,101
168,84,101
169,84,101
170,84,101
171,83,101
172,83,100
173,83,100
174,83,100
175,83,100
176,83,100
177,83,99
178,83,99
179,83,99
180,82,99
181,82,99
182,82,98
183,82,98
184,82,98
185,82,98
186,82,98
187,82,97
188,82,97
189,81,97
190,81,97
191,81,97
192,81,97
193,81,97
194,81,96
195,81,96
196,81,96
197,80,96
198,80,96
199,80,96
200,80,95
201,80,95
202,80,95
203,80,95
204,80,95
205,80,95
206,79,94
207,79,94
208,79,94
209,79,94
210,79,94
211,79,94
212,79,94
213,79,94
214,78,93
215,78,93
216,78,93
217,78,93
218,78,93
219,78,93
220,78,93
221,78,93
222,77,92
223,77,92
224,77,92
225,77,92
226,77,92
227,77,92
228,77,92
229,76,92
230,76,91
231,76,91
232,76,91
233,76,91
234,76,91
235,76,91
236,76,91
237,75,91
238,75,91
239,75,90
240,75,90
241,75,90
242,75,90
243,75,90
244,74,90
245,74,90
246,74,90
247,74,90
248,74,90
249,74,90
250,74,89
251,74,89
252,73,89
253,73,89
254,73,89
255,73,89
256,73,89
257,73,89
258,73,89
259,72,89
260,72,89
261,72,88
262,72,88
263,72,88
264,72,88
265,71,88
266,71,88
267,71,88
268,71,88
269,71,88
270,71,88
271,71,88
272,71,88
273,70,88
274,70,87
275,70,87
276,70,87
277,70,87
278,70,87
279,69,87
280,69,87
281,69,87
282,69,87
283,69,87
284,69,87
285,69,87
286,68,87
287,68,87
288,68,87
289,68,87
290,68,87
291,68,87
292,68,87
293,67,86
294,67,86
295,67,86
296,67,86
297,67,86
298,67,86
299,66,86
300,66,86
301,66,86
302,66,86
303,66,86
304,66,86
305,65,86
306,65,86
307,65,86
308,65,86
309,65,86
310,65,86
311,64,86
312,64,86
313,64,86
314,64,86
315,64,86
316,64,86
317,63,86
318,63,86
319,63,86
320,63,86
321,63,86
322,63,86
323,62,85
324,62,85
325,62,85
326,62,85
327,62,85
328,62,85
329,61,85
330,61,85
331,61,85
332,61,85
333,61,85
334,61,85
335,60,85
336,60,85
337,60,85
338,60,85
339,60,85
340,59,85
341,59,85
342,59,85
343,59,85
344,59,85
345,59,85
346,58,85
347,58,85
348,58,85
349,58,85
350,58,85
351,58,85
352,58,85
353,57,85
354,58,85
355,58,85
356,58,85
357,58,85
358,58,85
359,58,85
360,58,85
361,59,85
362,59,85
363,59,85
364,59,86
365,59,86
366,60,86
367,60,86
368,60,86
369,60,86
370,61,86
371,61,86
372,62,86
373,62,86
374,62,86
375,63,86
376,63,86
377,64,86
378,64,86
379,65,86
380,65,86
381,66,86
382,67,86
383,67,86
384,68,86
385,69,86
386,70,87
387,71,86
388,72,86
389,73,86
390,74,85
391,75,84
392,77,83
393,79,81
0,0
0,88
38,169,169
39,164,174
40,161,179
41,158,183
42,157,187
43,156,190
44,155,192
45,155,194
46,155,195
47,156,195
48,156,196
49,157,196
50,157,197
51,158,197
52,159,197
53,160,197
54,161,197
55,162,197
56,163,197
57,164,197
58,164,198
59,165,198
60,166,198
61,167,198
62,168,198
63,168,198
64,169,199
65,170,199
66,171,199
67,171,199
68,172,199
69,173,199
70,173,199
71,174,199
72,174,200
73,175,200
74,175,200
75,176,200
76,176,200
77,177,200
78,177,200
79,177,201
80,178,201
81,178,201
82,179,201
83,179,201
84,179,201
85,180,202
86,180,202
87,180,202
88,181,202
89,181,202
90,181,202
91,182,203
92,182,203
93,182,203
94,183,203
95,183,203
96,183,203
97,184,203
98,184,204
99,184,204
100,185,204
101,185,204
102,185,204
103,186,204
104,186,205
105,186,205
106,186,205
107,187,205
108,187,206
109,187,206
110,188,206
111,188,206
112,188,206
113,189,206
114,189,206
115,190,206
116,191,206
117,191,206
118,192,206
119,193,206
120,194,206
121,194,206
122,195,205
123,197,205
124,198,204
125,200,203
0,0
0,102
15,291,297
16,288,301
17,287,303
18,286,305
19,285,307
20,285,308
21,285,310
22,285,312
23,286,313
24,286,314
25,286,316
26,287,317
27,287,318
28,287,319
29,287,320
30,288,321
31,288,322
32,288,323
33,288,323
34,288,324
35,288,325
36,288,325
37,288,325
38,288,325
39,288,325
40,288,325
41,288,324
42,288,324
43,288,323
44,287,322
45,287,321
46,287,321
47,287,320
48,287,319
49,287,319
50,287,318
51,286,317
52,286,317
53,286,316
54,286,315
55,286,315
56,286,314
57,285,314
58,285,313
59,285,313
60,285,312
61,284,311
62,284,311
63,284,310
64,284,310
65,283,309
66,283,309
67,283,308
68,283,308
69,282,307
70,282,307
71,282,306
72,282,306
73,281,305
74,281,305
75,281,304
76,280,304
77,280,303
78,280,303
79,280,302
80,279,302
81,279,301
82,279,301
83,278,300
84,278,299
85,278,299
86,277,298
87,277,298
88,277,297
89,277,297
90,276,296
91,276,296
92,276,295
93,275,294
94,275,294
95,275,293
96,274,293
97,274,292
98,274,292
99,273,291
100,273,290
101,273,290
102,273,289
103,272,289
104,272,288
105,272,287
106,272,286
107,272,286
108,271,285
109,271,284
110,271,283
111,271,282
112,271,281
113,271,280
114,272,278
115,272,276
116,274,274
0,0
0,41
108,219,221
109,217,228
110,216,233
111,216,237
112,216,240
113,216,243
114,216,246
115,216,249
116,217,252
117,217,254
118,218,255
119,219,257
120,220,258
121,221,259
122,222,260
123,223,261
124,224,262
125,226,262
126,227,262
127,228,263
128,230,263
129,231,263
130,232,264
131,233,264
132,234,264
133,236,264
134,237,265
135,238,265
136,239,265
137,240,265
138,241,265
139,242,265
140,244,265
141,244,265
142,246,265
143,247,264
144,248,264
145,249,263
146,251,262
147,252,261
148,258,258
0,0
1,222
134,163,163
135,161,165
136,161,166
137,160,166
138,160,167
139,160,168
140,160,169
141,160,169
142,159,170
143,159,171
144,159,171
145,159,172
146,159,173
147,159,173
148,158,174
149,158,175
150,158,175
151,158,176
152,158,176
153,158,177
154,158,177
155,157,178
156,157,178
157,157,178
158,157,178
159,157,178
160,157,178
161,157,178
162,156,178
163,156,178
164,156,178
165,156,177
166,156,177
167,156,177
168,156,177
169,156,177
170,155,176
171,155,176
172,155,176
173,155,176
174,155,175
175,155,175
176,155,175
177,154,175
178,154,174
179,154,174
180,154,174
181,154,174
182,154,174
183,154,173
184,154,173
185,153,173
186,153,173
187,153,172
188,153,172
189,153,172
190,153,172
191,153,172
192,153,171
193,152,171
194,152,171
195,152,171
196,152,170
197,152,170
198,152,170
199,152,170
200,152,170
201,151,169
202,151,169
203,151,169
204,151,169
205,151,169
206,151,168
207,150,168
208,150,168
209,150,168
210,150,167
211,150,167
212,150,167
213,149,167
214,149,167
215,149,167
216,149,166
217,149,166
218,149,166
219,148,166
220,148,166
221,148,165
222,148,165
223,148,165
224,148,165
225,147,164
226,147,164
227,147,164
228,147,164
229,147,164
230,146,163
231,146,163
232,146,163
233,146,163
234,146,163
235,145,162
236,145,162
237,145,162
238,145,162
239,145,162
240,144,162
241,144,161
242,144,161
243,144,161
244,143,161
245,143,161
246,143,160
247,143,160
248,143,160
249,142,160
250,142,160
251,142,160
252,142,159
253,141,159
254,141,159
255,141,159
256,141,159
257,141,158
258,140,158
259,140,158
260,140,158
261,140,158
262,139,158
263,139,157
264,139,157
265,139,157
266,138,157
267,138,157
268,138,157
269,138,156
270,137,156
271,137,156
272,137,156
273,137,156
274,136,156
275,136,155
276,136,155
277,136,155
278,135,155
279,135,155
280,135,155
281,135,154
282,134,154
283,134,154
284,134,154
285,134,154
286,133,154
287,133,153
288,133,153
289,132,153
290,132,153
291,132,153
292,132,153
293,131,152
294,131,152
295,131,152
296,131,152
297,130,152
298,130,152
299,130,151
300,130,151
301,129,151
302,129,151
303,129,151
304,129,151
305,128,150
306,128,150
307,128,150
308,127,150
309,127,150
310,127,150
311,127,149
312,126,149
313,126,149
314,126,149
315,126,149
316,125,149
317,125,149
318,125,148
319,125,148
320,124,148
321,124,148
322,124,148
323,124,148
324,124,147
325,124,147
326,124,147
327,123,147
328,124,147
329,124,147
330,124,147
331,124,146
332,124,146
333,125,146
334,125,146
335,125,146
336,125,146
337,125,146
338,126,145
339,126,145
340,127,145
341,127,145
342,127,145
343,128,145
344,128,145
345,129,145
346,129,145
347,129,145
348,130,144
349,130,144
350,131,144
351,131,144
352,132,143
353,133,142
354,134,141
355,135,139
0,0
0,109
195,158,158
196,151,163
197,149,168
198,149,172
199,148,175
200,149,177
201,149,179
202,149,180
203,149,181
204,150,181
205,150,182
206,151,182
207,151,182
208,152,182
209,152,182
210,153,182
211,153,183
212,154,183
213,154,183
214,155,183
215,155,183
216,156,183
217,156,183
218,156,183
219,157,183
220,157,184
221,158,184
222,158,184
223,158,184
224,159,184
225,159,184
226,160,185
227,160,185
228,160,185
229,161,185
230,161,185
231,161,185
232,162,186
233,162,186
234,163,186
235,163,186
236,163,186
237,163,186
238,164,187
239,164,187
240,164,187
241,165,187
242,165,187
243,165,187
244,166,188
245,166,188
246,166,188
247,166,188
248,167,188
249,167,189
250,167,189
251,167,189
252,168,189
253,168,189
254,168,190
255,168,190
256,168,190
257,169,190
258,169,190
259,169,190
260,169,191
261,169,191
262,170,191
263,170,191
264,170,191
265,170,191
266,170,192
267,171,192
268,171,192
269,171,192
270,171,192
271,171,192
272,172,192
273,172,193
274,172,193
275,172,193
276,173,193
277,173,193
278,173,193
279,173,193
280,174,193
281,174,193
282,174,194
283,175,194
284,175,194
285,175,194
286,176,194
287,176,194
288,176,194
289,177,194
290,177,194
291,178,194
292,178,194
293,179,194
294,179,194
295,180,194
296,181,194
297,182,194
298,182,193
299,183,193
300,184,193
301,185,193
302,186,192
303,188,191
0,0
1,137
160,204,206
161,203,208
162,203,209
163,202,210
164,202,211
165,202,211
166,202,212
167,202,212
168,201,213
169,201,213
170,201,214
171,201,214
172,201,214
173,201,214
174,201,214
175,200,214
176,200,215
177,200,215
178,200,214
179,200,214
180,200,214
181,199,214
182,199,214
183,199,214
184,199,214
185,199,213
186,198,213
187,198,213
188,198,212
189,198,212
190,198,212
191,197,211
192,197,211
193,197,211
194,197,211
195,197,210
196,197,210
197,196,210
198,196,210
199,196,209
200,196,209
201,196,209
202,195,209
203,195,208
204,195,208
205,195,208
206,195,208
207,194,207
208,194,207
209,194,207
210,194,207
211,193,206
212,193,206
213,193,206
214,193,206
215,193,205
216,192,205
217,192,205
218,192,205
219,192,205
220,192,204
221,191,204
222,191,204
223,191,204
224,191,203
225,190,203
226,190,203
227,190,203
228,190,203
229,190,202
230,189,202
231,189,202
232,189,202
233,189,202
234,189,201
235,188,201
236,188,201
237,188,201
238,188,201
239,188,200
240,187,200
241,187,200
242,187,200
243,187,200
244,187,200
245,186,199
246,186,199
247,186,199
248,186,199
249,186,199
250,185,199
251,185,198
252,185,198
253,185,198
254,185,198
255,184,198
256,184,198
257,184,197
258,184,197
259,184,197
260,184,197
261,183,197
262,183,197
263,183,197
264,183,197
265,183,196
266,182,196
267,182,196
268,182,196
269,182,196
270,182,196
271,181,196
272,181,196
273,181,196
274,181,196
275,181,196
276,180,196
277,180,196
278,180,196
279,180,196
280,179,196
281,179,196
282,179,196
283,179,196
284,178,196
285,178,196
286,178,196
287,178,196
288,177,196
289,177,196
290,177,196
291,196,196
291,177,197
292,196,196
292,176,197
293,176,188
293,176,176
0,125
175,296,299
176,293,304
177,293,306
178,293,309
179,293,311
180,293,313
181,293,314
182,293,316
183,293,318
184,293,319
185,293,321
186,293,322
187,293,324
188,293,325
189,292,327
190,292,328
191,292,329
192,292,330
193,292,331
194,292,332
195,292,333
196,292,334
197,292,335
198,292,335
199,293,336
200,293,336
201,293,336
202,294,336
203,294,336
204,294,336
205,294,336
206,294,335
207,294,335
208,294,334
209,294,333
210,294,332
211,294,331
212,294,330
213,294,330
214,294,329
215,294,328
216,294,327
217,294,327
218,294,326
219,294,325
220,293,325
221,293,324
222,293,324
223,293,323
224,293,323
225,293,322
226,293,322
227,293,322
228,292,321
229,292,321
230,292,321
231,292,320
232,292,320
233,291,320
234,291,319
235,291,319
236,291,319
237,291,319
238,291,318
239,290,318
240,290,318
241,290,318
242,290,317
243,290,317
244,289,317
245,289,316
246,289,316
247,289,316
248,288,316
249,288,315
250,288,315
251,288,315
252,288,315
253,287,314
254,287,314
255,287,314
256,287,314
257,286,313
258,286,313
259,286,313
260,285,312
261,285,312
262,285,312
263,284,312
264,284,311
265,283,311
266,283,311
267,282,311
268,281,310
269,280,310
270,278,310
271,275,309
272,272,309
273,271,309
274,271,308
275,271,308
276,271,308
277,271,307
278,272,307
279,272,307
280,273,306
281,273,306
282,274,306
283,274,305
284,275,305
285,276,305
286,276,304
287,277,304
288,278,303
289,279,303
290,280,302
291,280,302
292,281,301
293,282,301
294,283,300
295,284,299
296,285,298
297,287,297
298,288,295
299,291,292
0,0
1,184
62,259,264
63,258,265
64,257,266
65,257,268
66,257,268
67,256,269
68,256,270
69,256,271
70,256,271
71,256,272
72,256,273
73,256,273
74,256,274
75,256,274
76,256,275
77,256,275
78,256,276
79,256,276
80,256,277
81,256,277
82,256,278
83,255,278
84,255,278
85,255,279
86,255,279
87,255,279
88,255,279
89,255,279
90,255,279
91,255,280
92,255,280
93,255,280
94,255,280
95,255,280
96,255,280
97,254,279
98,254,279
99,254,279
100,254,278
101,254,278
102,254,278
103,254,277
104,254,277
105,254,277
106,254,276
107,254,276
108,253,276
109,253,275
110,253,275
111,253,275
112,253,274
113,253,274
114,253,274
115,253,274
116,253,273
117,253,273
118,252,273
119,252,272
120,252,272
121,252,272
122,252,272
123,252,271
124,252,271
125,252,271
126,251,271
127,251,270
128,251,270
129,251,270
130,251,270
131,251,269
132,251,269
133,250,269
134,250,269
135,250,268
136,250,268
137,250,268
138,250,268
139,250,267
140,249,267
141,249,267
142,249,266
143,249,266
144,249,266
145,249,266
146,248,265
147,248,265
148,248,265
149,248,265
150,248,265
151,247,264
152,247,264
153,247,264
154,247,263
155,247,263
156,247,263
157,246,263
158,246,263
159,246,262
160,246,262
161,246,262
162,245,262
163,245,261
164,245,261
165,245,261
166,245,261
167,245,260
168,244,260
169,244,260
170,244,260
171,244,260
172,244,259
173,244,259
174,243,259
175,243,259
176,243,259
177,243,258
178,243,258
179,243,258
180,242,258
181,242,257
182,242,257
183,242,257
184,242,257
185,242,257
186,241,257
187,241,256
188,241,256
189,241,256
190,241,256
191,241,256
192,241,255
193,240,255
194,240,255
195,240,255
196,240,255
197,240,254
198,240,254
199,239,254
200,239,254
201,239,254
202,239,254
203,239,253
204,239,253
205,238,253
206,238,253
207,238,253
208,238,252
209,238,252
210,238,252
211,238,252
212,237,252
213,237,252
214,237,252
215,237,251
216,237,251
217,237,251
218,237,251
219,236,251
220,236,251
221,236,250
222,236,250
223,236,250
224,236,250
225,235,250
226,235,250
227,235,249
228,235,249
229,235,249
230,235,249
231,235,249
232,234,249
233,234,249
234,234,248
235,234,248
236,234,248
237,234,248
238,234,248
239,233,248
240,234,248
241,237,247
242,239,247
243,242,247
244,244,247
245,247,247
1,204
239,233,234
240,233,236
241,233,239
242,233,241
243,233,244
244,233,246
245,232,247
246,232,247
247,232,247
248,232,246
249,232,246
250,232,246
251,232,246
252,231,246
253,231,246
254,231,246
255,231,246
256,231,246
257,231,245
258,230,245
259,230,245
260,230,245
261,230,245
262,230,245
263,230,245
264,229,245
265,229,244
266,229,244
267,229,244
268,229,244
269,229,244
270,228,244
271,228,244
272,228,244
273,228,243
274,228,243
275,228,243
276,228,243
277,227,243
278,227,243
279,227,243
280,227,242
281,227,242
282,227,242
283,226,242
284,226,242
285,226,242
286,226,242
287,226,241
288,226,241
289,225,241
290,225,241
291,225,241
292,225,241
293,225,241
294,225,241
295,224,240
296,224,240
297,224,240
298,224,240
299,224,240
300,224,240
301,224,240
302,223,239
303,223,239
304,223,239
305,223,239
306,223,239
307,223,239
308,222,239
309,222,239
310,222,238
311,222,238
312,222,238
313,222,238
314,221,238
315,221,238
316,221,238
317,221,238
318,221,238
319,221,237
320,220,237
321,220,237
322,220,237
323,220,237
324,220,237
325,220,237
326,219,237
327,219,237
328,219,237
329,219,237
330,219,236
331,219,236
332,218,236
333,218,236
334,218,236
335,218,236
336,218,236
337,217,236
338,217,236
339,217,236
340,217,236
341,217,236
342,216,236
343,216,236
344,216,236
345,216,235
346,216,235
347,216,235
348,215,235
349,215,235
350,215,235
351,215,235
352,215,235
353,214,235
354,214,235
355,214,235
356,214,235
357,213,235
358,213,235
359,213,235
360,213,235
361,213,235
362,212,235
363,212,235
364,212,234
365,212,234
366,212,234
367,211,234
368,211,234
369,211,234
370,211,234
371,210,234
372,210,234
373,210,234
374,210,234
375,210,234
376,209,234
377,209,234
378,209,234
379,209,234
380,208,234
381,208,234
382,208,234
383,208,234
384,207,234
385,207,234
386,207,234
387,207,234
388,206,234
389,206,234
390,206,234
391,206,234
392,205,234
393,205,234
394,205,234
395,204,234
396,204,234
397,204,234
398,204,234
399,204,234
400,204,234
401,204,234
402,204,234
403,203,234
404,204,234
405,204,234
406,204,234
407,204,234
408,205,234
409,205,234
410,205,234
411,205,234
412,206,234
413,206,234
414,206,234
415,207,234
416,207,234
417,208,234
418,208,234
419,209,234
420,209,234
421,210,234
422,210,234
423,211,234
424,211,234
425,212,234
426,212,234
427,213,234
428,214,234
429,214,234
430,215,234
431,216,234
432,216,234
433,217,235
434,218,234
435,219,234
436,220,234
437,221,234
438,222,233
439,223,233
440,224,232
441,225,231
442,228,229
0,0
1,107
184,288,290
185,288,291
186,287,292
187,287,293
188,287,294
189,287,294
190,286,294
191,286,295
192,286,295
193,286,295
194,286,295
195,285,295
196,285,295
197,285,295
198,285,295
199,285,295
200,284,295
201,284,295
202,284,295
203,284,295
204,284,294
205,283,294
206,283,294
207,283,294
208,283,294
209,283,294
210,282,294
211,282,294
212,282,294
213,282,294
214,282,293
215,281,293
216,281,293
217,281,293
218,281,293
219,280,293
220,280,293
221,280,292
222,280,292
223,280,292
224,279,292
225,279,292
226,279,292
227,279,292
228,278,291
229,278,291
230,278,291
231,278,291
232,278,291
233,277,291
234,277,290
235,277,290
236,277,290
237,276,290
238,276,290
239,276,290
240,276,290
241,276,289
242,275,289
243,275,289
244,275,289
245,275,289
246,274,289
247,274,289
248,274,288
249,274,288
250,273,288
251,273,288
252,273,288
253,273,288
254,273,288
255,272,288
256,272,287
257,272,287
258,272,287
259,272,287
260,272,287
261,271,287
262,271,287
263,271,286
264,271,286
265,271,286
266,271,286
267,271,286
268,271,286
269,271,286
270,271,286
271,271,285
272,270,285
273,271,285
274,271,285
275,271,285
276,271,285
277,271,285
278,272,285
279,272,284
280,272,284
281,272,284
282,273,284
283,273,284
284,274,284
285,274,284
286,275,283
287,276,283
288,276,283
289,278,282
290,279,282
0,0
0,138
288,204,207
289,202,210
290,201,212
291,201,214
292,201,216
293,201,218
294,200,219
295,200,221
296,200,222
297,200,223
298,199,224
299,199,225
300,199,226
301,198,227
302,198,228
303,198,229
304,197,229
305,197,230
306,196,231
307,196,231
308,195,232
309,195,232
310,194,233
311,194,233
312,193,233
313,193,234
314,192,234
315,191,234
316,191,234
317,190,234
318,190,233
319,189,233
320,188,232
321,188,231
322,187,229
323,186,228
324,186,227
325,185,225
326,184,224
327,184,223
328,183,222
329,182,221
330,181,220
331,181,218
332,180,217
333,179,216
334,178,215
335,177,214
336,177,213
337,176,212
338,175,211
339,174,210
340,173,209
341,172,208
342,171,207
343,170,205
344,169,204
345,168,203
346,167,202
347,166,201
348,165,200
349,164,199
350,163,198
351,162,197
352,161,196
353,160,194
354,159,193
355,158,192
356,157,191
357,156,190
358,155,189
359,154,188
360,153,186
361,152,185
362,150,184
363,149,183
364,148,182
365,147,180
366,146,179
367,144,178
368,143,176
369,142,175
370,141,174
371,139,173
372,138,171
373,137,170
374,135,169
375,134,168
376,133,166
377,131,165
378,130,163
379,129,162
380,127,161
381,126,159
382,124,158
383,123,157
384,121,155
385,119,154
386,118,152
387,116,151
388,115,149
389,113,148
390,111,146
391,110,145
392,108,143
393,106,142
394,105,140
395,103,138
396,101,137
397,99,135
398,98,133
399,96,132
400,94,130
401,92,128
402,90,126
403,88,124
404,87,122
405,85,121
406,83,118
407,81,116
408,79,114
409,77,112
410,76,110
411,74,107
412,72,104
413,70,102
414,68,99
415,66,96
416,64,93
417,62,91
418,60,87
419,58,84
420,56,81
421,55,77
422,53,73
423,53,68
424,54,63
425,57,57
0,0
0,136
341,185,187
342,181,191
343,179,194
344,178,196
345,178,198
346,178,199
347,178,201
348,178,202
349,178,203
350,179,204
351,179,205
352,180,206
353,180,207
354,180,208
355,181,209
356,181,209
357,182,210
358,183,211
359,183,211
360,184,212
361,184,212
362,184,212
363,185,213
364,185,213
365,186,213
366,186,213
367,186,213
368,186,213
369,187,212
370,187,212
371,187,212
372,187,212
373,187,211
374,187,211
375,188,211
376,188,211
377,188,210
378,188,210
379,188,210
380,188,210
381,188,210
382,188,210
383,188,209
384,188,209
385,188,209
386,187,209
387,187,209
388,187,209
389,187,208
390,187,208
391,187,208
392,187,208
393,187,208
394,187,208
395,187,208
396,187,207
397,187,207
398,187,207
399,186,207
400,186,207
401,186,207
402,186,207
403,186,206
404,186,206
405,185,206
406,185,206
407,185,206
408,185,206
409,184,206
410,184,207
411,184,207
412,184,207
412,184,207
412,222,222
413,183,208
413,220,222
414,183,209
414,218,221
415,183,211
415,211,221
415,183,221
416,182,220
417,182,220
418,182,219
419,181,219
420,181,218
421,180,218
422,180,217
423,179,217
424,179,216
425,178,216
426,178,215
427,177,215
428,177,214
429,176,214
430,175,213
431,174,213
432,174,212
433,173,212
434,173,211
435,172,211
436,172,210
437,172,210
438,172,209
439,172,209
440,171,208
441,171,208
442,171,207
443,171,207
444,172,206
445,172,206
446,172,205
447,172,205
448,172,204
449,172,204
450,173,203
451,173,203
452,173,202
453,174,202
454,174,201
455,174,201
456,175,200
457,175,200
458,176,199
459,176,199
460,177,198
461,177,198
462,178,197
463,178,197
464,179,196
465,180,195
466,181,195
467,182,194
468,183,193
469,184,191
470,187,188
0,72
465,196,196
464,196,196
463,197,197
462,197,198
461,198,199
460,198,200
459,199,201
458,199,202
457,200,203
456,200,204
455,201,205
454,201,205
453,202,206
452,202,207
451,203,208
450,203,209
449,204,210
448,204,211
447,205,212
446,205,213
445,206,214
444,206,215
443,207,217
442,207,218
441,208,219
440,208,220
439,209,221
438,209,222
437,210,223
436,210,224
435,211,225
434,211,226
433,212,227
432,212,228
431,213,229
430,213,230
429,214,231
428,214,233
427,215,234
426,215,235
425,216,236
424,216,237
423,217,238
422,217,239
421,218,240
420,218,241
419,219,243
418,219,244
417,220,245
416,220,246
415,221,247
414,221,248
413,222,249
412,222,250
411,224,251
410,226,253
409,228,254
408,230,255
407,233,256
406,235,257
405,237,258
404,239,260
403,241,261
402,244,262
401,246,263
400,248,263
399,250,264
398,252,264
397,254,265
396,257,265
395,259,265
394,262,264
0,0
0,73
284,332,339
285,331,342
286,329,345
287,329,346
288,329,348
289,329,349
290,329,350
291,329,352
292,329,353
293,328,354
294,328,355
295,328,355
296,328,356
297,328,357
298,328,358
299,327,359
300,327,359
301,327,360
302,326,361
303,326,362
304,325,362
305,325,363
306,324,363
307,323,364
308,322,364
309,322,365
310,321,365
311,320,365
312,319,365
313,318,365
314,318,365
315,317,365
316,316,364
317,315,363
318,314,360
319,313,358
320,313,355
321,312,353
322,311,351
323,310,349
324,309,347
325,308,345
326,307,343
327,306,341
328,305,340
329,304,338
330,304,336
331,303,334
332,302,332
333,301,330
334,300,328
335,299,327
336,298,325
337,297,323
338,296,321
339,295,320
340,294,318
341,293,316
342,292,314
343,291,313
344,290,311
345,290,309
346,289,308
347,288,306
348,287,304
349,286,302
350,285,301
351,284,299
352,284,297
353,284,296
354,284,294
355,285,292
356,288,289
0,0
1,232
221,310,312
222,309,313
223,308,314
224,308,314
225,307,315
226,307,316
227,307,316
228,307,317
229,306,317
230,307,318
231,307,318
232,307,319
233,307,319
234,308,319
235,308,320
236,308,321
237,308,321
238,309,322
239,309,323
240,310,324
241,310,325
242,311,325
243,311,326
244,312,327
245,312,328
246,313,329
247,313,330
248,314,331
249,315,332
250,315,333
251,316,334
252,317,335
253,317,336
254,318,337
255,319,338
256,320,339
257,320,340
258,321,341
259,322,342
260,323,343
261,324,344
262,324,345
263,325,346
264,326,347
265,327,348
266,328,349
267,329,350
268,330,351
269,331,352
270,332,353
271,332,354
272,333,355
273,334,356
274,335,357
275,336,358
276,337,359
277,338,360
278,339,361
279,340,362
280,341,364
281,342,365
282,343,366
283,344,367
284,344,368
285,345,369
286,346,370
287,347,371
288,348,372
289,349,373
290,350,374
291,350,375
292,351,376
293,352,377
294,353,378
295,354,379
296,355,380
297,355,381
298,356,382
299,357,384
300,358,385
301,359,385
302,359,386
303,360,387
304,361,388
305,362,389
306,362,390
307,363,391
308,364,392
309,365,393
310,365,394
311,366,395
312,367,396
313,367,397
314,368,398
315,369,398
316,370,399
317,370,400
318,371,401
319,371,402
320,372,403
321,373,404
322,373,404
323,374,405
324,374,406
325,375,407
326,376,408
327,376,409
328,377,409
329,377,410
330,378,411
331,379,412
332,379,413
333,380,414
334,380,414
335,381,415
336,381,416
337,382,417
338,383,418
339,383,418
340,384,419
341,384,420
342,385,421
343,385,422
344,386,422
345,386,423
346,387,424
347,387,425
348,388,425
349,388,426
350,389,427
351,389,428
352,390,429
353,390,429
354,391,430
355,391,431
356,392,432
357,392,432
358,393,433
359,393,434
360,393,435
361,394,435
362,394,436
363,395,436
364,395,437
365,395,437
366,396,438
367,396,438
368,396,439
369,397,439
370,397,439
371,397,439
372,398,440
373,398,440
374,398,440
375,398,440
376,399,440
377,399,441
378,399,441
379,400,441
380,400,441
381,400,441
382,400,441
383,401,441
384,401,441
385,401,441
386,401,440
387,402,440
388,402,440
389,402,440
390,402,440
391,403,440
392,403,440
393,403,440
394,403,439
395,403,439
396,404,439
397,404,439
398,404,438
399,404,438
400,405,438
401,405,438
402,405,437
403,405,437
404,406,437
405,406,436
406,406,436
407,406,436
408,406,436
409,407,435
410,407,435
411,407,435
412,407,435
413,408,434
414,408,434
415,408,434
416,408,434
417,408,433
418,409,433
419,409,433
420,409,432
421,409,432
422,410,432
423,410,432
424,410,431
425,410,431
426,410,431
427,411,431
428,411,430
429,411,430
430,411,430
431,412,430
432,412,429
433,412,429
434,412,429
435,413,429
436,413,428
437,413,428
438,414,428
439,414,428
440,414,427
441,414,427
442,415,427
443,415,426
444,415,426
445,416,426
446,416,425
447,416,425
448,417,424
449,418,424
450,418,423
451,419,423
452,420,422
0,0
