1,346
83,104,105
84,102,106
85,102,107
86,102,108
87,101,109
88,101,109
89,101,110
90,101,111
91,101,111
92,101,112
93,101,113
94,100,113
95,100,114
96,100,114
97,100,115
98,100,115
99,100,116
100,100,116
101,100,117
102,100,117
103,100,117
104,99,118
105,99,118
106,99,118
107,99,119
108,99,119
109,99,119
110,99,119
111,99,120
112,99,120
113,99,120
114,99,120
115,98,120
116,98,120
117,98,120
118,98,120
119,98,120
120,98,120
121,98,121
122,98,121
123,98,121
124,98,121
125,97,121
126,97,120
127,97,120
128,97,120
129,97,120
130,97,120
131,97,120
132,97,120
133,97,120
134,97,120
135,97,120
136,96,119
137,96,119
138,96,119
139,96,119
140,96,119
141,96,119
142,96,118
143,96,118
144,96,118
145,96,118
146,95,117
147,95,117
148,95,117
149,95,117
150,95,116
151,95,116
152,95,116
153,95,116
154,95,115
155,95,115
156,94,115
157,94,115
158,94,115
159,94,114
160,94,114
161,94,114
162,94,114
163,94,114
164,94,113
165,93,113
166,93,113
167,93,113
168,93,113
169,93,112
170,93,112
171,93,112
172,93,112
173,93,112
174,93,111
175,92,111
176,92,111
177,92,111
178,92,111
179,92,110
180,92,110
181,92,110
182,92,110
183,92,110
184,91,110
185,91,109
186,91,109
187,91,109
188,91,109
189,91,109
190,91,108
191,91,108
192,91,108
193,90,108
194,90,108
195,90,108
196,90,107
197,90,107
198,90,107
199,90,107
200,90,107
201,90,107
202,89,107
203,89,106
204,89,106
205,89,106
206,89,106
207,89,106
208,89,106
209,89,106
210,89,105
211,88,105
212,88,105
213,88,105
214,88,105
215,88,105
216,88,105
217,88,104
218,88,104
219,87,104
220,87,104
221,87,104
222,87,104
223,87,104
224,87,104
225,87,103
226,87,103
227,87,103
228,86,103
229,86,103
230,86,103
231,86,103
232,86,103
233,86,103
234,86,102
235,86,102
236,86,102
237,85,102
238,85,102
239,85,102
240,85,102
241,85,102
242,85,102
243,85,101
244,85,101
245,84,101
246,84,101
247,84,101
248,84,101
249,84,101
250,84,101
251,84,101
252,83,101
253,83,100
254,83,100
255,83,100
256,83,100
257,83,100
258,83,100
259,82,100
260,82,100
261,82,100
262,82,100
263,82,100
264,82,99
265,82,99
266,82,99
267,81,99
268,81,99
269,81,99
270,81,99
271,81,99
272,81,99
273,81,99
274,81,99
275,80,99
276,80,99
277,80,99
278,80,98
279,80,98
280,80,98
281,80,98
282,79,98
283,79,98
284,79,98
285,79,98
286,79,98
287,79,98
288,79,98
289,78,98
290,78,98
291,78,98
292,78,98
293,78,97
294,78,97
295,78,97
296,77,97
297,77,97
298,77,97
299,77,97
300,77,97
301,77,97
302,77,97
303,76,97
304,76,97
305,76,97
306,76,97
307,76,97
308,76,97
309,76,97
310,75,97
311,75,97
312,75,97
313,75,96
314,75,96
315,75,96
316,74,96
317,74,96
318,74,96
319,74,96
320,74,96
321,74,96
322,74,96
323,73,96
324,73,96
325,73,96
326,73,96
327,73,96
328,73,96
329,73,96
330,72,96
331,72,96
332,72,96
333,72,96
334,72,96
335,72,96
336,71,96
337,71,96
338,71,96
339,71,95
340,71,95
341,71,95
342,70,95
343,70,95
344,70,95
345,70,95
346,70,95
347,70,95
348,69,95
349,69,95
350,69,95
351,69,95
352,69,95
353,69,95
354,68,95
355,68,95
356,68,95
357,68,95
358,68,95
359,68,95
360,67,95
361,67,95
362,67,95
363,67,95
364,67,95
365,67,95
366,66,95
367,66,95
368,66,95
369,66,95
370,66,95
371,66,95
372,65,95
373,65,95
374,65,95
375,65,95
376,65,95
377,65,95
378,65,95
379,64,95
380,64,95
381,64,95
382,64,95
383,64,95
384,64,95
385,64,95
386,64,95
387,64,95
388,65,95
389,65,95
390,65,95
391,65,95
392,65,95
393,65,95
394,65,95
395,66,96
396,66,96
397,66,96
398,66,96
399,67,96
400,67,96
401,67,96
402,68,96
403,68,96
404,68,96
405,69,96
406,69,96
407,70,96
408,70,96
409,71,96
410,71,96
411,72,96
412,72,96
413,73,97
414,73,97
415,74,97
416,75,97
417,75,97
418,76,97
419,77,97
420,78,97
421,79,97
422,80,97
423,80,96
424,82,96
425,83,95
426,84,95
427,86,93
428,88,91
0,0
0,95
39,186,186
40,180,188
41,176,192
42,174,196
43,173,199
44,172,202
45,171,205
46,171,208
47,171,209
48,171,211
49,172,211
50,172,212
51,173,213
52,173,213
53,174,214
54,175,214
55,176,214
56,177,214
57,178,214
58,178,214
59,179,214
60,180,214
61,181,214
62,181,214
63,182,214
64,183,214
65,183,214
66,184,214
67,185,214
68,185,215
69,186,215
70,186,215
71,187,215
72,187,215
73,188,215
74,188,215
75,189,215
76,189,215
77,190,215
78,190,215
79,191,215
80,191,215
81,191,216
82,192,216
83,192,216
84,192,216
85,193,216
86,193,216
87,193,216
88,193,216
89,194,216
90,194,216
91,194,216
92,194,217
93,195,217
94,195,217
95,195,217
96,196,217
97,196,217
98,196,217
99,196,217
100,197,217
101,197,217
102,197,217
103,197,218
104,197,218
105,198,218
106,198,218
107,198,218
108,198,218
109,199,218
110,199,218
111,199,218
112,199,218
113,199,219
114,200,219
115,200,219
116,200,219
117,200,219
118,201,219
119,201,219
120,202,219
121,202,219
122,203,219
123,203,219
124,204,219
125,204,219
126,205,219
127,206,218
128,206,218
129,207,218
130,208,218
131,209,217
132,211,216
133,213,215
0,0
0,109
19,312,312
20,309,317
21,306,320
22,305,322
23,304,324
24,303,325
25,303,327
26,303,328
27,303,330
28,304,331
29,304,332
30,305,333
31,305,335
32,305,336
33,305,337
34,306,338
35,306,339
36,306,340
37,306,341
38,306,341
39,306,342
40,306,343
41,306,343
42,306,344
43,306,344
44,305,344
45,305,344
46,305,344
47,305,344
48,305,343
49,305,343
50,305,342
51,305,341
52,304,340
53,304,339
54,304,338
55,304,338
56,304,337
57,304,336
58,303,336
59,303,335
60,303,334
61,303,334
62,302,333
63,302,332
64,302,332
65,301,331
66,301,330
67,301,330
68,301,329
69,300,329
70,300,328
71,300,327
72,299,327
73,299,326
74,299,326
75,298,325
76,298,325
77,298,324
78,298,324
79,297,323
80,297,322
81,296,322
82,296,321
83,296,321
84,295,320
85,295,320
86,295,319
87,294,319
88,294,318
89,294,317
90,293,317
91,293,316
92,293,316
93,292,315
94,292,314
95,291,314
96,291,313
97,291,313
98,290,312
99,290,312
100,290,311
101,289,310
102,289,310
103,288,309
104,288,308
105,288,308
106,287,307
107,287,307
108,287,306
109,286,305
110,286,305
111,286,304
112,285,303
113,285,303
114,285,302
115,284,301
116,284,301
117,284,300
118,284,299
119,283,298
120,283,297
121,283,296
122,283,295
123,283,294
124,283,293
125,283,292
126,283,290
127,284,288
0,0
0,149
141,180,180
142,174,186
143,172,191
144,171,195
145,170,198
146,170,200
147,170,202
148,169,204
149,169,205
150,169,205
151,169,206
152,169,206
153,169,206
154,168,206
155,168,206
156,168,206
157,168,206
158,167,205
159,167,205
160,167,204
161,166,204
162,166,203
163,166,202
164,165,202
165,165,201
166,165,200
167,164,199
168,164,198
169,163,198
170,163,197
171,163,196
172,162,195
173,162,195
174,161,194
175,161,193
176,160,193
177,160,192
178,159,191
179,159,190
180,158,190
181,158,189
182,157,188
183,157,188
184,156,187
185,156,186
186,155,185
187,154,185
188,154,184
189,153,183
190,153,183
191,152,182
192,152,181
193,151,181
194,150,180
195,150,179
196,149,179
197,148,178
198,148,177
199,147,177
200,147,176
201,146,175
202,145,174
203,145,174
204,144,173
205,143,172
206,143,171
207,142,171
208,141,170
209,140,169
210,140,168
211,139,167
212,138,167
213,138,166
214,137,165
215,136,164
216,135,163
217,135,163
218,134,162
219,133,161
220,132,160
221,131,159
222,131,158
223,130,158
224,129,157
225,128,156
226,127,155
227,127,154
228,126,153
229,125,152
230,124,152
231,123,151
232,122,150
233,121,149
234,120,148
235,120,147
236,119,146
237,118,145
238,117,144
239,116,143
240,115,142
241,114,141
242,113,141
243,112,140
244,111,139
245,110,138
246,109,137
247,108,136
248,108,135
249,106,134
250,106,133
251,105,132
252,104,131
253,103,130
254,102,128
255,101,128
256,100,126
257,99,125
258,98,124
259,97,123
260,96,122
261,95,121
262,94,120
263,93,119
264,92,117
265,91,116
266,90,115
267,89,114
268,88,113
269,87,111
270,86,110
271,85,109
272,84,107
273,83,106
274,82,104
275,81,103
276,79,101
277,79,100
278,78,98
279,77,96
280,76,95
281,75,93
282,74,91
283,73,89
284,71,87
285,70,85
286,69,83
287,69,80
288,68,77
289,70,71
0,0
0,162
208,151,153
209,148,156
210,148,158
211,147,160
212,147,161
213,146,162
214,146,164
215,146,165
216,146,166
217,146,167
218,147,167
219,147,168
220,147,169
221,147,170
222,148,171
223,148,172
224,149,173
225,149,174
226,150,175
227,150,176
228,151,177
229,151,177
230,152,178
231,152,179
232,153,179
233,153,180
234,153,180
235,154,181
236,154,181
237,154,181
238,154,181
239,155,181
240,155,181
241,155,181
242,155,181
243,155,181
244,155,181
245,155,181
246,155,180
247,155,180
248,155,180
249,155,180
250,155,180
251,155,180
252,155,180
253,155,179
254,156,179
255,156,179
256,156,179
257,156,179
258,156,179
259,156,179
260,156,179
261,156,179
262,156,179
263,156,179
264,156,179
265,156,179
266,156,179
267,156,179
268,156,179
269,156,179
270,156,179
271,156,179
272,156,179
273,156,179
274,156,179
275,156,179
276,156,179
277,156,179
278,156,179
279,156,179
280,156,179
281,156,179
282,156,179
283,156,179
284,156,179
285,156,179
286,156,179
287,155,179
288,155,179
289,155,179
290,155,179
291,155,179
292,155,179
293,155,179
294,155,179
295,155,179
296,155,179
297,154,179
298,154,179
299,154,179
300,154,179
301,154,179
302,154,179
303,154,179
304,153,179
305,153,179
306,153,179
307,153,179
308,153,179
309,152,179
310,152,179
311,152,179
312,152,179
313,152,179
314,151,179
315,151,179
316,151,179
317,151,179
318,151,179
319,150,179
320,150,179
321,150,179
322,150,179
323,150,179
324,149,179
325,149,179
326,149,179
327,149,179
328,149,179
329,149,179
330,148,179
331,148,179
332,148,179
333,148,179
334,149,178
335,149,178
336,149,178
337,149,178
338,149,178
339,149,178
340,149,178
341,150,178
342,150,178
343,150,178
344,150,177
345,151,177
346,151,177
347,151,177
348,151,177
349,152,176
350,152,176
351,152,176
352,153,176
353,153,175
354,154,175
355,154,175
356,154,174
357,155,174
358,155,174
359,156,173
360,156,173
361,157,172
362,157,172
363,158,171
364,159,171
365,159,170
366,160,170
367,161,169
368,162,168
369,165,165
0,0
0,40
130,253,253
131,249,257
132,248,263
133,247,269
134,247,272
135,247,276
136,247,278
137,247,280
138,247,282
139,248,284
140,248,285
141,249,287
142,250,287
143,250,288
144,251,289
145,252,290
146,254,291
147,255,291
148,256,292
149,257,292
150,258,292
151,259,293
152,260,293
153,261,293
154,262,293
155,263,294
156,264,294
157,265,294
158,266,294
159,267,294
160,268,294
161,269,293
162,271,293
163,272,293
164,274,293
165,275,292
166,278,291
167,280,290
168,283,289
169,287,287
0,0
1,175
197,189,189
198,187,191
199,187,192
200,186,192
201,186,193
202,186,194
203,186,194
204,186,195
205,185,195
206,185,196
207,185,197
208,185,197
209,185,198
210,185,198
211,185,198
212,185,199
213,185,199
214,185,200
215,184,200
216,184,200
217,184,201
218,184,201
219,184,201
220,184,202
221,184,202
222,184,202
223,184,202
224,184,202
225,184,202
226,184,202
227,184,203
228,184,203
229,184,203
230,183,203
231,183,203
232,183,203
233,183,203
234,183,203
235,183,204
236,183,203
237,183,203
238,183,203
239,183,203
240,183,203
241,182,203
242,182,203
243,182,202
244,182,202
245,182,202
246,182,202
247,182,202
248,182,202
249,181,202
250,181,202
251,181,201
252,181,201
253,181,201
254,181,201
255,181,201
256,181,201
257,180,201
258,180,200
259,180,200
260,180,200
261,180,200
262,180,200
263,180,200
264,179,199
265,179,199
266,179,199
267,179,199
268,179,199
269,179,199
270,178,199
271,178,198
272,178,198
273,178,198
274,178,198
275,177,198
276,177,198
277,177,197
278,177,197
279,177,197
280,176,197
281,176,197
282,176,197
283,176,197
284,176,196
285,175,196
286,175,196
287,175,196
288,175,196
289,175,196
290,174,195
291,174,195
292,174,195
293,174,195
294,174,195
295,173,195
296,173,195
297,173,194
298,173,194
299,172,194
300,172,194
301,172,194
302,172,194
303,171,193
304,171,193
305,171,193
306,171,193
307,170,193
308,170,193
309,170,193
310,170,192
311,169,192
312,169,192
313,169,192
314,169,192
315,168,192
316,168,191
317,168,191
318,168,191
319,167,191
320,167,191
321,167,191
322,166,190
323,166,190
324,166,190
325,166,190
326,165,190
327,165,190
328,165,190
329,164,189
330,164,189
331,164,189
332,164,189
333,164,189
334,163,189
335,163,188
336,163,188
337,163,188
338,163,188
339,163,188
340,163,188
341,163,187
342,163,187
343,163,187
344,163,187
345,163,187
346,163,186
347,162,186
348,163,186
349,163,186
350,163,186
351,163,186
352,164,185
353,164,185
354,165,185
355,165,185
356,165,185
357,165,184
358,166,184
359,166,184
360,166,184
361,167,183
362,167,183
363,168,183
364,168,183
365,169,182
366,169,182
367,170,182
368,171,181
369,171,181
370,173,179
371,175,178
0,0
1,149
207,244,245
208,243,247
209,243,248
210,242,249
211,242,250
212,242,251
213,242,251
214,241,251
215,241,252
216,241,252
217,241,252
218,240,252
219,240,253
220,240,253
221,240,253
222,240,253
223,239,253
224,239,253
225,239,253
226,239,253
227,239,253
228,238,253
229,238,253
230,238,253
231,238,253
232,238,252
233,237,252
234,237,252
235,237,252
236,237,252
237,236,252
238,236,252
239,236,252
240,236,252
241,236,252
242,235,252
243,235,251
244,235,251
245,235,251
246,235,251
247,234,251
248,234,251
249,234,251
250,234,251
251,233,250
252,233,250
253,233,250
254,233,250
255,233,250
256,232,250
257,232,250
258,232,249
259,232,249
260,231,249
261,231,249
262,231,249
263,231,249
264,230,248
265,230,248
266,230,248
267,230,248
268,230,248
269,229,248
270,229,247
271,229,247
272,229,247
273,228,247
274,228,247
275,228,247
276,228,246
277,228,246
278,227,246
279,227,246
280,227,246
281,227,246
282,226,245
283,226,245
284,226,245
285,226,245
286,225,245
287,225,245
288,225,245
289,225,244
290,225,244
291,224,244
292,224,244
293,224,244
294,224,244
295,223,243
296,223,243
297,223,243
298,223,243
299,222,243
300,222,243
301,222,243
302,222,243
303,222,242
304,221,242
305,221,242
306,221,242
307,221,242
308,220,242
309,220,242
310,220,241
311,220,241
312,220,241
313,219,241
314,219,241
315,219,241
316,219,241
317,219,240
318,219,240
319,219,240
320,219,240
321,219,240
322,218,240
323,218,240
324,218,239
325,218,239
326,218,239
327,218,239
328,218,239
329,218,239
330,218,239
331,218,239
332,218,238
333,218,238
334,219,238
335,219,238
336,219,238
337,219,238
338,219,238
339,220,237
340,220,237
341,220,237
342,220,237
343,221,237
344,221,237
345,221,237
346,222,237
347,222,236
348,223,236
349,224,236
350,224,236
351,225,235
352,226,235
353,227,235
354,228,234
355,230,233
0,0
1,155
205,287,288
206,286,290
207,286,291
208,285,292
209,285,293
210,285,293
211,285,294
212,284,295
213,284,295
214,284,295
215,284,295
216,284,296
217,283,296
218,283,296
219,283,296
220,283,296
221,283,296
222,282,296
223,282,296
224,282,296
225,282,296
226,282,296
227,281,296
228,281,296
229,281,296
230,281,296
231,281,296
232,280,295
233,280,295
234,280,295
235,280,295
236,280,295
237,279,295
238,279,295
239,279,295
240,279,295
241,278,295
242,278,295
243,278,294
244,278,294
245,278,294
246,277,294
247,277,294
248,277,294
249,277,294
250,277,294
251,276,293
252,276,293
253,276,293
254,276,293
255,276,293
256,275,293
257,275,293
258,275,292
259,275,292
260,275,292
261,274,292
262,274,292
263,274,292
264,274,291
265,273,291
266,273,291
267,273,291
268,273,291
269,273,291
270,272,291
271,272,290
272,272,290
273,272,290
274,271,290
275,271,290
276,271,290
277,271,289
278,271,289
279,270,289
280,270,289
281,270,289
282,270,289
283,269,289
284,269,288
285,269,288
286,269,288
287,269,288
288,268,288
289,268,288
290,268,288
291,268,287
292,267,287
293,267,287
294,267,287
295,267,287
296,267,287
297,266,287
298,266,286
299,266,286
300,266,286
301,265,286
302,265,286
303,265,286
304,265,285
305,265,285
306,264,285
307,264,285
308,264,285
309,264,285
310,263,285
311,263,284
312,263,284
313,263,284
314,263,284
315,263,284
316,262,284
317,262,284
318,262,283
319,262,283
320,262,283
321,262,283
322,262,283
323,261,283
324,261,283
325,261,283
326,261,283
327,261,282
328,261,282
329,261,282
330,261,282
331,261,282
332,261,282
333,260,282
334,261,281
335,261,281
336,261,281
337,261,281
338,261,281
339,262,281
340,262,281
341,262,281
342,262,280
343,262,280
344,263,280
345,263,280
346,263,280
347,264,280
348,264,280
349,264,280
350,265,279
351,265,279
352,266,279
353,267,279
354,267,279
355,268,278
356,269,278
357,270,277
358,272,277
359,274,276
0,0
0,152
187,267,271
188,264,275
189,263,278
190,262,280
191,262,282
192,262,283
193,262,285
194,262,286
195,263,288
196,263,289
197,264,290
198,264,291
199,265,292
200,265,293
201,266,294
202,266,295
203,267,295
204,267,296
205,268,297
206,268,297
207,268,297
208,269,298
209,269,298
210,269,298
211,269,298
212,269,298
213,270,298
214,270,298
215,270,297
216,270,297
217,270,297
218,270,297
219,270,297
220,270,297
221,270,297
222,270,297
223,270,297
224,270,296
225,270,296
226,270,296
227,270,296
228,270,296
229,271,296
230,271,296
231,271,296
232,271,296
233,271,296
234,271,296
235,271,296
236,271,296
237,271,296
238,271,296
239,271,296
240,271,296
241,271,296
242,271,296
243,271,296
244,271,296
245,271,296
246,271,296
247,271,295
248,271,295
249,271,295
250,271,295
251,271,295
252,271,295
253,271,295
254,271,295
255,271,295
256,271,295
257,271,295
258,271,295
259,271,295
260,271,295
261,271,295
262,271,295
263,271,295
264,271,295
265,271,295
266,271,295
267,271,295
268,271,295
269,271,295
270,271,294
271,271,294
272,271,294
273,271,294
274,271,294
275,271,294
276,271,294
277,271,294
278,271,294
279,271,294
280,271,294
281,271,294
282,271,294
283,271,294
284,271,294
285,271,294
286,271,294
287,271,294
288,271,294
289,271,294
290,271,294
291,271,294
292,271,294
293,271,294
294,271,294
295,271,294
296,271,294
297,271,293
298,271,293
299,271,293
300,271,293
301,271,293
302,271,293
303,271,293
304,271,293
305,271,293
306,271,293
307,272,293
308,272,293
309,272,293
310,272,293
311,272,293
312,272,293
313,272,293
314,272,293
315,272,293
316,272,293
317,272,293
318,272,293
319,272,293
320,272,293
321,272,293
322,272,292
323,272,292
324,272,292
325,272,292
326,272,292
327,272,292
328,272,292
329,272,292
330,272,292
331,272,292
332,272,292
333,272,292
334,272,292
335,272,292
336,272,292
337,272,292
338,292,292
0,0
1,238
166,335,336
167,334,338
168,333,339
169,333,340
170,333,341
171,333,342
172,332,343
173,332,344
174,332,344
175,332,345
176,332,346
177,332,346
178,332,347
179,332,347
180,332,348
181,331,348
182,331,349
183,331,349
184,331,350
185,331,350
186,331,350
187,331,350
188,331,350
189,331,350
190,331,351
191,331,351
192,330,351
193,330,352
194,330,351
195,330,351
196,330,351
197,330,351
198,330,351
199,330,351
200,330,350
201,330,350
202,329,350
203,329,350
204,329,350
205,329,349
206,329,349
207,329,349
208,329,349
209,329,349
210,329,348
211,329,348
212,328,348
213,328,348
214,328,348
215,328,347
216,328,347
217,328,347
218,328,347
219,328,347
220,328,346
221,327,346
222,327,346
223,327,346
224,327,346
225,327,345
226,327,345
227,327,345
228,327,345
229,327,345
230,327,345
231,326,345
232,326,344
233,326,344
234,326,344
235,326,344
236,326,344
237,326,344
238,326,343
239,326,343
240,325,343
241,325,343
242,325,343
243,325,343
244,325,343
245,325,342
246,325,342
247,325,342
248,325,342
249,324,342
250,324,342
251,324,342
252,324,342
253,324,341
254,324,341
255,324,341
256,324,341
257,324,341
258,323,341
259,323,341
260,323,341
261,323,341
262,323,340
263,323,340
264,323,340
265,323,340
266,323,340
267,322,340
268,322,340
269,322,340
270,322,340
271,322,340
272,322,339
273,322,339
274,322,339
275,322,339
276,322,339
277,321,339
278,321,339
279,321,339
280,321,339
281,321,339
282,321,339
283,321,339
284,321,339
285,320,338
286,320,338
287,320,338
288,320,338
289,320,338
290,320,338
291,320,338
292,320,338
293,319,338
294,319,338
295,319,338
296,319,338
297,319,338
298,319,338
299,319,338
300,319,338
301,318,338
302,318,338
303,318,338
304,318,338
305,318,338
306,318,338
307,318,338
308,317,338
309,317,338
310,317,338
311,317,338
312,317,338
313,317,338
314,317,338
315,317,338
316,316,338
317,316,338
318,316,338
319,316,338
320,316,338
321,316,338
322,316,338
323,315,338
324,315,338
325,315,338
326,315,338
327,315,338
328,315,338
329,315,338
330,314,338
331,314,338
332,314,338
333,314,338
334,314,338
335,314,338
336,313,338
337,313,338
338,313,338
339,313,338
340,313,338
341,313,338
342,312,338
343,312,338
344,312,338
345,312,338
346,312,338
347,312,338
348,312,338
349,311,338
350,311,338
351,311,338
352,311,338
353,311,338
354,310,338
355,310,338
356,310,338
357,310,338
358,310,338
359,310,338
360,310,338
361,309,338
362,310,339
363,310,339
364,310,339
365,310,339
366,310,339
367,310,339
368,310,339
369,310,339
370,310,339
371,310,339
372,311,339
373,311,339
374,311,339
375,312,339
376,312,339
377,313,339
378,313,339
379,313,339
380,314,339
381,314,339
382,315,339
383,315,339
384,316,339
385,317,339
386,317,340
387,318,340
388,318,340
389,319,340
390,320,340
391,321,340
392,321,339
393,322,339
394,323,339
395,324,339
396,325,339
397,326,339
398,326,339
399,328,338
400,329,338
401,330,337
402,332,336
402,332,332
0,0
0,94
365,131,135
366,130,137
367,128,137
368,128,138
369,127,138
370,126,139
371,126,139
372,125,139
373,124,139
374,124,140
375,123,140
376,122,140
377,122,140
378,121,140
379,120,140
380,120,140
381,119,140
382,118,140
383,118,140
384,117,140
385,116,140
386,116,139
387,115,139
388,114,139
389,113,139
390,113,139
391,112,138
392,111,138
393,111,138
394,110,138
395,109,137
396,108,137
397,108,137
398,107,136
399,106,136
400,105,136
401,104,136
402,104,135
403,103,135
404,102,135
405,101,135
406,100,134
407,100,134
408,99,134
409,98,133
410,97,133
411,96,132
412,95,132
413,95,132
414,94,131
415,93,131
416,92,131
417,91,130
418,90,130
419,89,129
420,89,129
421,88,128
422,87,128
423,87,127
424,86,127
425,86,126
426,85,125
427,85,125
428,85,124
429,84,124
430,84,123
431,84,122
432,83,122
433,83,121
434,83,121
435,83,120
436,82,119
437,82,119
438,82,118
439,82,117
440,82,116
441,82,116
442,82,115
443,82,114
444,82,113
445,82,112
446,82,111
447,82,110
448,82,109
449,82,108
450,82,107
451,83,106
452,83,104
453,83,103
454,84,101
455,84,99
456,85,97
457,87,95
458,90,90
0,0
0,60
376,198,198
377,196,199
378,194,201
379,194,203
380,193,204
381,193,205
382,193,207
383,192,208
384,192,209
385,192,211
386,192,212
387,192,213
388,192,214
389,193,215
390,193,216
391,193,217
392,194,219
393,194,220
394,194,221
395,195,222
396,195,223
397,195,224
398,196,224
399,196,225
400,196,226
401,197,227
402,197,227
403,198,228
404,198,229
405,198,229
406,199,230
407,199,230
408,199,231
409,200,231
410,200,231
411,200,232
412,201,232
413,201,232
414,202,232
415,202,232
416,202,232
417,203,232
418,203,232
419,204,232
420,204,232
421,205,231
422,205,231
423,206,231
424,206,231
425,207,230
426,208,230
427,208,230
428,209,229
429,210,229
430,211,228
431,212,227
432,213,226
433,215,225
434,217,223
435,221,221
0,0
0,63
370,278,278
371,276,281
372,275,283
373,274,285
374,274,286
375,273,288
376,273,289
377,273,291
378,273,292
379,273,294
380,273,295
381,274,297
382,274,298
383,274,299
384,275,301
385,275,302
386,276,303
387,276,305
388,277,306
389,277,307
390,278,308
391,278,309
392,279,310
393,279,311
394,280,312
395,281,313
396,281,314
397,282,315
398,282,316
399,283,316
400,283,317
401,284,318
402,284,318
403,285,319
404,285,319
405,286,320
406,286,320
407,287,321
408,288,321
409,288,321
410,289,321
411,289,321
412,290,321
413,291,321
414,291,321
415,292,322
416,292,322
417,293,321
418,294,321
419,294,321
420,295,321
421,296,321
422,296,321
423,297,320
424,298,320
425,299,319
426,300,319
427,301,319
428,302,318
429,303,317
430,305,316
431,307,314
432,311,311
0,0
0,86
368,363,363
369,361,364
370,360,366
371,360,368
372,359,371
373,359,373
374,359,376
375,359,378
376,359,380
377,359,382
378,359,384
379,360,387
380,360,389
381,360,391
382,361,393
383,362,395
384,362,397
385,363,399
386,364,402
387,365,403
388,366,405
389,367,407
390,368,409
391,369,411
392,370,413
393,371,414
394,372,416
395,373,418
396,373,419
397,374,421
398,375,422
399,376,423
400,377,425
401,378,426
402,379,427
403,380,428
404,381,428
405,381,429
406,382,430
407,383,430
408,384,431
409,385,432
410,386,432
411,387,432
412,388,433
413,388,433
414,389,434
415,390,434
416,391,434
417,392,435
418,393,435
419,393,436
420,394,436
421,395,436
422,396,436
423,397,437
424,398,437
425,398,437
426,399,437
427,400,438
428,401,438
429,402,438
430,402,438
431,403,438
432,404,438
433,405,439
434,406,439
435,406,439
436,407,439
437,408,439
438,409,439
439,410,439
440,410,439
441,411,439
442,412,439
443,413,438
444,413,438
445,414,438
446,415,438
447,416,437
448,417,437
449,418,436
450,419,435
451,420,434
452,422,432
453,424,430
0,0
