0,118
34,241,241
35,236,248
36,233,252
37,233,255
38,232,258
39,231,260
40,231,262
41,231,264
42,231,266
43,231,268
44,232,269
45,232,271
46,233,272
47,233,274
48,234,275
49,235,276
50,235,277
51,236,277
52,236,278
53,237,278
54,237,278
55,238,278
56,238,278
57,239,278
58,239,277
59,239,277
60,240,277
61,240,277
62,240,276
63,241,276
64,241,276
65,241,276
66,241,276
67,242,275
68,242,275
69,242,275
70,242,275
71,243,275
72,243,275
73,243,275
74,243,275
75,243,275
76,244,274
77,244,274
78,244,274
79,244,274
80,244,274
81,244,274
82,245,274
83,245,274
84,245,274
85,245,274
86,245,274
87,245,274
88,245,273
89,246,273
90,246,273
91,246,273
92,246,273
93,246,273
94,246,273
95,246,273
96,246,273
97,246,273
98,247,273
99,247,273
100,247,273
101,247,272
102,247,272
103,247,272
104,247,272
105,247,272
106,247,272
107,248,272
108,248,272
109,248,272
110,248,272
111,248,272
112,248,272
113,248,272
114,248,272
115,248,271
116,248,271
117,248,271
118,249,271
119,249,271
120,249,271
121,249,271
122,249,271
123,249,271
124,249,271
125,249,271
126,249,271
127,249,271
128,249,270
129,249,270
130,249,270
131,250,270
132,250,270
133,250,270
134,250,270
135,250,270
136,250,270
137,250,270
138,250,270
139,250,270
140,250,270
141,250,269
142,250,269
143,250,269
144,250,269
145,250,268
146,250,265
147,251,262
148,251,259
149,251,256
150,251,253
151,251,251
0,0
1,118
253,87,87
254,86,89
255,85,90
256,85,90
257,84,91
258,84,92
259,84,92
260,84,93
261,83,93
262,83,94
263,83,94
264,83,95
265,83,95
266,83,96
267,83,96
268,83,96
269,82,97
270,82,97
271,82,97
272,82,98
273,82,98
274,82,98
275,82,99
276,82,99
277,82,99
278,82,99
279,81,99
280,81,100
281,81,100
282,81,100
283,81,100
284,81,100
285,81,100
286,81,100
287,80,100
288,80,100
289,80,100
290,80,100
291,80,101
292,80,100
293,79,100
294,79,100
295,79,100
296,79,100
297,79,100
298,78,100
299,78,99
300,78,99
301,78,99
302,78,99
303,77,99
304,77,98
305,77,98
306,77,98
307,76,98
308,76,98
309,76,97
310,76,97
311,75,97
312,75,97
313,75,97
314,75,96
315,74,96
316,74,96
317,74,96
318,73,96
319,73,96
320,73,95
321,73,95
322,72,95
323,72,95
324,72,95
325,71,94
326,71,94
327,71,94
328,70,94
329,70,94
330,70,93
331,69,93
332,69,93
333,69,93
334,69,93
335,69,92
336,69,92
337,69,92
338,68,92
339,68,92
340,68,92
341,68,91
342,68,91
343,68,91
344,68,91
345,68,91
346,68,90
347,68,90
348,68,90
349,68,90
350,69,90
351,69,89
352,70,89
353,70,89
354,70,89
355,70,89
356,71,88
357,71,88
358,71,88
359,71,88
360,72,88
361,72,87
362,73,87
363,73,87
364,74,86
365,74,86
366,75,86
367,76,85
368,76,85
369,78,83
369,78,79
0,0
1,225
136,165,169
137,164,171
138,164,172
139,164,173
140,164,174
141,163,175
142,163,176
143,163,176
144,163,177
145,163,178
146,163,178
147,162,179
148,162,179
149,162,180
150,162,180
151,162,181
152,162,181
153,162,181
154,162,182
155,162,182
156,161,182
157,161,182
158,161,183
159,161,183
160,161,183
161,161,183
162,161,183
163,161,183
164,160,183
165,160,183
166,160,183
167,160,182
168,160,182
169,160,182
170,160,182
171,160,182
172,160,182
173,159,181
174,159,181
175,159,181
176,159,180
177,159,180
178,159,180
179,158,180
180,158,179
181,158,179
182,158,179
183,158,178
184,158,178
185,158,178
186,157,178
187,157,177
188,157,177
189,157,177
190,157,176
191,157,176
192,157,176
193,156,176
194,156,175
195,156,175
196,156,175
197,156,175
198,156,174
199,156,174
200,155,174
201,155,174
202,155,173
203,155,173
204,155,173
205,155,173
206,155,172
207,154,172
208,154,172
209,154,172
210,154,172
211,154,171
212,154,171
213,154,171
214,153,171
215,153,171
216,153,170
217,153,170
218,153,170
219,153,170
220,152,169
221,152,169
222,152,169
223,152,169
224,152,169
225,152,169
226,151,168
227,151,168
228,151,168
229,151,168
230,151,168
231,151,167
232,151,167
233,150,167
234,150,167
235,150,167
236,150,167
237,150,166
238,150,166
239,149,166
240,149,166
241,149,166
242,149,166
243,149,165
244,149,165
245,149,165
246,148,165
247,148,165
248,148,165
249,148,164
250,148,164
251,148,164
252,148,164
253,147,164
254,147,164
255,147,163
256,147,163
257,147,163
258,147,163
259,147,163
260,146,163
261,146,163
262,146,162
263,146,162
264,146,162
265,146,162
266,146,162
267,145,162
268,145,161
269,145,161
270,145,161
271,145,161
272,145,161
273,145,161
274,144,161
275,144,160
276,144,160
277,144,160
278,144,160
279,144,160
280,144,160
281,143,160
282,143,159
283,143,159
284,143,159
285,143,159
286,143,159
287,143,159
288,143,159
289,142,158
290,142,158
291,142,158
292,142,158
293,142,158
294,142,158
295,142,158
296,141,158
297,141,157
298,141,157
299,141,157
300,141,157
301,141,157
302,141,157
303,141,157
304,140,157
305,140,156
306,140,156
307,140,156
308,140,156
309,140,156
310,140,156
311,139,156
312,139,156
313,139,155
314,139,155
315,139,155
316,139,155
317,139,155
318,139,155
319,138,155
320,138,155
321,138,154
322,138,154
323,138,154
324,138,154
325,138,154
326,137,154
327,137,154
328,137,154
329,137,154
330,137,154
331,137,154
332,137,153
333,136,153
334,136,153
335,136,153
336,136,153
337,136,153
338,136,153
339,136,153
340,135,153
341,135,153
342,135,153
343,135,153
344,135,153
345,135,153
346,135,153
347,134,154
348,134,152
349,134,151
350,134,149
351,134,147
352,134,146
353,134,144
354,133,143
355,133,141
356,133,139
357,133,138
358,133,136
359,133,135
360,132,133
0,79
132,363,363
133,360,368
134,359,371
135,358,373
136,358,375
137,357,377
138,357,378
139,356,380
140,355,382
141,355,383
142,354,384
143,354,386
144,353,387
145,352,388
146,352,390
147,351,391
148,350,392
149,350,393
150,349,394
151,349,396
152,348,397
153,347,398
154,348,399
155,350,400
156,352,401
157,354,402
158,355,403
159,356,404
160,356,405
161,356,406
162,356,407
163,355,408
164,355,409
165,355,410
166,354,411
167,353,412
168,353,413
169,352,414
170,352,414
171,351,415
172,350,415
173,350,416
174,349,415
175,348,415
176,348,414
177,347,412
178,346,410
179,346,407
180,345,405
181,344,401
182,344,397
183,343,393
184,342,390
185,342,386
186,341,383
187,340,380
188,340,378
189,339,375
190,338,373
191,338,371
192,337,369
193,337,367
194,336,364
195,335,362
196,334,360
197,334,359
198,333,357
199,333,355
200,332,353
201,331,351
202,331,350
203,330,348
204,330,346
205,330,344
206,329,343
207,329,341
208,330,339
209,331,336
210,333,333
0,0
0,305
143,133,133
144,129,138
145,127,142
146,126,145
147,126,148
148,126,150
149,126,152
150,126,154
151,127,156
152,127,158
153,128,159
154,128,161
155,129,162
156,130,164
157,130,165
158,130,166
159,131,167
160,131,168
161,132,169
162,132,170
163,133,170
164,133,171
165,133,171
166,134,171
167,134,171
168,134,171
169,135,171
170,135,171
171,135,170
172,135,170
173,135,170
174,136,170
175,136,169
176,136,169
177,136,169
178,136,168
179,137,168
180,137,168
181,137,168
182,137,167
183,137,167
184,137,167
185,137,167
186,137,166
187,138,166
188,138,166
189,138,166
190,138,166
191,138,166
192,138,166
193,138,166
194,138,166
195,138,166
196,138,165
197,138,165
198,138,165
199,138,165
200,138,165
201,138,165
202,138,165
203,138,165
204,138,165
205,138,165
206,138,165
207,138,164
208,138,164
209,138,164
210,138,164
211,137,164
212,137,164
213,137,164
214,137,164
215,137,164
216,137,164
217,137,164
218,137,163
219,137,163
220,137,163
221,137,163
222,137,163
223,137,163
224,137,163
225,137,163
226,136,163
227,136,163
228,136,162
229,136,162
230,136,162
231,136,162
232,136,162
233,136,162
234,136,162
235,136,162
236,135,162
237,135,161
238,135,161
239,135,161
240,135,161
241,135,161
242,135,161
243,135,161
244,135,160
245,135,160
246,134,160
247,134,160
248,134,160
249,134,160
250,134,160
251,134,160
252,134,159
253,134,159
254,133,159
255,133,159
256,133,159
257,133,159
258,133,159
259,133,158
260,133,158
261,133,158
262,132,158
263,132,158
264,132,158
265,132,158
266,132,157
267,132,157
268,132,157
269,131,157
270,131,157
271,131,157
272,131,156
273,131,156
274,131,156
275,131,156
276,130,156
277,130,156
278,130,155
279,130,155
280,130,155
281,129,155
282,129,155
283,129,154
284,129,154
285,129,154
286,129,154
287,128,154
288,128,153
289,128,153
290,128,153
291,128,153
292,127,153
293,127,153
294,127,152
295,127,152
296,127,152
297,126,152
298,126,151
299,126,151
300,126,151
301,125,151
302,125,151
303,125,150
304,125,150
305,124,150
306,124,149
307,124,149
308,123,149
309,123,149
310,123,148
311,123,148
312,123,148
313,122,148
314,122,147
315,121,147
316,121,147
317,121,147
318,121,146
319,120,146
320,120,146
321,120,146
322,119,145
323,119,145
324,119,145
325,118,144
326,118,144
327,117,144
328,117,143
329,117,143
330,116,143
331,116,142
332,116,142
333,115,142
334,115,141
335,115,141
336,114,141
337,114,140
338,113,140
339,113,140
340,113,139
341,112,139
342,112,139
343,111,138
344,111,138
345,110,137
346,110,137
347,110,137
348,109,136
349,109,136
350,108,135
351,108,135
352,107,134
353,107,134
354,106,134
355,106,133
356,105,133
357,105,132
358,104,132
359,104,131
360,103,131
361,103,130
362,102,130
363,102,129
364,101,129
365,100,128
366,100,128
367,99,127
368,99,127
369,98,126
370,98,125
371,97,125
372,97,124
373,96,124
374,95,123
375,95,123
376,94,122
377,94,121
378,93,121
379,92,120
380,92,119
381,91,119
382,90,118
383,90,117
384,89,117
385,88,116
386,88,115
387,87,115
388,86,114
389,85,113
390,85,112
391,84,111
392,83,111
393,82,110
394,82,109
395,81,108
396,80,107
397,79,107
398,78,106
399,78,105
400,77,104
401,76,103
402,75,102
403,74,101
404,73,100
405,72,99
406,71,98
407,70,97
408,69,96
409,68,95
410,67,94
411,65,93
412,64,92
413,63,91
414,62,90
415,61,89
416,60,88
417,59,86
418,58,85
419,57,84
420,55,83
421,54,81
422,53,80
423,52,79
424,51,78
425,50,76
426,49,75
427,47,74
428,46,72
429,45,71
430,44,70
431,43,68
432,42,67
433,41,65
434,40,64
435,38,62
436,37,61
437,36,59
438,35,58
439,34,56
440,33,55
441,32,53
442,31,51
443,31,49
444,31,47
445,31,45
446,32,40
447,36,36
0,0
1,238
163,303,306
164,303,307
165,302,308
166,302,309
167,301,309
168,301,310
169,301,311
170,301,311
171,301,312
172,300,313
173,300,314
174,300,314
175,300,315
176,300,316
177,300,316
178,299,317
179,299,317
180,299,318
181,299,319
182,299,319
183,299,320
184,299,320
185,298,320
186,298,321
187,298,321
188,298,321
189,298,321
190,298,322
191,298,321
192,297,321
193,297,321
194,297,321
195,297,321
196,297,321
197,297,320
198,297,320
199,296,320
200,296,320
201,296,319
202,296,319
203,296,319
204,296,319
205,296,318
206,295,318
207,295,318
208,295,318
209,295,317
210,295,317
211,295,317
212,295,317
213,294,316
214,294,316
215,294,316
216,294,316
217,294,315
218,294,315
219,294,315
220,293,315
221,293,315
222,293,314
223,293,314
224,293,314
225,293,314
226,293,313
227,292,313
228,292,313
229,292,313
230,292,312
231,292,312
232,292,312
233,292,312
234,291,312
235,291,311
236,291,311
237,291,311
238,291,311
239,291,310
240,290,310
241,290,310
242,290,310
243,290,310
244,290,309
245,290,309
246,289,309
247,289,309
248,289,309
249,289,308
250,289,308
251,289,308
252,288,308
253,288,307
254,288,307
255,288,307
256,288,307
257,287,307
258,287,306
259,287,306
260,287,306
261,287,306
262,286,306
263,286,305
264,286,305
265,286,305
266,286,305
267,285,305
268,285,304
269,285,304
270,285,304
271,284,304
272,284,304
273,284,303
274,284,303
275,284,303
276,283,303
277,283,303
278,283,302
279,283,302
280,282,302
281,282,302
282,282,302
283,282,301
284,281,301
285,281,301
286,281,301
287,281,301
288,281,300
289,280,300
290,280,300
291,280,300
292,280,300
293,279,299
294,279,299
295,279,299
296,279,299
297,278,299
298,278,299
299,278,298
300,278,298
301,277,298
302,277,298
303,277,298
304,277,297
305,276,297
306,276,297
307,276,297
308,275,297
309,275,297
310,275,296
311,275,296
312,274,296
313,274,296
314,274,296
315,274,295
316,273,295
317,273,295
318,273,295
319,273,295
320,272,295
321,272,294
322,272,294
323,271,294
324,271,294
325,271,294
326,271,293
327,270,293
328,270,293
329,270,293
330,270,293
331,269,293
332,269,292
333,269,292
334,269,292
335,268,292
336,268,292
337,268,292
338,267,291
339,267,291
340,267,291
341,267,291
342,266,291
343,266,291
344,266,290
345,266,290
346,265,290
347,265,290
348,265,290
349,264,290
350,264,289
351,264,289
352,264,289
353,263,289
354,263,289
355,263,289
356,262,288
357,262,288
358,262,288
359,262,288
360,261,288
361,261,288
362,261,287
363,261,287
364,261,287
365,261,287
366,260,287
367,260,287
368,260,286
369,260,286
370,260,286
371,260,286
372,261,286
373,261,286
374,261,285
375,261,285
376,261,285
377,261,285
378,262,285
379,262,285
380,262,285
381,263,284
382,263,284
383,263,284
384,264,284
385,264,284
386,264,284
387,265,283
388,265,283
389,266,283
390,266,283
391,267,283
392,267,283
393,267,283
394,268,283
395,268,282
396,269,282
397,270,281
398,270,280
399,272,279
400,273,276
0,0
0,216
197,239,239
198,235,242
199,234,245
200,233,247
201,233,249
202,232,251
203,232,253
204,232,254
205,232,256
206,232,257
207,233,258
208,233,260
209,233,261
210,234,262
211,234,263
212,234,264
213,235,265
214,235,266
215,236,267
216,236,268
217,236,269
218,237,269
219,237,270
220,237,270
221,238,270
222,238,271
223,238,271
224,238,271
225,238,271
226,239,271
227,239,271
228,239,271
229,239,270
230,239,270
231,239,270
232,239,270
233,240,269
234,240,269
235,240,269
236,240,269
237,240,269
238,240,268
239,240,268
240,240,268
241,240,268
242,240,268
243,240,268
244,240,267
245,240,267
246,240,267
247,240,267
248,240,267
249,240,267
250,240,267
251,240,266
252,240,266
253,240,266
254,240,266
255,240,266
256,240,266
257,240,266
258,240,265
259,240,265
260,240,265
261,240,265
262,239,265
263,239,265
264,239,265
265,239,265
266,239,264
267,239,264
268,239,264
269,239,264
270,239,264
271,239,264
272,239,264
273,239,264
274,239,264
275,239,264
276,239,263
277,239,263
278,239,263
279,239,263
280,239,263
281,239,263
282,239,263
283,239,263
284,239,263
285,239,263
286,238,263
287,238,263
288,238,262
289,238,262
290,238,262
291,238,262
292,238,262
293,238,262
294,238,262
295,238,262
296,238,262
297,238,262
298,238,262
299,238,262
300,238,262
301,238,262
302,238,261
303,238,261
304,238,261
305,238,261
306,238,261
307,238,261
308,238,261
309,238,261
310,238,261
311,238,261
312,238,261
313,237,261
314,237,261
315,237,261
316,237,261
317,237,261
318,237,261
319,237,260
320,237,260
321,237,260
322,237,260
323,237,260
324,237,260
325,237,260
326,237,260
327,237,260
328,237,260
329,237,260
330,237,260
331,237,260
332,237,260
333,237,260
334,237,260
335,237,260
336,237,260
337,237,260
338,237,260
339,237,260
340,237,260
341,237,260
342,237,259
343,237,259
344,237,259
345,237,259
346,237,259
347,237,259
348,237,259
349,237,259
350,237,259
351,237,259
352,237,259
353,237,259
354,237,259
355,237,259
356,237,259
357,237,259
358,237,259
359,237,259
360,238,259
361,238,259
362,238,259
363,238,259
364,238,259
365,238,259
366,238,259
367,238,259
368,238,259
369,238,260
370,238,260
371,238,260
372,238,260
373,239,260
374,239,260
375,239,260
376,239,260
377,239,261
378,239,261
379,239,261
380,239,261
381,240,261
382,240,261
383,240,262
384,240,262
385,240,262
386,240,263
387,241,263
388,241,263
389,241,264
390,241,264
391,241,264
392,242,265
393,242,265
394,242,265
395,243,264
396,243,263
397,243,262
398,243,261
399,244,261
400,244,260
401,244,259
402,245,258
403,245,257
404,246,256
405,246,256
406,247,255
407,247,254
408,248,253
409,248,252
410,249,251
411,249,250
412,250,250
1,242
250,411,413
251,410,414
252,409,415
253,408,416
254,407,417
255,405,418
256,404,419
257,403,420
258,402,421
259,401,421
260,400,422
261,398,423
262,397,424
263,396,424
264,395,425
265,394,425
266,393,426
267,395,426
268,396,427
269,397,428
270,398,428
271,400,422
271,399,429
272,401,429
273,402,429
274,402,430
275,403,430
276,404,431
277,405,431
278,407,417
278,406,431
279,407,417
279,406,432
280,407,432
281,407,433
282,408,433
283,408,433
284,409,433
285,409,434
286,410,434
287,410,434
288,410,434
289,410,435
290,411,435
291,411,435
292,411,435
293,411,435
294,412,436
295,412,436
296,412,436
297,412,436
298,412,436
299,412,436
300,413,436
301,413,437
302,413,437
303,413,437
304,413,437
305,413,437
306,413,437
307,413,437
308,413,437
309,413,437
310,414,438
311,414,438
312,414,438
313,414,438
314,414,438
315,414,438
316,414,438
317,414,438
318,414,438
319,414,438
320,414,438
321,414,438
322,414,438
323,414,438
324,414,438
325,414,425
325,414,438
326,414,425
326,414,438
327,414,425
327,414,438
328,414,425
328,414,438
329,414,425
329,414,438
330,414,425
330,414,439
331,414,425
331,414,438
332,414,425
332,414,438
333,414,425
333,414,438
334,414,425
334,414,438
335,414,425
335,414,438
336,414,425
336,413,438
337,414,425
337,413,438
338,414,425
338,413,438
339,414,425
339,413,438
340,414,425
340,413,438
341,414,425
341,413,438
342,414,425
342,413,438
343,414,425
343,413,438
344,414,425
344,413,438
345,414,425
345,412,438
346,414,425
346,412,438
347,414,425
347,412,438
348,414,425
348,412,438
349,414,425
349,412,438
350,414,425
350,412,438
351,414,425
351,412,438
352,414,425
352,412,438
353,414,425
353,411,438
354,414,425
354,411,438
355,414,425
355,411,438
356,414,425
356,411,438
357,414,425
357,411,438
358,414,425
358,411,438
359,414,425
359,410,438
360,414,425
360,410,438
361,414,425
361,410,438
362,414,425
362,410,438
363,414,425
363,410,438
364,414,425
364,409,438
365,409,437
366,409,437
367,409,437
368,409,437
369,408,437
370,408,437
371,408,437
372,408,437
373,407,437
374,407,437
375,407,437
376,407,437
377,407,437
378,406,437
379,406,437
380,406,437
381,405,437
382,405,436
383,405,436
384,405,436
385,404,436
386,404,436
387,404,436
388,403,436
389,403,436
390,402,436
391,402,436
392,401,436
393,401,436
394,400,435
395,399,435
396,400,435
397,400,435
398,401,435
399,401,435
400,402,435
401,402,435
402,402,435
403,403,434
404,403,434
405,404,434
406,404,434
407,404,434
408,405,434
409,405,434
410,406,433
411,406,433
412,406,433
413,407,433
414,407,433
415,408,433
416,408,432
417,408,432
418,409,432
419,409,432
420,410,431
421,410,431
422,410,431
423,411,431
424,411,431
425,412,430
426,412,430
427,412,430
428,413,429
429,413,429
430,414,429
431,414,429
432,414,428
433,415,428
434,415,428
435,416,427
436,416,427
437,416,427
438,417,426
439,417,426
440,418,426
441,418,425
442,418,425
443,419,424
444,419,424
445,420,423
446,420,423
447,420,422
448,421,421
0,91
421,448,448
420,447,449
419,444,449
418,442,449
417,439,450
416,437,450
415,434,450
414,432,450
413,429,450
412,427,450
411,424,450
410,422,449
409,419,449
408,417,449
407,414,448
406,412,448
405,409,447
404,407,447
403,404,446
402,402,446
401,399,445
400,397,445
399,395,444
398,396,444
397,397,443
396,397,443
395,398,442
394,398,442
393,399,442
392,399,441
391,399,441
390,400,440
389,400,440
388,401,440
387,401,439
386,401,439
385,402,438
384,402,438
383,402,437
382,403,437
381,403,437
380,403,436
379,403,436
378,404,436
377,404,435
376,404,435
375,405,435
374,405,434
373,405,434
372,405,434
371,406,433
370,406,433
369,406,433
368,406,432
367,407,432
366,407,432
365,407,432
364,407,431
363,408,431
362,408,431
361,408,430
360,408,430
359,409,430
358,409,430
357,409,429
356,409,429
355,410,429
354,410,429
353,410,428
352,410,428
351,410,428
350,411,427
349,411,427
348,411,427
347,411,427
346,412,426
345,412,426
344,412,426
343,412,426
342,413,425
341,413,425
340,413,425
339,413,424
338,413,424
337,413,423
336,414,423
335,414,422
334,414,421
333,415,420
332,416,419
331,417,417
0,0
