0,100
181,50,50
182,43,54
183,42,59
184,41,63
185,41,66
186,41,69
187,41,71
188,41,72
189,42,73
190,42,74
191,43,74
192,43,74
193,44,75
194,44,75
195,45,75
196,45,75
197,46,75
198,46,75
199,47,75
200,47,75
201,48,76
202,48,76
203,49,76
204,49,76
205,49,76
206,50,76
207,50,76
208,51,76
209,51,77
210,51,77
211,52,77
212,52,77
213,53,77
214,53,77
215,53,77
216,54,78
217,54,78
218,54,78
219,55,78
220,55,78
221,55,78
222,56,79
223,56,79
224,56,79
225,57,79
226,57,79
227,57,79
228,58,80
229,58,80
230,58,80
231,58,80
232,59,80
233,59,80
234,59,81
235,59,81
236,60,81
237,60,81
238,60,81
239,60,81
240,60,82
241,61,82
242,61,82
243,61,82
244,61,82
245,62,82
246,62,83
247,62,83
248,62,83
249,62,83
250,63,83
251,63,83
252,63,83
253,63,83
254,64,84
255,64,84
256,64,84
257,64,84
258,65,84
259,65,84
260,65,84
261,66,84
262,66,84
263,66,84
264,67,84
265,67,84
266,68,84
267,68,85
268,69,85
269,69,84
270,70,84
271,70,84
272,71,84
273,72,84
274,72,84
275,73,84
276,74,84
277,75,83
278,76,83
279,78,82
280,81,81
0,0
1,119
46,192,193
47,191,195
48,190,196
49,190,197
50,190,197
51,189,198
52,189,198
53,189,199
54,189,199
55,189,200
56,189,200
57,189,200
58,188,201
59,188,201
60,188,201
61,188,201
62,188,202
63,188,202
64,187,202
65,187,202
66,187,202
67,187,202
68,187,202
69,187,202
70,186,201
71,186,201
72,186,201
73,186,201
74,186,201
75,186,201
76,185,200
77,185,200
78,185,200
79,185,200
80,185,199
81,184,199
82,184,199
83,184,198
84,184,198
85,184,198
86,183,198
87,183,197
88,183,197
89,183,197
90,183,197
91,182,196
92,182,196
93,182,196
94,182,196
95,181,195
96,181,195
97,181,195
98,181,195
99,181,195
100,180,194
101,180,194
102,180,194
103,180,194
104,179,193
105,179,193
106,179,193
107,179,193
108,178,193
109,178,192
110,178,192
111,178,192
112,177,192
113,177,191
114,177,191
115,176,191
116,176,191
117,176,190
118,176,190
119,175,190
120,175,190
121,175,190
122,174,189
123,174,189
124,174,189
125,173,189
126,173,188
127,173,188
128,172,188
129,172,188
130,172,187
131,171,187
132,171,187
133,171,187
134,170,187
135,170,186
136,170,186
137,169,186
138,169,186
139,168,185
140,168,185
141,168,185
142,167,185
143,167,185
144,166,184
145,166,184
146,166,184
147,165,184
148,165,183
149,164,183
150,164,183
151,164,183
152,163,183
153,163,183
154,162,183
155,162,183
156,161,183
157,161,183
158,163,183
159,167,183
160,171,183
161,175,183
162,179,184
163,183,185
163,183,185
0,85
159,165,165
160,160,170
161,157,175
162,157,178
163,158,180
164,158,182
165,158,185
166,158,187
167,159,189
168,159,191
169,159,192
170,159,194
171,160,196
172,160,198
173,160,199
174,160,200
175,161,202
176,161,203
177,161,204
178,161,205
179,162,206
180,162,206
181,162,207
182,162,207
183,163,207
184,163,207
185,163,207
186,164,207
187,164,207
188,164,206
189,165,206
190,165,205
191,165,205
192,165,204
193,165,203
194,165,201
195,165,200
196,165,199
197,165,198
198,165,197
199,164,196
200,164,196
201,164,195
202,164,194
203,164,193
204,164,192
205,164,192
206,163,191
207,163,191
208,163,190
209,163,189
210,163,189
211,163,188
212,162,188
213,162,187
214,162,187
215,162,186
216,161,186
217,161,186
218,161,185
219,161,185
220,161,184
221,160,184
222,160,184
223,160,183
224,160,183
225,159,182
226,159,182
227,159,181
228,158,181
229,158,181
230,158,180
231,158,180
232,157,180
233,157,179
234,157,179
235,156,179
236,156,178
237,156,178
238,155,177
239,155,177
240,155,177
241,155,177
242,154,167
243,154,154
0,0
1,120
71,256,259
72,255,260
73,254,261
74,254,262
75,254,263
76,254,264
77,253,265
78,253,265
79,253,266
80,253,266
81,253,267
82,253,267
83,252,267
84,252,267
85,252,267
86,252,267
87,252,267
88,251,267
89,251,267
90,251,267
91,251,266
92,251,266
93,250,266
94,250,266
95,250,265
96,250,265
97,250,265
98,249,265
99,249,264
100,249,264
101,249,264
102,248,264
103,248,263
104,248,263
105,248,263
106,248,263
107,247,262
108,247,262
109,247,262
110,247,262
111,246,262
112,246,261
113,246,261
114,246,261
115,245,261
116,245,261
117,245,260
118,245,260
119,244,260
120,244,260
121,244,260
122,244,259
123,243,259
124,243,259
125,243,259
126,243,259
127,242,259
128,242,258
129,242,258
130,241,258
131,241,258
132,241,258
133,241,257
134,240,257
135,240,257
136,240,257
137,240,257
138,239,257
139,239,256
140,239,256
141,238,256
142,238,256
143,238,256
144,238,256
145,237,255
146,237,255
147,237,255
148,236,255
149,236,255
150,236,255
151,236,255
152,235,254
153,235,254
154,235,254
155,234,254
156,234,254
157,234,254
158,234,253
159,233,253
160,233,253
161,233,253
162,233,253
163,233,253
164,233,253
165,232,252
166,233,252
167,233,252
168,233,252
169,233,252
170,233,252
171,233,252
172,234,252
173,234,251
174,234,251
175,234,251
176,235,251
177,235,251
178,236,251
179,236,251
180,237,250
181,237,250
182,238,250
183,238,250
184,239,250
185,240,250
186,240,250
187,241,249
188,242,249
189,243,248
190,245,247
0,0
0,276
59,101,106
60,98,111
61,96,115
62,95,118
63,94,120
64,93,123
65,93,125
66,93,127
67,93,129
68,93,130
69,93,132
70,94,134
71,94,135
72,94,137
73,95,138
74,96,140
75,96,141
76,97,142
77,97,143
78,98,144
79,99,144
80,99,145
81,99,145
82,100,145
83,100,145
84,101,145
85,101,144
86,102,144
87,102,144
88,102,144
89,103,144
90,103,143
91,103,143
92,104,143
93,104,143
94,104,142
95,105,142
96,105,142
97,105,142
98,105,142
99,106,142
100,106,141
101,106,141
102,107,141
103,107,141
104,107,140
105,107,140
106,107,140
107,108,140
108,108,140
109,108,140
110,108,139
111,108,139
112,109,139
113,109,139
114,109,139
115,109,139
116,109,139
117,109,139
118,109,139
119,110,138
120,110,138
121,110,138
122,110,138
123,110,138
124,110,138
125,110,138
126,111,138
127,111,138
128,111,138
129,111,138
130,111,138
131,111,138
132,111,137
133,111,137
134,111,137
135,111,137
136,112,137
137,112,137
138,112,137
139,112,137
140,112,137
141,112,137
142,112,137
143,112,137
144,112,137
145,112,137
146,112,137
147,112,137
148,112,137
149,113,137
150,113,137
151,113,136
152,113,136
153,113,136
154,113,136
155,113,136
156,113,136
157,113,136
158,113,136
159,113,136
160,113,136
161,113,136
162,113,136
163,113,136
164,113,136
165,113,136
166,113,136
167,113,136
168,113,136
169,113,136
170,113,136
171,113,136
172,113,136
173,113,136
174,113,136
175,113,136
176,113,135
177,113,135
178,113,135
179,113,135
180,113,135
181,113,135
182,113,135
183,113,135
184,114,135
185,114,135
186,114,135
187,114,135
188,114,135
189,114,135
190,114,135
191,114,135
192,114,135
193,114,135
194,114,135
195,114,135
196,114,135
197,114,135
198,114,135
199,114,135
200,114,135
201,114,135
202,114,134
203,114,134
204,114,134
205,114,134
206,114,134
207,114,134
208,113,134
209,113,134
210,113,134
211,113,134
212,113,134
213,113,134
214,113,134
215,113,134
216,113,134
217,113,134
218,113,134
219,113,134
220,113,134
221,113,134
222,113,134
223,113,134
224,113,134
225,113,134
226,113,134
227,113,134
228,113,133
229,113,133
230,113,133
231,113,133
232,113,133
233,113,133
234,113,133
235,113,133
236,113,133
237,113,133
238,113,133
239,113,133
240,113,133
241,113,133
242,113,133
243,113,133
244,113,133
245,113,133
246,113,133
247,113,133
248,113,133
249,113,133
250,113,133
251,113,133
252,113,133
253,112,132
254,112,132
255,112,132
256,112,132
257,112,132
258,112,132
259,112,132
260,112,132
261,112,132
262,112,132
263,112,132
264,112,132
265,112,132
266,112,132
267,112,132
268,112,132
269,112,132
270,112,132
271,112,132
272,112,132
273,112,132
274,112,132
275,112,132
276,112,132
277,112,132
278,112,132
279,112,132
280,111,131
281,111,131
282,111,131
283,111,131
284,111,131
285,111,131
286,111,131
287,111,131
288,111,131
289,111,131
290,111,131
291,111,131
292,111,131
293,111,131
294,111,131
295,111,131
296,111,131
297,111,131
298,111,131
299,111,131
300,111,131
301,111,131
302,110,131
303,110,131
304,110,131
305,110,130
306,110,130
307,110,130
308,110,130
309,110,130
310,110,130
311,110,130
312,110,130
313,110,130
314,110,130
315,110,130
316,110,130
317,110,130
318,110,130
319,110,130
320,110,130
321,110,130
322,110,130
323,109,130
324,109,130
325,109,130
326,109,130
327,109,130
328,109,130
329,109,126
330,109,123
331,109,119
332,109,116
333,109,112
334,109,109
0,0
1,156
27,350,355
28,348,357
29,347,358
30,346,359
31,346,360
32,346,361
33,345,362
34,345,363
35,345,363
36,345,364
37,345,365
38,345,365
39,345,366
40,345,367
41,345,367
42,345,368
43,345,369
44,345,369
45,344,370
46,344,370
47,344,371
48,344,372
49,344,372
50,344,373
51,344,373
52,343,374
53,343,374
54,343,375
55,343,375
56,343,375
57,342,376
58,342,376
59,342,376
60,342,376
61,342,377
62,341,377
63,341,376
64,341,376
65,341,376
66,341,376
67,340,376
68,340,375
69,340,375
70,340,374
71,339,373
72,339,372
73,339,372
74,339,371
75,338,370
76,338,370
77,338,369
78,338,368
79,337,368
80,337,367
81,337,366
82,337,366
83,336,365
84,336,364
85,336,364
86,336,363
87,335,363
88,335,362
89,335,362
90,335,361
91,334,360
92,334,360
93,334,359
94,334,359
95,333,358
96,333,358
97,333,357
98,332,357
99,332,356
100,332,356
101,332,355
102,331,355
103,331,354
104,331,354
105,330,353
106,330,353
107,330,353
108,330,352
109,329,352
110,329,351
111,329,351
112,328,350
113,328,350
114,328,349
115,328,349
116,327,349
117,327,348
118,327,348
119,326,347
120,326,347
121,326,346
122,325,346
123,325,345
124,325,345
125,325,344
126,324,344
127,324,344
128,324,343
129,323,343
130,323,342
131,323,342
132,322,341
133,322,341
134,322,340
135,322,340
136,321,339
137,321,339
138,321,338
139,320,338
140,320,338
141,320,337
142,319,337
143,319,336
144,319,336
145,319,335
146,318,335
147,318,334
148,318,334
149,317,334
150,317,333
151,317,333
152,316,332
153,316,332
154,316,331
155,316,331
156,315,330
157,315,330
158,315,329
159,314,329
160,314,328
161,314,328
162,313,327
163,313,327
164,313,326
165,312,326
166,312,325
167,312,325
168,312,324
169,311,323
170,311,323
171,311,322
172,310,322
173,310,321
174,310,320
175,310,320
176,309,319
177,309,318
178,310,318
179,310,317
180,310,316
181,311,315
182,313,313
0,0
0,61
287,158,161
288,156,163
289,156,164
290,156,166
291,156,167
292,156,168
293,156,169
294,156,170
295,156,171
296,156,173
297,156,174
298,157,175
299,157,176
300,158,177
301,158,178
302,159,179
303,159,180
304,160,181
305,160,182
306,161,183
307,161,184
308,162,185
309,162,185
310,163,186
311,163,187
312,164,188
313,164,189
314,165,190
315,165,190
316,166,191
317,166,192
318,167,192
319,167,193
320,168,193
321,168,194
322,169,194
323,169,194
324,170,195
325,170,195
326,171,195
327,171,195
328,171,195
329,172,195
330,172,195
331,173,195
332,173,195
333,174,195
334,174,195
335,175,195
336,175,194
337,176,194
338,176,194
339,176,194
340,177,193
341,177,193
342,178,192
343,178,192
344,179,191
345,180,191
346,181,189
347,183,188
0,0
0,46
93,223,228
94,222,232
95,221,235
96,221,238
97,221,241
98,221,244
99,221,246
100,221,249
101,222,251
102,222,253
103,223,255
104,223,257
105,224,258
106,225,260
107,226,261
108,227,262
109,228,263
110,229,264
111,230,265
112,231,265
113,232,266
114,233,266
115,234,266
116,235,266
117,236,267
118,236,267
119,237,267
120,238,267
121,239,267
122,240,267
123,241,268
124,242,268
125,243,268
126,244,268
127,244,268
128,245,267
129,246,267
130,247,267
131,248,267
132,249,267
133,250,266
134,251,265
135,252,265
136,253,264
137,257,261
138,259,259
0,0
0,67
55,370,370
56,366,375
57,364,378
58,364,380
59,363,382
60,363,383
61,363,385
62,363,386
63,363,387
64,363,388
65,364,389
66,364,390
67,364,391
68,364,392
69,363,393
70,363,394
71,363,395
72,363,395
73,362,396
74,362,397
75,362,397
76,361,397
77,361,397
78,360,397
79,359,397
80,359,396
81,358,395
82,358,393
83,357,391
84,357,389
85,356,388
86,355,386
87,355,385
88,354,383
89,353,382
90,353,381
91,352,379
92,352,378
93,351,376
94,350,375
95,350,374
96,349,372
97,348,371
98,348,370
99,347,368
100,346,367
101,346,366
102,345,364
103,344,363
104,344,362
105,343,361
106,342,359
107,341,358
108,341,357
109,340,356
110,339,354
111,339,353
112,338,352
113,337,350
114,337,349
115,336,348
116,335,347
117,335,345
118,334,344
119,335,343
120,335,342
121,337,340
0,0
1,193
214,163,163
215,161,165
216,161,165
217,160,166
218,160,167
219,160,168
220,160,169
221,160,169
222,159,170
223,159,171
224,159,171
225,159,172
226,159,173
227,159,173
228,158,174
229,158,175
230,158,175
231,158,176
232,158,176
233,158,177
234,158,177
235,157,178
236,157,178
237,157,178
238,157,178
239,157,178
240,157,178
241,157,178
242,157,178
243,156,178
244,156,178
245,156,177
246,156,177
247,156,177
248,156,177
249,156,177
250,155,176
251,155,176
252,155,176
253,155,176
254,155,175
255,155,175
256,155,175
257,155,175
258,154,174
259,154,174
260,154,174
261,154,174
262,154,174
263,154,173
264,154,173
265,154,173
266,153,173
267,153,173
268,153,172
269,153,172
270,153,172
271,153,172
272,153,171
273,152,171
274,152,171
275,152,171
276,152,171
277,152,170
278,152,170
279,152,170
280,151,170
281,151,170
282,151,169
283,151,169
284,151,169
285,151,169
286,150,169
287,150,168
288,150,168
289,150,168
290,150,168
291,149,168
292,149,167
293,149,167
294,149,167
295,149,167
296,148,167
297,148,166
298,148,166
299,148,166
300,148,166
301,147,166
302,147,165
303,147,165
304,147,165
305,147,165
306,146,165
307,146,165
308,146,164
309,146,164
310,146,164
311,145,164
312,145,164
313,145,163
314,145,163
315,144,163
316,144,163
317,144,163
318,144,163
319,143,162
320,143,162
321,143,162
322,143,162
323,142,162
324,142,162
325,142,161
326,142,161
327,142,161
328,141,161
329,141,161
330,141,160
331,140,160
332,140,160
333,140,160
334,140,160
335,139,160
336,139,160
337,139,159
338,139,159
339,138,159
340,138,159
341,138,159
342,138,159
343,137,158
344,137,158
345,137,158
346,137,158
347,136,158
348,136,158
349,136,157
350,136,157
351,135,157
352,135,157
353,135,157
354,135,157
355,134,156
356,134,156
357,134,156
358,134,156
359,133,156
360,133,156
361,133,155
362,132,155
363,132,155
364,132,155
365,132,155
366,131,155
367,131,155
368,131,154
369,131,154
370,130,154
371,130,154
372,130,154
373,130,154
374,130,153
375,130,153
376,130,153
377,130,153
378,129,153
379,130,153
380,130,153
381,130,152
382,130,152
383,130,152
384,130,152
385,130,152
386,131,152
387,131,152
388,131,151
389,132,151
390,132,151
391,132,151
392,133,151
393,133,151
394,134,151
395,134,150
396,135,150
397,135,150
398,135,150
399,136,150
400,136,150
401,137,150
402,137,149
403,138,149
404,139,148
405,140,146
406,142,144
0,0
0,222
38,288,294
39,285,298
40,283,301
41,282,304
42,281,306
43,281,308
44,281,310
45,281,311
46,281,313
47,282,314
48,282,316
49,283,317
50,283,319
51,284,320
52,284,321
53,285,322
54,285,323
55,285,324
56,286,325
57,286,326
58,287,327
59,287,327
60,287,328
61,288,328
62,288,328
63,288,329
64,288,328
65,289,328
66,289,328
67,289,327
68,289,326
69,290,326
70,290,326
71,290,325
72,290,325
73,291,324
74,291,324
75,291,324
76,291,323
77,291,323
78,291,322
79,292,322
80,292,322
81,292,321
82,292,321
83,292,321
84,292,321
85,292,320
86,293,320
87,293,320
88,293,320
89,293,319
90,293,319
91,293,319
92,293,319
93,293,318
94,293,318
95,294,318
96,294,318
97,294,317
98,294,317
99,294,317
100,294,317
101,294,317
102,294,317
103,294,316
104,294,316
105,294,316
106,294,316
107,294,316
108,294,316
109,295,316
110,295,315
111,295,315
112,295,315
113,295,315
114,295,315
115,295,315
116,295,315
117,295,315
118,295,315
119,295,314
120,295,314
121,295,314
122,295,314
123,295,314
124,295,314
125,295,314
126,295,314
127,295,314
128,295,314
129,295,313
130,295,313
131,295,313
132,295,313
133,295,313
134,295,313
135,295,313
136,295,313
137,295,313
138,295,313
139,295,313
140,295,313
141,295,313
142,295,313
143,295,313
144,295,313
145,295,312
146,295,312
147,295,312
148,295,312
149,295,312
150,295,312
151,295,312
152,295,312
153,295,312
154,295,312
155,295,312
156,295,312
157,295,312
158,295,312
159,295,312
160,295,312
161,295,312
162,295,312
163,295,312
164,295,312
165,295,312
166,295,312
167,295,312
168,295,312
169,295,312
170,295,312
171,295,312
172,295,312
173,295,312
174,295,312
175,295,312
176,295,312
177,295,312
178,295,312
179,294,312
180,294,312
181,294,312
182,294,312
183,294,312
184,294,312
185,294,312
186,294,312
187,294,312
188,294,312
189,294,312
190,294,312
191,294,312
192,294,312
193,294,312
194,293,312
195,293,312
196,293,312
197,293,312
198,293,312
199,293,312
200,293,312
201,293,312
202,293,312
203,293,312
204,292,312
205,292,312
206,292,312
207,292,313
208,292,313
209,292,313
210,292,313
211,292,313
212,291,313
213,291,313
214,291,313
215,291,313
216,291,313
217,291,313
218,290,313
219,290,313
220,290,313
221,290,313
222,290,313
223,289,313
224,289,313
225,289,313
226,289,313
227,289,313
228,288,313
229,288,313
230,288,313
231,288,313
232,288,313
233,288,313
234,288,313
235,288,313
236,288,313
237,288,313
238,288,313
239,289,313
240,289,313
241,289,313
242,290,313
243,290,313
244,291,313
245,291,313
246,292,313
247,292,313
248,293,313
249,293,313
250,294,312
251,294,312
252,295,312
253,295,311
254,296,311
255,296,310
256,297,309
257,298,308
258,298,307
259,300,304
0,0
0,102
160,285,291
161,282,296
162,280,298
163,279,301
164,279,302
165,279,304
166,279,304
167,279,305
168,278,305
169,278,304
170,278,303
171,278,303
172,277,302
173,277,301
174,276,300
175,276,299
176,275,299
177,275,298
178,274,297
179,274,297
180,273,296
181,273,295
182,272,295
183,272,294
184,271,294
185,270,293
186,270,293
187,269,292
188,269,292
189,268,291
190,267,290
191,267,290
192,266,289
193,265,288
194,265,288
195,264,287
196,263,286
197,263,286
198,262,285
199,261,284
200,260,283
201,260,283
202,259,282
203,258,281
204,257,280
205,256,279
206,255,279
207,255,278
208,254,277
209,253,276
210,252,275
211,251,275
212,250,274
213,249,273
214,248,272
215,248,271
216,247,270
217,246,269
218,245,268
219,244,267
220,243,266
221,242,266
222,240,265
223,239,264
224,238,263
225,237,262
226,236,261
227,235,260
228,234,259
229,233,258
230,232,256
231,230,255
232,229,254
233,228,253
234,227,252
235,226,251
236,225,250
237,223,248
238,222,247
239,221,246
240,220,245
241,218,243
242,217,242
243,216,240
244,214,239
245,213,237
246,212,236
247,211,234
248,209,233
249,208,231
250,207,229
251,205,227
252,204,225
253,203,222
254,201,220
255,200,218
256,199,215
257,197,213
258,196,210
259,196,208
260,197,204
261,198,198
0,0
1,163
302,159,162
303,157,165
304,157,167
305,156,168
306,157,170
307,159,162
307,158,171
308,159,162
308,158,172
309,159,174
310,160,175
311,161,176
312,161,178
313,162,179
314,163,180
315,164,181
316,164,183
317,165,184
318,166,185
319,167,187
320,168,188
321,169,189
322,169,190
323,170,192
324,171,193
325,172,194
326,173,195
327,174,197
328,174,198
329,175,199
330,176,200
331,177,202
332,178,203
333,179,204
334,179,205
335,180,206
336,181,208
337,182,209
338,183,210
339,184,211
340,184,213
341,185,214
342,186,215
343,187,216
344,188,217
345,188,218
346,189,220
347,190,221
348,191,222
349,192,223
350,192,224
351,193,225
352,194,226
353,194,228
354,195,229
355,196,230
356,197,231
357,197,232
358,198,233
359,199,235
360,199,236
361,200,237
362,201,238
363,202,239
364,202,240
365,203,241
366,203,242
367,204,243
368,205,244
369,205,245
370,206,245
371,207,246
372,207,247
373,208,247
374,209,248
375,209,248
376,210,249
377,210,249
378,211,249
379,211,250
380,212,250
381,213,250
382,213,251
383,214,251
384,214,251
385,215,251
386,215,252
387,216,252
388,216,252
389,217,252
390,217,252
391,218,252
392,218,253
393,219,253
394,219,253
395,220,253
396,220,253
397,221,253
398,221,253
399,221,253
400,222,253
401,222,253
402,223,253
403,223,253
404,223,254
405,224,254
406,224,254
407,225,254
408,225,254
409,225,254
410,226,254
411,226,254
412,227,254
413,227,254
414,227,254
415,228,254
416,228,254
417,228,254
418,229,254
419,229,254
420,229,254
421,230,254
422,230,254
423,230,254
424,231,254
425,231,253
426,231,253
427,232,253
428,232,253
429,232,253
430,233,253
431,233,253
432,233,253
433,234,253
434,234,253
435,234,253
436,235,252
437,235,252
438,235,252
439,236,252
440,236,252
441,236,252
442,237,252
443,237,252
444,238,251
445,238,251
446,238,251
447,239,251
448,239,251
449,239,251
450,240,250
451,240,250
452,240,250
453,241,250
454,241,249
455,241,249
456,242,249
457,242,249
458,243,249
459,243,248
460,244,248
461,244,247
462,245,247
0,0
0,201
252,263,268
253,261,271
254,260,273
255,260,275
256,260,276
257,260,278
258,260,279
259,260,281
260,260,282
261,261,283
262,261,284
263,261,286
264,262,287
265,262,288
266,262,289
267,263,290
268,263,291
269,263,291
270,263,292
271,263,293
272,263,294
273,263,294
274,263,295
275,263,295
276,263,295
277,263,295
278,263,295
279,263,295
280,263,295
281,262,294
282,262,294
283,262,293
284,262,292
285,261,291
286,261,290
287,261,290
288,260,289
289,260,288
290,260,288
291,259,287
292,259,287
293,259,286
294,259,285
295,258,285
296,258,285
297,258,284
298,257,284
299,257,283
300,257,283
301,256,282
302,256,282
303,256,281
304,255,281
305,255,280
306,255,280
307,254,279
308,254,279
309,254,278
310,253,278
311,253,277
312,253,276
313,252,276
314,252,276
315,252,275
316,251,274
317,251,274
318,250,273
319,250,273
320,250,272
321,249,272
322,249,271
323,248,271
324,248,270
325,247,270
326,247,269
327,247,269
328,246,268
329,246,268
330,245,267
331,245,267
332,244,266
333,244,266
334,243,265
335,243,264
336,242,264
337,242,263
338,241,263
339,240,262
340,240,262
341,239,261
342,238,261
343,238,260
344,237,260
345,237,260
346,236,259
347,235,258
348,235,258
349,234,258
350,234,257
351,234,257
352,233,258
353,233,258
354,233,258
355,233,260
356,233,261
357,232,264
358,232,268
359,233,272
360,233,275
361,233,278
362,234,281
363,234,285
364,236,288
365,237,291
366,240,293
367,243,296
368,247,299
369,250,302
370,252,305
371,255,307
372,258,310
373,260,313
374,263,315
375,265,318
376,267,320
377,270,323
378,272,325
379,274,328
380,276,330
381,278,333
382,280,335
383,282,338
384,284,340
385,286,343
386,288,345
387,290,347
388,292,350
389,293,352
390,295,354
391,297,357
392,298,359
393,300,361
394,301,363
395,303,366
396,304,368
397,306,369
398,307,371
399,309,372
400,310,373
401,312,374
402,313,375
403,315,377
404,316,378
405,317,379
406,319,379
407,320,380
408,321,381
409,323,382
410,324,383
411,326,383
412,327,384
413,328,385
414,330,385
415,331,386
416,332,386
417,333,387
418,335,388
419,336,388
420,337,389
421,339,389
422,340,390
423,341,390
424,342,391
425,344,391
426,345,392
427,346,392
428,348,393
429,349,393
430,350,393
431,351,394
432,352,394
433,354,395
434,355,395
435,356,395
436,357,395
437,359,396
438,360,396
439,361,396
440,362,396
441,363,396
442,365,396
443,366,396
444,367,396
445,369,396
446,370,396
447,372,395
448,373,395
449,375,394
450,377,393
451,380,391
452,387,387
0,0
0,145
295,323,323
296,318,330
297,316,334
298,315,337
299,314,339
300,314,341
301,314,343
302,314,344
303,314,346
304,314,348
305,315,349
306,315,350
307,316,351
308,316,352
309,316,353
310,317,354
311,317,355
312,317,355
313,317,355
314,318,356
315,318,356
316,318,356
317,318,356
318,318,355
319,318,355
320,318,354
321,319,354
322,319,353
323,319,352
324,319,351
325,319,351
326,319,350
327,319,349
328,318,349
329,318,348
330,318,348
331,318,347
332,318,347
333,318,347
334,318,346
335,317,346
336,317,345
337,317,345
338,317,344
339,316,344
340,316,344
341,316,343
342,315,343
343,315,343
344,315,342
345,314,342
346,314,342
347,314,341
348,313,341
349,313,341
350,312,340
351,312,340
352,312,340
353,311,339
354,311,339
355,311,339
356,310,338
357,310,338
358,309,337
359,309,337
360,309,337
361,308,336
362,308,336
363,307,335
364,307,335
365,306,335
366,306,334
367,305,334
368,305,333
369,304,333
370,304,332
371,303,332
372,303,331
373,302,331
374,302,330
375,301,330
376,300,329
377,300,329
378,299,328
379,298,328
380,298,327
381,297,326
382,296,326
383,296,325
384,295,324
385,294,324
386,293,323
387,292,323
388,291,322
389,291,321
390,289,321
391,288,320
392,288,319
393,286,318
394,285,318
395,284,317
396,283,316
397,282,315
398,281,315
399,280,314
400,278,313
401,277,312
402,276,311
403,274,310
404,273,309
405,272,308
406,270,307
407,268,306
408,267,305
409,265,304
410,263,303
411,262,302
412,260,301
413,258,300
414,256,298
415,253,297
416,251,296
417,249,294
418,246,293
419,243,291
420,240,290
421,238,288
422,235,286
423,231,284
424,228,283
425,224,281
426,221,278
427,216,276
428,212,274
429,208,271
430,204,269
431,200,266
432,197,263
433,195,260
434,194,256
435,194,252
436,195,248
437,198,242
438,208,234
439,224,224
0,0
1,253
194,306,310
195,306,311
196,305,312
197,305,313
198,305,314
199,305,315
200,305,316
201,304,317
202,304,317
203,304,318
204,304,318
205,304,319
206,304,320
207,304,320
208,304,320
209,303,321
210,303,321
211,303,322
212,303,322
213,303,322
214,303,322
215,303,322
216,303,323
217,302,323
218,302,323
219,302,323
220,302,323
221,302,323
222,302,324
223,302,323
224,302,323
225,301,323
226,301,323
227,301,323
228,301,323
229,301,323
230,301,322
231,301,322
232,301,322
233,300,322
234,300,321
235,300,321
236,300,321
237,300,321
238,300,320
239,300,320
240,300,320
241,299,320
242,299,319
243,299,319
244,299,319
245,299,319
246,299,319
247,299,318
248,298,318
249,298,318
250,298,318
251,298,317
252,298,317
253,298,317
254,298,317
255,298,317
256,298,316
257,297,316
258,297,316
259,297,316
260,297,316
261,297,316
262,297,315
263,297,315
264,296,315
265,296,315
266,296,315
267,296,314
268,296,314
269,296,314
270,296,314
271,296,314
272,295,314
273,295,313
274,295,313
275,295,313
276,295,313
277,295,313
278,295,312
279,294,312
280,294,312
281,294,312
282,294,312
283,294,312
284,294,312
285,294,311
286,294,311
287,293,311
288,293,311
289,293,311
290,293,311
291,293,311
292,293,310
293,293,310
294,293,310
295,292,310
296,292,310
297,292,310
298,292,310
299,292,310
300,292,309
301,292,309
302,291,309
303,291,309
304,291,309
305,291,309
306,291,309
307,291,309
308,291,309
309,290,308
310,290,308
311,290,308
312,290,308
313,290,308
314,290,308
315,290,308
316,289,308
317,289,308
318,289,307
319,289,307
320,289,307
321,289,307
322,289,307
323,288,307
324,288,307
325,288,307
326,288,307
327,288,307
328,288,307
329,288,307
330,287,306
331,287,306
332,287,306
333,287,306
334,287,306
335,287,306
336,287,306
337,286,306
338,286,306
339,286,306
340,286,306
341,286,306
342,286,306
343,285,306
344,285,306
345,285,305
346,285,305
347,285,305
348,285,305
349,284,305
350,284,305
351,284,305
352,284,305
353,284,305
354,284,305
355,284,305
356,283,305
357,283,305
358,283,305
359,283,305
360,283,305
361,283,305
362,282,305
363,282,305
364,282,305
365,282,305
366,282,305
367,282,305
368,281,305
369,281,305
370,281,305
371,281,305
372,281,305
373,280,305
374,280,305
375,280,305
376,280,305
377,280,305
378,279,305
379,279,305
380,279,305
381,279,305
382,279,305
383,279,305
384,278,305
385,278,305
386,278,305
387,278,305
388,278,305
389,277,305
390,277,305
391,277,305
392,277,305
393,277,305
394,276,305
395,276,305
396,276,305
397,276,305
398,276,305
399,275,305
400,275,305
401,275,305
402,275,305
403,275,305
404,274,305
405,275,305
406,275,305
407,275,305
408,275,305
409,275,305
410,275,305
411,276,305
412,276,305
413,276,305
414,276,305
415,276,305
416,277,305
417,277,305
418,277,305
419,278,305
420,278,305
421,279,305
422,279,305
423,280,305
424,280,306
425,281,306
426,281,306
427,282,306
428,282,306
429,283,306
430,283,306
431,284,306
432,285,306
433,285,306
434,286,306
435,287,306
436,288,305
437,288,305
438,289,305
439,290,305
440,291,305
441,292,304
442,293,304
443,294,303
444,295,303
445,297,302
445,297,301
0,0
