0,157
72,216,226
73,212,231
74,211,236
75,210,239
76,209,242
77,209,245
78,208,247
79,208,249
80,208,251
81,209,253
82,209,255
83,209,256
84,210,258
85,210,259
86,211,261
87,211,262
88,212,263
89,212,263
90,212,264
91,212,265
92,212,265
93,212,265
94,212,265
95,212,265
96,212,265
97,212,264
98,212,264
99,211,263
100,211,262
101,211,261
102,211,260
103,210,259
104,210,258
105,209,257
106,209,256
107,209,254
108,208,254
109,208,252
110,208,251
111,207,250
112,207,249
113,206,248
114,206,248
115,206,247
116,205,246
117,205,245
118,205,244
119,204,243
120,204,242
121,203,242
122,203,241
123,203,240
124,202,240
125,202,239
126,201,238
127,201,237
128,201,236
129,200,236
130,200,235
131,199,234
132,199,233
133,198,233
134,198,232
135,198,231
136,197,230
137,197,230
138,196,229
139,196,228
140,195,227
141,195,227
142,194,226
143,194,225
144,193,225
145,193,224
146,192,223
147,192,222
148,191,222
149,191,221
150,190,220
151,190,219
152,189,219
153,189,218
154,188,217
155,188,216
156,187,216
157,187,215
158,186,214
159,186,214
160,185,213
161,185,212
162,184,211
163,184,211
164,183,210
165,182,209
166,182,209
167,181,208
168,181,207
169,180,206
170,180,206
171,179,205
172,179,204
173,178,203
174,177,203
175,177,202
176,176,201
177,176,200
178,175,199
179,175,199
180,174,198
181,173,197
182,173,196
183,172,195
184,172,195
185,171,194
186,171,193
187,170,192
188,170,191
189,169,191
190,169,190
191,168,189
192,167,188
193,167,187
194,166,186
195,166,186
196,165,185
197,165,184
198,164,183
199,163,182
200,163,181
201,162,180
202,162,180
203,161,179
204,161,178
205,160,177
206,160,176
207,159,175
208,159,175
209,158,174
210,158,173
211,157,172
212,156,171
213,156,170
214,155,169
215,155,168
216,154,167
217,154,167
218,153,166
219,153,165
220,152,164
221,152,163
222,151,162
223,151,161
224,151,160
225,151,160
226,151,159
227,151,157
228,154,154
0,0
0,174
203,100,100
204,92,103
205,90,107
206,89,110
207,88,113
208,88,115
209,88,118
210,87,120
211,88,122
212,88,123
213,88,125
214,88,126
215,89,128
216,89,129
217,90,130
218,91,131
219,91,132
220,92,133
221,92,134
222,93,134
223,94,135
224,94,135
225,95,136
226,95,136
227,96,136
228,96,136
229,97,137
230,97,137
231,98,137
232,99,137
233,99,137
234,99,137
235,100,137
236,100,137
237,101,137
238,101,137
239,102,137
240,102,137
241,103,137
242,103,137
243,104,137
244,104,137
245,104,137
246,105,137
247,105,137
248,106,137
249,106,137
250,106,137
251,107,137
252,107,137
253,107,138
254,108,138
255,108,138
256,108,138
257,109,138
258,109,138
259,109,138
260,109,138
261,110,138
262,110,138
263,110,138
264,111,138
265,111,139
266,111,139
267,111,139
268,111,139
269,112,139
270,112,139
271,112,139
272,112,139
273,113,139
274,113,140
275,113,140
276,113,140
277,113,140
278,114,140
279,114,140
280,114,140
281,114,140
282,114,140
283,115,140
284,115,141
285,115,141
286,115,141
287,115,141
288,116,141
289,116,141
290,116,141
291,116,141
292,116,142
293,117,142
294,117,142
295,117,142
296,117,142
297,117,142
298,118,142
299,118,142
300,118,142
301,118,143
302,118,143
303,119,143
304,119,143
305,119,143
306,119,143
307,119,143
308,120,143
309,120,144
310,120,144
311,120,144
312,120,144
313,120,144
314,121,144
315,121,144
316,121,144
317,121,145
318,121,145
319,122,145
320,122,145
321,122,145
322,122,145
323,122,145
324,122,146
325,123,146
326,123,146
327,123,146
328,123,146
329,123,146
330,123,146
331,124,146
332,124,147
333,124,147
334,124,147
335,124,147
336,124,147
337,125,147
338,125,147
339,125,148
340,125,148
341,125,148
342,125,148
343,126,148
344,126,148
345,126,148
346,126,149
347,126,149
348,127,149
349,127,149
350,127,149
351,127,149
352,127,150
353,127,150
354,128,150
355,128,150
356,128,150
357,128,150
358,128,150
359,128,151
360,129,151
361,129,151
362,129,151
363,129,151
364,129,151
365,129,151
366,130,152
367,130,152
368,130,152
369,130,152
370,130,152
371,131,152
372,131,152
373,131,147
374,131,141
375,131,135
376,131,131
0,0
1,249
101,220,222
102,219,223
103,218,225
104,218,226
105,218,227
106,218,228
107,217,228
108,217,229
109,217,230
110,217,231
111,217,231
112,217,232
113,217,232
114,217,233
115,216,233
116,216,234
117,216,234
118,216,234
119,216,235
120,216,235
121,216,236
122,216,236
123,216,236
124,216,236
125,215,236
126,215,237
127,215,237
128,215,237
129,215,237
130,215,237
131,215,237
132,215,237
133,215,238
134,215,237
135,215,237
136,215,237
137,214,237
138,214,237
139,214,236
140,214,236
141,214,236
142,214,236
143,214,235
144,214,235
145,214,235
146,214,234
147,213,234
148,213,234
149,213,234
150,213,234
151,213,233
152,213,233
153,213,233
154,213,233
155,212,233
156,212,232
157,212,232
158,212,232
159,212,232
160,212,232
161,212,231
162,212,231
163,212,231
164,212,231
165,211,231
166,211,230
167,211,230
168,211,230
169,211,230
170,211,230
171,211,229
172,211,229
173,211,229
174,211,229
175,210,229
176,210,228
177,210,228
178,210,228
179,210,228
180,210,228
181,210,227
182,210,227
183,209,227
184,209,227
185,209,227
186,209,227
187,209,226
188,209,226
189,209,226
190,209,226
191,209,226
192,208,225
193,208,225
194,208,225
195,208,225
196,208,225
197,208,224
198,208,224
199,208,224
200,207,224
201,207,224
202,207,224
203,207,223
204,207,223
205,207,223
206,207,223
207,207,223
208,207,223
209,206,222
210,206,222
211,206,222
212,206,222
213,206,222
214,206,221
215,206,221
216,205,221
217,205,221
218,205,221
219,205,221
220,205,221
221,205,220
222,205,220
223,205,220
224,204,220
225,204,220
226,204,219
227,204,219
228,204,219
229,204,219
230,204,219
231,204,219
232,203,218
233,203,218
234,203,218
235,203,218
236,203,218
237,203,218
238,203,217
239,202,217
240,202,217
241,202,217
242,202,217
243,202,217
244,202,216
245,202,216
246,202,216
247,201,216
248,201,216
249,201,216
250,201,216
251,201,215
252,201,215
253,201,215
254,200,215
255,200,215
256,200,215
257,200,214
258,200,214
259,200,214
260,199,214
261,199,214
262,199,214
263,199,214
264,199,214
265,199,213
266,199,213
267,198,213
268,198,213
269,198,213
270,198,213
271,198,213
272,198,212
273,198,212
274,197,212
275,197,212
276,197,212
277,197,212
278,197,212
279,197,212
280,196,211
281,196,211
282,196,211
283,196,211
284,196,211
285,196,211
286,196,211
287,195,210
288,195,210
289,195,210
290,195,210
291,195,210
292,195,210
293,194,210
294,194,210
295,194,209
296,194,209
297,194,209
298,194,209
299,193,209
300,193,209
301,193,209
302,193,209
303,193,209
304,193,209
305,192,209
306,192,208
307,192,208
308,192,208
309,192,208
310,192,208
311,191,208
312,191,208
313,191,208
314,191,208
315,191,208
316,191,208
317,190,208
318,190,208
319,190,208
320,190,208
321,190,208
322,190,208
323,189,208
324,189,208
325,189,208
326,189,208
327,189,208
328,188,208
329,188,208
330,188,208
331,188,208
332,188,208
333,188,208
334,187,208
335,187,208
336,187,208
337,187,208
338,187,208
339,186,208
340,186,208
341,186,208
342,186,209
343,186,209
344,186,209
345,185,210
346,185,210
347,185,211
348,184,198
348,184,184
0,181
184,351,354
185,348,360
186,348,363
187,348,366
188,348,368
189,348,371
190,348,373
191,348,375
192,348,377
193,348,379
194,348,381
195,348,383
196,348,385
197,348,387
198,348,388
199,347,390
200,347,392
201,347,393
202,347,394
203,347,396
204,347,397
205,347,398
206,347,399
207,347,400
208,347,401
209,347,401
210,347,402
211,347,402
212,348,403
213,348,403
214,349,403
215,349,403
216,349,403
217,349,403
218,349,403
219,349,402
220,349,402
221,350,401
222,350,401
223,350,400
224,350,399
225,350,398
226,350,398
227,350,397
228,350,397
229,350,396
230,349,396
231,349,395
232,349,395
233,349,394
234,349,393
235,349,393
236,349,392
237,349,392
238,349,392
239,349,391
240,349,391
241,349,390
242,348,390
243,348,389
244,348,389
245,348,388
246,348,388
247,348,388
248,348,387
249,348,387
250,348,386
251,347,386
252,347,386
253,347,385
254,347,385
255,347,384
256,347,384
257,347,384
258,346,383
259,346,383
260,346,382
261,346,382
262,346,382
263,346,381
264,345,381
265,345,381
266,345,380
267,345,380
268,345,380
269,345,379
270,344,379
271,344,379
272,344,378
273,344,378
274,344,378
275,343,377
276,343,377
277,343,377
278,343,376
279,343,376
280,342,376
281,342,375
282,342,375
283,342,375
284,342,374
285,342,374
286,341,374
287,341,373
288,341,373
289,341,373
290,341,373
291,340,372
292,340,372
293,340,372
294,340,371
295,340,371
296,339,371
297,339,371
298,339,370
299,339,370
300,338,370
301,338,369
302,338,369
303,338,369
304,338,369
305,337,368
306,337,368
307,337,368
308,337,368
309,336,367
310,336,367
311,336,367
312,336,366
313,336,366
314,335,366
315,335,366
316,335,366
317,335,365
318,335,365
319,334,365
320,334,364
321,334,364
322,334,364
323,333,364
324,333,363
325,333,363
326,333,363
327,333,363
328,332,363
329,332,362
330,332,362
331,332,362
332,331,361
333,331,361
334,331,361
335,331,361
336,330,361
337,330,360
338,330,360
339,330,360
340,329,360
341,329,359
342,329,359
343,329,359
344,329,359
345,328,359
346,328,358
347,328,358
348,328,358
349,327,358
350,327,357
351,327,357
352,327,357
353,326,357
354,326,357
355,326,356
356,326,356
357,325,356
358,325,356
359,325,355
360,325,355
361,325,355
362,324,347
363,324,337
364,324,328
0,0
0,163
214,182,184
215,178,188
216,177,191
217,176,193
218,176,196
219,176,197
220,176,199
221,176,201
222,176,202
223,176,204
224,176,205
225,177,206
226,177,208
227,177,209
228,178,210
229,178,211
230,179,212
231,179,213
232,180,213
233,180,214
234,180,214
235,181,215
236,181,215
237,181,215
238,182,216
239,182,216
240,183,216
241,183,216
242,183,216
243,184,216
244,184,216
245,184,216
246,184,216
247,185,215
248,185,215
249,185,215
250,186,215
251,186,215
252,186,215
253,186,215
254,186,215
255,187,215
256,187,214
257,187,214
258,187,214
259,187,214
260,188,214
261,188,214
262,188,214
263,188,214
264,188,214
265,188,214
266,189,214
267,189,214
268,189,214
269,189,214
270,189,213
271,189,213
272,189,213
273,189,213
274,189,213
275,189,213
276,190,213
277,190,213
278,190,213
279,190,213
280,190,213
281,190,213
282,190,213
283,190,213
284,190,213
285,190,213
286,190,213
287,190,213
288,190,213
289,190,213
290,190,213
291,191,213
292,191,213
293,191,212
294,191,212
295,191,212
296,191,212
297,191,212
298,191,212
299,191,212
300,191,212
301,191,212
302,191,212
303,191,212
304,191,212
305,191,212
306,191,212
307,191,212
308,191,212
309,191,212
310,191,212
311,191,212
312,191,212
313,191,212
314,191,212
315,191,212
316,192,212
317,192,212
318,192,212
319,192,212
320,192,212
321,192,212
322,192,212
323,192,212
324,192,212
325,192,212
326,192,212
327,192,212
328,192,212
329,192,212
330,192,212
331,192,212
332,192,212
333,192,212
334,192,212
335,192,212
336,192,212
337,192,212
338,192,212
339,192,212
340,192,212
341,192,212
342,192,212
343,192,212
344,192,212
345,192,212
346,192,212
347,192,212
348,192,212
349,192,212
350,192,212
351,192,212
352,192,212
353,192,212
354,192,212
355,192,212
356,193,212
357,193,212
358,193,212
359,193,212
360,193,212
361,193,212
362,193,212
363,193,212
364,193,212
365,193,212
366,193,212
367,193,212
368,193,212
369,193,212
370,193,212
371,193,212
372,193,212
373,193,212
374,193,212
375,193,212
376,193,205
0,0
0,165
209,268,271
210,264,276
211,262,279
212,260,281
213,260,282
214,259,284
215,259,286
216,259,287
217,259,288
218,260,290
219,260,291
220,261,292
221,261,293
222,262,295
223,262,296
224,262,297
225,263,298
226,263,299
227,264,299
228,264,300
229,265,301
230,265,302
231,265,302
232,265,302
233,265,303
234,266,303
235,266,303
236,266,303
237,266,303
238,266,303
239,266,302
240,266,302
241,266,301
242,266,301
243,266,300
244,266,300
245,266,299
246,266,299
247,266,299
248,266,298
249,266,298
250,266,297
251,266,297
252,266,297
253,266,297
254,266,296
255,266,296
256,266,296
257,266,295
258,265,295
259,265,295
260,265,294
261,265,294
262,265,294
263,265,294
264,265,293
265,265,293
266,265,293
267,265,293
268,265,292
269,265,292
270,264,292
271,264,291
272,264,291
273,264,291
274,264,291
275,264,291
276,264,290
277,264,290
278,264,290
279,263,289
280,263,289
281,263,289
282,263,289
283,263,288
284,263,288
285,263,288
286,263,288
287,262,287
288,262,287
289,262,287
290,262,287
291,262,286
292,262,286
293,261,286
294,261,286
295,261,285
296,261,285
297,261,285
298,261,284
299,261,284
300,260,284
301,260,284
302,260,284
303,260,283
304,260,283
305,260,283
306,259,283
307,259,282
308,259,282
309,259,282
310,259,281
311,259,281
312,258,281
313,258,281
314,258,280
315,258,280
316,258,280
317,258,280
318,257,279
319,257,279
320,257,279
321,257,278
322,257,278
323,257,278
324,256,278
325,256,278
326,256,277
327,256,277
328,256,277
329,255,276
330,255,276
331,255,276
332,255,276
333,255,276
334,255,275
335,254,275
336,254,275
337,254,275
338,254,274
339,254,274
340,253,274
341,253,274
342,253,274
343,253,273
344,253,273
345,252,273
346,252,272
347,252,272
348,252,272
349,252,271
350,252,271
351,252,271
352,252,270
353,252,270
354,252,270
355,252,269
356,252,269
357,252,268
358,252,268
359,252,268
360,252,267
361,252,267
362,252,266
363,252,266
364,252,265
365,252,264
366,252,264
367,253,263
368,253,262
369,253,262
370,254,261
371,254,260
372,255,259
373,257,257
0,0
1,569
28,377,380
29,376,381
30,375,383
31,375,384
32,375,385
33,375,386
34,375,387
35,375,388
36,375,389
37,374,390
38,374,391
39,374,392
40,374,392
41,374,393
42,374,394
43,374,394
44,374,395
45,374,395
46,374,396
47,374,396
48,374,397
49,374,397
50,374,398
51,374,398
52,374,398
53,374,399
54,373,399
55,373,399
56,373,400
57,373,400
58,373,400
59,373,400
60,373,400
61,373,400
62,373,401
63,373,401
64,373,401
65,373,401
66,373,401
67,373,401
68,373,401
69,373,401
70,373,400
71,372,400
72,372,400
73,372,400
74,372,400
75,372,400
76,372,399
77,372,399
78,372,399
79,372,399
80,372,399
81,372,398
82,372,398
83,372,398
84,372,398
85,372,398
86,372,397
87,372,397
88,372,397
89,371,397
90,371,397
91,371,396
92,371,396
93,371,396
94,371,396
95,371,396
96,371,395
97,371,395
98,371,395
99,371,395
100,371,395
101,371,395
102,371,394
103,371,394
104,371,394
105,370,394
106,370,394
107,370,394
108,370,393
109,370,393
110,370,393
111,370,393
112,370,393
113,370,393
114,370,392
115,370,392
116,370,392
117,370,392
118,370,392
119,370,392
120,370,391
121,370,391
122,369,391
123,369,391
124,369,391
125,369,391
126,369,391
127,369,390
128,369,390
129,369,390
130,369,390
131,369,390
132,369,390
133,369,390
134,369,389
135,369,389
136,369,389
137,369,389
138,368,389
139,368,389
140,368,389
141,368,388
142,368,388
143,368,388
144,368,388
145,368,388
146,368,388
147,368,388
148,368,387
149,368,387
150,368,387
151,368,387
152,368,387
153,368,387
154,368,387
155,367,387
156,367,386
157,367,386
158,367,386
159,367,386
160,367,386
161,367,386
162,367,386
163,367,386
164,367,386
165,367,385
166,367,385
167,367,385
168,367,385
169,367,385
170,366,385
171,366,385
172,366,385
173,366,385
174,366,384
175,366,384
176,366,384
177,366,384
178,366,384
179,366,384
180,366,384
181,366,384
182,366,384
183,366,384
184,365,383
185,365,383
186,365,383
187,365,383
188,365,383
189,365,383
190,365,383
191,365,383
192,365,383
193,365,383
194,365,382
195,365,382
196,365,382
197,365,382
198,365,382
199,365,382
200,364,382
201,364,382
202,364,382
203,364,382
204,364,382
205,364,382
206,364,382
207,364,381
208,364,381
209,364,381
210,364,381
211,364,381
212,364,381
213,364,381
214,363,381
215,363,381
216,363,381
217,363,381
218,363,381
219,363,381
220,363,381
221,363,380
222,363,380
223,363,380
224,363,380
225,363,380
226,363,380
227,363,380
228,362,380
229,362,380
230,362,380
231,362,380
232,362,380
233,362,380
234,362,380
235,362,380
236,362,379
237,362,379
238,362,379
239,362,379
240,362,379
241,362,379
242,362,379
243,361,379
244,361,379
245,361,379
246,361,379
247,361,379
248,361,379
249,361,379
250,361,379
251,361,379
252,361,379
253,361,379
254,361,379
255,361,379
256,361,379
257,360,379
258,360,379
259,360,379
260,360,379
261,360,379
262,360,378
263,360,378
264,360,378
265,360,378
266,360,378
267,360,378
268,360,378
269,360,378
270,359,378
271,359,378
272,359,378
273,359,378
274,359,378
275,359,378
276,359,378
277,359,378
278,359,378
279,359,378
280,359,378
281,359,378
282,359,378
283,358,378
284,358,378
285,358,378
286,358,378
287,358,378
288,358,378
289,358,378
290,358,378
291,358,378
292,358,378
293,358,378
294,357,378
295,357,378
296,357,378
297,357,378
298,357,378
299,357,378
300,357,378
301,357,378
302,357,378
303,357,378
304,357,378
305,357,378
306,357,378
307,356,378
308,356,378
309,356,378
310,356,378
311,356,378
312,356,378
313,356,378
314,356,378
315,356,378
316,356,378
317,356,378
318,355,378
319,355,378
320,355,378
321,355,378
322,355,378
323,355,378
324,355,378
325,355,378
326,355,378
327,355,378
328,355,378
329,354,378
330,354,378
331,354,378
332,354,378
333,354,378
334,354,378
335,354,378
336,373,378
336,354,379
337,373,378
337,354,379
338,373,378
338,354,379
339,373,378
339,353,379
340,373,378
340,353,379
341,373,378
341,353,379
342,373,378
342,353,379
343,373,378
343,353,379
344,373,378
344,353,379
345,373,378
345,353,379
346,373,378
346,353,379
347,373,378
347,353,379
348,373,378
348,353,379
349,373,378
349,352,379
350,373,378
350,352,379
351,373,378
351,352,379
352,373,378
352,352,379
353,373,378
353,352,379
354,373,378
354,352,379
355,373,378
355,352,379
356,373,378
356,352,379
357,373,378
357,352,379
358,373,378
358,351,380
359,373,378
359,351,380
360,373,378
360,351,380
361,373,378
361,351,380
362,373,378
362,351,380
363,373,378
363,351,380
364,373,378
364,351,380
365,373,378
365,351,380
366,373,378
366,351,380
367,373,378
367,350,380
368,373,378
368,350,380
369,373,378
369,350,380
370,373,378
370,350,380
371,373,378
371,350,380
372,373,378
372,350,380
373,373,378
373,350,380
374,373,378
374,350,380
375,373,378
375,350,380
376,373,378
376,349,381
377,373,378
377,349,381
378,373,378
378,349,381
379,373,378
379,349,381
380,373,378
380,349,381
381,373,378
381,349,381
382,373,378
382,349,381
383,373,378
383,349,381
384,373,378
384,348,381
385,373,378
385,348,381
386,373,378
386,348,381
387,373,378
387,348,381
388,373,378
388,348,381
389,373,378
389,348,381
390,373,378
390,348,381
391,373,378
391,348,382
392,373,378
392,347,382
393,373,378
393,347,382
394,373,378
394,347,382
395,373,378
395,347,382
396,373,378
396,347,382
397,373,378
397,347,382
398,373,378
398,347,382
399,373,378
399,347,382
400,373,378
400,346,382
401,373,378
401,346,382
402,373,378
402,346,382
403,373,378
403,346,382
404,373,378
404,346,382
405,373,378
405,346,382
406,373,378
406,346,382
407,373,378
407,345,383
408,373,378
408,345,383
409,373,378
409,345,383
410,373,378
410,345,383
411,373,378
411,345,383
412,373,378
412,345,383
413,373,378
413,345,383
414,373,378
414,345,383
415,373,378
415,344,383
416,373,378
416,344,383
417,373,378
417,344,383
418,373,378
418,344,383
419,373,378
419,344,383
420,373,378
420,344,383
421,373,378
421,344,383
422,373,378
422,343,383
423,373,378
423,344,384
424,373,378
424,344,384
425,373,378
425,344,384
426,373,378
426,344,384
427,373,378
427,344,384
428,373,378
428,344,384
429,373,378
429,344,384
430,373,378
430,344,384
431,373,378
431,344,384
432,373,378
432,345,384
433,373,378
433,345,384
434,373,378
434,345,384
435,373,378
435,345,384
436,373,378
436,346,384
437,373,378
437,346,384
438,373,378
438,346,384
439,373,378
439,347,384
440,373,378
440,347,385
441,373,378
441,347,385
442,373,378
442,348,385
443,373,378
443,348,385
444,373,378
444,349,385
445,373,378
445,349,385
446,373,378
446,350,385
447,373,378
447,350,385
448,373,378
448,351,385
449,373,378
449,351,385
450,373,378
450,352,385
451,373,378
451,352,385
452,373,378
452,353,385
453,373,378
453,354,385
454,373,378
454,354,385
455,355,385
456,356,385
457,356,386
458,357,386
459,358,386
460,359,386
461,359,386
462,360,386
463,361,386
464,362,386
465,363,386
466,364,386
467,364,385
468,365,385
469,366,385
470,367,385
471,368,384
472,369,384
473,371,383
474,372,383
475,373,382
476,375,380
476,380,380
0,0
