0,124
39,124,127
40,121,131
41,120,133
42,120,135
43,119,136
44,119,138
45,119,139
46,119,141
47,120,142
48,120,143
49,120,144
50,120,145
51,121,146
52,121,147
53,121,148
54,121,149
55,121,150
56,121,151
57,121,152
58,120,152
59,120,153
60,120,154
61,120,154
62,119,155
63,119,155
64,119,156
65,118,156
66,118,156
67,118,157
68,117,157
69,117,157
70,116,156
71,116,156
72,115,156
73,115,155
74,114,154
75,114,154
76,113,153
77,113,151
78,112,150
79,112,149
80,111,148
81,110,147
82,110,146
83,109,145
84,108,144
85,108,143
86,107,142
87,107,141
88,106,140
89,105,139
90,105,138
91,104,137
92,103,136
93,102,135
94,102,135
95,101,134
96,100,133
97,100,132
98,99,131
99,98,130
100,97,129
101,97,128
102,96,128
103,95,127
104,94,126
105,94,125
106,93,124
107,92,123
108,91,122
109,91,121
110,90,120
111,89,119
112,88,118
113,87,118
114,87,117
115,86,116
116,85,115
117,84,114
118,83,113
119,82,112
120,82,110
121,81,109
122,80,108
123,79,107
124,78,106
125,77,105
126,77,104
127,76,103
128,75,102
129,74,101
130,73,100
131,72,99
132,71,97
133,70,96
134,69,95
135,69,94
136,68,93
137,67,91
138,66,90
139,65,89
140,64,88
141,63,87
142,62,85
143,61,84
144,60,83
145,59,81
146,59,80
147,58,79
148,57,77
149,56,76
150,55,74
151,54,73
152,53,71
153,51,69
154,50,68
155,49,66
156,48,65
157,48,63
158,47,61
159,47,59
160,46,57
161,47,55
162,48,51
0,0
1,63
108,110,112
109,109,113
110,109,114
111,109,115
112,108,116
113,108,117
114,108,117
115,108,118
116,108,118
117,108,119
118,108,119
119,108,119
120,107,119
121,107,120
122,107,120
123,107,120
124,107,120
125,106,121
126,106,120
127,106,120
128,106,120
129,105,120
130,105,120
131,105,120
132,105,119
133,104,119
134,104,119
135,104,119
136,104,119
137,103,118
138,103,118
139,103,118
140,103,118
141,102,118
142,102,117
143,102,117
144,101,117
145,101,117
146,101,117
147,100,116
148,100,116
149,100,116
150,99,116
151,99,116
152,99,115
153,98,115
154,98,115
155,98,115
156,97,115
157,97,115
158,97,115
159,96,115
160,96,115
161,96,113
162,95,111
163,95,108
164,95,106
165,94,104
166,94,101
167,93,99
168,93,97
169,92,94
170,92,92
0,92
90,176,176
91,171,183
92,170,186
93,169,188
94,169,190
95,168,192
96,168,194
97,167,195
98,167,197
99,167,199
100,166,200
101,166,202
102,165,203
103,165,204
104,164,205
105,164,207
106,164,208
107,163,209
108,163,209
109,162,210
110,162,210
111,161,211
112,161,211
113,161,210
114,160,210
115,160,209
116,160,208
117,160,206
118,160,205
119,159,203
120,159,202
121,159,200
122,159,199
123,158,198
124,158,197
125,158,195
126,157,194
127,157,193
128,156,192
129,156,191
130,156,189
131,155,188
132,155,187
133,155,186
134,154,185
135,154,184
136,153,183
137,153,182
138,152,181
139,152,180
140,152,179
141,151,178
142,151,177
143,150,176
144,150,175
145,149,174
146,149,173
147,149,172
148,148,171
149,148,170
150,147,170
151,147,169
152,146,168
153,146,167
154,145,166
155,145,165
156,144,164
157,144,163
158,143,162
159,143,161
160,142,160
161,142,160
162,141,158
163,141,158
164,140,157
165,140,156
166,139,155
167,139,154
168,138,153
169,138,152
170,137,151
171,137,150
172,136,149
173,136,148
174,135,147
175,135,146
176,135,145
177,134,144
178,134,142
179,134,141
180,134,139
181,136,136
0,0
0,252
177,62,62
178,56,68
179,54,71
180,53,74
181,53,76
182,52,78
183,52,80
184,52,82
185,52,84
186,53,85
187,54,86
188,54,88
189,55,89
190,56,90
191,57,91
192,57,91
193,58,92
194,59,92
195,60,93
196,60,93
197,61,93
198,61,93
199,61,93
200,62,93
201,62,92
202,62,92
203,62,92
204,62,92
205,63,92
206,63,91
207,63,91
208,63,91
209,63,91
210,63,91
211,63,91
212,63,91
213,63,91
214,63,91
215,63,91
216,64,91
217,64,91
218,64,91
219,64,91
220,64,91
221,64,91
222,64,91
223,64,91
224,64,91
225,64,91
226,64,91
227,64,91
228,64,91
229,65,91
230,65,91
231,65,91
232,65,91
233,65,91
234,65,91
235,65,91
236,65,91
237,65,91
238,65,91
239,65,91
240,65,91
241,65,91
242,66,91
243,66,91
244,66,91
245,66,91
246,66,91
247,66,91
248,66,91
249,66,91
250,66,91
251,66,91
252,66,91
253,66,91
254,66,91
255,66,91
256,66,91
257,66,91
258,66,91
259,66,91
260,66,91
261,66,91
262,66,91
263,66,91
264,66,91
265,66,91
266,66,90
267,66,90
268,66,90
269,66,90
270,66,90
271,66,90
272,66,90
273,66,90
274,66,90
275,66,90
276,66,90
277,66,90
278,66,90
279,66,89
280,66,89
281,66,89
282,66,89
283,66,89
284,66,89
285,66,89
286,66,89
287,65,89
288,65,88
289,65,88
290,65,88
291,65,88
292,65,88
293,65,88
294,65,88
295,65,88
296,65,88
297,65,87
298,65,87
299,65,87
300,64,87
301,64,87
302,64,87
303,64,87
304,64,86
305,64,86
306,64,86
307,64,86
308,64,86
309,63,86
310,63,85
311,63,85
312,63,85
313,63,85
314,63,85
315,63,85
316,63,84
317,62,84
318,62,84
319,62,84
320,62,84
321,62,83
322,62,83
323,61,83
324,61,83
325,61,82
326,61,82
327,61,82
328,61,82
329,60,82
330,60,81
331,60,81
332,60,81
333,59,81
334,59,80
335,59,80
336,59,80
337,59,80
338,59,79
339,58,79
340,58,79
341,58,79
342,58,78
343,57,78
344,57,78
345,57,78
346,57,77
347,56,77
348,56,77
349,56,76
350,56,76
351,55,76
352,55,76
353,55,75
354,54,75
355,54,75
356,54,74
357,54,74
358,53,74
359,53,73
360,53,73
361,53,73
362,52,72
363,52,72
364,51,72
365,51,71
366,51,71
367,51,70
368,50,70
369,50,70
370,49,69
371,49,69
372,49,69
373,48,68
374,48,68
375,48,67
376,47,67
377,47,66
378,47,66
379,46,66
380,46,65
381,45,65
382,45,64
383,44,64
384,44,63
385,44,63
386,43,62
387,43,62
388,42,61
389,42,61
390,41,60
391,41,60
392,41,59
393,40,59
394,40,58
395,39,57
396,39,57
397,38,56
398,38,55
399,38,55
400,37,54
401,37,53
402,36,53
403,36,52
404,35,51
405,35,50
406,34,50
407,34,49
408,33,48
409,33,47
410,33,47
411,32,46
412,32,45
413,31,44
414,31,44
415,30,43
416,30,42
417,29,41
418,29,41
419,28,40
420,28,39
421,27,38
422,27,37
423,27,36
424,27,36
425,27,35
426,27,33
427,27,31
428,29,29
0,0
1,126
66,189,189
67,188,191
68,187,193
69,187,194
70,187,195
71,187,196
72,186,196
73,186,197
74,186,198
75,186,198
76,186,199
77,186,199
78,186,200
79,186,200
80,186,201
81,185,201
82,185,201
83,185,201
84,185,202
85,185,202
86,185,202
87,185,202
88,184,202
89,184,203
90,184,202
91,184,202
92,184,202
93,184,202
94,184,202
95,184,201
96,183,201
97,183,201
98,183,201
99,183,201
100,183,200
101,183,200
102,182,200
103,182,199
104,182,199
105,182,199
106,182,199
107,182,198
108,182,198
109,181,198
110,181,197
111,181,197
112,181,197
113,181,197
114,181,196
115,180,196
116,180,196
117,180,196
118,180,195
119,180,195
120,179,195
121,179,195
122,179,194
123,179,194
124,179,194
125,179,194
126,178,193
127,178,193
128,178,193
129,178,193
130,178,192
131,177,192
132,177,192
133,177,192
134,177,192
135,177,191
136,176,191
137,176,191
138,176,191
139,176,190
140,175,190
141,175,190
142,175,190
143,175,189
144,175,189
145,174,189
146,174,189
147,174,189
148,174,188
149,173,188
150,173,188
151,173,188
152,173,187
153,172,187
154,172,187
155,172,187
156,172,187
157,172,187
158,171,186
159,171,186
160,171,186
161,171,186
162,170,185
163,170,185
164,170,185
165,170,185
166,169,185
167,169,185
168,169,184
169,169,184
170,168,184
171,168,184
172,168,184
173,168,183
174,167,183
175,167,183
176,167,183
177,166,183
178,166,183
179,166,182
180,166,182
181,165,181
182,165,179
183,165,177
184,164,176
185,164,174
186,164,172
187,163,170
188,163,168
189,163,166
190,162,164
191,162,163
0,287
161,196,196
162,191,202
163,190,205
164,190,208
165,189,210
166,189,212
167,188,214
168,188,216
169,187,218
170,187,220
171,186,221
172,186,223
173,185,224
174,185,226
175,184,227
176,183,229
177,183,230
178,182,231
179,182,232
180,181,233
181,181,233
181,181,185
181,185,233
182,180,182
182,189,234
183,180,180
183,192,234
183,192,234
184,193,235
185,194,235
186,195,235
187,196,235
188,196,235
189,197,235
190,197,234
191,198,234
192,198,234
193,198,233
194,198,233
195,198,232
196,199,232
197,199,231
198,199,231
199,199,230
200,199,230
201,199,230
202,200,229
203,200,229
204,200,229
205,200,228
206,200,228
207,200,228
208,200,228
209,200,228
210,201,227
211,201,227
212,201,227
213,201,227
214,201,227
215,201,227
216,201,227
217,201,227
218,201,227
219,201,227
220,201,227
221,202,226
222,202,226
223,202,226
224,202,226
225,202,226
226,202,226
227,202,226
228,202,226
229,202,226
230,202,226
231,202,226
232,202,226
233,202,226
234,202,226
235,203,226
236,203,226
237,203,226
238,203,226
239,203,226
240,203,226
241,203,226
242,203,226
243,203,226
244,203,226
245,203,226
246,203,226
247,203,226
248,203,226
249,203,226
250,203,226
251,203,226
252,203,226
253,203,226
254,203,226
255,203,226
256,203,226
257,204,226
258,204,226
259,204,226
260,204,226
261,204,226
262,204,226
263,204,226
264,204,226
265,204,226
266,204,226
267,204,226
268,204,226
269,204,226
270,204,226
271,204,226
272,204,226
273,204,226
274,204,226
275,204,226
276,204,226
277,204,226
278,204,226
279,204,226
280,204,226
281,204,226
282,204,226
283,204,226
284,204,226
285,204,226
286,204,226
287,204,226
288,204,226
289,204,226
290,204,226
291,204,226
292,204,226
293,204,226
294,204,226
295,204,226
296,204,227
297,204,227
298,204,227
299,204,227
300,204,227
301,204,227
302,204,227
303,204,227
304,204,227
305,204,227
306,204,227
307,204,227
308,204,227
309,204,227
310,204,227
311,204,227
312,204,227
313,204,227
314,204,227
315,204,227
316,204,227
317,204,227
318,203,227
319,203,227
320,203,227
321,203,227
322,203,227
323,203,227
324,203,227
325,203,227
326,203,227
327,203,227
328,203,227
329,203,227
330,203,227
331,203,227
332,203,227
333,203,227
334,203,227
335,203,227
336,203,227
337,203,227
338,203,228
339,203,228
340,202,228
341,202,228
342,202,228
343,202,228
344,202,228
345,202,228
346,202,228
347,202,228
348,202,228
349,202,228
350,202,228
351,202,228
352,202,228
353,202,228
354,201,228
355,201,228
356,201,228
357,201,228
358,201,228
359,201,228
360,201,228
361,201,228
362,201,228
363,201,228
364,201,228
365,200,228
366,200,228
367,200,228
368,200,229
369,200,229
370,200,229
371,200,229
372,200,229
373,200,229
374,199,229
375,199,229
376,199,229
377,199,229
378,199,229
379,199,229
380,199,229
381,198,229
382,198,229
383,198,229
384,198,229
385,198,229
386,197,229
387,197,229
388,197,229
389,197,229
390,196,229
391,196,228
392,196,228
393,195,228
394,194,228
395,194,228
396,194,228
397,194,228
398,195,228
399,195,228
400,195,228
401,195,227
402,195,227
403,195,227
404,195,227
405,195,227
406,195,227
407,195,227
408,195,226
409,195,226
410,195,226
411,195,226
412,195,226
413,195,225
414,195,225
415,195,225
416,195,225
417,195,224
418,195,224
419,195,224
420,195,223
421,195,223
422,195,223
423,195,222
424,195,222
425,195,222
426,195,221
427,195,221
428,195,220
429,195,220
430,195,219
431,195,219
432,195,218
433,195,218
434,195,217
435,196,217
436,196,216
437,198,215
438,199,215
439,200,214
440,201,213
441,203,212
442,205,210
1,37
195,394,434
194,394,433
193,395,432
192,395,430
191,395,429
190,395,428
189,395,426
188,395,425
187,395,424
186,395,422
185,395,421
184,394,420
183,394,419
182,394,417
181,394,416
180,394,415
179,393,414
178,393,413
177,393,412
176,393,410
175,392,409
174,392,408
173,392,407
172,392,406
171,391,405
170,391,404
169,391,403
168,390,402
167,390,401
166,390,400
165,389,399
164,389,398
163,388,397
162,389,396
161,389,395
160,389,394
159,390,392
0,0
1,86
101,254,255
102,253,256
103,252,257
104,252,258
105,252,259
106,251,259
107,251,260
108,250,260
109,250,260
110,249,261
111,249,261
112,249,261
113,248,261
114,248,260
115,247,260
116,247,260
117,246,260
118,246,260
119,246,260
120,245,260
121,245,260
122,244,260
123,244,259
124,243,259
125,243,259
126,243,259
127,242,259
128,242,258
129,241,258
130,241,258
131,240,258
132,240,258
133,240,257
134,239,257
135,239,257
136,238,257
137,238,256
138,238,256
139,237,256
140,237,256
141,237,256
142,236,255
143,236,255
144,236,255
145,236,255
146,235,254
147,235,254
148,235,254
149,235,254
150,234,254
151,234,254
152,234,253
153,234,253
154,234,253
155,233,253
156,233,252
157,233,252
158,233,252
159,233,252
160,233,252
161,233,251
162,233,251
163,233,251
164,232,251
165,233,251
166,233,251
167,233,250
168,233,250
169,233,250
170,233,250
171,233,250
172,233,249
173,234,249
174,234,249
175,234,249
176,235,249
177,235,248
178,235,248
179,236,248
180,236,248
181,237,247
182,238,247
183,238,247
184,240,246
185,241,245
186,243,244
0,0
1,99
93,309,309
94,308,311
95,307,312
96,307,313
97,306,313
98,306,314
99,306,315
100,305,315
101,305,315
102,305,315
103,304,315
104,304,315
105,304,316
106,303,315
107,303,315
108,303,315
109,302,315
110,302,315
111,301,315
112,301,315
113,301,315
114,300,315
115,300,314
116,300,314
117,299,314
118,299,314
119,299,314
120,298,314
121,298,314
122,298,313
123,297,313
124,297,313
125,296,313
126,296,313
127,296,312
128,295,312
129,295,312
130,295,312
131,294,311
132,294,311
133,293,311
134,293,311
135,293,311
136,292,310
137,292,310
138,292,310
139,291,310
140,291,309
141,291,309
142,290,309
143,290,309
144,290,309
145,289,308
146,289,308
147,289,308
148,288,308
149,288,308
150,288,307
151,288,307
152,287,307
153,287,307
154,287,307
155,287,306
156,286,306
157,286,306
158,286,306
159,286,306
160,286,305
161,286,305
162,286,305
163,285,305
164,285,305
165,285,304
166,285,304
167,285,304
168,285,304
169,285,304
170,285,303
171,285,303
172,285,303
173,285,303
174,285,303
175,286,303
176,286,302
177,286,302
178,286,302
179,286,302
180,287,302
181,287,301
182,287,301
183,288,301
184,288,301
185,289,301
186,289,300
187,290,300
188,291,300
189,292,299
190,293,299
191,294,298
0,0
0,231
181,131,131
182,127,134
183,125,137
184,123,139
185,122,141
186,121,143
187,121,145
188,120,147
189,120,148
190,120,150
191,121,151
192,121,152
193,122,153
194,123,154
195,123,155
196,123,156
197,124,157
198,125,157
199,125,158
200,126,158
201,126,158
202,127,158
203,127,158
204,127,158
205,127,158
206,128,157
207,128,157
208,128,157
209,128,157
210,128,157
211,128,156
212,129,156
213,129,156
214,129,156
215,129,156
216,129,155
217,129,155
218,129,155
219,129,155
220,129,155
221,129,155
222,129,155
223,129,155
224,129,155
225,129,155
226,129,154
227,129,154
228,130,154
229,130,154
230,130,154
231,130,154
232,130,154
233,130,154
234,130,154
235,130,154
236,130,154
237,130,154
238,130,154
239,130,154
240,130,154
241,130,154
242,130,154
243,130,154
244,130,154
245,130,153
246,130,153
247,130,153
248,130,153
249,130,153
250,130,153
251,130,153
252,130,153
253,130,153
254,130,153
255,130,153
256,130,153
257,130,153
258,130,153
259,130,153
260,130,153
261,130,153
262,130,153
263,130,153
264,130,153
265,130,153
266,130,153
267,130,153
268,130,153
269,130,153
270,130,153
271,130,152
272,130,152
273,130,152
274,130,152
275,130,152
276,130,152
277,130,152
278,130,152
279,130,152
280,130,152
281,130,152
282,130,152
283,130,152
284,130,152
285,130,152
286,130,152
287,130,152
288,130,152
289,130,152
290,130,152
291,130,152
292,130,152
293,130,152
294,130,152
295,130,152
296,130,152
297,129,152
298,129,152
299,129,152
300,129,152
301,129,152
302,129,152
303,129,152
304,129,152
305,129,152
306,129,152
307,129,152
308,129,152
309,129,152
310,129,152
311,129,152
312,129,151
313,129,151
314,129,151
315,129,151
316,129,151
317,129,151
318,129,151
319,129,151
320,129,151
321,129,151
322,129,151
323,129,151
324,129,151
325,129,151
326,129,151
327,129,151
328,129,151
329,129,151
330,129,151
331,129,151
332,129,152
333,129,152
334,129,152
335,129,152
336,129,152
337,129,152
338,129,152
339,129,152
340,129,152
341,129,152
342,129,152
343,129,152
344,129,152
345,129,152
346,129,152
347,129,152
348,129,152
349,129,152
350,129,152
351,129,151
352,129,151
353,129,151
354,129,151
355,129,151
356,129,151
357,129,151
358,129,151
359,129,151
360,129,151
361,129,151
362,129,151
363,129,151
364,129,151
365,129,151
366,129,151
367,129,151
368,129,151
369,129,150
370,129,150
371,129,150
372,129,150
373,129,150
374,129,150
375,129,150
376,129,150
377,129,150
378,129,150
379,129,149
380,129,149
381,129,149
382,129,149
383,129,149
384,129,149
385,129,149
386,129,149
387,129,149
388,129,148
389,129,148
390,129,148
391,129,148
392,129,148
393,130,148
394,130,148
395,130,148
396,130,147
397,130,147
398,130,147
399,131,147
400,131,146
401,131,146
402,132,146
403,132,146
404,132,145
405,132,145
406,133,144
407,133,144
408,134,143
409,135,142
410,136,141
411,138,139
0,0
0,191
58,321,321
59,316,326
60,314,330
61,312,333
62,312,335
63,311,338
64,311,340
65,311,342
66,311,343
67,311,345
68,311,347
69,311,349
70,312,350
71,312,352
72,313,353
73,313,354
74,314,356
75,314,357
76,315,358
77,315,358
78,316,359
79,316,360
80,317,360
81,317,360
82,318,360
83,318,360
84,318,360
85,318,360
86,319,359
87,319,359
88,319,359
89,320,358
90,320,358
91,320,358
92,320,358
93,321,357
94,321,357
95,321,357
96,321,357
97,321,356
98,322,356
99,322,356
100,322,356
101,322,356
102,322,355
103,322,355
104,322,355
105,323,355
106,323,355
107,323,355
108,323,355
109,323,354
110,323,354
111,323,354
112,324,354
113,324,354
114,324,354
115,324,354
116,324,354
117,324,353
118,324,353
119,324,353
120,324,353
121,324,353
122,324,353
123,324,353
124,324,353
125,324,353
126,325,353
127,325,352
128,325,352
129,325,352
130,325,352
131,325,352
132,325,352
133,325,352
134,325,352
135,325,352
136,325,352
137,325,351
138,325,351
139,325,351
140,325,351
141,325,351
142,325,351
143,325,351
144,325,351
145,325,351
146,325,351
147,325,351
148,325,351
149,325,350
150,325,350
151,325,350
152,325,350
153,325,350
154,325,350
155,325,350
156,325,350
157,325,350
158,325,350
159,325,350
160,325,350
161,325,349
162,325,349
163,325,349
164,325,349
165,325,349
166,325,349
167,325,349
168,325,349
169,325,349
170,325,349
171,325,349
172,325,348
173,325,348
174,325,348
175,325,348
176,325,348
177,325,348
178,325,348
179,325,348
180,325,348
181,325,348
182,325,348
183,325,348
184,325,347
185,325,347
186,325,347
187,325,347
188,325,347
189,325,347
190,325,347
191,325,347
192,325,347
193,324,347
194,324,347
195,324,346
196,324,346
197,324,346
198,324,346
199,324,346
200,324,346
201,324,346
202,324,346
203,324,346
204,324,346
205,324,346
206,324,345
207,324,345
208,324,345
209,324,345
210,324,345
211,324,345
212,324,345
213,324,345
214,324,345
215,324,345
216,324,345
217,324,344
218,324,344
219,324,344
220,323,344
221,323,344
222,323,344
223,323,344
224,323,344
225,323,344
226,323,344
227,323,344
228,323,344
229,323,343
230,323,343
231,323,343
232,323,343
233,323,343
234,323,343
235,323,343
236,323,343
237,323,343
238,323,343
239,323,343
240,323,343
241,323,342
242,322,342
243,322,340
244,322,336
245,322,332
246,322,328
247,322,325
248,322,322
0,0
0,58
159,258,258
160,255,261
161,254,264
162,254,266
163,254,267
164,254,269
165,254,271
166,254,273
167,254,275
168,254,276
169,255,278
170,255,279
171,256,281
172,256,283
173,257,284
174,257,286
175,258,287
176,259,288
177,259,290
178,260,291
179,261,292
180,262,294
181,262,295
182,263,296
183,264,297
184,265,297
185,265,298
186,266,299
187,267,300
188,267,300
189,268,301
190,269,301
191,270,301
192,270,302
193,271,302
194,272,302
195,272,302
196,273,302
197,274,302
198,274,302
199,275,302
200,276,302
201,276,302
202,277,302
203,278,302
204,279,302
205,279,302
206,280,302
207,281,302
208,281,301
209,282,301
210,283,301
211,283,300
212,284,300
213,285,299
214,286,298
215,288,297
216,290,295
0,0
0,82
122,399,405
123,397,410
124,395,413
125,395,415
126,395,418
127,395,420
128,395,422
129,395,424
130,395,426
131,395,427
132,396,429
133,396,430
134,396,431
135,396,433
136,396,434
137,396,435
138,396,436
139,396,437
140,396,438
141,395,438
142,395,439
143,395,439
144,394,439
145,394,439
146,393,439
147,393,439
148,392,438
149,392,438
150,391,437
151,391,435
152,390,434
153,390,432
154,389,431
155,389,429
156,389,428
157,388,426
158,387,425
159,387,424
160,387,422
161,386,421
162,385,420
163,385,419
164,384,418
165,384,417
166,383,416
167,383,415
168,382,414
169,381,412
170,381,411
171,380,410
172,379,408
173,379,407
174,378,406
175,377,405
176,377,403
177,376,402
178,376,401
179,375,400
180,374,399
181,374,398
182,373,396
183,372,395
184,372,394
185,371,392
186,370,391
187,370,390
188,369,388
189,368,387
190,368,386
191,367,385
192,367,383
193,366,382
194,365,380
195,365,379
196,364,377
197,364,376
198,363,374
199,363,373
200,363,371
201,363,370
202,363,368
203,365,365
0,0
1,207
240,256,258
241,256,260
242,255,261
243,255,262
244,255,263
245,254,263
246,254,264
247,254,265
248,254,266
249,254,266
250,253,267
251,253,267
252,253,268
253,253,268
254,253,268
255,253,269
256,252,269
257,252,269
258,252,270
259,252,270
260,252,270
261,252,270
262,251,270
263,251,270
264,251,270
265,251,271
266,251,271
267,250,271
268,250,271
269,250,270
270,250,270
271,250,270
272,250,270
273,249,270
274,249,270
275,249,269
276,249,269
277,249,269
278,249,268
279,248,268
280,248,268
281,248,267
282,248,267
283,248,267
284,247,267
285,247,266
286,247,266
287,247,266
288,247,266
289,247,265
290,246,265
291,246,265
292,246,265
293,246,264
294,246,264
295,246,264
296,245,264
297,245,263
298,245,263
299,245,263
300,245,263
301,244,262
302,244,262
303,244,262
304,244,262
305,244,262
306,243,261
307,243,261
308,243,261
309,243,261
310,243,260
311,243,260
312,242,260
313,242,260
314,242,260
315,242,259
316,242,259
317,241,259
318,241,259
319,241,259
320,241,259
321,241,258
322,240,258
323,240,258
324,240,258
325,240,258
326,240,257
327,240,257
328,239,257
329,239,257
330,239,257
331,239,257
332,239,257
333,238,256
334,238,256
335,238,256
336,238,256
337,238,256
338,237,256
339,237,255
340,237,255
341,237,255
342,237,255
343,236,255
344,236,255
345,236,255
346,236,255
347,236,254
348,235,254
349,235,254
350,235,254
351,235,254
352,235,254
353,234,254
354,234,253
355,234,253
356,234,253
357,234,253
358,233,253
359,233,253
360,233,253
361,233,253
362,233,253
363,232,253
364,232,252
365,232,252
366,232,252
367,231,252
368,231,252
369,231,252
370,231,252
371,231,252
372,230,252
373,230,252
374,230,252
375,230,252
376,229,252
377,229,252
378,229,252
379,229,252
380,229,251
381,228,251
382,228,251
383,228,251
384,228,251
385,227,251
386,227,251
387,227,251
388,227,251
389,226,251
390,226,251
391,226,251
392,226,251
393,226,251
394,225,251
395,225,251
396,225,251
397,225,251
398,224,251
399,224,251
400,224,250
401,224,250
402,224,250
403,223,250
404,223,250
405,223,250
406,223,250
407,223,250
408,223,250
409,222,250
410,223,250
411,223,250
412,223,250
413,223,250
414,223,250
415,223,250
416,224,250
417,224,250
418,224,250
419,224,250
420,224,250
421,225,250
422,225,250
423,226,250
424,226,250
425,226,250
426,227,250
427,227,250
428,228,250
429,228,250
430,229,250
431,229,250
432,230,250
433,231,250
434,231,250
435,232,250
436,232,250
437,233,249
438,234,249
439,235,249
440,235,249
441,236,249
442,237,248
443,238,248
444,239,247
445,240,246
446,242,245
0,0
0,159
260,293,293
261,289,298
262,286,301
263,286,303
264,286,305
265,286,307
266,286,308
267,286,310
268,286,311
269,286,312
270,287,313
271,287,314
272,288,315
273,288,316
274,289,317
275,289,317
276,290,318
277,290,319
278,290,320
279,290,320
280,290,321
281,290,322
282,290,322
283,290,322
284,290,323
285,290,323
286,290,323
287,289,323
288,289,323
289,289,323
290,289,322
291,289,321
292,289,321
293,289,320
294,289,320
295,288,319
296,288,319
297,288,318
298,288,318
299,288,317
300,288,317
301,287,317
302,287,316
303,287,316
304,287,315
305,287,315
306,286,314
307,286,314
308,286,314
309,286,313
310,285,313
311,285,312
312,285,312
313,285,312
314,284,311
315,284,311
316,284,310
317,283,310
318,283,310
319,283,309
320,282,309
321,282,308
322,282,308
323,281,307
324,281,307
325,281,306
326,280,306
327,280,305
328,280,305
329,279,304
330,279,304
331,278,303
332,278,303
333,278,303
334,277,302
335,277,302
336,276,301
337,276,300
338,275,300
339,275,299
340,274,299
341,274,298
342,274,298
343,273,297
344,273,297
345,272,296
346,272,296
347,271,295
348,271,294
349,270,294
350,270,293
351,269,293
352,269,292
353,268,292
354,268,291
355,268,290
356,267,290
357,266,289
358,266,289
359,266,288
360,265,287
361,264,287
362,264,286
363,263,286
364,263,285
365,262,284
366,262,284
367,261,283
368,261,282
369,260,282
370,260,281
371,259,281
372,259,280
373,258,279
374,258,279
375,257,278
376,256,277
377,256,277
378,255,276
379,255,275
380,254,274
381,254,274
382,253,273
383,252,272
384,252,271
385,251,271
386,251,270
387,250,269
388,249,268
389,249,268
390,248,267
391,248,266
392,247,265
393,246,264
394,246,263
395,245,262
396,244,261
397,244,260
398,243,259
399,242,258
400,242,258
401,241,256
402,240,255
403,240,254
404,239,253
405,238,252
406,238,251
407,237,250
408,236,249
409,236,248
410,235,247
411,234,246
412,233,245
413,233,244
414,232,243
415,232,241
416,232,240
417,232,238
418,233,236
0,0
0,165
249,340,340
250,338,344
251,336,348
252,336,350
253,335,353
254,335,355
255,335,356
256,335,358
257,335,359
258,335,361
259,336,362
260,336,363
261,336,364
262,336,365
263,336,366
264,337,366
265,337,367
266,337,367
267,338,368
268,338,368
269,338,368
270,338,368
271,339,368
272,339,368
273,339,368
274,339,368
275,339,367
276,339,367
277,340,367
278,340,367
279,340,367
280,340,366
281,340,366
282,340,366
283,340,366
284,340,366
285,340,365
286,340,365
287,340,365
288,340,365
289,340,365
290,340,364
291,340,364
292,340,364
293,340,364
294,340,364
295,340,364
296,340,363
297,340,363
298,340,363
299,339,363
300,339,363
301,339,363
302,339,362
303,339,362
304,339,362
305,339,362
306,339,362
307,339,362
308,339,361
309,338,361
310,338,361
311,338,361
312,338,361
313,338,361
314,338,360
315,338,360
316,338,360
317,338,360
318,338,360
319,338,360
320,338,360
321,337,359
322,337,359
323,337,359
324,337,359
325,337,359
326,337,359
327,337,359
328,337,358
329,337,358
330,337,358
331,337,358
332,337,358
333,337,358
334,336,358
335,336,358
336,336,358
337,336,357
338,336,357
339,336,357
340,336,357
341,336,357
342,336,357
343,336,357
344,336,357
345,336,357
346,336,357
347,336,357
348,336,356
349,336,356
350,336,356
351,335,356
352,335,356
353,335,356
354,335,356
355,335,356
356,335,356
357,335,356
358,335,356
359,335,356
360,335,356
361,335,356
362,335,356
363,335,356
364,335,356
365,335,356
366,335,356
367,335,356
368,335,356
369,335,356
370,335,356
371,335,356
372,335,356
373,335,356
374,335,356
375,335,356
376,335,356
377,335,356
378,335,356
379,335,356
380,335,356
381,335,356
382,335,356
383,335,356
384,335,356
385,335,356
386,335,357
387,335,357
388,335,357
389,335,357
390,335,357
391,335,357
392,335,357
393,335,358
394,335,358
395,335,358
396,335,358
397,335,359
398,335,359
399,336,359
400,336,360
401,336,360
402,336,360
403,336,361
404,336,361
405,336,361
406,336,358
407,337,355
408,337,353
409,337,350
410,337,347
411,337,345
412,338,342
413,338,339
1,184
338,414,415
339,413,417
340,413,419
341,413,421
342,412,422
343,412,424
344,412,425
345,411,426
346,411,427
347,410,428
348,410,429
349,410,430
350,409,431
351,409,432
352,409,432
353,408,433
354,408,434
355,407,434
356,407,435
357,407,435
358,406,436
359,406,436
360,406,437
361,405,437
362,406,438
363,407,438
364,409,439
365,410,439
366,410,439
367,411,440
368,412,440
369,412,440
370,413,441
371,414,441
372,414,441
373,414,442
374,415,442
375,415,442
376,416,442
377,416,443
378,416,443
379,417,443
380,417,443
381,417,443
382,418,444
383,418,444
384,418,444
385,418,444
386,418,444
387,419,445
388,419,445
389,419,445
390,419,445
391,419,445
392,419,437
392,419,445
393,419,437
393,419,445
394,419,437
394,419,445
395,419,437
395,419,446
396,419,437
396,419,446
397,419,437
397,419,446
398,419,437
398,419,446
399,419,437
399,419,446
400,419,437
400,419,446
401,419,437
401,419,446
402,419,437
402,419,446
403,419,437
403,419,446
404,419,437
404,419,446
405,419,437
405,419,446
406,419,437
406,419,446
407,419,437
407,419,446
408,419,437
408,419,446
409,419,437
409,419,446
410,419,437
410,419,446
411,419,437
411,419,446
412,419,437
412,419,446
413,419,437
413,419,446
414,419,437
414,419,446
415,419,437
415,419,446
416,419,437
416,419,447
417,419,437
417,418,446
418,419,437
418,418,446
419,419,437
419,418,446
420,419,437
420,418,446
421,419,437
421,417,446
422,419,437
422,417,446
423,419,437
423,417,446
424,419,437
424,416,446
425,419,437
425,416,446
426,419,437
426,415,446
427,419,437
427,415,445
428,419,437
428,414,445
429,419,437
429,413,445
430,419,437
430,412,445
431,419,437
431,411,445
432,419,437
432,411,445
433,419,437
433,411,445
434,419,437
434,411,445
435,411,444
436,411,444
437,411,444
438,411,444
439,411,443
440,411,443
441,411,443
442,411,443
443,410,443
444,410,442
445,410,442
446,410,442
447,410,441
448,410,441
449,410,441
450,410,440
451,410,440
452,410,439
453,410,439
454,410,439
455,410,438
456,410,438
457,410,437
458,410,437
459,410,436
460,410,436
461,410,435
462,410,435
463,410,434
464,410,434
465,410,433
466,410,432
467,410,432
468,410,431
469,410,431
470,410,430
471,410,429
472,410,428
473,410,428
474,410,427
475,410,426
476,411,424
477,414,422
477,414,418
0,68
410,432,443
409,432,474
408,433,474
407,433,474
406,434,473
405,434,473
404,435,473
403,435,472
402,436,472
401,436,471
400,436,471
399,437,471
398,437,470
397,438,470
396,438,470
395,438,469
394,439,469
393,439,469
392,439,469
391,440,468
390,440,468
389,440,468
388,441,467
387,441,467
386,441,467
385,441,467
384,442,466
383,442,466
382,442,466
381,443,466
380,443,465
379,443,465
378,444,465
377,444,465
376,444,464
375,444,464
374,445,464
373,445,464
372,445,464
371,446,463
370,446,463
369,446,463
368,446,463
367,447,462
366,447,462
365,447,462
364,447,462
363,448,462
362,448,461
361,448,461
360,448,461
359,449,461
358,449,461
357,449,460
356,449,460
355,450,460
354,450,460
353,450,460
352,450,459
351,451,459
350,451,459
349,451,459
348,451,459
347,452,459
346,452,458
345,452,458
344,453,457
343,454,455
0,0
