0,124
39,128,128
40,124,133
41,123,135
42,123,137
43,122,139
44,122,140
45,122,141
46,122,143
47,123,144
48,123,145
49,123,146
50,123,147
51,123,148
52,124,149
53,124,150
54,124,151
55,124,152
56,124,153
57,123,154
58,123,154
59,123,155
60,123,156
61,123,156
62,122,157
63,122,157
64,122,158
65,121,158
66,121,158
67,120,158
68,120,158
69,120,158
70,119,158
71,119,158
72,118,157
73,118,156
74,117,156
75,117,155
76,116,153
77,115,152
78,115,151
79,114,150
80,114,149
81,113,148
82,112,147
83,112,146
84,111,145
85,110,144
86,110,143
87,109,142
88,109,141
89,108,140
90,107,139
91,107,138
92,106,138
93,105,137
94,104,136
95,104,135
96,103,134
97,102,133
98,102,132
99,101,132
100,100,131
101,99,130
102,99,129
103,98,128
104,97,127
105,96,126
106,96,125
107,95,125
108,94,124
109,93,123
110,92,122
111,92,121
112,91,120
113,90,119
114,89,118
115,88,117
116,87,116
117,87,115
118,86,114
119,85,113
120,84,112
121,83,111
122,82,110
123,82,109
124,81,108
125,80,107
126,79,106
127,78,105
128,77,103
129,76,102
130,76,101
131,75,100
132,74,99
133,73,98
134,72,97
135,71,95
136,70,94
137,69,93
138,68,92
139,67,91
140,66,89
141,65,88
142,64,87
143,63,85
144,63,84
145,62,83
146,61,81
147,60,80
148,59,79
149,58,77
150,57,76
151,56,74
152,55,73
153,54,71
154,53,70
155,52,68
156,51,67
157,50,65
158,49,63
159,49,61
160,49,59
161,49,57
162,50,53
0,0
1,63
110,110,112
111,110,113
112,109,115
113,109,115
114,109,116
115,109,117
116,109,117
117,108,118
118,108,118
119,108,118
120,108,119
121,108,119
122,108,119
123,108,119
124,107,119
125,107,120
126,107,120
127,107,120
128,107,120
129,107,120
130,106,119
131,106,119
132,106,119
133,106,119
134,105,119
135,105,119
136,105,119
137,105,119
138,104,118
139,104,118
140,104,118
141,104,118
142,103,118
143,103,117
144,103,117
145,102,117
146,102,117
147,102,117
148,102,116
149,101,116
150,101,116
151,101,116
152,100,116
153,100,115
154,100,115
155,99,115
156,99,115
157,99,115
158,98,115
159,98,115
160,98,115
161,97,115
162,97,115
163,97,115
164,97,113
165,96,111
166,96,109
167,95,106
168,95,104
169,95,102
170,94,99
171,94,97
172,93,94
0,91
91,178,178
92,174,184
93,173,187
94,172,189
95,171,191
96,171,193
97,171,195
98,170,197
99,170,198
100,169,200
101,169,202
102,168,203
103,168,204
104,168,206
105,167,207
106,167,208
107,166,209
108,166,210
109,165,210
110,165,211
111,165,211
112,164,211
113,164,211
114,163,210
115,163,209
116,163,208
117,163,207
118,163,205
119,163,204
120,162,202
121,162,201
122,162,199
123,161,198
124,161,197
125,161,196
126,160,195
127,160,193
128,159,192
129,159,191
130,159,190
131,158,189
132,158,188
133,157,187
134,157,186
135,157,185
136,156,184
137,156,183
138,155,182
139,155,181
140,154,180
141,154,179
142,153,178
143,153,177
144,152,176
145,152,175
146,152,174
147,151,173
148,151,172
149,150,172
150,150,171
151,149,170
152,149,169
153,148,168
154,148,167
155,147,166
156,147,165
157,146,164
158,146,164
159,145,163
160,145,162
161,144,161
162,144,160
163,143,159
164,143,158
165,142,157
166,142,156
167,141,155
168,140,154
169,140,153
170,139,152
171,139,151
172,139,151
173,138,149
174,137,148
175,137,147
176,137,146
177,136,145
178,136,144
179,136,143
180,136,141
181,138,138
0,0
0,252
177,64,64
178,58,70
179,56,73
180,55,76
181,55,78
182,54,80
183,54,82
184,54,84
185,54,86
186,55,87
187,56,88
188,56,90
189,57,91
190,58,92
191,59,93
192,59,93
193,60,94
194,61,94
195,62,95
196,62,95
197,63,95
198,63,95
199,63,95
200,64,95
201,64,94
202,64,94
203,64,94
204,64,94
205,65,94
206,65,93
207,65,93
208,65,93
209,65,93
210,65,93
211,65,93
212,65,93
213,65,93
214,65,93
215,65,93
216,66,93
217,66,93
218,66,93
219,66,93
220,66,93
221,66,93
222,66,93
223,66,93
224,66,93
225,66,93
226,66,93
227,66,93
228,66,93
229,67,93
230,67,93
231,67,93
232,67,93
233,67,93
234,67,93
235,67,93
236,67,93
237,67,93
238,67,93
239,67,93
240,67,93
241,67,93
242,68,93
243,68,93
244,68,93
245,68,93
246,68,93
247,68,93
248,68,93
249,68,93
250,68,93
251,68,93
252,68,93
253,68,93
254,68,93
255,68,93
256,68,93
257,68,93
258,68,93
259,68,93
260,68,93
261,68,93
262,68,93
263,68,93
264,68,93
265,68,93
266,68,92
267,68,92
268,68,92
269,68,92
270,68,92
271,68,92
272,68,92
273,68,92
274,68,92
275,68,92
276,68,92
277,68,92
278,68,92
279,68,91
280,68,91
281,68,91
282,68,91
283,68,91
284,68,91
285,68,91
286,68,91
287,67,91
288,67,90
289,67,90
290,67,90
291,67,90
292,67,90
293,67,90
294,67,90
295,67,90
296,67,90
297,67,89
298,67,89
299,67,89
300,66,89
301,66,89
302,66,89
303,66,89
304,66,88
305,66,88
306,66,88
307,66,88
308,66,88
309,65,88
310,65,87
311,65,87
312,65,87
313,65,87
314,65,87
315,65,87
316,65,86
317,64,86
318,64,86
319,64,86
320,64,86
321,64,85
322,64,85
323,63,85
324,63,85
325,63,84
326,63,84
327,63,84
328,63,84
329,62,84
330,62,83
331,62,83
332,62,83
333,61,83
334,61,82
335,61,82
336,61,82
337,61,82
338,61,81
339,60,81
340,60,81
341,60,81
342,60,80
343,59,80
344,59,80
345,59,80
346,59,79
347,58,79
348,58,79
349,58,78
350,58,78
351,57,78
352,57,78
353,57,77
354,56,77
355,56,77
356,56,76
357,56,76
358,55,76
359,55,75
360,55,75
361,55,75
362,54,74
363,54,74
364,53,74
365,53,73
366,53,73
367,53,72
368,52,72
369,52,72
370,51,71
371,51,71
372,51,71
373,50,70
374,50,70
375,50,69
376,49,69
377,49,68
378,49,68
379,48,68
380,48,67
381,47,67
382,47,66
383,46,66
384,46,65
385,46,65
386,45,64
387,45,64
388,44,63
389,44,63
390,43,62
391,43,62
392,43,61
393,42,61
394,42,60
395,41,59
396,41,59
397,40,58
398,40,57
399,40,57
400,39,56
401,39,55
402,38,55
403,38,54
404,37,53
405,37,52
406,36,52
407,36,51
408,35,50
409,35,49
410,35,49
411,34,48
412,34,47
413,33,46
414,33,46
415,32,45
416,32,44
417,31,43
418,31,43
419,30,42
420,30,41
421,29,40
422,29,39
423,29,38
424,29,38
425,29,37
426,29,35
427,29,33
428,31,31
0,0
1,122
68,189,189
69,188,191
70,187,193
71,187,194
72,187,195
73,187,196
74,186,196
75,186,197
76,186,198
77,186,198
78,186,199
79,186,199
80,186,200
81,186,200
82,185,201
83,185,201
84,185,201
85,185,201
86,185,202
87,185,202
88,185,202
89,184,202
90,184,202
91,184,203
92,184,202
93,184,202
94,184,202
95,184,202
96,183,202
97,183,201
98,183,201
99,183,201
100,183,201
101,183,200
102,183,200
103,182,200
104,182,199
105,182,199
106,182,199
107,182,199
108,182,198
109,181,198
110,181,198
111,181,197
112,181,197
113,181,197
114,181,197
115,180,196
116,180,196
117,180,196
118,180,196
119,180,195
120,179,195
121,179,195
122,179,195
123,179,194
124,179,194
125,178,194
126,178,194
127,178,193
128,178,193
129,178,193
130,177,193
131,177,192
132,177,192
133,177,192
134,177,192
135,176,191
136,176,191
137,176,191
138,176,191
139,176,190
140,175,190
141,175,190
142,175,190
143,175,190
144,174,189
145,174,189
146,174,189
147,174,189
148,173,188
149,173,188
150,173,188
151,173,188
152,173,188
153,172,187
154,172,187
155,172,187
156,172,187
157,171,186
158,171,186
159,171,186
160,171,186
161,170,186
162,170,185
163,170,185
164,170,185
165,169,185
166,169,185
167,169,184
168,168,184
169,168,184
170,168,184
171,168,184
172,167,183
173,167,183
174,167,183
175,167,183
176,166,183
177,166,183
178,166,182
179,165,182
180,165,180
181,165,178
182,164,176
183,164,174
184,164,172
185,163,170
186,163,168
187,163,167
188,162,165
189,162,163
0,286
161,194,194
162,189,199
163,189,203
164,188,206
165,187,208
166,187,210
167,186,212
168,186,214
169,185,216
170,185,218
171,184,220
172,184,221
173,183,223
174,183,224
175,182,226
176,182,227
177,181,228
178,181,229
179,180,230
180,180,231
181,179,232
182,178,232
182,178,186
182,186,232
183,178,178
183,189,233
183,189,233
184,191,233
185,192,233
186,193,233
187,194,233
188,195,233
189,195,233
190,195,233
191,196,232
192,196,232
193,196,232
194,196,231
195,197,231
196,197,230
197,197,230
198,197,229
199,197,229
200,197,228
201,198,228
202,198,228
203,198,227
204,198,227
205,198,227
206,198,227
207,198,226
208,199,226
209,199,226
210,199,226
211,199,226
212,199,226
213,199,225
214,199,225
215,199,225
216,200,225
217,200,225
218,200,225
219,200,225
220,200,225
221,200,225
222,200,225
223,200,225
224,200,225
225,200,225
226,200,225
227,200,225
228,200,225
229,201,225
230,201,225
231,201,225
232,201,225
233,201,225
234,201,225
235,201,225
236,201,225
237,201,225
238,201,225
239,201,225
240,201,225
241,201,225
242,201,225
243,201,225
244,202,225
245,202,225
246,202,225
247,202,225
248,202,225
249,202,225
250,202,225
251,202,225
252,202,225
253,202,225
254,202,225
255,202,225
256,202,225
257,202,225
258,202,225
259,202,225
260,202,225
261,202,225
262,202,225
263,202,225
264,203,225
265,203,225
266,203,225
267,203,225
268,203,225
269,203,225
270,203,225
271,203,225
272,203,225
273,203,225
274,203,225
275,203,225
276,203,225
277,203,225
278,203,225
279,203,225
280,203,225
281,203,225
282,203,225
283,203,225
284,203,225
285,203,225
286,203,225
287,203,225
288,203,225
289,203,225
290,203,225
291,203,225
292,203,225
293,203,225
294,203,225
295,203,225
296,203,226
297,203,226
298,203,226
299,203,226
300,203,226
301,203,226
302,203,226
303,203,226
304,203,226
305,203,226
306,203,226
307,203,226
308,203,226
309,203,226
310,203,226
311,203,226
312,203,226
313,203,226
314,203,226
315,203,226
316,203,226
317,203,226
318,203,226
319,203,226
320,203,226
321,203,226
322,203,226
323,203,226
324,203,226
325,202,227
326,202,227
327,202,227
328,202,227
329,202,227
330,202,227
331,202,227
332,202,227
333,202,227
334,202,227
335,202,227
336,202,227
337,202,227
338,202,227
339,202,227
340,202,227
341,202,227
342,202,227
343,202,227
344,202,227
345,202,227
346,202,227
347,201,227
348,201,227
349,201,227
350,201,227
351,201,227
352,201,227
353,201,227
354,201,228
355,201,228
356,201,228
357,201,228
358,201,228
359,201,228
360,200,228
361,200,228
362,200,228
363,200,228
364,200,228
365,200,228
366,200,228
367,200,228
368,200,228
369,200,228
370,200,228
371,199,228
372,199,228
373,199,228
374,199,228
375,199,228
376,199,228
377,199,228
378,199,228
379,199,229
380,198,229
381,198,229
382,198,229
383,198,229
384,198,228
385,197,228
386,197,228
387,197,228
388,197,228
389,197,228
390,196,228
391,196,228
392,195,228
393,195,228
394,194,228
395,194,228
396,194,228
397,194,228
398,194,227
399,194,227
400,194,227
401,194,227
402,194,227
403,194,227
404,194,227
405,194,227
406,194,226
407,194,226
408,194,226
409,194,226
410,194,226
411,194,226
412,194,225
413,195,225
414,195,225
415,195,225
416,195,224
417,195,224
418,195,224
419,195,224
420,195,223
421,195,223
422,195,223
423,195,222
424,195,222
425,195,222
426,195,221
427,195,221
428,195,220
429,195,220
430,195,219
431,195,219
432,195,218
433,195,218
434,195,217
435,196,217
436,196,216
437,198,215
438,199,215
439,200,214
440,202,213
441,203,212
442,206,210
1,37
195,400,434
194,394,433
193,395,432
192,395,430
191,395,429
190,395,428
189,395,426
188,395,425
187,395,424
186,395,422
185,395,421
184,395,420
183,394,419
182,394,417
181,394,416
180,394,415
179,393,414
178,393,413
177,393,412
176,393,410
175,392,409
174,392,408
173,392,407
172,392,406
171,391,405
170,391,404
169,391,403
168,390,402
167,390,401
166,390,400
165,389,399
164,389,398
163,388,397
162,389,396
161,389,395
160,389,394
159,390,392
0,0
1,86
103,253,255
104,253,256
105,252,257
106,252,258
107,251,259
108,251,259
109,251,260
110,250,260
111,250,260
112,249,261
113,249,261
114,248,261
115,248,261
116,248,260
117,247,260
118,247,260
119,246,260
120,246,260
121,246,260
122,245,260
123,245,260
124,244,260
125,244,259
126,243,259
127,243,259
128,243,259
129,242,259
130,242,258
131,241,258
132,241,258
133,240,258
134,240,258
135,240,257
136,239,257
137,239,257
138,238,257
139,238,256
140,238,256
141,237,256
142,237,256
143,237,256
144,236,255
145,236,255
146,236,255
147,236,255
148,235,254
149,235,254
150,235,254
151,235,254
152,234,254
153,234,254
154,234,253
155,234,253
156,234,253
157,233,253
158,233,252
159,233,252
160,233,252
161,233,252
162,233,252
163,233,251
164,233,251
165,233,251
166,232,251
167,233,251
168,233,250
169,233,250
170,233,250
171,233,250
172,233,250
173,233,250
174,233,249
175,234,249
176,234,249
177,234,249
178,235,249
179,235,248
180,235,248
181,236,248
182,236,248
183,237,247
184,238,247
185,239,247
186,240,246
187,241,245
188,243,244
0,0
1,95
99,307,307
100,306,309
101,305,310
102,305,311
103,305,312
104,304,312
105,304,313
106,304,313
107,303,314
108,303,314
109,303,314
110,302,314
111,302,314
112,302,314
113,301,314
114,301,314
115,301,314
116,300,314
117,300,314
118,300,313
119,299,313
120,299,313
121,299,313
122,298,313
123,298,313
124,298,313
125,297,313
126,297,312
127,297,312
128,296,312
129,296,312
130,296,312
131,295,312
132,295,311
133,295,311
134,294,311
135,294,311
136,293,311
137,293,311
138,293,310
139,292,310
140,292,310
141,292,310
142,291,310
143,291,309
144,291,309
145,291,309
146,290,309
147,290,309
148,290,309
149,289,308
150,289,308
151,289,308
152,289,308
153,288,308
154,288,308
155,288,307
156,288,307
157,288,307
158,287,307
159,287,307
160,287,307
161,287,306
162,287,306
163,287,306
164,287,306
165,287,306
166,286,306
167,286,305
168,286,305
169,286,305
170,286,305
171,286,305
172,287,305
173,287,304
174,287,304
175,287,304
176,287,304
177,287,304
178,287,304
179,287,304
180,288,303
181,288,303
182,288,303
183,289,303
184,289,303
185,289,303
186,290,303
187,290,302
188,291,302
189,292,302
190,293,301
191,293,301
192,295,300
193,296,299
0,0
0,227
181,133,133
182,129,136
183,127,139
184,125,141
185,124,143
186,123,145
187,122,147
188,122,149
189,122,150
190,122,152
191,123,153
192,123,154
193,124,155
194,124,156
195,125,157
196,126,158
197,126,159
198,127,159
199,127,160
200,128,160
201,128,160
202,129,160
203,129,160
204,129,160
205,129,160
206,130,159
207,130,159
208,130,159
209,130,159
210,130,159
211,130,158
212,130,158
213,130,158
214,131,158
215,131,158
216,131,157
217,131,157
218,131,157
219,131,157
220,131,157
221,131,157
222,131,157
223,131,157
224,131,157
225,131,157
226,131,156
227,131,156
228,131,156
229,131,156
230,131,156
231,131,156
232,132,156
233,132,156
234,132,156
235,132,156
236,132,156
237,132,156
238,132,156
239,132,156
240,132,156
241,132,156
242,132,156
243,132,156
244,132,155
245,132,155
246,132,155
247,132,155
248,132,155
249,132,155
250,132,155
251,132,155
252,132,155
253,132,155
254,132,155
255,132,155
256,132,155
257,132,155
258,132,155
259,132,155
260,132,155
261,132,155
262,132,155
263,132,155
264,132,155
265,132,155
266,132,155
267,132,155
268,132,155
269,132,155
270,132,154
271,132,154
272,132,154
273,132,154
274,132,154
275,132,154
276,132,154
277,132,154
278,132,154
279,132,154
280,132,154
281,132,154
282,132,154
283,132,154
284,132,154
285,132,154
286,131,154
287,131,154
288,131,154
289,131,154
290,131,154
291,131,154
292,131,154
293,131,154
294,131,154
295,131,154
296,131,154
297,131,154
298,131,154
299,131,154
300,131,154
301,131,154
302,131,154
303,131,154
304,131,154
305,131,154
306,131,154
307,131,154
308,131,154
309,131,154
310,131,153
311,131,153
312,131,153
313,131,153
314,131,153
315,131,153
316,131,153
317,131,153
318,131,153
319,131,153
320,131,153
321,131,153
322,131,153
323,131,153
324,131,153
325,131,153
326,131,153
327,131,153
328,131,153
329,131,154
330,131,154
331,131,154
332,131,154
333,131,154
334,131,154
335,131,154
336,131,154
337,131,154
338,131,154
339,131,154
340,131,154
341,131,154
342,131,154
343,131,154
344,131,154
345,131,154
346,131,153
347,131,153
348,131,153
349,131,153
350,131,153
351,131,153
352,131,153
353,131,153
354,131,153
355,131,153
356,131,153
357,131,153
358,131,153
359,131,153
360,131,153
361,131,153
362,131,153
363,131,153
364,131,153
365,131,152
366,131,152
367,131,152
368,131,152
369,131,152
370,131,152
371,131,152
372,131,152
373,131,152
374,131,152
375,131,151
376,131,151
377,131,151
378,131,151
379,131,151
380,131,151
381,131,151
382,131,151
383,131,151
384,131,151
385,131,150
386,131,150
387,131,150
388,131,150
389,132,150
390,132,150
391,132,150
392,132,149
393,132,149
394,132,149
395,133,149
396,133,149
397,133,148
398,133,148
399,134,148
400,134,147
401,134,147
402,135,146
403,135,146
404,136,145
405,137,144
406,138,143
407,139,141
0,0
0,58
75,277,277
76,274,280
77,274,282
78,273,284
79,273,286
80,273,288
81,273,289
82,273,291
83,273,292
84,273,294
85,273,295
86,274,297
87,274,298
88,274,300
89,275,301
90,275,302
91,276,304
92,276,305
93,277,306
94,278,307
95,278,309
96,279,310
97,280,311
98,280,312
99,281,312
100,282,313
101,282,314
102,283,315
103,283,315
104,284,316
105,285,316
106,285,317
107,286,317
108,286,317
109,287,317
110,288,317
111,288,317
112,289,317
113,289,317
114,290,317
115,290,317
116,291,317
117,291,317
118,292,317
119,293,317
120,293,316
121,294,316
122,294,316
123,295,316
124,295,315
125,296,315
126,296,315
127,297,314
128,298,313
129,299,313
130,301,312
131,302,310
132,306,307
0,0
0,111
46,381,389
47,376,394
48,375,398
49,374,402
50,373,405
51,373,407
52,373,409
53,373,411
54,373,413
55,374,414
56,374,416
57,375,417
58,375,418
59,376,419
60,376,420
61,376,420
62,376,420
63,376,420
64,377,420
65,376,420
66,376,420
67,376,419
68,376,418
69,376,417
70,376,417
71,375,416
72,375,414
73,375,413
74,374,412
75,374,411
76,374,410
77,373,409
78,373,408
79,373,407
80,372,406
81,372,405
82,372,405
83,371,404
84,371,403
85,371,402
86,370,401
87,370,401
88,370,400
89,369,400
90,369,399
91,369,398
92,368,397
93,368,396
94,367,396
95,367,395
96,367,394
97,366,393
98,366,393
99,365,392
100,365,391
101,365,390
102,364,390
103,364,389
104,363,388
105,363,387
106,362,387
107,362,386
108,361,385
109,361,384
110,361,384
111,360,383
112,359,382
113,359,381
114,358,381
115,358,380
116,357,379
117,357,378
118,356,378
119,356,377
120,355,376
121,355,375
122,354,375
123,354,374
124,354,373
125,353,372
126,353,371
127,352,371
128,352,370
129,351,369
130,351,368
131,350,367
132,350,366
133,349,366
134,349,365
135,348,364
136,348,363
137,347,362
138,347,361
139,346,360
140,346,360
141,345,359
142,345,358
143,344,357
144,344,356
145,343,355
146,343,354
147,342,353
148,342,352
149,341,352
150,341,351
151,341,350
152,341,349
153,341,348
154,341,347
155,341,345
156,343,343
0,0
0,133
156,251,253
157,248,261
158,247,266
159,247,269
160,247,272
161,247,274
162,247,275
163,248,277
164,248,277
165,248,278
166,249,278
167,250,279
168,250,279
169,250,279
170,251,279
171,251,279
172,252,279
173,252,279
174,252,279
175,253,279
176,253,279
177,254,280
178,254,280
179,254,280
180,255,280
181,255,280
182,255,280
183,256,280
184,256,281
185,257,281
186,257,281
187,257,281
188,258,281
189,258,281
190,258,282
191,259,282
192,259,282
193,259,282
194,260,282
195,260,282
196,260,282
197,260,283
198,261,283
199,261,283
200,261,283
201,262,283
202,262,284
203,262,284
204,263,284
205,263,284
206,263,284
207,263,284
208,264,285
209,264,285
210,264,285
211,264,285
212,264,285
213,265,285
214,265,286
215,265,286
216,265,286
217,266,286
218,266,286
219,266,287
220,266,287
221,266,287
222,266,287
223,267,287
224,267,287
225,267,288
226,267,288
227,268,288
228,268,288
229,268,288
230,268,289
231,268,289
232,268,289
233,268,289
234,269,289
235,269,289
236,269,290
237,269,290
238,269,290
239,269,290
240,269,290
241,269,291
242,270,291
243,270,291
244,270,291
245,270,291
246,270,291
247,270,291
248,270,292
249,271,292
250,271,292
251,271,292
252,271,292
253,271,292
254,272,292
255,272,292
256,272,293
257,272,293
258,272,293
259,273,293
260,273,293
261,273,293
262,273,293
263,274,293
264,274,293
265,274,293
266,275,293
267,275,294
268,275,294
269,276,294
270,276,294
271,276,294
272,277,294
273,277,294
274,277,294
275,278,294
276,278,294
277,279,294
278,279,294
279,280,293
280,281,293
281,281,293
282,282,293
283,283,293
284,284,293
285,285,292
286,286,292
287,287,291
288,290,290
0,0
1,147
264,164,168
265,164,169
266,163,170
267,163,171
268,163,172
269,163,172
270,163,173
271,163,173
272,162,174
273,162,174
274,162,175
275,162,175
276,162,175
277,162,175
278,162,175
279,161,176
280,161,176
281,161,175
282,161,175
283,161,175
284,161,175
285,160,175
286,160,175
287,160,175
288,160,174
289,160,174
290,160,174
291,160,174
292,159,173
293,159,173
294,159,173
295,159,173
296,159,172
297,158,172
298,158,172
299,158,171
300,158,171
301,158,171
302,158,171
303,157,170
304,157,170
305,157,170
306,157,170
307,157,169
308,156,169
309,156,169
310,156,169
311,156,168
312,156,168
313,156,168
314,155,168
315,155,168
316,155,167
317,155,167
318,155,167
319,154,167
320,154,167
321,154,166
322,154,166
323,154,166
324,153,166
325,153,165
326,153,165
327,153,165
328,153,165
329,152,165
330,152,164
331,152,164
332,152,164
333,152,164
334,151,164
335,151,163
336,151,163
337,151,163
338,151,163
339,150,163
340,150,162
341,150,162
342,150,162
343,150,162
344,149,162
345,149,162
346,149,161
347,149,161
348,149,161
349,149,161
350,148,161
351,148,161
352,148,160
353,148,160
354,148,160
355,147,160
356,147,160
357,147,160
358,147,160
359,147,159
360,146,159
361,146,159
362,146,159
363,146,159
364,146,159
365,146,158
366,145,158
367,145,158
368,145,158
369,145,158
370,145,158
371,145,158
372,144,158
373,144,157
374,144,157
375,144,157
376,144,157
377,144,157
378,143,157
379,143,157
380,143,157
381,143,156
382,143,156
383,142,156
384,142,156
385,142,156
386,142,156
387,142,156
388,141,156
389,141,156
390,141,156
391,141,156
392,141,156
393,140,156
394,140,156
395,140,156
396,140,156
397,140,156
398,139,156
399,139,156
400,139,156
401,139,156
402,138,156
403,138,156
404,138,157
405,138,157
406,137,158
407,137,158
408,137,152
409,136,141
409,136,137
0,143
136,410,416
137,409,420
138,409,422
139,409,425
140,409,427
141,408,428
142,408,430
143,408,432
144,408,434
145,408,435
146,408,437
147,408,438
148,408,440
149,408,441
150,408,442
151,408,444
152,407,445
153,407,446
154,407,447
155,407,448
156,407,449
157,407,450
158,407,451
159,407,451
160,408,452
161,408,452
162,409,452
163,409,452
164,409,452
165,409,451
166,410,451
167,410,451
168,410,450
169,410,449
170,410,448
171,410,448
172,410,447
173,410,446
174,410,445
175,410,444
176,410,443
177,410,443
178,410,442
179,410,441
180,410,441
181,410,440
182,410,440
183,410,439
184,410,439
185,409,438
186,409,438
187,409,437
188,409,437
189,409,437
190,409,436
191,409,436
192,408,436
193,408,435
194,408,435
195,408,435
196,408,435
197,408,434
198,408,434
199,407,434
200,407,434
201,407,433
202,407,433
203,407,433
204,407,433
205,406,433
206,406,432
207,406,432
208,406,432
209,406,432
210,405,432
211,405,431
212,405,431
213,405,431
214,405,431
215,404,430
216,404,430
217,404,430
218,404,430
219,404,430
220,403,429
221,403,429
222,403,429
223,403,429
224,403,428
225,402,428
226,402,428
227,402,428
228,402,427
229,401,427
230,401,427
231,401,427
232,400,427
233,400,426
234,400,426
235,400,426
236,399,426
237,399,425
238,399,425
239,398,425
240,398,425
241,398,424
242,397,424
243,397,424
244,396,424
245,396,423
246,395,423
247,394,423
248,393,423
249,391,422
250,387,422
251,385,422
252,384,421
253,384,421
254,384,421
255,384,420
256,385,420
257,385,420
258,386,419
259,386,419
260,387,419
261,387,419
262,388,418
263,389,418
264,389,417
265,390,417
266,391,417
267,392,416
268,392,416
269,393,415
270,394,415
271,395,414
272,396,413
273,397,413
274,398,412
275,399,411
276,401,410
277,403,408
278,405,405
0,0
1,100
297,213,215
298,212,216
299,212,217
300,212,218
301,211,219
302,211,220
303,211,220
304,211,220
305,210,220
306,210,220
307,210,221
308,210,221
309,209,221
310,209,221
311,209,221
312,209,221
313,208,221
314,208,221
315,208,221
316,208,221
317,207,220
318,207,220
319,207,220
320,207,220
321,206,220
322,206,220
323,206,220
324,206,220
325,205,220
326,205,220
327,205,219
328,205,219
329,204,219
330,204,219
331,204,219
332,204,219
333,203,219
334,203,219
335,203,218
336,202,218
337,202,218
338,202,218
339,202,218
340,201,218
341,201,218
342,201,217
343,201,217
344,200,217
345,200,217
346,200,217
347,199,217
348,199,217
349,199,216
350,199,216
351,199,216
352,198,216
353,198,216
354,198,216
355,198,216
356,197,216
357,197,215
358,197,215
359,197,215
360,197,215
361,197,215
362,197,215
363,196,215
364,196,215
365,196,214
366,196,214
367,196,214
368,196,214
369,196,214
370,196,214
371,196,214
372,196,214
373,195,213
374,196,213
375,196,213
376,196,213
377,196,213
378,196,213
379,196,213
380,196,213
381,197,213
382,197,212
383,197,212
384,197,212
385,198,212
386,198,212
387,199,212
388,199,212
389,199,212
390,200,211
391,201,211
392,201,211
393,202,211
394,203,210
395,205,210
396,206,208
0,0
1,114
285,263,263
286,262,265
287,262,266
288,261,267
289,261,268
290,261,268
291,261,269
292,260,269
293,260,270
294,260,270
295,260,270
296,260,270
297,259,270
298,259,270
299,259,270
300,259,270
301,259,271
302,258,270
303,258,270
304,258,270
305,258,270
306,258,270
307,258,270
308,257,270
309,257,270
310,257,270
311,257,270
312,257,270
313,256,270
314,256,269
315,256,269
316,256,269
317,256,269
318,255,269
319,255,269
320,255,269
321,255,269
322,255,269
323,254,269
324,254,268
325,254,268
326,254,268
327,254,268
328,253,268
329,253,268
330,253,268
331,253,268
332,253,267
333,252,267
334,252,267
335,252,267
336,252,267
337,252,267
338,251,267
339,251,267
340,251,267
341,251,266
342,251,266
343,250,266
344,250,266
345,250,266
346,250,266
347,250,266
348,249,266
349,249,266
350,249,265
351,249,265
352,249,265
353,248,265
354,248,265
355,248,265
356,248,265
357,248,265
358,247,265
359,247,265
360,247,264
361,247,264
362,247,264
363,247,264
364,247,264
365,246,264
366,246,264
367,246,264
368,246,264
369,246,264
370,246,263
371,246,263
372,246,263
373,246,263
374,246,263
375,246,263
376,246,263
377,245,263
378,246,263
379,246,263
380,246,263
381,247,262
382,247,262
383,247,262
384,247,262
385,248,262
386,248,262
387,248,262
388,249,262
389,249,262
390,249,262
391,250,262
392,251,261
393,251,261
394,252,261
395,253,261
396,254,260
397,255,259
397,255,258
0,0
1,244
237,323,327
238,323,328
239,323,329
240,322,330
241,322,332
242,322,332
243,322,333
244,322,334
245,322,335
246,322,336
247,321,336
248,321,337
249,321,337
250,321,338
251,321,338
252,321,339
253,321,339
254,321,340
255,320,340
256,320,340
257,320,341
258,320,341
259,320,341
260,320,341
261,320,341
262,320,342
263,320,342
264,320,342
265,319,342
266,319,342
267,319,342
268,319,342
269,319,342
270,319,342
271,319,342
272,319,341
273,319,341
274,318,341
275,318,341
276,318,341
277,318,340
278,318,340
279,318,340
280,318,340
281,318,339
282,318,339
283,317,339
284,317,339
285,317,339
286,317,338
287,317,338
288,317,338
289,317,338
290,317,338
291,317,337
292,316,337
293,316,337
294,316,337
295,316,337
296,316,337
297,316,336
298,316,336
299,316,336
300,316,336
301,315,336
302,315,335
303,315,335
304,315,335
305,315,335
306,315,335
307,315,335
308,315,334
309,314,334
310,314,334
311,314,334
312,314,334
313,314,334
314,314,334
315,314,333
316,314,333
317,314,333
318,313,333
319,313,333
320,313,333
321,313,333
322,313,332
323,313,332
324,313,332
325,313,332
326,312,332
327,312,332
328,312,332
329,312,332
330,312,331
331,312,331
332,312,331
333,312,331
334,311,331
335,311,331
336,311,331
337,311,331
338,311,331
339,311,330
340,311,330
341,311,330
342,311,330
343,310,330
344,310,330
345,310,330
346,310,330
347,310,330
348,310,330
349,310,330
350,310,329
351,309,329
352,309,329
353,309,329
354,309,329
355,309,329
356,309,329
357,309,329
358,309,329
359,308,329
360,308,329
361,308,329
362,308,329
363,308,329
364,308,329
365,308,328
366,307,328
367,307,328
368,307,328
369,307,328
370,307,328
371,307,328
372,307,328
373,307,328
374,306,328
375,306,328
376,306,328
377,306,328
378,306,328
379,306,328
380,306,328
381,305,328
382,305,328
383,305,328
384,305,328
385,305,328
386,305,328
387,305,328
388,304,328
389,304,328
390,304,328
391,304,328
392,304,328
393,304,328
394,303,328
395,303,328
396,303,328
397,303,328
398,303,328
399,303,328
400,302,328
401,302,328
402,302,328
403,302,328
404,302,328
405,302,328
406,301,328
407,301,328
408,301,328
409,301,328
410,301,328
411,301,328
412,300,328
413,300,328
414,300,328
415,300,328
416,300,328
417,300,328
418,299,328
419,299,328
420,299,328
421,299,328
422,299,328
423,298,328
424,298,328
425,298,328
426,298,328
427,298,328
428,298,328
429,298,328
430,320,328
430,297,329
431,320,328
431,297,329
432,320,328
432,297,329
433,320,328
433,297,329
434,320,328
434,297,329
435,298,329
436,298,329
437,298,329
438,298,329
439,298,329
440,298,329
441,298,329
442,299,329
443,299,329
444,299,329
445,300,329
446,300,329
447,300,329
448,301,329
449,301,329
450,302,329
451,302,329
452,303,329
453,303,329
454,304,330
455,304,330
456,305,330
457,306,330
458,306,330
459,307,330
460,307,330
461,308,330
462,309,330
463,310,330
464,310,330
465,311,329
466,312,329
467,313,329
468,314,329
469,315,329
470,315,329
471,316,328
472,318,328
473,319,327
474,320,326
475,323,324
0,0
0,309
156,331,331
157,327,335
158,324,338
159,322,340
160,321,342
161,320,344
162,319,346
163,319,347
164,318,349
165,318,351
166,319,352
167,319,354
168,320,355
169,320,356
170,321,357
171,321,358
172,322,359
173,322,360
174,323,360
175,323,361
176,324,361
177,325,361
178,325,361
179,326,361
180,326,361
181,327,361
182,327,361
183,328,361
184,328,361
185,328,361
186,328,360
187,329,360
188,329,360
189,329,360
190,329,360
191,329,359
192,329,359
193,330,359
194,330,359
195,330,359
196,330,359
197,330,358
198,330,358
199,330,358
200,330,358
201,330,358
202,330,358
203,331,358
204,331,358
205,331,358
206,331,358
207,331,358
208,331,357
209,331,357
210,331,357
211,331,357
212,331,357
213,331,357
214,331,357
215,331,357
216,331,357
217,331,357
218,331,357
219,331,357
220,331,357
221,331,357
222,332,357
223,332,357
224,332,357
225,332,357
226,332,357
227,332,357
228,332,357
229,332,357
230,332,357
231,332,357
232,332,357
233,332,357
234,332,357
235,332,357
236,332,357
237,332,357
238,332,357
239,332,357
240,332,357
241,332,357
242,332,357
243,332,356
244,332,356
245,332,356
246,332,356
247,332,356
248,332,356
249,332,356
250,332,356
251,332,356
252,332,356
253,332,356
254,332,356
255,332,356
256,332,356
257,332,356
258,332,356
259,332,356
260,332,356
261,332,356
262,332,356
263,332,356
264,332,356
265,332,356
266,332,356
267,332,356
268,332,356
269,332,356
270,332,356
271,332,356
272,332,356
273,332,356
274,332,356
275,332,356
276,332,356
277,332,356
278,332,356
279,332,356
280,332,356
281,332,356
282,332,356
283,332,356
284,332,356
285,332,356
286,332,356
287,332,356
288,332,356
289,332,356
290,332,356
291,332,356
292,332,356
293,332,356
294,332,356
295,332,356
296,332,356
297,332,356
298,332,356
299,332,356
300,332,356
301,332,356
302,332,356
303,332,356
304,332,356
305,332,356
306,332,356
307,332,356
308,332,356
309,332,356
310,332,356
311,332,356
312,332,356
313,332,356
314,332,356
315,332,356
316,332,356
317,332,356
318,332,356
319,332,356
320,332,356
321,332,356
322,332,356
323,332,356
324,332,356
325,332,356
326,332,356
327,332,356
328,332,356
329,332,356
330,332,356
331,332,356
332,332,356
333,332,356
334,332,356
335,332,356
336,332,356
337,332,356
338,332,356
339,332,356
340,332,356
341,332,356
342,332,356
343,332,356
344,332,356
345,332,356
346,332,356
347,332,356
348,332,356
349,332,356
350,332,356
351,332,357
352,332,357
353,332,357
354,332,357
355,332,357
356,332,357
357,332,357
358,332,357
359,332,357
360,332,357
361,332,357
362,332,357
363,332,357
364,332,357
365,332,357
366,332,357
367,332,357
368,332,357
369,332,357
370,332,357
371,332,357
372,332,357
373,332,357
374,332,357
375,332,357
376,332,357
377,332,357
378,332,357
379,332,357
380,332,357
381,332,357
382,332,357
383,332,357
384,332,357
385,332,357
386,332,357
387,332,357
388,332,357
389,332,357
390,332,357
391,332,357
392,332,357
393,332,357
394,332,357
395,332,357
396,332,357
397,332,357
398,332,357
399,332,357
400,332,357
401,332,357
402,332,357
403,332,357
404,332,357
405,332,357
406,332,357
407,332,357
408,332,357
409,332,357
410,332,357
411,332,357
412,332,357
413,332,356
414,332,356
415,332,356
416,332,356
417,332,356
418,332,356
419,332,356
420,332,356
421,332,356
422,332,356
423,332,356
424,332,356
425,332,356
426,332,355
427,332,355
428,332,355
429,332,355
430,332,355
431,332,355
432,332,355
433,332,355
434,332,355
435,332,355
436,333,355
437,333,355
438,333,354
439,333,354
440,333,354
441,333,354
442,333,354
443,333,354
444,333,354
445,333,354
446,334,354
447,334,353
448,334,353
449,334,353
450,334,353
451,335,353
452,335,352
453,335,352
454,336,352
455,336,351
456,336,351
457,337,351
458,337,350
459,338,350
460,338,349
461,339,348
462,340,347
463,341,346
464,344,344
0,0
