0,189
16,235,235
17,232,239
18,231,242
19,230,245
20,230,247
21,230,249
22,230,251
23,230,252
24,230,254
25,229,255
26,229,256
27,229,257
28,229,259
29,229,260
30,228,261
31,228,262
32,228,262
33,228,263
34,227,264
35,227,265
36,227,265
37,226,266
38,226,267
39,225,267
40,225,268
41,225,268
42,224,269
43,224,269
44,224,269
45,223,269
46,223,269
47,222,269
48,222,269
49,221,269
50,221,269
51,220,268
52,220,267
53,219,266
54,219,264
55,218,263
56,218,262
57,217,261
58,216,260
59,216,259
60,215,258
61,215,257
62,214,256
63,214,255
64,213,254
65,212,253
66,212,252
67,211,251
68,210,250
69,210,249
70,209,248
71,208,247
72,208,247
73,207,246
74,206,245
75,206,244
76,205,243
77,204,242
78,204,241
79,203,240
80,202,239
81,201,238
82,200,237
83,200,236
84,199,235
85,198,235
86,197,234
87,197,233
88,196,232
89,195,231
90,194,230
91,193,229
92,192,228
93,191,227
94,191,226
95,190,225
96,189,224
97,188,223
98,187,222
99,186,221
100,185,220
101,185,219
102,183,218
103,183,217
104,182,216
105,181,215
106,180,214
107,179,213
108,178,212
109,177,211
110,176,210
111,175,209
112,174,208
113,173,207
114,172,206
115,171,205
116,170,204
117,169,203
118,168,202
119,167,201
120,166,200
121,165,199
122,163,198
123,162,196
124,161,195
125,160,194
126,159,193
127,158,192
128,157,191
129,156,190
130,154,189
131,153,188
132,152,186
133,151,185
134,150,184
135,149,183
136,147,182
137,146,181
138,145,180
139,144,178
140,142,177
141,141,176
142,140,175
143,139,173
144,137,172
145,136,171
146,135,170
147,133,169
148,132,167
149,131,166
150,129,165
151,128,163
152,126,162
153,125,161
154,123,160
155,122,158
156,120,157
157,119,155
158,117,154
159,116,153
160,114,151
161,113,150
162,111,148
163,110,147
164,108,145
165,107,144
166,105,142
167,104,141
168,102,139
169,101,138
170,99,136
171,97,135
172,96,133
173,94,131
174,93,129
175,91,128
176,89,126
177,88,124
178,86,122
179,84,120
180,83,118
181,81,116
182,80,114
183,78,112
184,76,110
185,75,108
186,73,105
187,71,103
188,70,101
189,68,99
190,67,97
191,65,94
192,63,92
193,62,89
194,60,87
195,58,84
196,56,81
197,55,78
198,53,75
199,52,72
200,50,69
201,49,65
202,48,61
203,50,55
204,51,51
0,0
1,235
240,48,54
241,47,56
242,46,57
243,47,59
244,47,60
245,48,61
246,49,62
247,49,63
248,50,64
249,50,64
250,51,65
251,52,66
252,52,67
253,53,68
254,54,69
255,54,70
256,55,71
257,56,72
258,56,73
259,57,74
260,58,75
261,59,76
262,59,77
263,60,78
264,61,79
265,62,79
266,62,80
267,63,81
268,64,82
269,64,83
270,65,84
271,66,85
272,67,86
273,67,87
274,68,88
275,69,89
276,70,89
277,70,90
278,71,91
279,72,92
280,73,93
281,73,94
282,74,95
283,75,96
284,76,97
285,76,97
286,77,98
287,78,99
288,79,100
289,79,101
290,80,102
291,81,103
292,82,104
293,82,105
294,83,105
295,84,106
296,84,107
297,85,108
298,86,109
299,87,110
300,87,111
301,88,112
302,89,112
303,89,113
304,90,114
305,91,115
306,91,116
307,92,117
308,93,118
309,93,118
310,94,119
311,95,120
312,95,121
313,96,122
314,97,123
315,97,124
316,98,124
317,98,125
318,99,126
319,100,127
320,100,128
321,101,129
322,102,129
323,102,130
324,103,131
325,103,132
326,104,133
327,105,134
328,105,135
329,106,135
330,106,136
331,107,137
332,108,138
333,108,139
334,109,140
335,109,140
336,110,141
337,110,142
338,111,143
339,112,144
340,112,144
341,113,145
342,113,146
343,114,147
344,114,148
345,115,149
346,115,149
347,116,150
348,116,151
349,117,152
350,117,153
351,118,153
352,118,154
353,119,155
354,119,156
355,120,157
356,120,157
357,121,158
358,121,159
359,121,160
360,122,161
361,122,161
362,123,162
363,123,163
364,124,164
365,124,164
366,125,165
367,125,166
368,125,167
369,126,168
370,126,168
371,127,169
372,127,170
373,128,170
374,128,171
375,128,171
376,129,171
377,129,172
378,129,172
379,130,172
380,130,173
381,131,173
382,131,173
383,131,173
384,132,174
385,132,174
386,132,174
387,133,174
388,133,174
389,133,174
390,134,175
391,134,175
392,134,175
393,135,175
394,135,175
395,135,175
396,136,175
397,136,175
398,136,175
399,137,176
400,137,175
401,137,175
402,137,175
403,138,175
404,138,175
405,138,175
406,139,175
407,139,175
408,139,175
409,139,175
410,140,175
411,140,175
412,140,175
413,140,175
414,141,175
415,141,174
416,141,174
417,142,174
418,142,174
419,142,174
420,142,174
421,143,174
422,143,174
423,143,174
424,143,174
425,144,173
426,144,173
427,144,173
428,144,173
429,145,173
430,145,173
431,145,173
432,146,173
433,146,172
434,146,172
435,146,172
436,147,172
437,147,172
438,147,171
439,148,171
440,148,171
441,148,171
442,148,171
443,149,171
444,149,170
445,149,170
446,149,170
447,150,170
448,150,169
449,150,169
450,151,169
451,151,169
452,151,168
453,152,168
454,152,168
455,152,168
456,152,167
457,153,167
458,153,167
459,153,166
460,154,166
461,154,166
462,154,166
463,155,165
464,155,165
465,155,165
466,155,164
467,156,164
468,156,164
469,156,163
470,157,163
471,157,162
472,158,162
473,158,161
474,159,160
0,0
0,35
109,230,230
110,227,235
111,226,240
112,226,244
113,226,248
114,226,251
115,226,254
116,226,256
117,227,258
118,227,260
119,228,261
120,229,262
121,230,264
122,231,264
123,232,265
124,233,266
125,234,266
126,235,267
127,236,267
128,237,267
129,238,268
130,239,268
131,240,268
132,242,268
133,243,269
134,244,269
135,245,269
136,246,269
137,247,269
138,249,268
139,250,268
140,252,267
141,254,267
142,256,265
143,261,262
0,0
1,104
165,180,180
166,178,183
167,177,184
168,177,186
169,177,187
170,177,188
171,176,189
172,176,190
173,176,191
174,176,192
175,176,193
176,176,193
177,176,194
178,176,195
179,176,195
180,176,196
181,176,196
182,176,197
183,176,197
184,176,198
185,176,198
186,176,198
187,176,198
188,176,199
189,176,199
190,176,199
191,176,199
192,175,199
193,175,199
194,175,199
195,175,198
196,175,198
197,175,198
198,175,198
199,175,197
200,174,197
201,174,197
202,174,196
203,174,196
204,174,196
205,174,195
206,173,194
207,173,194
208,173,193
209,173,193
210,172,192
211,172,192
212,172,192
213,172,191
214,172,191
215,171,190
216,171,190
217,171,189
218,170,189
219,170,189
220,170,188
221,170,188
222,169,187
223,169,187
224,169,187
225,168,186
226,168,186
227,168,185
228,167,185
229,167,185
230,167,184
231,166,184
232,166,183
233,166,183
234,165,182
235,165,182
236,165,182
237,164,181
238,164,181
239,164,180
240,163,180
241,163,180
242,163,179
243,162,179
244,162,178
245,162,178
246,161,178
247,161,177
248,161,177
249,160,176
250,160,176
251,160,176
252,159,175
253,159,175
254,159,174
255,158,174
256,158,174
257,157,173
258,157,172
259,157,170
260,156,169
261,156,167
262,156,165
263,155,163
264,155,161
265,154,159
266,154,158
267,154,156
268,153,154
0,95
152,271,279
153,268,284
154,268,287
155,267,290
156,267,292
157,266,295
158,265,297
159,265,299
160,264,301
161,264,302
162,263,304
163,263,306
164,262,308
165,262,309
166,261,311
167,261,312
168,260,313
169,260,314
170,259,315
171,258,316
172,258,317
172,258,260
172,260,317
173,257,259
173,265,318
173,265,318
174,268,318
175,269,319
176,271,319
177,271,319
178,272,319
179,273,319
180,273,319
181,273,319
182,273,318
183,273,317
184,273,316
185,272,314
186,272,311
187,271,309
188,271,307
189,270,306
190,270,304
191,269,302
192,268,301
193,268,299
194,267,298
195,267,297
196,266,296
197,266,294
198,265,293
199,265,292
200,264,291
201,263,289
202,263,288
203,262,287
204,262,286
205,261,285
206,261,284
207,260,283
208,260,282
209,259,281
210,259,280
211,258,279
212,257,278
213,257,277
214,256,276
215,256,275
216,255,274
217,255,273
218,254,272
219,254,271
220,253,270
221,252,269
222,252,268
223,251,267
224,251,266
225,250,265
226,250,263
227,249,262
228,249,261
229,248,260
230,248,259
231,247,258
232,246,257
233,246,256
234,245,255
235,245,254
236,244,253
237,244,252
238,243,251
239,243,250
240,242,249
241,242,247
242,244,244
0,0
0,150
239,158,164
240,156,167
241,155,170
242,155,172
243,155,175
244,155,176
245,155,178
246,155,180
247,156,181
248,157,183
249,157,184
250,158,185
251,158,186
252,158,187
253,159,187
254,159,188
255,160,188
256,160,189
257,160,189
258,161,189
259,161,189
260,161,189
261,161,189
262,162,189
263,162,189
264,162,189
265,162,189
266,162,189
267,162,189
268,162,188
269,162,188
270,162,188
271,163,188
272,163,188
273,163,188
274,163,188
275,163,188
276,163,188
277,163,188
278,163,188
279,163,188
280,163,188
281,163,188
282,163,188
283,163,188
284,163,188
285,164,188
286,164,188
287,164,187
288,164,187
289,164,187
290,164,187
291,164,187
292,164,187
293,164,187
294,164,187
295,164,187
296,164,187
297,164,187
298,164,187
299,164,187
300,164,187
301,164,187
302,164,187
303,164,187
304,164,187
305,164,187
306,164,187
307,164,187
308,164,187
309,164,187
310,164,187
311,164,187
312,164,187
313,164,187
314,164,187
315,164,187
316,164,187
317,164,187
318,164,187
319,164,187
320,163,187
321,163,187
322,163,187
323,163,187
324,163,187
325,163,187
326,163,187
327,163,187
328,163,187
329,162,187
330,162,187
331,162,187
332,162,187
333,162,187
334,162,187
335,161,187
336,161,187
337,161,187
338,161,187
339,161,187
340,160,187
341,160,187
342,160,187
343,160,187
344,159,187
345,159,187
346,159,186
347,158,186
348,158,186
349,158,186
350,158,186
351,158,186
352,158,186
353,157,186
354,157,186
355,157,186
356,157,186
357,157,185
358,157,185
359,157,185
360,157,185
361,157,185
362,157,185
363,158,184
364,158,184
365,158,184
366,158,184
367,158,184
368,159,184
369,159,183
370,159,183
371,160,183
372,160,183
373,160,182
374,161,182
375,161,182
376,161,182
377,162,181
378,162,181
379,163,180
380,163,180
381,164,179
382,165,179
383,165,178
384,166,178
385,167,177
386,168,176
387,169,175
388,171,173
0,0
1,140
163,251,251
164,249,253
165,249,254
166,248,255
167,248,256
168,248,256
169,248,257
170,248,258
171,248,258
172,248,259
173,248,259
174,248,260
175,248,260
176,248,261
177,248,261
178,248,261
179,248,262
180,248,262
181,248,262
182,248,262
183,248,263
184,248,263
185,248,263
186,248,263
187,248,263
188,248,263
189,248,263
190,248,263
191,248,263
192,248,264
193,248,263
194,248,263
195,248,263
196,248,263
197,247,263
198,247,263
199,247,263
200,247,262
201,247,262
202,247,262
203,247,262
204,247,262
205,247,261
206,247,261
207,246,261
208,246,261
209,246,261
210,246,260
211,246,260
212,246,260
213,246,260
214,246,260
215,245,259
216,245,259
217,245,259
218,245,259
219,245,259
220,245,258
221,245,258
222,244,258
223,244,258
224,244,258
225,244,258
226,244,257
227,244,257
228,243,257
229,243,257
230,243,257
231,243,256
232,243,256
233,243,256
234,242,256
235,242,256
236,242,256
237,242,255
238,241,255
239,241,255
240,241,255
241,241,255
242,240,254
243,240,254
244,240,254
245,240,254
246,239,254
247,239,253
248,239,253
249,239,253
250,238,253
251,238,253
252,238,252
253,238,252
254,237,252
255,237,252
256,237,251
257,236,251
258,236,251
259,236,251
260,236,251
261,235,250
262,235,250
263,235,250
264,234,250
265,234,250
266,234,250
267,233,249
268,233,249
269,233,249
270,232,249
271,232,249
272,231,249
273,231,248
274,231,248
275,230,248
276,230,248
277,230,248
278,229,248
279,229,248
280,228,248
281,228,248
282,228,248
283,227,248
284,227,248
285,227,248
286,226,248
287,226,248
288,225,248
289,226,248
290,228,248
291,230,248
292,232,248
293,234,248
294,236,248
295,238,248
296,239,248
297,241,248
298,243,248
299,245,249
300,247,249
301,249,250
302,250,250
0,166
223,297,297
224,291,303
225,288,307
226,288,311
227,289,313
228,289,316
229,290,318
230,290,320
231,291,322
232,292,324
233,292,326
234,293,327
235,293,329
236,294,330
237,294,332
238,295,333
239,295,334
240,296,336
241,296,337
242,297,338
243,298,339
244,298,340
245,299,340
246,299,341
247,300,342
248,300,342
249,301,343
250,301,343
251,302,343
252,302,343
253,302,343
254,303,343
255,303,343
256,303,342
257,303,342
258,303,341
259,304,341
260,304,340
261,304,339
262,304,339
263,304,339
264,304,338
265,304,338
266,304,337
267,305,337
268,305,337
269,305,336
270,305,336
271,305,336
272,305,336
273,305,335
274,305,335
275,305,335
276,305,335
277,305,335
278,305,334
279,305,334
280,306,334
281,306,334
282,306,334
283,306,334
284,306,334
285,306,334
286,306,333
287,306,333
288,306,333
289,306,333
290,306,333
291,306,333
292,306,333
293,306,333
294,306,333
295,306,333
296,306,333
297,306,333
298,306,333
299,306,333
300,306,333
301,306,332
302,306,332
303,306,332
304,306,332
305,306,332
306,306,332
307,307,332
308,307,332
309,307,332
310,307,332
311,307,332
312,307,332
313,307,332
314,307,332
315,307,332
316,307,332
317,307,332
318,307,332
319,307,332
320,307,332
321,307,332
322,307,332
323,307,332
324,307,332
325,307,333
326,307,333
327,307,333
328,307,333
329,307,333
330,307,333
331,307,333
332,307,333
333,307,333
334,306,333
335,306,333
336,306,333
337,306,333
338,306,333
339,306,333
340,306,333
341,306,333
342,306,333
343,306,334
344,306,334
345,306,334
346,306,334
347,306,334
348,306,334
349,305,334
350,305,334
351,305,334
352,305,334
353,305,334
354,305,334
355,304,335
356,304,335
357,304,335
358,304,334
359,303,334
360,303,334
361,303,334
362,303,334
363,303,334
364,303,333
365,303,333
366,303,333
367,303,332
368,303,332
369,303,331
370,303,331
371,304,331
372,304,330
373,304,330
374,305,329
375,305,329
376,305,328
377,306,327
378,306,327
379,307,326
380,308,325
381,308,325
382,309,324
383,310,323
384,310,322
385,311,321
386,312,320
387,314,319
388,317,317
0,0
0,196
272,221,230
273,218,234
274,216,237
275,216,239
276,215,241
277,215,243
278,215,245
279,216,247
280,216,249
281,216,250
282,217,252
283,218,253
284,218,255
285,219,256
286,220,257
287,221,259
288,221,260
289,222,261
290,223,262
291,224,262
292,224,263
293,225,264
294,225,264
295,226,264
296,226,265
297,227,265
298,227,265
299,228,264
300,228,264
301,228,263
302,228,263
303,229,263
304,229,262
305,229,262
306,229,261
307,229,261
308,229,261
309,229,260
310,229,260
311,229,259
312,229,259
313,229,259
314,229,259
315,229,258
316,229,258
317,229,258
318,229,258
319,229,257
320,229,257
321,229,257
322,229,257
323,229,257
324,229,257
325,229,257
326,229,256
327,229,256
328,229,256
329,229,256
330,229,256
331,229,256
332,229,255
333,229,255
334,229,255
335,229,255
336,228,255
337,228,255
338,228,255
339,228,254
340,228,254
341,228,254
342,228,254
343,228,254
344,228,254
345,228,254
346,228,253
347,227,253
348,227,253
349,227,253
350,227,253
351,227,253
352,227,252
353,227,252
354,226,252
355,226,252
356,226,252
357,226,251
358,226,251
359,226,251
360,225,251
361,225,251
362,225,250
363,225,250
364,225,250
365,225,250
366,224,249
367,224,249
368,224,249
369,224,248
370,223,248
371,223,248
372,223,248
373,223,247
374,222,247
375,222,247
376,222,246
377,222,246
378,221,246
379,221,245
380,221,245
381,220,245
382,220,244
383,220,244
384,219,244
385,219,243
386,219,243
387,218,243
388,218,242
389,217,242
390,217,242
391,216,241
392,216,241
393,216,241
394,215,240
395,215,240
396,214,239
397,214,239
398,213,239
399,212,238
400,212,238
401,211,237
402,211,237
403,210,236
404,209,236
405,209,235
406,208,235
407,207,234
408,206,234
409,206,233
410,205,233
411,204,232
412,203,232
413,202,231
414,201,231
415,201,230
416,200,229
417,199,229
418,198,228
419,197,228
420,196,227
421,195,226
422,194,225
423,193,225
424,191,224
425,190,223
426,189,222
427,188,222
428,187,221
429,186,220
430,184,219
431,183,218
432,182,217
433,180,216
434,179,215
435,177,214
436,175,213
437,174,211
438,172,210
439,170,209
440,169,208
441,167,206
442,165,205
443,163,203
444,161,202
445,159,200
446,157,198
447,155,197
448,153,195
449,151,193
450,149,191
451,147,189
452,145,187
453,143,185
454,140,182
455,138,180
456,136,178
457,133,175
458,131,172
459,129,170
460,126,166
461,123,163
462,121,160
463,120,155
464,119,151
465,120,146
466,123,139
467,129,129
0,0
0,78
391,271,271
392,269,272
393,268,275
394,268,279
395,268,282
396,268,285
397,268,288
398,268,291
399,268,294
400,268,297
401,268,300
402,269,303
403,269,305
404,270,308
405,271,311
406,271,313
407,272,316
408,274,318
409,275,321
410,276,323
411,277,325
412,278,327
413,280,329
414,281,331
415,282,333
416,283,335
417,284,336
418,285,337
419,286,338
420,288,339
421,289,340
422,290,341
423,291,342
424,292,343
425,293,343
426,294,344
427,295,345
428,297,345
429,298,346
430,299,346
431,300,347
432,301,347
433,302,348
434,303,348
435,304,348
436,305,349
437,306,349
438,307,350
439,308,350
440,309,350
441,310,351
442,311,351
443,312,351
444,313,352
445,314,352
446,315,352
447,316,352
448,317,353
449,318,353
450,319,353
451,320,353
452,322,353
453,323,353
454,323,353
455,324,353
456,325,353
457,326,353
458,327,353
459,328,353
460,329,353
461,330,352
462,331,352
463,332,351
464,334,350
465,335,349
466,337,348
467,339,347
468,342,342
0,0
