0,119
50,170,174
51,168,177
52,168,179
53,167,181
54,167,182
55,167,184
56,167,185
57,167,186
58,167,187
59,167,188
60,167,189
61,167,190
62,167,191
63,167,191
64,167,192
65,167,193
66,167,194
67,167,195
68,166,195
69,166,196
70,166,197
71,165,197
72,165,198
73,165,199
74,164,199
75,164,200
76,163,200
77,163,200
78,162,201
79,162,201
80,161,201
81,160,201
82,160,201
83,159,201
84,158,201
85,158,201
86,157,200
87,156,199
88,155,199
89,155,198
90,154,197
91,153,195
92,152,193
93,152,192
94,151,190
95,150,189
96,149,188
97,148,186
98,147,185
99,147,184
100,146,183
101,145,182
102,144,180
103,143,179
104,142,178
105,141,177
106,140,176
107,139,175
108,139,174
109,137,173
110,137,172
111,136,171
112,135,170
113,134,169
114,133,168
115,132,166
116,131,165
117,130,164
118,129,163
119,128,162
120,127,161
121,126,160
122,125,158
123,124,157
124,123,156
125,122,155
126,120,154
127,119,153
128,118,151
129,117,150
130,116,149
131,115,147
132,114,146
133,113,145
134,112,144
135,111,142
136,110,141
137,109,139
138,108,138
139,106,137
140,105,135
141,104,134
142,103,132
143,102,131
144,101,129
145,99,128
146,98,126
147,97,125
148,96,123
149,95,122
150,94,120
151,92,119
152,91,117
153,90,115
154,89,114
155,88,112
156,86,110
157,85,108
158,84,106
159,82,104
160,81,102
161,80,100
162,79,98
163,78,96
164,77,94
165,76,92
166,76,89
167,76,86
168,80,81
0,0
1,209
263,26,29
264,25,30
265,24,30
266,23,31
267,23,32
268,22,32
269,22,33
270,22,34
271,21,34
272,22,35
273,22,35
274,22,36
275,22,36
276,22,37
277,23,38
278,23,38
279,23,39
280,24,40
281,24,41
282,24,42
283,25,43
284,25,44
285,26,45
286,27,46
287,27,47
288,28,48
289,29,49
290,29,50
291,30,51
292,31,52
293,31,53
294,32,54
295,33,55
296,34,56
297,35,57
298,36,58
299,36,60
300,37,61
301,38,62
302,39,63
303,40,64
304,41,65
305,42,66
306,43,68
307,44,69
308,45,70
309,46,71
310,47,72
311,48,73
312,49,75
313,50,76
314,51,77
315,52,78
316,53,79
317,54,80
318,55,81
319,57,83
320,57,84
321,58,85
322,59,86
323,60,87
324,61,89
325,62,90
326,63,91
327,64,92
328,65,93
329,66,94
330,67,95
331,68,96
332,69,98
333,70,99
334,71,100
335,72,101
336,72,102
337,73,103
338,74,104
339,75,105
340,76,106
341,77,107
342,77,108
343,78,109
344,79,110
345,80,111
346,81,112
347,81,113
348,82,114
349,83,115
350,84,116
351,84,117
352,85,117
353,86,118
354,87,119
355,87,120
356,88,121
357,89,122
358,89,123
359,90,124
360,91,125
361,91,126
362,92,126
363,93,127
364,93,128
365,94,129
366,94,130
367,95,131
368,96,132
369,96,133
370,97,133
371,98,134
372,98,135
373,99,136
374,99,137
375,100,138
376,101,139
377,101,139
378,102,140
379,102,141
380,103,142
381,103,143
382,104,144
383,104,144
384,105,145
385,105,146
386,106,147
387,107,148
388,107,148
389,108,149
390,108,149
391,108,150
392,109,150
393,109,151
394,110,151
395,110,151
396,111,152
397,111,152
398,111,152
399,112,152
400,112,152
401,112,153
402,113,153
403,113,153
404,113,153
405,114,153
406,114,153
407,114,153
408,115,153
409,115,153
410,115,153
411,116,153
412,116,153
413,116,153
414,117,153
415,117,152
416,117,152
417,117,152
418,118,152
419,118,152
420,118,152
421,119,151
422,119,151
423,119,151
424,120,151
425,120,151
426,120,150
427,120,150
428,121,150
429,121,150
430,121,149
431,121,149
432,122,149
433,122,149
434,122,149
435,123,148
436,123,148
437,123,148
438,123,148
439,124,147
440,124,147
441,124,147
442,125,147
443,125,147
444,125,146
445,126,146
446,126,146
447,126,146
448,126,146
449,127,145
450,127,145
451,127,145
452,128,145
453,128,144
454,128,144
455,129,144
456,129,144
457,129,144
458,130,143
459,130,143
460,130,143
461,131,143
462,131,142
463,131,142
464,132,142
465,132,142
466,133,141
467,133,141
468,134,141
469,134,140
470,135,140
471,136,139
0,0
1,198
161,119,123
162,118,124
163,118,125
164,118,126
165,117,127
166,117,127
167,117,128
168,117,129
169,117,129
170,117,130
171,117,130
172,117,131
173,116,131
174,116,132
175,116,132
176,116,132
177,116,133
178,116,133
179,116,133
180,116,134
181,116,134
182,116,134
183,116,134
184,116,134
185,116,134
186,116,134
187,116,133
188,115,133
189,115,133
190,115,133
191,115,133
192,115,132
193,115,132
194,115,132
195,115,132
196,115,131
197,115,131
198,114,131
199,114,130
200,114,130
201,114,130
202,114,130
203,114,129
204,114,129
205,114,129
206,113,129
207,113,128
208,113,128
209,113,128
210,113,128
211,113,128
212,113,127
213,112,127
214,112,127
215,112,127
216,112,126
217,112,126
218,112,126
219,112,126
220,111,125
221,111,125
222,111,125
223,111,125
224,111,124
225,111,124
226,110,124
227,110,124
228,110,124
229,110,123
230,110,123
231,109,123
232,109,123
233,109,122
234,109,122
235,109,122
236,109,122
237,108,122
238,108,121
239,108,121
240,108,121
241,108,121
242,107,121
243,107,120
244,107,120
245,107,120
246,107,120
247,106,119
248,106,119
249,106,119
250,106,119
251,106,119
252,105,119
253,105,118
254,105,118
255,105,118
256,104,118
257,104,118
258,104,117
259,104,117
260,103,117
261,103,117
262,103,117
263,103,117
264,102,117
265,102,116
266,102,116
267,102,116
268,101,116
269,101,116
270,101,116
271,101,116
272,100,116
273,100,116
274,100,116
275,100,115
276,99,115
277,99,115
278,99,115
279,98,115
280,98,115
281,98,115
282,98,115
283,97,115
284,97,115
285,96,115
286,96,115
287,96,115
288,95,115
289,95,115
290,94,115
291,115,115
291,94,116
292,115,115
292,93,116
293,115,115
293,93,116
294,115,115
294,92,116
295,115,115
295,92,116
296,115,115
296,92,116
297,115,115
297,92,116
298,115,115
298,92,116
299,115,115
299,91,116
300,115,115
300,92,116
301,115,115
301,92,117
302,115,115
302,92,117
303,115,115
303,92,117
304,115,115
304,92,117
305,115,115
305,92,117
306,115,115
306,92,117
307,115,115
307,93,117
308,115,115
308,93,117
309,115,115
309,93,117
310,115,115
310,93,117
311,115,115
311,94,117
312,115,115
312,94,117
313,95,117
314,95,117
315,96,117
316,96,118
317,97,118
318,97,118
319,98,118
320,98,118
321,99,118
322,99,118
323,100,118
324,100,118
325,101,118
326,101,118
327,102,118
328,103,118
329,103,118
330,104,119
331,105,119
332,106,119
333,107,118
334,107,117
335,109,115
336,111,113
0,99
117,294,301
118,295,316
119,295,331
120,295,331
121,296,330
122,296,330
123,296,329
124,296,328
125,296,328
126,296,327
127,296,327
128,296,326
129,296,326
130,296,325
131,296,325
132,296,325
133,296,324
134,296,324
135,296,324
136,296,323
137,296,323
138,295,322
139,295,322
140,295,322
141,295,321
142,295,321
143,295,321
144,295,320
145,295,320
146,294,320
147,294,320
148,294,319
149,294,319
150,294,319
151,293,318
152,293,318
153,293,318
154,293,318
155,292,317
156,292,317
157,292,317
158,292,316
159,291,316
160,291,316
161,291,316
162,290,315
163,290,315
164,289,315
165,289,314
166,289,314
167,288,314
168,287,313
169,286,313
170,286,313
171,285,312
172,284,312
173,283,312
174,282,311
175,280,311
176,279,310
177,277,310
178,266,310
179,266,309
180,266,309
181,266,308
182,266,308
183,266,307
184,266,307
185,267,307
186,267,306
187,267,306
188,267,305
189,267,305
190,267,304
191,267,303
192,267,303
193,267,302
194,267,302
195,267,301
196,268,300
197,268,299
198,268,299
199,268,298
200,268,297
201,268,296
202,268,295
203,268,294
204,268,293
205,268,292
206,268,291
207,269,290
208,269,289
209,269,288
210,269,287
211,269,286
212,270,284
213,271,283
214,273,280
215,277,277
1,33
269,206,210
268,195,210
267,185,208
266,178,207
265,178,205
264,178,204
263,178,203
262,177,201
261,177,200
260,177,199
259,176,198
258,176,197
257,176,195
256,176,194
255,175,193
254,175,192
253,175,191
252,174,190
251,174,189
250,174,188
249,174,187
248,173,186
247,173,185
246,173,184
245,172,183
244,172,182
243,172,181
242,171,180
241,171,179
240,171,178
239,171,177
238,171,176
237,172,174
0,0
0,104
122,210,210
123,208,214
124,207,217
125,207,219
126,207,220
127,207,221
128,207,222
129,207,223
130,207,224
131,207,225
132,207,225
133,207,226
134,207,227
135,207,227
136,207,228
137,207,228
138,206,229
139,206,229
140,206,230
141,205,230
142,205,231
143,204,231
144,204,231
145,204,232
146,203,232
147,203,232
148,202,232
149,202,232
150,201,232
151,201,232
152,200,232
153,200,231
154,199,231
155,199,230
156,198,229
157,197,228
158,197,227
159,196,226
160,195,225
161,195,224
162,194,223
163,194,222
164,193,221
165,192,220
166,192,220
167,191,219
168,190,218
169,189,217
170,189,216
171,188,215
172,187,215
173,186,214
174,185,213
175,184,212
176,184,211
177,183,210
178,182,209
179,181,208
180,180,207
181,179,206
182,178,205
183,177,204
184,177,203
185,176,202
186,175,201
187,174,200
188,173,198
189,172,197
190,171,196
191,170,195
192,169,194
193,168,193
194,167,192
195,166,191
196,165,189
197,164,188
198,163,187
199,162,186
200,161,185
201,160,183
202,159,182
203,158,181
204,157,180
205,156,178
206,154,177
207,153,176
208,152,174
209,151,173
210,150,172
211,149,170
212,148,168
213,146,167
214,145,165
215,144,163
216,143,161
217,142,159
218,140,157
219,139,155
220,138,153
221,137,151
222,136,149
223,136,147
224,136,144
225,136,141
0,0
0,154
233,149,153
234,146,157
235,146,160
236,145,162
237,145,165
238,145,167
239,145,168
240,146,170
241,146,171
242,147,173
243,147,174
244,148,175
245,148,176
246,149,177
247,149,178
248,149,178
249,150,179
250,150,179
251,151,179
252,151,180
253,151,180
254,151,180
255,152,180
256,152,180
257,152,179
258,152,179
259,152,179
260,152,179
261,153,179
262,153,179
263,153,179
264,153,179
265,153,179
266,153,178
267,153,178
268,153,178
269,153,178
270,153,178
271,153,178
272,154,178
273,154,178
274,154,178
275,154,178
276,154,178
277,154,178
278,154,178
279,154,178
280,154,178
281,154,178
282,154,178
283,154,178
284,154,178
285,154,178
286,154,178
287,154,178
288,154,178
289,154,178
290,154,178
291,154,178
292,154,178
293,154,178
294,155,178
295,155,177
296,155,177
297,155,177
298,155,177
299,155,177
300,155,177
301,155,177
302,155,177
303,155,177
304,154,177
305,154,177
306,154,177
307,154,177
308,154,177
309,154,177
310,154,177
311,154,177
312,154,177
313,154,177
314,154,177
315,154,177
316,154,177
317,154,177
318,154,177
319,154,177
320,154,177
321,154,177
322,153,177
323,153,177
324,153,177
325,153,177
326,153,177
327,153,177
328,153,177
329,152,177
330,152,177
331,152,177
332,152,177
333,152,177
334,151,177
335,151,177
336,151,177
337,151,177
338,150,177
339,150,177
340,150,177
341,150,177
342,150,177
343,149,177
344,149,177
345,149,177
346,148,177
347,148,177
348,148,177
349,148,176
350,148,176
351,148,176
352,148,176
353,148,176
354,148,176
355,148,176
356,148,176
357,148,175
358,148,175
359,148,175
360,148,175
361,148,175
362,148,175
363,148,174
364,148,174
365,149,174
366,149,174
367,149,174
368,150,173
369,150,173
370,150,173
371,151,173
372,151,172
373,151,172
374,152,172
375,152,171
376,152,171
377,153,171
378,154,170
379,154,170
380,155,169
381,155,169
382,156,168
383,157,167
384,158,167
385,159,166
386,161,163
0,0
1,267
153,246,247
154,244,249
155,244,250
156,244,251
157,243,251
158,243,252
159,243,253
160,243,253
161,243,254
162,244,255
163,244,255
164,244,256
165,244,256
166,244,257
167,244,257
168,244,258
169,244,258
170,244,258
171,244,259
172,244,259
173,244,259
174,244,260
175,244,260
176,244,260
177,244,251
177,244,260
178,246,247
178,244,251
178,244,260
179,246,247
179,244,251
179,244,260
180,246,247
180,244,251
180,244,260
181,246,247
181,244,251
181,244,261
182,246,247
182,244,251
182,244,261
183,246,247
183,244,251
183,244,261
184,246,247
184,244,251
184,244,261
185,246,247
185,244,251
185,244,261
186,246,247
186,244,251
186,244,260
187,246,247
187,244,251
187,244,260
188,246,247
188,244,251
188,244,260
189,246,247
189,244,251
189,244,260
190,246,247
190,244,251
190,244,260
191,246,247
191,244,251
191,244,260
192,246,247
192,244,251
192,244,260
193,246,247
193,244,251
193,244,260
194,246,247
194,244,251
194,244,260
195,246,247
195,243,259
196,246,247
196,243,259
197,246,247
197,243,259
198,246,247
198,243,259
199,246,247
199,243,259
200,246,247
200,243,259
201,246,247
201,243,258
202,246,247
202,243,258
203,246,247
203,243,258
204,246,247
204,243,258
205,246,247
205,243,258
206,246,247
206,243,258
207,246,247
207,243,257
208,246,247
208,242,257
209,246,247
209,242,257
210,246,247
210,242,257
211,246,247
211,242,257
212,246,247
212,242,257
213,246,247
213,242,257
214,246,247
214,242,256
215,246,247
215,242,256
216,246,247
216,242,256
217,246,247
217,241,256
218,246,247
218,241,256
219,246,247
219,241,256
220,246,247
220,241,256
221,246,247
221,241,255
222,246,247
222,241,255
223,246,247
223,241,255
224,246,247
224,241,255
225,246,247
225,240,255
226,246,247
226,240,255
227,246,247
227,240,254
228,246,247
228,240,254
229,246,247
229,240,254
230,246,247
230,240,254
231,246,247
231,240,254
232,246,247
232,239,254
233,246,247
233,239,254
234,246,247
234,239,253
235,246,247
235,239,253
236,246,247
236,239,253
237,246,247
237,238,253
238,246,247
238,238,253
239,246,247
239,238,253
240,246,247
240,238,252
241,246,247
241,238,252
242,246,247
242,237,252
243,246,247
243,237,252
244,246,247
244,237,252
245,246,247
245,237,252
246,246,247
246,237,252
247,246,247
247,236,251
248,246,247
248,236,251
249,246,247
249,236,251
250,246,247
250,236,251
251,246,247
251,235,251
252,246,247
252,235,250
253,246,247
253,235,250
254,246,247
254,235,250
255,246,247
255,234,250
256,246,247
256,234,250
257,246,247
257,234,250
258,246,247
258,234,249
259,246,247
259,233,249
260,246,247
260,233,249
261,246,247
261,233,249
262,246,247
262,233,249
263,246,247
263,232,249
264,246,247
264,232,248
265,246,247
265,232,248
266,246,247
266,231,248
267,246,247
267,231,248
268,246,247
268,231,248
269,246,247
269,230,248
270,246,247
270,230,248
271,246,247
271,230,248
272,230,247
273,229,247
274,229,247
275,229,247
276,228,247
277,228,247
278,228,247
279,227,247
280,227,247
281,227,247
282,226,247
283,226,247
284,226,247
285,225,247
286,225,247
287,224,247
288,224,247
289,224,247
290,223,247
291,223,247
292,222,247
293,224,247
294,226,247
295,228,247
296,230,247
297,232,247
298,233,247
299,235,247
300,237,247
301,239,248
302,241,248
303,243,248
304,245,249
305,246,249
306,248,250
307,250,250
0,168
221,299,304
222,293,309
223,292,313
224,293,316
225,293,318
226,294,321
227,294,323
228,295,325
229,295,327
230,296,329
231,296,330
232,297,332
233,297,334
234,298,335
235,298,336
236,299,338
237,300,339
238,300,340
239,301,342
240,301,343
241,302,344
242,302,345
243,303,346
244,303,346
245,304,347
246,304,348
247,305,348
248,305,349
249,306,349
250,307,349
251,307,349
252,307,349
253,308,349
254,308,349
255,308,349
256,308,348
257,309,348
258,309,347
259,309,347
260,309,346
261,309,345
262,309,345
263,309,344
264,310,344
265,310,344
266,310,343
267,310,343
268,310,343
269,310,342
270,310,342
271,310,342
272,310,342
273,310,341
274,311,341
275,311,341
276,311,341
277,311,340
278,311,340
279,311,340
280,311,340
281,311,340
282,311,340
283,311,340
284,311,340
285,311,339
286,311,339
287,311,339
288,311,339
289,311,339
290,311,339
291,312,339
292,312,339
293,312,339
294,312,339
295,312,339
296,312,339
297,312,339
298,312,339
299,312,338
300,312,338
301,312,338
302,312,338
303,312,338
304,312,338
305,312,338
306,312,338
307,312,338
308,312,338
309,312,338
310,312,338
311,312,338
312,312,338
313,312,338
314,312,338
315,312,338
316,312,338
317,312,338
318,312,338
319,312,338
320,312,338
321,312,338
322,312,338
323,312,338
324,312,338
325,312,338
326,312,338
327,312,338
328,312,338
329,312,339
330,312,339
331,312,339
332,312,339
333,312,339
334,312,339
335,312,339
336,312,339
337,312,339
338,312,339
339,312,339
340,312,339
341,312,339
342,312,339
343,312,339
344,312,339
345,312,340
346,312,340
347,311,340
348,311,340
349,311,340
350,311,340
351,311,340
352,311,340
353,311,340
354,311,340
355,310,340
356,310,340
357,310,340
358,310,340
359,309,340
360,309,340
361,309,340
362,309,340
363,309,339
364,309,339
365,309,339
366,309,338
367,309,338
368,309,338
369,309,337
370,309,337
371,309,336
372,310,336
373,310,335
374,310,335
375,311,334
376,311,334
377,312,333
378,312,333
379,313,332
380,313,331
381,314,331
382,315,330
383,315,329
384,316,328
385,317,327
386,318,326
387,320,325
388,323,323
0,0
0,197
270,219,228
271,215,232
272,214,234
273,213,237
274,213,239
275,212,241
276,213,243
277,213,245
278,213,246
279,213,248
280,214,250
281,215,251
282,215,253
283,216,254
284,217,255
285,218,257
286,218,258
287,219,259
288,220,260
289,221,261
290,221,261
291,222,262
292,222,262
293,223,263
294,223,263
295,224,263
296,224,263
297,225,263
298,225,263
299,225,262
300,226,262
301,226,261
302,226,261
303,226,260
304,226,260
305,227,260
306,227,259
307,227,259
308,227,259
309,227,258
310,227,258
311,227,258
312,227,257
313,227,257
314,227,257
315,227,257
316,227,256
317,227,256
318,227,256
319,227,256
320,227,256
321,227,255
322,227,255
323,227,255
324,227,255
325,227,255
326,227,255
327,227,254
328,227,254
329,227,254
330,226,254
331,226,254
332,226,254
333,226,254
334,226,253
335,226,253
336,226,253
337,226,253
338,226,253
339,226,253
340,226,253
341,226,252
342,225,252
343,225,252
344,225,252
345,225,252
346,225,252
347,225,252
348,225,251
349,225,251
350,225,251
351,224,251
352,224,251
353,224,250
354,224,250
355,224,250
356,224,250
357,223,250
358,223,249
359,223,249
360,223,249
361,223,249
362,223,248
363,222,248
364,222,248
365,222,248
366,222,247
367,221,247
368,221,247
369,221,246
370,221,246
371,221,246
372,220,246
373,220,245
374,220,245
375,219,245
376,219,244
377,219,244
378,219,244
379,218,243
380,218,243
381,218,243
382,217,242
383,217,242
384,216,242
385,216,241
386,216,241
387,215,241
388,215,240
389,214,240
390,214,240
391,213,239
392,213,239
393,212,238
394,212,238
395,211,237
396,210,237
397,210,237
398,209,236
399,209,236
400,208,235
401,207,235
402,206,234
403,206,234
404,205,233
405,204,233
406,203,232
407,202,232
408,201,231
409,201,231
410,200,230
411,199,230
412,198,229
413,197,229
414,196,228
415,195,227
416,194,227
417,193,226
418,192,225
419,191,225
420,189,224
421,188,223
422,187,223
423,186,222
424,185,221
425,183,220
426,182,219
427,180,218
428,179,217
429,178,216
430,176,215
431,175,214
432,173,213
433,171,212
434,169,211
435,168,210
436,166,209
437,164,207
438,162,206
439,160,204
440,158,203
441,156,202
442,154,200
443,151,198
444,149,197
445,147,195
446,145,193
447,142,191
448,140,189
449,137,187
450,135,184
451,132,182
452,130,180
453,127,177
454,125,175
455,122,172
456,119,169
457,117,166
458,113,163
459,110,160
460,108,155
461,106,152
462,106,147
463,106,142
464,108,135
465,111,126
466,116,116
0,0
0,78
389,272,272
390,271,274
391,270,278
392,270,282
393,270,285
394,270,288
395,270,292
396,270,295
397,270,298
398,270,301
399,270,304
400,271,307
401,272,310
402,272,313
403,273,316
404,274,318
405,275,321
406,276,324
407,278,326
408,279,329
409,280,331
410,282,333
411,283,335
412,284,337
413,286,339
414,287,341
415,288,343
416,289,344
417,291,346
418,292,347
419,293,348
420,294,349
421,296,350
422,297,350
423,298,351
424,299,352
425,300,353
426,302,353
427,303,354
428,304,354
429,305,355
430,306,356
431,308,356
432,309,357
433,310,357
434,311,357
435,312,358
436,313,358
437,315,359
438,316,359
439,317,360
440,318,360
441,319,360
442,320,361
443,321,361
444,323,361
445,324,362
446,325,362
447,326,362
448,327,362
449,328,362
450,329,363
451,331,363
452,332,363
453,333,363
454,334,363
455,335,363
456,336,363
457,337,363
458,338,362
459,339,362
460,340,362
461,341,361
462,343,360
463,344,359
464,345,358
465,347,357
466,350,354
0,0
