0,112
97,72,72
98,65,75
99,64,81
100,63,85
101,63,88
102,63,91
103,63,93
104,63,94
105,63,95
106,64,95
107,64,96
108,65,96
109,65,96
110,66,97
111,66,97
112,67,97
113,67,97
114,68,97
115,68,97
116,69,97
117,69,97
118,70,97
119,70,98
120,71,98
121,71,98
122,71,98
123,72,98
124,72,98
125,73,99
126,73,99
127,74,99
128,74,99
129,74,99
130,75,99
131,75,100
132,75,100
133,76,100
134,76,100
135,77,100
136,77,100
137,77,101
138,78,101
139,78,101
140,78,101
141,79,102
142,79,102
143,79,102
144,80,102
145,80,102
146,80,102
147,81,103
148,81,103
149,81,103
150,81,103
151,82,103
152,82,104
153,82,104
154,82,104
155,83,104
156,83,104
157,83,105
158,83,105
159,84,105
160,84,105
161,84,105
162,84,106
163,84,106
164,85,106
165,85,106
166,85,106
167,85,107
168,85,107
169,85,107
170,86,107
171,86,107
172,86,107
173,86,108
174,87,108
175,87,108
176,87,108
177,87,108
178,88,108
179,88,108
180,88,109
181,88,109
182,89,109
183,89,109
184,89,109
185,89,109
186,90,109
187,90,109
188,91,110
189,91,110
190,91,110
191,92,110
192,92,110
193,92,110
194,93,110
195,93,110
196,94,110
197,94,110
198,95,110
199,96,110
200,96,110
201,97,109
202,98,109
203,99,109
204,100,109
205,101,109
206,102,108
207,103,107
208,106,106
0,0
1,97
71,109,109
72,108,111
73,108,112
74,108,113
75,108,114
76,107,114
77,107,115
78,107,115
79,107,116
80,107,116
81,106,117
82,106,117
83,106,117
84,106,118
85,106,118
86,106,118
87,105,118
88,105,118
89,105,118
90,105,119
91,105,118
92,105,118
93,104,118
94,104,118
95,104,117
96,104,117
97,104,117
98,103,117
99,103,117
100,103,116
101,103,116
102,103,116
103,102,116
104,102,116
105,102,115
106,102,115
107,101,115
108,101,114
109,101,114
110,101,114
111,100,113
112,100,113
113,100,113
114,100,113
115,99,112
116,99,112
117,99,112
118,99,111
119,98,111
120,98,111
121,98,111
122,97,110
123,97,110
124,97,110
125,96,109
126,96,109
127,96,109
128,95,109
129,95,108
130,95,108
131,94,108
132,94,107
133,94,107
134,93,107
135,93,107
136,92,106
137,92,106
138,92,106
139,91,106
140,91,105
141,90,105
142,90,105
143,90,104
144,89,104
145,89,104
146,88,104
147,88,103
148,87,103
149,87,102
150,86,102
151,85,102
152,85,102
153,84,102
154,84,102
155,83,102
156,83,102
157,82,102
158,81,102
159,81,102
160,102,102
160,80,103
161,102,102
161,80,103
162,86,103
163,92,104
164,99,105
165,105,106
0,95
77,170,170
78,164,174
79,161,177
80,161,179
81,161,181
82,161,182
83,161,184
84,161,186
85,161,187
86,162,189
87,162,190
88,162,192
89,162,194
90,162,195
91,162,197
92,162,199
93,163,200
94,163,202
95,163,203
96,163,204
97,163,205
98,163,206
99,164,206
100,164,206
101,164,206
102,164,206
103,164,206
104,164,206
105,164,205
106,165,205
107,165,205
108,166,204
109,166,203
110,166,203
111,166,202
112,166,201
113,166,200
114,166,199
115,166,198
116,166,197
117,165,197
118,165,196
119,165,195
120,165,195
121,165,194
122,164,194
123,164,193
124,164,193
125,164,192
126,164,192
127,163,191
128,163,191
129,163,190
130,163,190
131,162,189
132,162,189
133,162,188
134,161,188
135,161,188
136,161,187
137,161,187
138,160,186
139,160,186
140,160,186
141,159,185
142,159,185
143,159,185
144,159,184
145,158,184
146,158,184
147,158,183
148,158,183
149,157,183
150,157,182
151,157,182
152,157,182
153,156,181
154,156,181
155,156,181
156,155,181
157,155,180
158,155,180
159,155,180
160,154,179
161,154,179
162,154,179
163,154,179
164,153,178
165,153,178
166,153,178
167,152,178
168,152,177
169,152,177
170,163,177
171,177,177
0,0
1,93
96,182,187
97,181,188
98,181,189
99,180,189
100,180,189
101,180,189
102,179,189
103,179,189
104,179,190
105,179,190
106,178,190
107,178,190
108,178,190
109,177,191
110,177,190
111,177,190
112,177,190
113,176,190
114,176,190
115,176,190
116,175,190
117,175,190
118,175,190
119,175,189
120,174,189
121,174,189
122,174,189
123,174,189
124,173,189
125,173,188
126,173,188
127,173,188
128,172,188
129,172,187
130,172,187
131,171,187
132,171,187
133,171,187
134,170,186
135,170,186
136,170,186
137,169,186
138,169,186
139,169,185
140,168,185
141,168,185
142,168,185
143,167,185
144,167,184
145,166,184
146,166,184
147,166,184
148,165,184
149,165,183
150,164,183
151,164,183
152,163,183
153,163,183
154,163,182
155,162,182
156,162,182
157,161,182
158,161,182
159,161,181
160,161,181
161,160,181
162,160,181
163,160,181
164,160,180
165,160,180
166,159,180
167,160,180
168,160,180
169,161,180
170,161,179
171,161,179
172,161,179
173,162,179
174,162,179
175,163,179
176,163,178
177,163,178
178,164,178
179,164,178
180,165,178
181,165,178
182,166,177
183,167,177
184,167,177
185,168,177
186,169,176
187,170,176
188,171,175
0,0
0,157
181,121,126
182,119,129
183,117,132
184,117,134
185,117,136
186,117,137
187,117,139
188,117,140
189,117,142
190,118,143
191,118,144
192,119,145
193,119,146
194,120,147
195,120,148
196,121,148
197,121,149
198,122,150
199,122,150
200,122,150
201,123,151
202,123,151
203,123,151
204,123,151
205,124,151
206,124,151
207,124,150
208,124,150
209,124,150
210,124,150
211,124,150
212,125,150
213,125,150
214,125,150
215,125,150
216,125,150
217,125,149
218,125,149
219,125,149
220,125,149
221,125,149
222,125,149
223,125,149
224,125,149
225,125,149
226,125,149
227,125,149
228,125,149
229,125,149
230,125,149
231,125,149
232,125,149
233,125,149
234,125,149
235,125,149
236,125,149
237,125,149
238,125,149
239,125,149
240,125,149
241,125,149
242,125,148
243,125,148
244,125,148
245,125,148
246,125,148
247,125,148
248,125,148
249,125,148
250,125,148
251,125,148
252,125,148
253,125,148
254,125,148
255,125,148
256,125,148
257,125,148
258,125,148
259,125,148
260,125,148
261,125,148
262,125,148
263,125,148
264,125,148
265,125,148
266,125,147
267,125,147
268,125,147
269,125,147
270,125,147
271,125,147
272,125,147
273,125,147
274,125,147
275,125,147
276,125,147
277,125,147
278,125,147
279,125,147
280,125,147
281,125,147
282,125,147
283,125,147
284,125,147
285,125,147
286,125,147
287,125,147
288,125,147
289,126,147
290,126,147
291,126,147
292,126,147
293,126,147
294,126,146
295,126,146
296,126,146
297,126,146
298,126,146
299,126,146
300,126,146
301,126,146
302,126,146
303,126,146
304,126,146
305,126,146
306,126,146
307,126,146
308,126,146
309,126,146
310,126,146
311,126,146
312,126,146
313,126,146
314,126,146
315,126,146
316,126,146
317,126,146
318,126,146
319,126,146
320,126,146
321,126,146
322,126,146
323,126,145
324,126,145
325,126,145
326,126,145
327,126,145
328,126,145
329,126,145
330,126,145
331,126,145
332,126,145
333,126,145
334,126,145
335,126,145
336,126,145
337,126,145
0,0
1,70
130,246,247
131,246,248
132,245,249
133,245,250
134,244,251
135,244,252
136,243,252
137,243,252
138,242,252
139,242,252
140,241,253
141,240,252
142,240,252
143,240,252
144,239,252
145,238,252
146,238,252
147,237,252
148,237,252
149,236,252
150,236,251
151,235,251
152,235,251
153,235,251
154,234,251
155,234,251
156,234,250
157,233,250
158,233,250
159,233,250
160,232,250
161,232,249
162,232,249
163,231,249
164,231,249
165,231,249
166,231,248
167,231,248
168,230,248
169,230,248
170,230,248
171,230,247
172,230,247
173,230,247
174,229,247
175,229,247
176,229,247
177,229,246
178,229,246
179,229,246
180,229,246
181,229,246
182,229,245
183,229,245
184,230,245
185,230,245
186,230,245
187,230,245
188,230,244
189,231,244
190,231,244
191,231,244
192,232,244
193,232,244
194,233,243
195,233,243
196,234,242
197,235,242
198,236,241
199,237,240
0,0
0,115
240,56,63
241,53,67
242,52,70
243,51,73
244,51,75
245,51,77
246,51,79
247,51,81
248,51,83
249,52,84
250,52,86
251,53,87
252,53,88
253,54,89
254,55,89
255,55,90
256,56,91
257,57,91
258,57,91
259,58,92
260,58,92
261,59,92
262,59,92
263,60,92
264,61,93
265,61,93
266,62,92
267,62,92
268,63,92
269,63,92
270,63,92
271,64,93
272,64,93
273,65,93
274,65,93
275,65,93
276,66,93
277,66,93
278,66,93
279,67,93
280,67,93
281,67,93
282,68,93
283,68,93
284,68,93
285,68,94
286,69,94
287,69,94
288,69,94
289,69,94
290,70,94
291,70,94
292,70,94
293,70,94
294,71,94
295,71,95
296,71,95
297,71,95
298,72,95
299,72,95
300,72,95
301,72,95
302,73,95
303,73,95
304,73,95
305,73,96
306,74,96
307,74,96
308,74,96
309,74,96
310,74,96
311,75,96
312,75,96
313,75,97
314,75,97
315,76,97
316,76,97
317,76,97
318,76,97
319,76,97
320,77,97
321,77,98
322,77,98
323,77,98
324,78,98
325,78,98
326,78,98
327,78,98
328,78,99
329,79,99
330,79,99
331,79,99
332,79,99
333,79,99
334,80,99
335,80,99
336,80,100
337,80,100
338,81,100
339,81,100
340,81,100
341,81,100
342,81,100
343,81,101
344,82,101
345,82,101
346,82,101
347,82,101
348,83,101
349,83,101
350,83,102
351,83,101
352,83,96
353,84,90
354,84,85
0,0
1,171
25,358,365
26,357,367
27,356,368
28,356,369
29,355,370
30,355,371
31,355,372
32,355,372
33,355,373
34,355,374
35,354,374
36,354,375
37,354,376
38,354,376
39,354,377
40,354,378
41,354,378
42,354,379
43,354,379
44,353,380
45,353,380
46,353,381
47,353,381
48,353,382
49,353,382
50,352,383
51,352,383
52,352,384
53,352,384
54,352,384
55,351,385
56,351,385
57,351,385
58,351,385
59,350,386
60,350,386
61,350,385
62,350,385
63,350,385
64,349,385
65,349,385
66,349,384
67,348,384
68,348,383
69,348,382
70,348,381
71,347,381
72,347,380
73,347,379
74,347,379
75,346,378
76,346,377
77,346,376
78,346,376
79,345,375
80,345,374
81,345,374
82,344,373
83,344,373
84,344,372
85,343,371
86,343,371
87,343,370
88,343,370
89,342,369
90,342,369
91,342,368
92,341,367
93,341,367
94,341,366
95,340,366
96,340,365
97,340,365
98,340,364
99,339,364
100,339,363
101,339,363
102,338,362
103,338,362
104,338,361
105,337,361
106,337,360
107,337,360
108,336,359
109,336,359
110,336,358
111,335,358
112,335,357
113,335,357
114,335,356
115,334,356
116,334,356
117,334,355
118,333,355
119,333,354
120,333,354
121,332,353
122,332,353
123,332,352
124,331,352
125,331,351
126,331,351
127,330,350
128,330,350
129,330,350
130,329,349
131,329,349
132,329,348
133,328,348
134,328,347
135,328,347
136,327,346
137,327,346
138,327,346
139,326,345
140,326,345
141,326,344
142,325,344
143,325,343
144,325,343
145,324,342
146,324,342
147,324,341
148,323,341
149,323,340
150,323,340
151,322,340
152,322,339
153,322,339
154,321,338
155,321,338
156,321,337
157,320,337
158,320,336
159,320,336
160,319,335
161,319,335
162,319,334
163,318,334
164,318,333
165,318,333
166,317,333
167,317,332
168,316,331
169,316,331
170,316,331
171,315,330
172,315,330
173,315,329
174,314,328
175,314,328
176,314,327
177,313,327
178,313,326
179,313,326
180,312,325
181,312,325
182,312,324
183,311,324
184,311,323
185,311,322
186,310,322
187,310,321
188,310,320
189,310,320
190,309,319
191,309,318
192,310,317
193,310,317
194,310,316
195,311,315
0,0
1,150
383,71,75
382,69,76
381,68,77
380,67,77
379,66,78
378,65,78
377,64,78
376,63,79
375,63,79
374,62,79
373,61,79
372,61,79
371,60,80
370,59,80
369,59,80
368,58,80
367,58,80
366,57,80
365,57,81
364,56,81
363,55,81
362,55,81
361,54,81
360,54,82
359,53,82
358,53,82
357,53,82
356,52,83
355,52,83
354,51,83
353,51,83
352,50,84
351,50,84
350,50,84
349,49,85
348,49,85
347,49,85
346,49,86
345,48,86
344,48,86
343,48,87
342,47,87
341,48,87
340,48,88
339,48,88
338,48,89
337,48,89
336,49,89
335,50,90
334,52,90
333,57,91
332,60,91
331,61,91
330,62,92
329,63,92
328,64,93
327,65,93
326,66,94
325,67,94
324,67,94
323,68,95
322,69,95
321,70,96
320,70,96
319,71,96
318,72,97
317,72,97
316,73,97
315,74,98
314,74,98
313,75,99
312,76,99
311,76,99
310,77,100
309,78,100
308,78,100
307,79,101
306,79,101
305,80,101
304,81,102
303,81,102
302,82,102
301,82,103
300,83,103
299,83,103
298,84,104
297,85,104
296,85,104
295,86,105
294,86,105
293,87,105
292,88,106
291,88,106
290,89,106
289,89,107
288,90,107
287,90,107
286,91,107
285,91,108
284,92,108
283,92,108
282,93,108
281,93,109
280,94,109
279,94,109
278,95,110
277,95,110
276,96,110
275,96,110
274,97,111
273,97,111
272,98,111
271,98,111
270,99,112
269,99,112
268,100,112
267,100,113
266,101,113
265,101,113
264,101,113
263,102,113
262,102,114
261,103,114
260,103,114
259,104,114
258,104,115
257,105,115
256,105,115
255,106,115
254,106,115
253,107,116
252,107,116
251,107,116
250,108,116
249,108,116
248,109,117
247,109,117
246,110,117
245,110,117
244,110,117
243,111,117
242,111,118
241,112,118
240,112,118
239,113,118
238,113,118
237,113,118
236,114,119
235,114,118
234,115,118
0,0
0,98
154,222,222
155,219,229
156,217,234
157,217,238
158,217,240
159,217,242
160,217,244
161,218,245
162,218,245
163,218,246
164,219,246
165,219,246
166,220,247
167,220,247
168,221,247
169,221,247
170,222,247
171,222,247
172,223,247
173,223,247
174,224,247
175,224,248
176,224,248
177,225,248
178,225,248
179,225,248
180,226,248
181,226,248
182,227,249
183,227,249
184,227,249
185,228,249
186,228,249
187,228,249
188,229,249
189,229,250
190,229,250
191,230,250
192,230,250
193,230,250
194,231,250
195,231,250
196,231,251
197,231,251
198,231,251
199,232,251
200,232,251
201,232,251
202,233,252
203,233,252
204,233,252
205,233,252
206,233,252
207,234,253
208,234,253
209,234,253
210,234,253
211,234,253
212,234,253
213,235,253
214,235,254
215,235,254
216,235,254
217,235,254
218,236,254
219,236,254
220,236,255
221,236,255
222,236,255
223,237,255
224,237,255
225,237,255
226,237,255
227,237,255
228,238,255
229,238,256
230,238,256
231,239,256
232,239,256
233,239,256
234,239,256
235,240,256
236,240,256
237,241,256
238,241,256
239,241,256
240,242,256
241,242,256
242,243,256
243,244,256
244,244,256
245,245,256
246,246,255
247,247,255
248,248,255
249,249,255
250,250,254
251,253,253
0,0
1,140
221,163,165
222,162,166
223,162,167
224,161,168
225,161,168
226,161,169
227,161,170
228,160,170
229,160,171
230,160,171
231,160,171
232,160,172
233,160,172
234,160,172
235,160,172
236,160,172
237,159,173
238,159,173
239,159,173
240,159,173
241,159,173
242,159,173
243,159,173
244,159,172
245,158,172
246,158,172
247,158,172
248,158,172
249,158,172
250,158,171
251,158,171
252,158,171
253,157,171
254,157,170
255,157,170
256,157,170
257,157,170
258,157,169
259,157,169
260,156,169
261,156,169
262,156,168
263,156,168
264,156,168
265,156,168
266,155,168
267,155,167
268,155,167
269,155,167
270,155,167
271,155,167
272,154,166
273,154,166
274,154,166
275,154,166
276,154,166
277,154,165
278,153,165
279,153,165
280,153,165
281,153,165
282,153,164
283,152,164
284,152,164
285,152,164
286,152,164
287,152,163
288,151,163
289,151,163
290,151,163
291,151,162
292,151,162
293,150,162
294,150,162
295,150,162
296,150,161
297,149,161
298,149,161
299,149,161
300,149,161
301,148,160
302,148,160
303,148,160
304,148,160
305,147,160
306,147,159
307,147,159
308,147,159
309,146,159
310,146,158
311,146,158
312,146,158
313,145,158
314,145,158
315,145,157
316,145,157
317,144,157
318,144,157
319,144,156
320,143,156
321,143,156
322,143,156
323,142,156
324,142,155
325,142,155
326,141,155
327,141,155
328,141,155
329,140,154
330,140,154
331,140,154
332,140,154
333,139,153
334,139,153
335,138,153
336,138,153
337,138,153
338,137,153
339,137,152
340,137,152
341,136,152
342,136,152
343,136,152
344,135,152
345,135,152
346,135,152
347,134,152
348,134,152
349,133,152
350,133,152
351,133,152
352,132,152
353,132,152
354,131,152
355,133,152
356,137,152
357,142,153
358,147,153
359,152,154
359,152,154
0,84
130,359,364
131,355,369
132,354,372
133,355,375
134,355,377
135,355,379
136,355,381
137,355,383
138,356,385
139,356,387
140,356,389
141,356,391
142,357,392
143,357,394
144,357,395
145,357,397
146,357,398
147,358,399
148,358,400
149,358,401
150,358,402
151,358,403
152,359,404
153,359,405
154,359,405
155,360,406
156,360,406
157,360,406
158,361,406
159,361,406
160,361,406
161,361,405
162,361,405
163,361,404
164,361,404
165,361,403
166,360,402
167,360,400
168,360,399
169,360,398
170,360,397
171,360,396
172,360,395
173,359,394
174,359,393
175,359,392
176,359,391
177,359,391
178,358,390
179,358,389
180,358,388
181,358,388
182,357,387
183,357,387
184,357,386
185,357,386
186,356,385
187,356,384
188,356,384
189,356,383
190,355,383
191,355,383
192,355,382
193,354,382
194,354,381
195,354,381
196,354,380
197,353,380
198,353,379
199,353,379
200,352,378
201,352,378
202,352,378
203,351,377
204,351,377
205,351,376
206,350,376
207,350,375
208,350,375
209,349,375
210,349,374
211,349,374
212,348,371
213,348,348
0,0
1,142
245,219,222
246,218,223
247,218,225
248,217,226
249,217,227
250,217,227
251,217,228
252,217,229
253,217,229
254,216,230
255,216,230
256,216,230
257,216,230
258,216,231
259,216,231
260,216,231
261,216,231
262,215,231
263,215,230
264,215,230
265,215,230
266,215,230
267,215,230
268,214,230
269,214,229
270,214,229
271,214,229
272,214,229
273,214,228
274,214,228
275,214,228
276,213,228
277,213,228
278,213,227
279,213,227
280,213,227
281,213,227
282,212,227
283,212,227
284,212,226
285,212,226
286,212,226
287,211,226
288,211,226
289,211,225
290,211,225
291,211,225
292,211,225
293,210,225
294,210,225
295,210,224
296,210,224
297,210,224
298,210,224
299,209,224
300,209,224
301,209,224
302,209,223
303,208,223
304,208,223
305,208,223
306,208,223
307,208,223
308,207,223
309,207,222
310,207,222
311,207,222
312,207,222
313,206,222
314,206,222
315,206,222
316,206,221
317,206,221
318,205,221
319,205,221
320,205,221
321,205,221
322,205,221
323,204,221
324,204,220
325,204,220
326,204,220
327,203,220
328,203,220
329,203,220
330,203,220
331,203,220
332,202,219
333,202,219
334,202,219
335,202,219
336,201,219
337,201,219
338,201,219
339,201,219
340,200,219
341,200,218
342,200,218
343,200,218
344,200,218
345,199,218
346,199,218
347,199,218
348,199,218
349,198,218
350,198,217
351,198,217
352,198,217
353,197,217
354,197,217
355,197,217
356,197,217
357,197,217
358,197,217
359,197,216
360,196,216
361,196,216
362,196,216
363,196,216
364,196,216
365,197,216
366,197,216
367,197,216
368,197,216
369,197,216
370,198,215
371,198,215
372,198,215
373,199,215
374,199,215
375,200,215
376,200,215
377,201,215
378,201,215
379,202,215
380,203,215
381,203,214
382,204,214
383,205,214
384,206,213
385,207,213
386,208,212
0,0
0,150
275,199,207
276,197,211
277,195,214
278,195,217
279,195,219
280,195,221
281,195,222
282,196,223
283,196,224
284,197,225
285,197,226
286,198,226
287,198,227
288,199,227
289,199,227
290,200,228
291,200,228
292,201,228
293,201,228
294,201,228
295,202,228
296,202,228
297,202,228
298,203,228
299,203,228
300,203,228
301,204,228
302,204,228
303,204,228
304,204,228
305,205,228
306,205,228
307,205,228
308,205,228
309,205,228
310,205,228
311,206,228
312,206,228
313,206,228
314,206,228
315,206,228
316,206,228
317,206,228
318,206,228
319,207,228
320,207,228
321,207,228
322,207,228
323,207,228
324,207,228
325,207,228
326,207,228
327,207,228
328,207,228
329,207,228
330,207,228
331,207,228
332,207,228
333,207,228
334,207,228
335,207,228
336,207,228
337,207,228
338,207,228
339,207,228
340,207,228
341,207,228
342,207,228
343,207,228
344,207,228
345,207,228
346,207,228
347,207,228
348,207,228
349,207,229
350,207,229
351,207,229
352,207,229
353,207,229
354,207,229
355,207,229
356,207,229
357,207,229
358,207,229
359,207,229
360,206,229
361,206,229
362,206,229
363,206,229
364,206,229
365,206,229
366,206,229
367,206,229
368,205,229
369,205,229
370,205,229
371,205,229
372,205,229
373,205,229
374,204,229
375,204,229
376,204,229
377,204,229
378,203,229
379,203,229
380,203,229
381,202,229
382,202,229
383,202,229
384,201,229
385,201,229
386,201,229
387,200,229
388,200,229
389,200,228
390,199,228
391,199,228
392,199,228
393,199,228
394,199,228
395,199,228
396,199,228
397,199,228
398,199,228
399,199,228
400,199,227
401,200,227
402,200,227
403,200,227
404,200,227
405,201,226
406,201,226
407,201,226
408,202,226
409,202,225
410,202,225
411,203,225
412,203,224
413,203,224
414,204,223
415,205,223
416,205,223
417,206,222
418,206,222
419,207,221
420,208,220
421,209,220
422,210,219
423,211,218
424,214,214
0,0
1,257
202,284,286
203,283,288
204,283,289
205,282,290
206,282,290
207,281,291
208,281,292
209,281,293
210,281,293
211,280,294
212,280,294
213,280,295
214,280,296
215,280,296
216,280,296
217,280,297
218,279,297
219,279,297
220,279,297
221,279,297
222,279,297
223,279,298
224,278,297
225,278,297
226,278,297
227,278,297
228,278,297
229,278,297
230,277,297
231,277,297
232,277,296
233,277,296
234,277,296
235,277,295
236,276,295
237,276,295
238,276,294
239,276,294
240,275,294
241,275,293
242,275,293
243,275,293
244,275,292
245,274,292
246,274,292
247,274,291
248,274,291
249,273,291
250,273,290
251,273,290
252,273,290
253,273,289
254,272,289
255,272,289
256,272,289
257,272,288
258,271,288
259,271,288
260,271,287
261,271,287
262,270,287
263,270,287
264,270,286
265,270,286
266,270,286
267,270,286
268,269,285
269,269,285
270,269,285
271,269,285
272,269,284
273,268,284
274,268,284
275,268,284
276,268,283
277,268,283
278,268,283
279,267,283
280,267,282
281,267,282
282,267,282
283,267,282
284,267,282
285,266,281
286,266,281
287,266,281
288,266,281
289,266,280
290,266,280
291,265,280
292,265,280
293,265,280
294,265,279
295,265,279
296,265,279
297,265,279
298,264,279
299,264,278
300,264,278
301,264,278
302,264,278
303,264,278
304,264,277
305,263,277
306,263,277
307,263,277
308,263,277
309,263,276
310,263,276
311,263,276
312,262,276
313,262,276
314,262,276
315,262,275
316,262,275
317,262,275
318,262,275
319,261,275
320,261,275
321,261,274
322,261,274
323,261,274
324,261,274
325,261,274
326,261,274
327,260,274
328,260,273
329,260,273
330,260,273
331,260,273
332,260,273
333,260,273
334,260,273
335,259,272
336,259,272
337,259,272
338,259,272
339,259,272
340,259,272
341,259,272
342,259,272
343,258,271
344,258,271
345,258,271
346,258,271
347,258,271
348,258,271
349,258,271
350,258,271
351,257,271
352,257,270
353,257,270
354,257,270
355,257,270
356,257,270
357,257,270
358,257,270
359,257,270
360,256,270
361,256,270
362,256,269
363,256,269
364,256,269
365,256,269
366,255,269
367,255,269
368,255,269
369,255,269
370,255,269
371,254,269
372,254,269
373,254,269
374,254,269
375,254,268
376,253,268
377,253,268
378,253,268
379,253,268
380,253,268
381,252,268
382,252,268
383,252,268
384,252,268
385,251,268
386,251,268
387,251,268
388,250,268
389,250,268
390,250,268
391,250,268
392,249,268
393,249,268
394,248,269
395,248,269
396,248,269
397,248,270
398,247,270
399,247,271
400,247,271
401,246,273
402,247,274
403,247,283
404,247,283
405,247,283
406,247,283
407,248,283
408,248,283
409,248,283
410,248,283
411,249,283
412,249,283
413,250,283
414,250,283
415,251,283
416,251,283
417,252,283
418,252,283
419,253,283
420,253,283
421,254,283
422,255,283
423,255,277
423,275,282
424,256,277
424,275,282
425,257,277
425,275,282
426,257,277
426,275,282
427,258,277
427,275,282
428,259,277
428,275,282
429,259,277
429,275,282
430,260,277
430,275,282
431,261,277
431,275,282
432,262,277
432,275,282
433,263,277
433,275,282
434,263,277
434,275,282
435,264,277
435,275,282
436,265,277
436,275,282
437,266,277
437,275,282
438,267,277
438,275,281
439,268,279
440,269,277
441,271,274
441,274,274
0,157
283,422,436
284,403,436
285,403,435
286,403,435
287,403,434
288,403,434
289,403,433
290,403,433
291,403,433
292,403,433
293,403,432
294,403,432
295,403,432
296,403,432
297,403,432
298,403,431
299,403,431
300,403,431
301,403,431
302,403,431
303,403,431
304,403,430
305,403,430
306,403,430
307,403,430
308,403,430
309,403,430
310,403,430
311,403,430
312,403,430
313,403,430
314,403,429
315,403,429
316,403,429
317,403,429
318,403,429
319,403,429
320,403,429
321,402,429
322,402,429
323,402,429
324,402,429
325,402,429
326,402,429
327,402,429
328,402,429
329,402,429
330,402,429
331,402,429
332,402,429
333,402,429
334,402,429
335,402,429
336,402,429
337,402,429
338,402,429
339,402,429
340,402,429
341,402,429
342,402,429
343,402,429
344,402,429
345,402,429
346,402,429
347,402,429
348,402,429
349,402,429
350,401,429
351,401,429
352,401,429
353,401,429
354,401,429
355,401,429
356,401,429
357,401,429
358,401,429
359,401,429
360,401,429
361,401,429
362,401,429
363,401,429
364,401,429
365,401,429
366,400,429
367,400,429
368,400,429
369,400,429
370,400,429
371,400,429
372,400,429
373,400,429
374,400,429
375,400,429
376,399,429
377,399,429
378,399,429
379,399,429
380,399,429
381,399,429
382,399,429
383,398,429
384,398,429
385,398,429
386,398,429
387,397,429
388,397,429
389,397,429
390,396,429
391,396,429
392,397,429
393,397,429
394,397,429
395,397,428
396,397,428
397,397,428
398,397,428
399,397,428
400,397,428
401,398,428
402,398,428
403,398,428
404,398,428
405,398,428
406,398,428
407,398,427
408,398,427
409,398,427
410,398,427
411,399,427
412,399,426
413,399,426
414,399,426
415,399,426
416,399,425
417,399,425
418,399,425
419,399,424
420,400,424
421,400,423
422,400,423
423,400,423
424,400,422
425,400,422
426,400,421
427,400,420
428,400,420
429,401,419
430,401,419
431,401,418
432,401,417
433,401,416
434,401,415
435,401,415
436,402,413
437,403,412
438,405,410
439,408,408
1,51
401,427,435
400,418,434
399,409,432
398,400,431
397,391,430
396,390,429
395,392,428
394,393,427
393,394,426
392,394,425
391,394,424
390,394,423
389,394,422
388,393,421
387,393,420
386,393,419
385,393,418
384,393,417
383,392,416
382,392,415
381,392,415
380,392,414
379,392,413
378,391,412
377,391,411
376,391,410
375,391,409
374,391,409
373,391,408
372,390,407
371,390,406
370,390,405
369,390,405
368,390,404
367,389,403
366,389,402
365,389,402
364,389,401
363,389,400
362,388,399
361,388,399
360,388,398
359,388,397
358,388,396
357,388,396
356,387,395
355,388,394
354,388,393
353,388,392
352,388,391
351,389,390
0,0
0,239
101,289,289
102,284,293
103,283,296
104,282,298
105,281,301
106,281,302
107,281,304
108,281,305
109,281,307
110,282,308
111,282,309
112,283,310
113,283,311
114,284,312
115,284,314
116,285,314
117,285,315
118,285,316
119,286,317
120,286,317
121,287,318
122,287,318
123,288,318
124,288,318
125,289,318
126,289,318
127,289,318
128,290,318
129,290,318
130,290,318
131,291,318
132,291,317
133,291,317
134,291,317
135,291,317
136,292,317
137,292,317
138,292,317
139,292,317
140,292,317
141,292,317
142,292,317
143,293,317
144,293,317
145,293,317
146,293,317
147,293,317
148,293,317
149,293,317
150,293,317
151,293,317
152,293,317
153,293,317
154,293,317
155,293,317
156,293,317
157,293,317
158,293,317
159,293,317
160,293,317
161,293,317
162,293,317
163,293,317
164,293,317
165,293,317
166,293,317
167,293,317
168,293,316
169,293,316
170,293,316
171,294,316
172,294,316
173,294,316
174,294,316
175,294,316
176,294,316
177,294,316
178,294,316
179,294,316
180,294,316
181,294,316
182,294,316
183,294,316
184,294,316
185,294,316
186,294,316
187,294,316
188,294,316
189,294,316
190,294,316
191,294,316
192,294,316
193,294,316
194,294,316
195,294,316
196,294,316
197,294,316
198,294,316
199,294,316
200,294,316
201,294,316
202,294,316
203,294,316
204,294,316
205,294,316
206,294,316
207,294,316
208,293,316
209,293,316
210,293,316
211,293,316
212,293,316
213,293,316
214,293,316
215,293,316
216,293,316
217,293,316
218,293,316
219,293,316
220,293,316
221,293,316
222,293,316
223,293,316
224,293,316
225,293,315
226,293,315
227,293,315
228,293,315
229,293,315
230,293,315
231,293,315
232,293,315
233,293,315
234,293,315
235,293,315
236,293,315
237,293,315
238,293,315
239,293,315
240,293,315
241,293,315
242,293,315
243,293,315
244,293,315
245,293,315
246,293,315
247,293,315
248,293,315
249,293,315
250,293,315
251,293,315
252,293,315
253,293,315
254,293,315
255,293,315
256,293,315
257,293,315
258,293,315
259,293,315
260,293,315
261,293,315
262,293,315
263,293,315
264,293,315
265,293,315
266,293,315
267,293,315
268,293,315
269,293,315
270,293,315
271,293,315
272,293,315
273,293,315
274,293,315
275,293,315
276,293,315
277,293,315
278,293,315
279,293,315
280,293,315
281,293,315
282,293,315
283,293,315
284,293,315
285,293,315
286,293,315
287,293,315
288,293,315
289,293,315
290,293,315
291,293,314
292,293,314
293,293,314
294,293,314
295,293,314
296,293,314
297,293,314
298,293,314
299,293,314
300,293,314
301,293,314
302,293,314
303,293,314
304,293,314
305,293,314
306,293,314
307,293,314
308,293,314
309,293,314
310,293,314
311,293,314
312,293,314
313,293,314
314,293,314
315,293,314
316,293,314
317,293,314
318,293,314
319,293,314
320,293,314
321,293,314
322,293,314
323,293,314
324,293,314
325,293,314
326,293,314
327,293,314
328,293,314
329,293,314
330,293,314
331,293,314
332,293,314
333,293,314
334,293,314
335,293,314
336,293,314
337,293,314
338,293,314
339,293,314
0,0
1,167
236,343,347
237,341,349
238,341,350
239,341,351
240,340,352
241,340,353
242,339,354
243,340,355
244,340,355
245,340,353
245,340,356
246,340,353
246,340,357
247,340,353
247,340,358
248,340,353
248,340,358
249,340,353
249,340,359
250,340,353
250,340,360
251,340,353
251,340,360
252,340,353
252,340,361
253,340,353
253,340,361
254,340,353
254,339,362
255,340,353
255,339,362
256,340,353
256,339,363
257,340,353
257,339,363
258,340,353
258,339,364
259,340,353
259,339,364
260,340,353
260,339,364
261,340,353
261,339,364
262,340,353
262,338,365
263,340,353
263,338,364
264,340,353
264,338,364
265,340,353
265,338,364
266,340,353
266,338,363
267,340,353
267,338,362
268,340,353
268,338,362
269,340,353
269,337,361
270,340,353
270,337,361
271,340,353
271,337,360
272,340,353
272,337,359
273,340,353
273,337,359
274,340,353
274,336,358
275,340,353
275,336,358
276,340,353
276,336,357
277,340,353
277,336,357
278,340,353
278,336,356
279,340,353
279,335,356
280,340,353
280,335,355
281,340,353
281,335,355
282,335,354
283,335,354
284,335,353
285,334,353
286,334,352
287,334,352
288,334,352
289,333,351
290,333,351
291,333,350
292,333,350
293,333,349
294,332,349
295,332,349
296,332,348
297,332,348
298,331,348
299,331,347
300,331,347
301,331,347
302,331,346
303,330,346
304,330,345
305,330,345
306,330,345
307,329,344
308,329,344
309,329,344
310,329,343
311,328,343
312,328,343
313,328,342
314,328,342
315,328,341
316,327,341
317,327,341
318,327,340
319,327,340
320,326,340
321,326,339
322,326,339
323,326,339
324,325,338
325,325,338
326,325,337
327,325,337
328,324,337
329,324,336
330,324,336
331,324,336
332,323,335
333,323,335
334,323,335
335,323,334
336,322,334
337,322,334
338,322,333
339,322,333
340,321,332
341,321,332
342,321,332
343,321,331
344,320,331
345,320,330
346,320,330
347,320,330
348,320,329
349,319,329
350,319,328
351,319,328
352,318,328
353,318,327
354,318,327
355,318,326
356,317,326
357,317,325
358,317,325
359,317,324
360,317,323
361,316,323
362,317,322
363,317,322
364,317,321
365,318,319
0,0
0,57
292,345,345
293,343,348
294,342,350
295,342,352
296,342,353
297,342,355
298,342,357
299,342,358
300,342,360
301,342,361
302,343,362
303,343,364
304,344,365
305,344,366
306,345,368
307,345,369
308,346,370
309,346,371
310,347,373
311,348,374
312,348,375
313,349,376
314,350,377
315,350,378
316,351,379
317,352,380
318,352,381
319,353,381
320,354,382
321,354,383
322,355,383
323,356,384
324,356,384
325,357,384
326,357,385
327,358,385
328,359,385
329,359,385
330,360,385
331,360,385
332,361,385
333,362,385
334,362,385
335,363,385
336,363,385
337,364,385
338,365,384
339,365,384
340,366,384
341,366,384
342,367,384
343,368,383
344,368,383
345,369,382
346,370,381
347,372,380
348,374,378
0,0
