0,104
109,70,70
110,68,78
111,66,83
112,66,87
113,65,90
114,65,92
115,66,94
116,66,95
117,66,96
118,67,96
119,67,97
120,68,97
121,68,97
122,69,97
123,69,97
124,70,98
125,70,98
126,71,98
127,71,98
128,72,98
129,72,98
130,72,98
131,73,98
132,73,98
133,74,99
134,74,99
135,75,99
136,75,99
137,75,99
138,76,99
139,76,100
140,76,100
141,77,100
142,77,100
143,78,100
144,78,100
145,78,100
146,79,101
147,79,101
148,79,101
149,80,101
150,80,101
151,80,101
152,80,102
153,81,102
154,81,102
155,81,102
156,81,102
157,82,102
158,82,103
159,82,103
160,83,103
161,83,103
162,83,103
163,83,104
164,83,104
165,84,104
166,84,104
167,84,104
168,84,104
169,84,104
170,85,105
171,85,105
172,85,105
173,85,105
174,85,105
175,85,105
176,86,106
177,86,106
178,86,106
179,86,106
180,86,106
181,87,106
182,87,106
183,87,107
184,87,107
185,88,107
186,88,107
187,88,107
188,88,107
189,89,107
190,89,107
191,89,107
192,90,108
193,90,108
194,90,108
195,91,108
196,91,108
197,91,108
198,92,108
199,92,108
200,93,108
201,93,108
202,94,108
203,94,108
204,95,108
205,96,107
206,97,107
207,97,107
208,98,107
209,99,107
210,100,106
211,102,105
212,104,104
0,0
1,84
73,117,118
74,116,119
75,116,120
76,116,121
77,115,122
78,115,122
79,115,123
80,115,123
81,115,124
82,114,124
83,114,125
84,114,125
85,114,125
86,114,125
87,113,126
88,113,126
89,113,126
90,113,126
91,113,126
92,112,126
93,112,126
94,112,125
95,112,125
96,111,125
97,111,125
98,111,125
99,111,125
100,111,125
101,110,124
102,110,124
103,110,124
104,110,124
105,109,123
106,109,123
107,109,123
108,109,122
109,108,122
110,108,122
111,108,122
112,107,121
113,107,121
114,107,121
115,107,120
116,106,120
117,106,120
118,106,120
119,105,119
120,105,119
121,105,119
122,104,119
123,104,118
124,104,118
125,103,118
126,103,117
127,102,117
128,102,117
129,102,117
130,101,116
131,101,116
132,100,116
133,100,116
134,99,115
135,99,115
136,98,115
137,98,115
138,97,114
139,97,114
140,96,114
141,96,113
142,95,113
143,95,113
144,94,113
145,93,113
146,93,113
147,92,113
148,92,113
149,91,113
150,90,113
151,90,113
152,94,113
153,100,114
154,106,114
155,112,116
155,114,116
0,94
87,159,160
88,154,165
89,152,168
90,151,170
91,151,171
92,151,173
93,151,175
94,151,177
95,152,178
96,152,180
97,152,182
98,152,184
99,152,186
100,152,187
101,153,189
102,153,191
103,153,193
104,153,194
105,153,195
106,153,195
107,154,196
108,154,196
109,154,196
110,154,196
111,154,196
112,154,196
113,155,195
114,155,195
115,155,194
116,155,194
117,156,193
118,156,193
119,157,192
120,157,191
121,157,190
122,157,189
123,157,189
124,157,188
125,157,187
126,157,187
127,157,186
128,157,186
129,156,185
130,156,185
131,156,184
132,156,184
133,156,183
134,156,183
135,156,182
136,155,182
137,155,182
138,155,181
139,155,181
140,155,180
141,154,180
142,154,180
143,154,179
144,154,179
145,154,179
146,153,178
147,153,178
148,153,178
149,153,177
150,153,177
151,152,177
152,152,177
153,152,176
154,152,176
155,152,176
156,152,175
157,151,175
158,151,175
159,151,175
160,151,174
161,150,174
162,150,174
163,150,174
164,150,173
165,150,173
166,149,173
167,149,173
168,149,173
169,149,172
170,149,172
171,148,172
172,148,172
173,148,171
174,148,171
175,148,171
176,147,171
177,147,171
178,147,170
179,147,170
180,170,170
0,0
1,89
92,188,191
93,187,192
94,187,193
95,186,194
96,186,195
97,186,195
98,185,196
99,185,196
100,185,197
101,185,197
102,184,197
103,184,198
104,184,198
105,184,198
106,183,198
107,183,198
108,183,197
109,183,197
110,182,197
111,182,197
112,182,197
113,181,196
114,181,196
115,181,196
116,181,195
117,180,195
118,180,195
119,180,194
120,179,194
121,179,194
122,179,194
123,178,193
124,178,193
125,178,193
126,177,193
127,177,192
128,177,192
129,176,192
130,176,192
131,176,191
132,175,191
133,175,191
134,175,191
135,174,190
136,174,190
137,174,190
138,173,190
139,173,190
140,173,189
141,172,189
142,172,189
143,171,189
144,171,188
145,171,188
146,170,188
147,170,188
148,170,188
149,169,188
150,169,187
151,169,187
152,169,187
153,168,187
154,168,187
155,168,186
156,168,186
157,168,186
158,168,186
159,167,186
160,168,185
161,168,185
162,168,185
163,168,185
164,168,185
165,169,184
166,169,184
167,169,184
168,169,184
169,170,184
170,170,184
171,171,183
172,171,183
173,172,183
174,172,183
175,173,183
176,174,183
177,174,182
178,175,182
179,176,182
180,177,181
0,0
0,157
185,122,122
186,117,125
187,115,129
188,114,131
189,114,133
190,114,135
191,114,136
192,114,138
193,115,139
194,115,140
195,115,142
196,116,143
197,116,144
198,117,145
199,118,146
200,118,147
201,118,147
202,119,148
203,119,148
204,120,149
205,120,149
206,120,149
207,121,150
208,121,150
209,121,150
210,121,150
211,122,150
212,122,149
213,122,149
214,122,149
215,122,149
216,122,149
217,122,149
218,122,149
219,122,149
220,123,149
221,123,149
222,123,148
223,123,148
224,123,148
225,123,148
226,123,148
227,123,148
228,123,148
229,123,148
230,123,148
231,123,148
232,123,148
233,123,148
234,123,148
235,123,148
236,123,148
237,123,148
238,123,148
239,123,148
240,123,148
241,123,148
242,123,148
243,123,148
244,123,148
245,123,148
246,123,148
247,123,148
248,123,148
249,123,148
250,124,148
251,124,148
252,124,148
253,124,148
254,124,148
255,124,148
256,124,147
257,124,147
258,124,147
259,124,147
260,124,147
261,124,147
262,124,147
263,124,147
264,124,147
265,124,147
266,124,147
267,124,147
268,124,147
269,124,147
270,124,147
271,124,147
272,124,147
273,124,147
274,124,147
275,124,147
276,124,147
277,124,147
278,124,147
279,124,147
280,124,147
281,124,147
282,124,147
283,124,147
284,124,147
285,124,147
286,124,147
287,124,147
288,124,147
289,124,147
290,124,147
291,124,147
292,124,147
293,124,147
294,124,147
295,124,146
296,124,146
297,124,146
298,124,146
299,124,146
300,124,146
301,125,146
302,125,146
303,125,146
304,125,146
305,125,146
306,125,146
307,125,146
308,125,146
309,125,146
310,125,146
311,125,146
312,125,146
313,125,146
314,125,146
315,125,146
316,125,146
317,125,146
318,125,146
319,125,146
320,125,146
321,125,146
322,125,146
323,125,146
324,125,146
325,125,146
326,125,146
327,125,146
328,125,146
329,125,146
330,125,146
331,125,146
332,125,146
333,125,146
334,125,146
335,125,146
336,125,146
337,125,146
338,125,146
339,125,145
340,125,145
341,125,145
0,0
1,71
128,252,253
129,251,254
130,251,255
131,250,256
132,250,256
133,249,257
134,248,258
135,248,258
136,247,258
137,247,258
138,246,258
139,246,258
140,245,258
141,244,258
142,244,257
143,243,257
144,243,257
145,242,257
146,242,257
147,241,257
148,240,256
149,240,256
150,239,256
151,239,256
152,238,255
153,238,255
154,238,255
155,237,255
156,237,254
157,237,254
158,236,254
159,236,254
160,236,253
161,235,253
162,235,253
163,235,253
164,234,252
165,234,252
166,234,252
167,234,252
168,233,251
169,233,251
170,233,251
171,233,251
172,233,250
173,233,250
174,232,250
175,232,250
176,232,249
177,232,249
178,232,249
179,232,249
180,232,248
181,232,248
182,232,248
183,232,248
184,232,248
185,232,247
186,233,247
187,233,247
188,233,247
189,233,246
190,234,246
191,234,246
192,235,246
193,235,245
194,236,245
195,237,244
196,237,244
197,239,243
198,240,242
0,0
0,122
244,61,61
245,58,65
246,56,69
247,55,72
248,54,74
249,54,77
250,54,78
251,54,80
252,54,82
253,55,83
254,55,85
255,55,86
256,56,87
257,57,88
258,57,89
259,58,90
260,58,91
261,59,92
262,59,92
263,60,93
264,60,93
265,61,93
266,61,94
267,61,94
268,62,94
269,62,94
270,63,94
271,63,94
272,63,94
273,64,94
274,64,94
275,64,94
276,65,94
277,65,94
278,65,93
279,66,93
280,66,93
281,66,93
282,67,93
283,67,93
284,67,93
285,67,93
286,67,93
287,68,93
288,68,93
289,68,93
290,68,93
291,69,93
292,69,93
293,69,93
294,69,93
295,69,93
296,69,93
297,69,93
298,70,93
299,70,93
300,70,93
301,70,93
302,70,93
303,70,93
304,71,93
305,71,93
306,71,93
307,71,93
308,71,93
309,71,93
310,71,93
311,72,94
312,72,94
313,72,94
314,72,94
315,72,94
316,72,94
317,72,94
318,72,94
319,73,94
320,73,94
321,73,94
322,73,94
323,73,94
324,73,94
325,73,94
326,73,94
327,74,94
328,74,94
329,74,94
330,74,94
331,74,94
332,74,94
333,74,94
334,74,94
335,75,94
336,75,95
337,75,95
338,75,95
339,75,95
340,75,95
341,75,95
342,75,95
343,75,95
344,76,95
345,76,95
346,76,95
347,76,95
348,76,95
349,76,95
350,76,95
351,76,95
352,77,95
353,77,95
354,77,95
355,77,96
356,77,96
357,77,96
358,77,96
359,77,96
360,77,96
361,78,96
362,78,96
363,78,96
364,78,90
365,78,80
0,0
1,162
36,366,373
37,365,374
38,364,376
39,364,377
40,363,378
41,363,378
42,363,379
43,362,380
44,362,380
45,362,381
46,362,382
47,362,382
48,362,383
49,362,383
50,362,384
51,362,385
52,361,385
53,361,386
54,361,386
55,361,387
56,361,387
57,360,388
58,360,388
59,360,388
60,360,389
61,359,389
62,359,390
63,359,390
64,359,391
65,358,391
66,358,391
67,358,392
68,358,392
69,357,392
70,357,392
71,357,392
72,356,393
73,356,392
74,356,392
75,356,392
76,355,392
77,355,391
78,355,391
79,354,390
80,354,389
81,354,388
82,353,387
83,353,387
84,353,386
85,352,385
86,352,384
87,352,384
88,351,383
89,351,382
90,351,381
91,350,381
92,350,380
93,350,379
94,349,378
95,349,378
96,349,377
97,348,376
98,348,376
99,348,375
100,347,374
101,347,374
102,347,373
103,346,373
104,346,372
105,346,371
106,345,371
107,345,370
108,345,370
109,344,369
110,344,369
111,343,368
112,343,367
113,343,367
114,342,366
115,342,366
116,342,365
117,341,365
118,341,364
119,341,364
120,340,363
121,340,363
122,340,362
123,339,362
124,339,361
125,338,360
126,338,360
127,338,359
128,337,359
129,337,358
130,337,358
131,336,357
132,336,357
133,335,356
134,335,356
135,335,355
136,334,355
137,334,354
138,334,354
139,333,353
140,333,353
141,333,352
142,332,352
143,332,351
144,331,351
145,331,350
146,331,350
147,330,349
148,330,349
149,329,348
150,329,348
151,329,347
152,328,346
153,328,346
154,327,345
155,327,345
156,327,344
157,326,344
158,326,343
159,326,343
160,325,342
161,325,342
162,324,341
163,324,341
164,324,340
165,323,340
166,323,339
167,323,339
168,322,338
169,322,338
170,321,337
171,321,336
172,321,336
173,320,335
174,320,335
175,319,334
176,319,334
177,319,333
178,318,332
179,318,332
180,317,331
181,317,331
182,317,330
183,316,329
184,316,329
185,315,328
186,315,327
187,315,327
188,314,326
189,314,325
190,314,325
191,314,324
192,313,323
193,313,322
194,314,322
195,314,321
196,314,320
197,315,318
0,0
0,103
66,267,267
67,263,272
68,261,275
69,260,278
70,260,280
71,260,282
72,260,283
73,260,285
74,260,287
75,261,288
76,261,289
77,262,291
78,262,292
79,263,293
80,263,294
81,264,295
82,264,295
83,265,296
84,265,296
85,266,297
86,266,297
87,267,297
88,267,297
89,267,298
90,268,298
91,268,298
92,268,298
93,269,298
94,269,297
95,269,297
96,270,297
97,270,297
98,270,297
99,270,297
100,271,297
101,271,297
102,271,297
103,271,297
104,272,297
105,272,297
106,272,296
107,272,296
108,272,296
109,272,296
110,273,296
111,273,296
112,273,296
113,273,296
114,273,296
115,273,296
116,273,296
117,274,296
118,274,296
119,274,296
120,274,296
121,274,296
122,274,296
123,274,296
124,275,296
125,275,296
126,275,296
127,275,296
128,275,296
129,275,296
130,275,296
131,275,296
132,275,296
133,276,296
134,276,296
135,276,296
136,276,296
137,276,296
138,276,296
139,276,296
140,276,296
141,277,296
142,277,296
143,277,296
144,277,296
145,277,296
146,277,296
147,277,296
148,277,296
149,278,296
150,278,296
151,278,296
152,278,296
153,278,296
154,278,296
155,278,296
156,278,296
157,278,296
158,278,296
159,279,297
160,279,297
161,279,297
162,279,297
163,279,297
164,279,297
165,279,297
166,279,297
167,279,290
168,280,280
0,0
0,121
41,329,329
42,323,332
43,321,335
44,320,337
45,320,340
46,319,341
47,319,343
48,319,345
49,319,346
50,320,348
51,320,349
52,321,350
53,321,352
54,322,353
55,322,354
56,322,355
57,323,356
58,323,357
59,323,358
60,324,358
61,324,359
62,324,359
63,324,359
64,324,359
65,325,359
66,325,358
67,325,358
68,325,358
69,325,357
70,325,357
71,325,356
72,326,356
73,326,356
74,326,355
75,326,355
76,326,355
77,326,354
78,326,354
79,326,354
80,326,354
81,326,353
82,326,353
83,326,353
84,326,353
85,326,352
86,326,352
87,326,352
88,326,352
89,326,352
90,326,351
91,326,351
92,326,351
93,326,351
94,326,351
95,326,350
96,326,350
97,326,350
98,326,350
99,326,350
100,326,349
101,326,349
102,326,349
103,325,349
104,325,348
105,325,348
106,325,348
107,325,348
108,325,348
109,325,347
110,325,347
111,325,347
112,325,347
113,325,347
114,325,346
115,325,346
116,325,346
117,325,346
118,324,346
119,324,345
120,324,345
121,324,345
122,324,345
123,324,345
124,324,344
125,324,344
126,324,344
127,324,344
128,324,344
129,324,343
130,323,343
131,323,343
132,323,343
133,323,343
134,323,342
135,323,342
136,323,342
137,323,342
138,323,341
139,323,341
140,323,341
141,322,341
142,322,341
143,322,340
144,322,340
145,322,340
146,322,340
147,322,340
148,322,339
149,322,339
150,322,339
151,321,339
152,321,339
153,321,338
154,321,338
155,321,338
156,321,338
157,321,338
158,321,337
159,321,332
160,321,326
161,320,320
0,0
0,42
100,223,223
101,221,225
102,220,228
103,220,231
104,219,233
105,219,235
106,219,237
107,219,239
108,219,241
109,219,243
110,220,245
111,220,246
112,221,247
113,221,249
114,222,250
115,222,251
116,223,252
117,223,253
118,224,253
119,224,254
120,225,254
121,225,254
122,226,255
123,227,255
124,227,255
125,228,255
126,228,255
127,229,255
128,230,255
129,230,255
130,231,255
131,231,255
132,232,255
133,233,255
134,234,255
135,235,254
136,236,254
137,237,253
138,238,253
139,240,252
140,242,251
141,244,249
0,0
0,62
66,399,399
67,396,405
68,395,407
69,394,409
70,394,411
71,394,412
72,394,414
73,394,415
74,394,416
75,393,417
76,393,418
77,393,419
78,393,419
79,393,420
80,393,421
81,392,422
82,392,423
83,392,423
84,391,424
85,391,425
86,390,425
87,389,426
88,389,426
89,388,427
90,387,427
91,386,427
92,386,427
93,385,427
94,384,427
95,383,426
96,383,425
97,382,423
98,381,420
99,380,418
100,380,416
101,379,414
102,378,412
103,377,410
104,376,408
105,375,406
106,375,404
107,374,402
108,373,400
109,372,398
110,371,396
111,370,395
112,370,393
113,369,391
114,368,389
115,367,387
116,366,386
117,365,384
118,364,382
119,363,381
120,363,379
121,362,377
122,361,375
123,360,374
124,360,372
125,360,370
126,361,369
127,363,366
0,0
1,242
203,171,172
204,170,174
205,169,175
206,169,176
207,169,177
208,169,178
209,169,179
210,168,179
211,168,180
212,168,181
213,168,181
214,168,182
215,168,182
216,168,183
217,167,183
218,167,184
219,167,184
220,167,184
221,167,184
222,167,185
223,167,185
224,166,185
225,166,185
226,166,185
227,166,185
228,166,186
229,166,186
230,166,186
231,165,185
232,165,185
233,165,185
234,165,185
235,165,185
236,165,185
237,165,185
238,165,184
239,164,184
240,164,184
241,164,184
242,164,183
243,164,183
244,164,183
245,164,183
246,163,182
247,163,182
248,163,182
249,163,182
250,163,181
251,163,181
252,163,181
253,162,181
254,162,180
255,162,180
256,162,180
257,162,180
258,162,179
259,162,179
260,161,179
261,161,179
262,161,179
263,161,178
264,161,178
265,161,178
266,161,178
267,160,177
268,160,177
269,160,177
270,160,177
271,160,177
272,160,177
273,160,176
274,159,176
275,159,176
276,159,176
277,159,176
278,159,175
279,159,175
280,159,175
281,158,175
282,158,175
283,158,174
284,158,174
285,158,174
286,158,174
287,157,174
288,157,174
289,157,173
290,157,173
291,157,173
292,157,173
293,157,173
294,156,173
295,156,172
296,156,172
297,156,172
298,156,172
299,156,172
300,156,172
301,155,172
302,155,171
303,155,171
304,155,171
305,155,171
306,155,171
307,155,171
308,154,171
309,154,170
310,154,170
311,154,170
312,154,170
313,154,170
314,153,170
315,153,170
316,153,170
317,153,169
318,153,169
319,153,169
320,153,169
321,152,169
322,152,169
323,152,169
324,152,169
325,152,169
326,152,168
327,151,168
328,151,168
329,151,168
330,151,168
331,151,168
332,151,168
333,151,168
334,150,168
335,150,168
336,150,168
337,150,167
338,150,167
339,149,167
340,149,167
341,149,167
342,149,167
343,149,167
344,149,167
345,148,167
346,148,167
347,148,167
348,148,167
349,148,167
350,148,166
351,148,166
352,147,166
353,147,166
354,147,166
355,147,166
356,147,166
357,146,166
358,146,166
359,146,166
360,146,166
361,146,166
362,146,166
363,145,166
364,145,166
365,145,166
366,145,166
367,145,166
368,144,166
369,144,166
370,144,166
371,144,166
372,144,166
373,144,166
374,143,166
375,143,166
376,143,166
377,143,166
378,143,166
379,142,166
380,142,166
381,142,166
382,142,166
383,142,166
384,141,166
385,141,166
386,141,166
387,141,166
388,141,166
389,140,166
390,140,166
391,140,166
392,140,166
393,139,166
394,139,166
395,139,166
396,139,166
397,139,166
398,138,166
399,138,166
400,138,166
401,138,166
402,138,166
403,138,166
404,138,166
405,138,166
406,138,166
407,138,166
408,137,166
409,138,166
410,138,166
411,138,166
412,138,166
413,138,166
414,138,166
415,139,166
416,139,166
417,139,166
418,140,166
419,140,166
420,140,166
421,141,166
422,141,166
423,142,166
424,142,166
425,143,166
426,143,166
427,144,166
428,144,166
429,145,166
430,146,166
431,146,166
432,147,166
433,148,165
434,148,165
435,149,165
436,150,165
437,151,165
438,151,164
439,152,164
440,153,164
441,154,163
442,155,163
443,157,162
444,159,160
0,0
0,39
187,262,264
188,261,266
189,260,268
190,260,270
191,260,272
192,259,273
193,259,275
194,260,277
195,260,278
196,260,280
197,261,281
198,261,282
199,262,283
200,262,284
201,262,285
202,263,286
203,263,287
204,264,287
205,264,288
206,265,288
207,265,289
208,266,289
209,266,289
210,267,289
211,267,289
212,268,289
213,268,289
214,269,289
215,269,289
216,270,289
217,271,289
218,271,289
219,272,288
220,273,288
221,274,287
222,275,287
223,277,286
224,279,284
225,282,282
0,0
0,73
159,341,341
160,337,343
161,335,346
162,334,348
163,334,349
164,334,350
165,334,352
166,334,353
167,334,354
168,334,355
169,335,356
170,335,357
171,335,358
172,335,359
173,335,360
174,334,361
175,334,361
176,334,362
177,334,362
178,334,363
179,334,363
180,333,364
181,333,364
182,333,364
183,333,363
184,332,363
185,332,362
186,332,361
187,331,360
188,331,359
189,331,358
190,330,357
191,330,356
192,330,355
193,329,354
194,329,353
195,329,353
196,328,352
197,328,351
198,327,350
199,327,349
200,327,349
201,326,348
202,326,347
203,325,346
204,325,346
205,325,345
206,324,344
207,324,343
208,323,342
209,323,342
210,322,341
211,322,340
212,321,339
213,321,338
214,320,338
215,320,337
216,320,336
217,319,335
218,318,334
219,318,333
220,318,333
221,317,332
222,317,331
223,317,330
224,316,329
225,316,328
226,316,327
227,316,326
228,315,325
229,315,323
230,315,322
231,316,319
0,0
1,166
225,239,241
226,238,242
227,238,243
228,238,244
229,237,244
230,237,245
231,237,246
232,237,247
233,237,247
234,237,248
235,236,249
236,236,249
237,236,250
238,236,251
239,236,251
240,236,252
241,236,252
242,236,253
243,236,253
244,235,253
245,235,254
246,235,254
247,235,254
248,235,254
249,235,254
250,235,254
251,235,254
252,235,253
253,234,253
254,234,253
255,234,253
256,234,253
257,234,252
258,234,252
259,234,252
260,234,252
261,234,252
262,234,251
263,233,251
264,233,251
265,233,251
266,233,251
267,233,251
268,233,250
269,233,250
270,233,250
271,233,250
272,233,250
273,232,249
274,232,249
275,232,249
276,232,249
277,232,249
278,232,248
279,232,248
280,232,248
281,232,248
282,231,248
283,231,248
284,231,247
285,231,247
286,231,247
287,231,247
288,231,247
289,230,247
290,230,246
291,230,246
292,230,246
293,230,246
294,230,246
295,229,246
296,229,245
297,229,245
298,229,245
299,229,245
300,229,245
301,228,245
302,228,244
303,228,244
304,228,244
305,228,244
306,227,244
307,227,244
308,227,244
309,227,243
310,227,243
311,226,243
312,226,243
313,226,243
314,226,243
315,226,242
316,225,242
317,225,242
318,225,242
319,225,242
320,225,242
321,224,242
322,224,241
323,224,241
324,224,241
325,223,241
326,223,241
327,223,241
328,223,241
329,223,241
330,222,240
331,222,240
332,222,240
333,222,240
334,221,240
335,221,240
336,221,240
337,221,239
338,221,239
339,220,239
340,220,239
341,220,239
342,220,239
343,219,239
344,219,239
345,219,238
346,219,238
347,218,238
348,218,238
349,218,238
350,218,238
351,217,238
352,217,238
353,217,237
354,217,237
355,217,237
356,216,237
357,216,237
358,216,237
359,216,237
360,216,237
361,216,236
362,215,236
363,215,236
364,215,236
365,215,236
366,215,236
367,215,236
368,215,236
369,215,235
370,216,235
371,216,235
372,216,235
373,216,235
374,217,235
375,217,235
376,218,235
377,218,235
378,218,234
379,219,234
380,219,234
381,220,234
382,220,234
383,221,234
384,221,234
385,222,234
386,222,234
387,223,233
388,223,233
389,224,232
390,225,230
0,0
1,141
235,284,286
236,283,287
237,283,288
238,283,289
239,282,290
240,282,290
241,282,291
242,282,292
243,282,292
244,281,293
245,281,294
246,281,294
247,281,295
248,281,296
249,281,296
250,281,297
251,281,297
252,280,297
253,280,298
254,280,298
255,280,298
256,280,298
257,280,299
258,280,298
259,280,298
260,279,298
261,279,298
262,279,298
263,279,298
264,279,298
265,279,297
266,279,297
267,279,297
268,279,297
269,278,296
270,278,296
271,278,296
272,278,296
273,278,296
274,278,295
275,278,295
276,278,295
277,277,295
278,277,295
279,277,294
280,277,294
281,277,294
282,277,294
283,277,294
284,276,293
285,276,293
286,276,293
287,276,293
288,276,293
289,276,293
290,275,292
291,275,292
292,275,292
293,275,292
294,275,292
295,274,292
296,274,291
297,274,291
298,274,291
299,274,291
300,273,291
301,273,290
302,273,290
303,273,290
304,273,290
305,272,290
306,272,290
307,272,289
308,272,289
309,271,289
310,271,289
311,271,289
312,271,289
313,271,288
314,270,288
315,270,288
316,270,288
317,270,288
318,269,288
319,269,288
320,269,287
321,269,287
322,268,287
323,268,287
324,268,287
325,268,287
326,267,287
327,267,286
328,267,286
329,267,286
330,266,286
331,266,286
332,266,286
333,266,286
334,265,285
335,265,285
336,265,285
337,265,285
338,264,285
339,264,285
340,264,284
341,264,284
342,264,284
343,263,284
344,263,284
345,263,284
346,263,284
347,263,284
348,263,283
349,263,283
350,262,283
351,263,283
352,263,283
353,263,283
354,263,283
355,263,283
356,264,282
357,264,282
358,264,282
359,264,282
360,265,282
361,265,282
362,265,282
363,266,282
364,266,281
365,267,281
366,267,281
367,268,281
368,268,281
369,269,281
370,269,281
371,269,280
372,270,280
373,271,279
374,272,278
375,274,275
0,0
1,229
203,331,332
204,330,334
205,330,335
206,329,336
207,329,337
208,329,338
209,329,339
210,329,340
211,328,340
212,328,341
213,328,342
214,328,342
215,328,343
216,328,343
217,328,344
218,328,344
219,327,344
220,327,345
221,327,345
222,327,345
223,327,345
224,327,346
225,327,346
226,327,346
227,327,346
228,326,346
229,326,347
230,326,346
231,326,346
232,326,346
233,326,346
234,326,346
235,326,346
236,325,346
237,325,345
238,325,345
239,325,345
240,325,345
241,325,344
242,325,344
243,325,344
244,324,344
245,324,343
246,324,343
247,324,343
248,324,343
249,324,343
250,324,342
251,324,342
252,323,342
253,323,342
254,323,341
255,323,341
256,323,341
257,323,341
258,323,341
259,323,340
260,322,340
261,322,340
262,322,340
263,322,340
264,322,339
265,322,339
266,322,339
267,322,339
268,321,339
269,321,339
270,321,338
271,321,338
272,321,338
273,321,338
274,321,338
275,320,338
276,320,337
277,320,337
278,320,337
279,320,337
280,320,337
281,320,337
282,320,336
283,319,336
284,319,336
285,319,336
286,319,336
287,319,336
288,319,336
289,319,335
290,319,335
291,318,335
292,318,335
293,318,335
294,318,335
295,318,335
296,318,335
297,318,334
298,317,334
299,317,334
300,317,334
301,317,334
302,317,334
303,317,334
304,317,334
305,317,334
306,316,333
307,316,333
308,316,333
309,316,333
310,316,333
311,316,333
312,316,333
313,315,333
314,315,333
315,315,332
316,315,332
317,315,332
318,315,332
319,315,332
320,314,332
321,314,332
322,314,332
323,314,332
324,314,332
325,314,332
326,314,332
327,313,332
328,313,331
329,313,331
330,313,331
331,313,331
332,313,331
333,313,331
334,312,331
335,312,331
336,312,331
337,312,331
338,312,331
339,312,331
340,311,331
341,311,331
342,311,331
343,311,331
344,311,331
345,311,331
346,311,331
347,310,331
348,310,331
349,310,331
350,310,331
351,310,331
352,310,331
353,309,331
354,309,331
355,309,331
356,309,331
357,309,331
358,309,331
359,308,331
360,308,331
361,308,331
362,308,331
363,308,331
364,307,331
365,307,331
366,307,331
367,307,331
368,307,331
369,307,331
370,306,331
371,306,331
372,306,331
373,306,331
374,306,331
375,305,331
376,305,331
377,305,331
378,305,331
379,305,331
380,304,331
381,304,331
382,304,331
383,304,331
384,304,331
385,303,331
386,303,331
387,303,331
388,303,331
389,303,331
390,303,331
391,303,331
392,302,331
393,303,331
394,303,331
395,303,331
396,303,331
397,303,331
398,303,331
399,303,331
400,304,331
401,304,331
402,304,331
403,305,331
404,305,331
405,305,331
406,306,331
407,306,331
408,307,331
409,307,331
410,308,331
411,308,331
412,309,331
413,309,331
414,310,331
415,310,331
416,311,331
417,312,331
418,312,332
419,313,331
420,314,331
421,315,331
422,315,331
423,316,330
424,317,330
425,318,330
426,319,330
427,320,329
428,321,329
429,322,328
430,325,326
430,325,325
0,0
0,201
239,290,296
240,287,300
241,285,303
242,285,306
243,284,308
244,284,310
245,284,312
246,284,314
247,285,316
248,285,318
249,286,319
250,286,321
251,287,322
252,287,323
253,287,324
254,288,325
255,288,325
256,288,325
257,289,326
258,289,325
259,289,325
260,290,324
261,290,324
262,290,323
263,290,323
264,291,323
265,291,322
266,291,322
267,291,322
268,291,322
269,291,321
270,291,321
271,291,321
272,291,321
273,291,321
274,291,320
275,291,320
276,291,320
277,291,320
278,291,320
279,291,320
280,291,319
281,291,319
282,291,319
283,291,319
284,291,319
285,291,319
286,291,318
287,291,318
288,291,318
289,291,318
290,291,318
291,291,318
292,291,318
293,291,317
294,291,317
295,290,317
296,290,317
297,290,317
298,290,317
299,290,316
300,290,316
301,290,316
302,290,316
303,290,316
304,289,316
305,289,315
306,289,315
307,289,315
308,289,315
309,289,315
310,288,314
311,288,314
312,288,314
313,288,314
314,288,313
315,288,313
316,287,313
317,287,313
318,287,313
319,287,312
320,286,312
321,286,312
322,286,312
323,286,311
324,286,311
325,285,311
326,285,311
327,285,310
328,285,310
329,284,310
330,284,309
331,284,309
332,284,309
333,283,309
334,283,308
335,283,308
336,282,308
337,282,307
338,282,307
339,281,307
340,281,306
341,281,306
342,281,306
343,280,306
344,280,305
345,279,305
346,279,305
347,279,304
348,278,304
349,278,303
350,278,303
351,277,303
352,277,302
353,276,302
354,276,302
355,276,301
356,275,301
357,275,300
358,274,300
359,274,299
360,273,299
361,273,299
362,272,298
363,272,298
364,271,297
365,271,297
366,270,296
367,270,296
368,269,296
369,269,295
370,268,295
371,267,294
372,267,294
373,266,293
374,266,293
375,265,292
376,264,291
377,264,291
378,263,290
379,262,290
380,261,289
381,261,289
382,260,288
383,259,288
384,258,287
385,258,286
386,257,286
387,256,285
388,255,284
389,254,284
390,253,283
391,252,282
392,252,282
393,251,281
394,250,280
395,249,279
396,248,279
397,247,278
398,246,277
399,245,276
400,244,275
401,243,274
402,241,273
403,240,273
404,239,272
405,238,271
406,236,270
407,235,269
408,234,267
409,232,266
410,231,265
411,229,264
412,228,263
413,226,262
414,225,260
415,223,259
416,222,257
417,220,256
418,218,255
419,217,253
420,215,251
421,213,249
422,212,248
423,210,246
424,208,244
425,206,242
426,205,240
427,203,238
428,201,235
429,199,233
430,197,231
431,195,228
432,194,226
433,192,223
434,190,220
435,189,217
436,187,214
437,186,210
438,186,206
439,188,200
0,0
1,181
294,326,329
295,324,332
296,323,334
297,322,336
298,323,337
299,324,338
300,324,340
301,326,329
301,325,341
302,326,343
303,327,344
304,328,345
305,329,347
306,330,348
307,330,350
308,331,351
309,332,352
310,333,354
311,334,355
312,335,357
313,336,358
314,337,359
315,338,361
316,339,362
317,340,363
318,341,365
319,342,366
320,343,367
321,344,369
322,345,370
323,346,371
324,347,373
325,348,374
326,349,375
327,350,377
328,351,378
329,352,379
330,353,380
331,354,382
332,355,383
333,356,384
334,357,386
335,358,387
336,359,388
337,360,390
338,361,391
339,362,392
340,363,393
341,363,395
342,364,396
343,365,397
344,366,398
345,367,400
346,368,401
347,369,402
348,370,403
349,371,405
350,371,406
351,372,407
352,373,408
353,374,409
354,375,411
355,376,412
356,377,413
357,377,414
358,378,415
359,379,417
360,380,418
361,381,419
362,382,420
363,382,421
364,383,423
365,384,424
366,385,425
367,385,426
368,386,427
369,387,429
370,388,430
371,388,431
372,389,432
373,390,433
374,390,434
375,391,435
376,392,436
377,393,436
378,393,437
379,394,438
380,395,438
381,395,439
382,396,439
383,397,440
384,397,440
385,398,441
386,398,441
387,399,442
388,400,442
389,400,442
390,401,443
391,402,443
392,402,443
393,403,443
394,403,444
395,404,444
396,405,444
397,405,444
398,406,445
399,406,445
400,407,445
401,407,445
402,408,445
403,408,445
404,409,446
405,409,446
406,410,446
407,410,446
408,411,446
409,411,446
410,412,446
411,412,446
412,413,446
413,413,446
414,414,447
415,414,447
416,415,447
417,415,447
418,416,447
419,416,447
420,416,447
421,417,447
422,417,447
423,418,447
424,418,447
425,419,447
426,419,447
427,419,447
428,420,448
429,420,448
430,421,448
431,421,448
432,422,448
433,422,448
434,422,448
435,423,448
436,423,448
437,424,448
438,424,448
439,425,448
440,425,448
441,425,447
442,426,447
443,426,447
444,427,447
445,427,447
446,428,447
447,428,447
448,429,447
449,429,447
450,429,447
451,430,447
452,430,447
453,431,447
454,431,447
455,432,446
456,432,446
457,433,446
458,433,446
459,433,446
460,434,446
461,434,446
462,435,446
463,435,445
464,436,445
465,436,445
466,437,445
467,437,445
468,438,444
469,438,444
470,439,444
471,439,444
472,440,443
473,441,442
0,0
