0,108
103,61,65
104,59,71
105,58,75
106,58,78
107,58,81
108,58,83
109,58,85
110,58,86
111,59,87
112,59,88
113,59,88
114,60,89
115,60,89
116,61,89
117,61,89
118,62,89
119,62,89
120,62,89
121,63,89
122,63,89
123,64,89
124,64,89
125,64,90
126,65,90
127,65,90
128,65,90
129,66,90
130,66,90
131,66,90
132,67,90
133,67,90
134,67,90
135,68,91
136,68,91
137,68,91
138,69,91
139,69,91
140,69,91
141,69,91
142,70,91
143,70,91
144,70,92
145,70,92
146,71,92
147,71,92
148,71,92
149,71,92
150,72,92
151,72,92
152,72,93
153,72,93
154,73,93
155,73,93
156,73,93
157,73,93
158,73,93
159,73,94
160,74,94
161,74,94
162,74,94
163,74,94
164,74,94
165,74,94
166,75,94
167,75,95
168,75,95
169,75,95
170,75,95
171,75,95
172,75,95
173,75,95
174,76,95
175,76,96
176,76,96
177,76,96
178,76,96
179,76,96
180,77,96
181,77,96
182,77,96
183,77,96
184,77,96
185,78,96
186,78,96
187,78,96
188,78,97
189,78,97
190,79,97
191,79,97
192,79,97
193,80,97
194,80,97
195,80,97
196,81,97
197,81,97
198,82,97
199,82,96
200,83,96
201,83,96
202,84,96
203,84,96
204,85,96
205,86,96
206,87,95
207,88,95
208,89,94
209,90,94
210,92,92
0,0
1,84
66,111,113
67,111,114
68,110,115
69,110,116
70,110,116
71,110,117
72,109,117
73,109,118
74,109,118
75,109,119
76,109,119
77,109,119
78,108,120
79,108,120
80,108,120
81,108,120
82,108,120
83,107,120
84,107,120
85,107,120
86,107,120
87,107,119
88,106,119
89,106,119
90,106,119
91,106,119
92,105,119
93,105,118
94,105,118
95,105,118
96,104,118
97,104,117
98,104,117
99,104,117
100,103,116
101,103,116
102,103,116
103,103,115
104,102,115
105,102,115
106,102,115
107,102,114
108,101,114
109,101,114
110,101,113
111,100,113
112,100,113
113,100,113
114,99,112
115,99,112
116,99,112
117,98,111
118,98,111
119,98,111
120,97,111
121,97,110
122,96,110
123,96,110
124,95,110
125,95,109
126,94,109
127,94,109
128,94,108
129,93,108
130,93,108
131,92,108
132,92,107
133,91,107
134,91,106
135,90,106
136,89,106
137,89,106
138,88,106
139,88,106
140,87,106
141,86,106
142,86,106
143,85,106
144,84,106
145,87,106
146,93,107
147,99,108
148,105,109
148,107,109
0,97
82,150,156
83,146,160
84,144,162
85,144,164
86,144,166
87,144,167
88,145,169
89,145,171
90,145,173
91,145,174
92,145,176
93,145,178
94,146,180
95,146,182
96,146,184
97,146,185
98,146,187
99,146,187
100,147,188
101,147,188
102,147,189
103,147,189
104,147,189
105,147,189
106,148,188
107,148,188
108,148,188
109,148,187
110,149,186
111,149,186
112,150,185
113,150,184
114,150,184
115,150,183
116,150,182
117,150,181
118,150,181
119,150,180
120,150,180
121,150,179
122,150,179
123,150,178
124,150,178
125,150,177
126,150,177
127,150,176
128,149,176
129,149,176
130,149,175
131,149,175
132,149,174
133,149,174
134,148,174
135,148,173
136,148,173
137,148,173
138,148,173
139,148,172
140,147,172
141,147,172
142,147,171
143,147,171
144,147,171
145,147,171
146,146,170
147,146,170
148,146,170
149,146,170
150,146,169
151,146,169
152,145,169
153,145,169
154,145,168
155,145,168
156,145,168
157,144,168
158,144,168
159,144,167
160,144,167
161,144,167
162,144,167
163,143,167
164,143,167
165,143,166
166,143,166
167,143,166
168,143,166
169,142,166
170,142,165
171,142,165
172,142,165
173,142,165
174,141,165
175,141,165
176,141,165
177,141,164
178,141,147
0,0
1,92
86,185,188
87,185,189
88,184,190
89,184,191
90,184,192
91,183,193
92,183,194
93,183,194
94,183,195
95,182,195
96,182,196
97,182,196
98,182,196
99,181,196
100,181,197
101,181,196
102,181,196
103,180,196
104,180,196
105,180,196
106,180,196
107,179,195
108,179,195
109,179,195
110,179,195
111,178,194
112,178,194
113,178,194
114,177,194
115,177,193
116,177,193
117,177,193
118,176,193
119,176,192
120,176,192
121,175,192
122,175,192
123,175,192
124,174,191
125,174,191
126,174,191
127,174,191
128,173,190
129,173,190
130,173,190
131,172,190
132,172,190
133,172,190
134,171,189
135,171,189
136,171,189
137,170,189
138,170,189
139,170,188
140,169,188
141,169,188
142,169,188
143,168,188
144,168,188
145,168,187
146,168,187
147,167,187
148,167,187
149,167,187
150,167,187
151,167,186
152,167,186
153,167,186
154,167,186
155,167,186
156,167,186
157,167,186
158,168,185
159,168,185
160,168,185
161,168,185
162,169,185
163,169,185
164,169,185
165,170,184
166,170,184
167,171,184
168,171,184
169,172,184
170,173,184
171,173,184
172,174,183
173,175,183
174,175,182
175,176,182
176,177,181
176,177,180
0,0
0,163
187,114,119
188,112,123
189,111,125
190,110,127
191,110,129
192,110,131
193,110,133
194,110,134
195,111,135
196,111,136
197,112,138
198,112,139
199,113,140
200,113,141
201,113,142
202,114,142
203,114,143
204,115,144
205,115,144
206,116,145
207,116,145
208,116,145
209,117,146
210,117,146
211,117,146
212,117,146
213,117,145
214,118,145
215,118,145
216,118,145
217,118,145
218,118,145
219,118,144
220,118,144
221,118,144
222,118,144
223,119,144
224,119,144
225,119,144
226,119,144
227,119,144
228,119,144
229,119,144
230,119,144
231,119,144
232,119,144
233,119,144
234,119,144
235,119,144
236,119,144
237,119,144
238,119,144
239,119,144
240,119,144
241,119,143
242,119,143
243,119,143
244,119,143
245,119,143
246,119,143
247,119,143
248,119,143
249,119,143
250,119,143
251,119,143
252,119,143
253,119,143
254,119,143
255,119,143
256,119,143
257,119,143
258,119,143
259,119,143
260,119,143
261,119,143
262,119,143
263,119,143
264,119,143
265,119,143
266,119,143
267,119,142
268,119,142
269,119,142
270,119,142
271,119,142
272,119,142
273,119,142
274,119,142
275,119,142
276,119,142
277,119,142
278,119,142
279,119,142
280,119,142
281,119,142
282,119,142
283,119,142
284,119,142
285,119,142
286,119,142
287,119,142
288,119,142
289,119,142
290,119,142
291,119,142
292,119,142
293,119,142
294,119,141
295,119,141
296,119,141
297,119,141
298,119,141
299,119,141
300,119,141
301,119,141
302,119,141
303,119,141
304,119,141
305,119,141
306,119,141
307,119,141
308,119,141
309,119,141
310,119,141
311,119,141
312,119,141
313,119,141
314,119,141
315,119,141
316,119,141
317,119,141
318,119,141
319,119,141
320,119,140
321,119,140
322,119,140
323,119,140
324,119,140
325,119,140
326,119,140
327,119,140
328,119,140
329,119,140
330,119,140
331,119,140
332,119,140
333,119,140
334,119,140
335,119,140
336,119,140
337,119,140
338,119,140
339,119,140
340,119,140
341,119,140
342,119,140
343,119,140
344,119,140
345,119,140
346,119,140
347,119,140
348,119,140
349,129,140
0,0
1,59
126,260,261
127,259,262
128,259,263
129,258,264
130,257,264
131,256,265
132,256,265
133,255,265
134,254,266
135,253,265
136,253,265
137,252,265
138,251,265
139,250,265
140,250,265
141,249,264
142,249,264
143,249,264
144,248,264
145,248,264
146,247,263
147,247,263
148,247,263
149,246,263
150,246,262
151,245,262
152,245,262
153,245,261
154,245,261
155,244,261
156,244,261
157,244,260
158,243,260
159,243,260
160,243,260
161,243,259
162,243,259
163,243,259
164,243,259
165,243,258
166,243,258
167,242,258
168,243,257
169,243,257
170,243,257
171,243,257
172,243,257
173,243,256
174,243,256
175,243,256
176,244,256
177,244,255
178,244,255
179,245,255
180,245,254
181,246,254
182,247,253
183,248,253
184,249,252
0,0
0,116
247,58,58
248,52,61
249,49,65
250,49,68
251,48,70
252,48,72
253,48,74
254,48,76
255,48,78
256,49,79
257,49,80
258,50,82
259,50,83
260,51,84
261,52,84
262,52,85
263,53,86
264,53,86
265,54,86
266,54,87
267,55,87
268,56,87
269,56,87
270,57,87
271,57,87
272,58,87
273,58,87
274,58,87
275,59,87
276,59,87
277,60,87
278,60,87
279,60,87
280,61,87
281,61,87
282,62,87
283,62,87
284,62,88
285,63,88
286,63,88
287,63,88
288,64,88
289,64,88
290,64,88
291,64,88
292,65,88
293,65,88
294,65,88
295,65,88
296,66,88
297,66,88
298,66,89
299,66,89
300,66,89
301,67,89
302,67,89
303,67,89
304,67,89
305,68,89
306,68,89
307,68,89
308,68,89
309,68,90
310,69,90
311,69,90
312,69,90
313,69,90
314,69,90
315,70,90
316,70,90
317,70,90
318,70,90
319,70,91
320,71,91
321,71,91
322,71,91
323,71,91
324,71,91
325,72,91
326,72,91
327,72,91
328,72,92
329,72,92
330,72,92
331,73,92
332,73,92
333,73,92
334,73,92
335,73,92
336,74,92
337,74,93
338,74,93
339,74,93
340,74,93
341,74,93
342,75,93
343,75,93
344,75,94
345,75,94
346,75,94
347,76,94
348,76,94
349,76,94
350,76,94
351,76,94
352,77,95
353,77,95
354,77,95
355,77,95
356,77,95
357,77,95
358,78,95
359,78,95
360,78,89
361,78,83
362,79,79
0,0
1,166
28,372,376
29,370,378
30,369,380
31,369,381
32,368,382
33,368,383
34,368,383
35,368,384
36,367,385
37,367,385
38,367,386
39,367,386
40,367,387
41,367,388
42,367,388
43,367,389
44,366,389
45,366,390
46,366,390
47,366,391
48,366,391
49,365,392
50,365,392
51,365,393
52,365,393
53,365,394
54,364,394
55,364,394
56,364,395
57,364,395
58,363,395
59,363,396
60,363,396
61,362,396
62,362,396
63,362,396
64,362,396
65,361,396
66,361,396
67,361,395
68,360,395
69,360,394
70,360,394
71,360,393
72,359,392
73,359,391
74,359,390
75,358,390
76,358,389
77,358,388
78,357,387
79,357,387
80,357,386
81,356,385
82,356,385
83,356,384
84,355,383
85,355,383
86,355,382
87,354,381
88,354,381
89,354,380
90,353,379
91,353,379
92,353,378
93,352,377
94,352,377
95,352,376
96,351,376
97,351,375
98,351,375
99,350,374
100,350,373
101,350,373
102,349,372
103,349,372
104,348,371
105,348,371
106,348,370
107,347,370
108,347,369
109,347,369
110,346,368
111,346,368
112,346,367
113,345,367
114,345,366
115,345,366
116,344,365
117,344,365
118,344,364
119,343,364
120,343,363
121,342,363
122,342,362
123,342,362
124,341,361
125,341,361
126,341,360
127,340,360
128,340,359
129,339,359
130,339,358
131,339,358
132,338,357
133,338,357
134,338,356
135,337,356
136,337,355
137,337,355
138,336,354
139,336,354
140,335,353
141,335,353
142,335,352
143,334,352
144,334,351
145,334,351
146,333,350
147,333,350
148,332,349
149,332,349
150,332,348
151,331,348
152,331,347
153,331,347
154,330,346
155,330,346
156,329,345
157,329,345
158,329,344
159,328,344
160,328,343
161,327,343
162,327,342
163,327,342
164,326,341
165,326,341
166,325,340
167,325,340
168,325,339
169,324,339
170,324,338
171,324,338
172,323,337
173,323,336
174,322,336
175,322,335
176,322,335
177,321,334
178,321,334
179,320,333
180,320,332
181,320,332
182,319,331
183,319,330
184,319,330
185,318,329
186,318,328
187,318,328
188,317,327
189,318,326
190,318,325
191,318,325
192,318,323
193,319,322
0,0
0,69
92,215,218
93,212,222
94,211,224
95,210,227
96,210,229
97,210,230
98,211,232
99,211,233
100,211,235
101,211,236
102,211,237
103,212,238
104,212,238
105,212,238
106,212,238
107,212,238
108,212,237
109,212,236
110,212,236
111,212,235
112,212,235
113,212,234
114,211,233
115,211,233
116,211,232
117,211,232
118,211,231
119,210,231
120,210,230
121,210,229
122,209,229
123,209,228
124,209,228
125,208,227
126,208,227
127,208,226
128,207,226
129,207,225
130,207,224
131,206,224
132,206,223
133,205,223
134,205,222
135,204,222
136,204,221
137,203,220
138,203,219
139,202,219
140,202,218
141,201,217
142,201,216
143,200,215
144,199,214
145,199,213
146,198,212
147,197,211
148,197,210
149,196,209
150,195,208
151,195,207
152,194,206
153,193,204
154,193,203
155,192,202
156,192,200
157,191,199
158,191,197
159,191,195
160,192,192
0,0
1,93
211,125,126
212,124,127
213,123,128
214,123,128
215,123,129
216,122,129
217,122,130
218,122,130
219,122,131
220,121,131
221,121,131
222,121,132
223,121,132
224,121,132
225,121,132
226,121,133
227,120,133
228,120,133
229,120,133
230,120,133
231,120,133
232,120,134
233,119,134
234,119,134
235,119,134
236,119,134
237,118,134
238,118,134
239,118,134
240,118,134
241,118,133
242,117,133
243,117,133
244,117,133
245,117,133
246,116,133
247,116,132
248,116,132
249,115,132
250,115,131
251,115,131
252,114,131
253,114,131
254,114,130
255,114,130
256,113,130
257,113,130
258,113,129
259,112,129
260,112,129
261,111,129
262,111,128
263,111,128
264,110,128
265,110,128
266,110,127
267,109,127
268,109,127
269,108,127
270,108,126
271,108,126
272,107,126
273,107,126
274,107,125
275,107,125
276,106,125
277,106,125
278,106,124
279,106,124
280,106,124
281,106,124
282,106,123
283,105,123
284,106,123
285,106,122
286,106,122
287,106,122
288,106,122
289,106,121
290,106,121
291,107,121
292,107,121
293,107,120
294,107,120
295,108,120
296,108,119
297,108,119
298,108,119
299,109,118
300,109,118
301,110,118
302,111,117
303,113,115
0,0
0,109
56,251,251
57,246,255
58,244,258
59,244,261
60,243,263
61,243,265
62,243,267
63,243,269
64,243,270
65,244,272
66,244,273
67,245,274
68,245,276
69,246,277
70,246,277
71,247,278
72,247,279
73,248,279
74,248,279
75,248,279
76,248,278
77,249,278
78,249,278
79,249,277
80,249,277
81,250,277
82,250,276
83,250,276
84,250,276
85,250,276
86,250,276
87,251,275
88,251,275
89,251,275
90,251,275
91,251,275
92,251,275
93,251,274
94,251,274
95,251,274
96,251,274
97,251,274
98,252,274
99,252,274
100,252,273
101,252,273
102,252,273
103,252,273
104,252,273
105,252,273
106,252,273
107,252,273
108,252,272
109,252,272
110,252,272
111,252,272
112,252,272
113,252,272
114,252,272
115,252,272
116,252,271
117,252,271
118,252,271
119,252,271
120,252,271
121,252,271
122,252,271
123,252,271
124,252,270
125,252,270
126,252,270
127,252,270
128,252,270
129,252,270
130,252,270
131,252,270
132,252,269
133,252,269
134,252,269
135,252,269
136,252,269
137,252,269
138,252,269
139,252,269
140,252,268
141,252,268
142,252,268
143,252,268
144,252,268
145,252,268
146,252,268
147,252,268
148,252,267
149,252,267
150,252,267
151,252,267
152,252,267
153,252,267
154,252,267
155,251,267
156,251,266
157,251,266
158,251,266
159,251,266
160,251,266
161,251,262
162,251,258
163,251,254
164,251,251
0,0
1,109
195,170,173
196,169,173
197,169,174
198,169,175
199,169,175
200,168,176
201,168,177
202,168,177
203,168,178
204,168,179
205,168,179
206,167,180
207,167,180
208,167,181
209,167,181
210,167,181
211,167,181
212,166,182
213,166,182
214,166,182
215,166,181
216,166,181
217,166,181
218,165,181
219,165,181
220,165,180
221,165,180
222,165,180
223,165,180
224,165,179
225,164,179
226,164,179
227,164,179
228,164,178
229,164,178
230,164,178
231,163,178
232,163,178
233,163,177
234,163,177
235,163,177
236,162,177
237,162,176
238,162,176
239,162,176
240,161,176
241,161,175
242,161,175
243,161,175
244,160,175
245,160,175
246,160,174
247,160,174
248,159,174
249,159,174
250,159,174
251,159,173
252,158,173
253,158,173
254,158,173
255,157,173
256,157,172
257,157,172
258,157,172
259,156,172
260,156,172
261,156,171
262,156,171
263,155,171
264,155,171
265,155,171
266,154,171
267,154,170
268,154,170
269,154,170
270,153,170
271,153,170
272,153,169
273,152,169
274,152,169
275,152,169
276,152,169
277,151,169
278,151,168
279,151,168
280,151,168
281,151,168
282,150,168
283,151,167
284,151,167
285,151,167
286,151,167
287,151,167
288,151,167
289,152,166
290,152,166
291,152,166
292,153,166
293,153,166
294,153,166
295,154,166
296,154,166
297,154,166
298,155,166
299,155,165
300,156,165
301,156,164
302,157,163
303,158,162
0,0
0,81
167,225,228
168,223,232
169,223,234
170,223,236
171,223,237
172,223,238
173,223,239
174,223,240
175,224,241
176,224,242
177,224,243
178,224,243
179,224,244
180,224,245
181,224,245
182,224,246
183,224,246
184,224,246
185,223,247
186,223,247
187,223,247
188,223,246
189,223,246
190,222,245
191,222,244
192,222,244
193,221,243
194,221,242
195,221,242
196,220,241
197,220,241
198,220,240
199,219,240
200,219,239
201,218,238
202,218,238
203,218,237
204,217,237
205,217,236
206,216,235
207,216,235
208,215,234
209,215,233
210,214,233
211,214,232
212,213,231
213,212,230
214,212,230
215,211,229
216,211,228
217,210,228
218,210,227
219,209,226
220,209,225
221,208,224
222,207,224
223,207,223
224,206,222
225,206,221
226,205,220
227,204,219
228,204,218
229,203,218
230,202,217
231,202,216
232,201,215
233,200,214
234,199,213
235,199,212
236,198,210
237,197,209
238,197,208
239,196,207
240,195,205
241,194,204
242,194,203
243,193,201
244,192,200
245,192,198
246,192,197
247,193,193
0,0
0,86
159,261,261
160,259,266
161,257,269
162,257,270
163,257,272
164,257,273
165,257,274
166,258,275
167,258,276
168,258,277
169,259,278
170,259,279
171,260,279
172,260,280
173,261,280
174,261,280
175,262,281
176,262,281
177,262,281
178,263,281
179,263,280
180,263,280
181,263,280
182,263,279
183,263,279
184,263,279
185,263,279
186,263,278
187,263,278
188,263,278
189,263,278
190,263,277
191,263,277
192,263,277
193,263,277
194,262,277
195,262,277
196,262,277
197,262,277
198,261,277
199,261,277
199,261,277
199,286,287
200,261,278
200,284,287
201,260,280
201,280,286
201,260,286
202,260,286
203,260,285
204,259,285
205,259,284
206,258,284
207,258,283
208,257,283
209,257,282
210,256,282
211,256,281
212,255,281
213,254,280
214,254,280
215,253,279
216,253,279
217,253,278
218,253,278
219,253,278
220,253,277
221,253,277
222,253,276
223,253,276
224,253,275
225,254,275
226,254,274
227,254,274
228,255,273
229,255,273
230,255,272
231,256,272
232,256,271
233,257,271
234,257,270
235,258,270
236,259,269
237,260,268
238,261,267
239,263,265
0,51
235,270,270
234,270,271
233,271,272
232,271,272
231,272,273
230,272,274
229,273,275
228,273,276
227,274,277
226,274,278
225,275,279
224,275,280
223,276,281
222,276,282
221,276,283
220,277,284
219,277,285
218,278,286
217,278,287
216,279,288
215,279,289
214,280,290
213,280,291
212,281,292
211,281,293
210,282,294
209,282,295
208,283,296
207,283,297
206,284,298
205,284,300
204,285,301
203,285,302
202,286,303
201,286,304
200,287,305
199,287,306
198,288,307
197,290,308
196,292,309
195,294,311
194,296,312
193,298,313
192,301,314
191,302,315
190,304,316
189,306,316
188,309,317
187,311,317
186,313,317
185,316,316
0,0
0,68
77,323,329
78,321,332
79,321,335
80,321,337
81,321,339
82,321,341
83,321,342
84,321,344
85,321,345
86,322,346
87,322,346
88,322,347
89,322,347
90,322,347
91,322,346
92,322,346
93,322,345
94,322,345
95,322,344
96,322,343
97,322,343
98,322,342
99,322,342
100,321,341
101,321,341
102,321,340
103,321,339
104,320,339
105,320,338
106,320,338
107,319,337
108,319,337
109,319,336
110,318,336
111,318,335
112,318,335
113,317,334
114,317,334
115,316,333
116,316,333
117,315,332
118,315,331
119,314,331
120,314,330
121,313,329
122,313,329
123,312,328
124,312,327
125,311,326
126,311,325
127,310,325
128,309,324
129,309,323
130,308,322
131,307,321
132,307,320
133,306,319
134,305,318
135,305,317
136,304,315
137,303,314
138,303,313
139,302,311
140,301,310
141,301,309
142,300,307
143,300,305
144,300,303
0,0
1,103
326,109,110
327,109,111
328,108,112
329,108,113
330,107,113
331,107,114
332,107,114
333,106,114
334,106,115
335,106,115
336,106,116
337,106,116
338,106,116
339,105,116
340,105,117
341,105,117
342,105,117
343,105,117
344,105,118
345,104,118
346,104,118
347,104,118
348,104,118
349,104,118
350,104,118
351,103,119
352,103,118
353,103,118
354,103,118
355,103,118
356,102,118
357,102,118
358,102,118
359,102,118
360,101,117
361,101,117
362,101,117
363,101,117
364,100,116
365,100,116
366,100,116
367,100,116
368,99,115
369,99,115
370,99,115
371,99,115
372,98,114
373,98,114
374,98,114
375,97,114
376,97,113
377,97,113
378,96,113
379,96,113
380,96,112
381,95,112
382,95,112
383,95,112
384,94,111
385,94,111
386,94,111
387,93,111
388,93,110
389,93,110
390,92,110
391,92,110
392,91,109
393,91,109
394,91,109
395,90,109
396,90,108
397,90,108
398,89,108
399,89,108
400,89,107
401,89,107
402,88,107
403,88,107
404,88,106
405,88,106
406,88,106
407,88,106
408,87,105
409,88,105
410,88,105
411,88,105
412,88,104
413,88,104
414,88,104
415,89,104
416,89,103
417,89,103
418,89,103
419,90,102
420,90,102
421,90,102
422,90,101
423,91,101
424,91,101
425,92,100
426,93,100
427,94,99
428,95,98
0,0
0,107
42,361,361
43,357,365
44,355,368
45,354,371
46,354,373
47,353,375
48,353,377
49,353,379
50,353,381
51,354,382
52,354,384
53,355,385
54,355,386
55,356,388
56,356,389
57,357,389
58,357,390
59,358,391
60,358,391
61,358,391
62,359,390
63,359,390
64,359,390
65,359,390
66,360,389
67,360,389
68,360,389
69,360,388
70,360,388
71,361,388
72,361,388
73,361,387
74,361,387
75,361,387
76,361,387
77,361,387
78,361,386
79,362,386
80,362,386
81,362,386
82,362,386
83,362,386
84,362,386
85,362,385
86,362,385
87,362,385
88,362,385
89,362,385
90,362,385
91,362,385
92,362,385
93,362,384
94,362,384
95,362,384
96,362,384
97,362,384
98,363,384
99,363,384
100,363,383
101,363,383
102,363,383
103,363,383
104,363,383
105,363,383
106,363,383
107,363,382
108,363,382
109,363,382
110,363,382
111,363,382
112,363,382
113,363,382
114,363,382
115,363,381
116,363,381
117,363,381
118,363,381
119,363,381
120,363,381
121,363,381
122,363,380
123,363,380
124,363,380
125,363,380
126,363,380
127,363,380
128,363,380
129,363,379
130,363,379
131,363,379
132,363,379
133,362,379
134,362,379
135,362,379
136,362,379
137,362,378
138,362,378
139,362,378
140,362,378
141,362,378
142,362,378
143,362,378
144,362,378
145,362,375
146,362,371
147,362,367
148,362,363
0,0
1,135
310,155,155
311,154,157
312,154,158
313,153,159
314,153,160
315,153,161
316,153,161
317,153,162
318,152,162
319,152,163
320,152,163
321,152,164
322,152,164
323,151,164
324,151,165
325,151,165
326,151,165
327,151,165
328,151,165
329,150,165
330,150,166
331,150,165
332,150,165
333,150,165
334,149,165
335,149,164
336,149,164
337,149,164
338,149,164
339,148,163
340,148,163
341,148,163
342,148,163
343,148,162
344,147,162
345,147,162
346,147,162
347,147,161
348,147,161
349,147,161
350,146,161
351,146,160
352,146,160
353,146,160
354,146,160
355,145,160
356,145,159
357,145,159
358,145,159
359,145,159
360,144,158
361,144,158
362,144,158
363,144,158
364,144,158
365,143,158
366,143,157
367,143,157
368,143,157
369,143,157
370,142,157
371,142,157
372,142,156
373,142,156
374,141,156
375,141,156
376,141,156
377,141,156
378,141,156
379,140,155
380,140,155
381,140,155
382,140,155
383,140,155
384,139,155
385,139,155
386,139,155
387,139,154
388,138,154
389,138,154
390,138,154
391,138,154
392,137,154
393,137,154
394,137,154
395,137,154
396,136,154
397,136,154
398,136,154
399,136,154
400,136,154
401,135,153
402,135,153
403,135,153
404,135,153
405,134,153
406,134,153
407,134,153
408,134,153
409,133,153
410,133,153
411,133,153
412,133,153
413,133,153
414,133,153
415,132,153
416,132,153
417,133,153
418,133,153
419,133,153
420,133,153
421,133,153
422,133,153
423,133,153
424,134,153
425,134,153
426,134,153
427,135,153
428,135,153
429,136,153
430,136,153
431,137,153
432,137,153
433,138,153
434,139,153
435,139,153
436,140,152
437,140,152
438,141,152
439,142,152
440,143,152
441,144,151
442,144,151
443,146,150
443,146,149
0,0
0,86
150,341,347
151,340,350
152,340,352
153,340,353
154,340,355
155,340,356
156,340,357
157,341,358
158,341,359
159,342,360
160,342,360
161,342,361
162,342,362
163,342,362
164,342,363
165,341,363
166,341,364
167,341,364
168,341,364
169,341,364
170,340,364
171,340,363
172,340,363
173,340,362
174,339,361
175,339,361
176,339,360
177,339,360
178,338,359
179,338,359
180,338,358
181,337,357
182,337,357
183,337,356
184,336,356
185,336,355
186,335,355
187,335,354
188,334,354
189,334,353
190,334,352
191,333,352
192,333,351
193,332,350
194,332,350
195,331,349
196,330,348
197,330,348
198,329,347
199,329,347
200,329,346
201,328,345
202,327,344
203,327,344
204,326,343
205,326,342
206,325,341
207,324,341
208,324,340
209,323,339
210,323,338
211,322,338
212,321,337
213,321,336
214,320,335
215,320,334
216,319,333
217,318,333
218,318,332
219,317,331
220,316,330
221,316,329
222,315,328
223,314,327
224,313,325
225,313,324
226,312,323
227,311,322
228,311,321
229,310,319
230,309,318
231,308,317
232,308,315
233,307,314
234,307,312
235,308,310
0,0
0,68
144,372,377
145,371,380
146,370,382
147,370,384
148,370,385
149,370,387
150,370,388
151,370,389
152,371,391
153,371,392
154,371,393
155,372,394
156,372,395
157,373,396
158,373,396
159,374,397
160,374,398
161,374,398
162,374,398
163,375,399
164,375,399
165,375,399
166,375,399
167,375,399
168,375,399
169,375,399
170,375,399
171,375,398
172,375,398
173,375,398
174,375,397
175,375,397
176,375,396
177,375,396
178,375,396
179,375,395
180,375,395
181,375,395
182,375,394
183,375,394
184,375,394
185,375,394
186,375,394
187,375,393
188,375,393
189,375,393
190,375,393
191,374,393
192,374,393
193,374,392
194,374,392
195,374,392
196,374,392
197,374,392
198,374,392
199,374,391
200,374,391
201,374,391
202,374,391
203,374,391
204,374,391
205,374,391
206,374,391
207,374,391
208,374,391
209,374,392
210,375,392
211,375,375
1,143
375,211,213
376,211,215
377,211,217
378,211,219
379,211,220
380,211,221
381,211,222
382,211,223
383,211,223
384,211,224
385,211,224
386,211,225
387,211,225
388,211,225
389,211,226
390,211,226
391,211,226
392,210,227
393,212,227
394,213,227
395,213,227
396,214,228
397,214,228
398,214,228
399,214,226
399,214,228
400,214,226
400,214,228
401,214,226
401,214,228
402,214,226
402,214,229
403,214,226
403,214,229
404,214,226
404,214,229
405,214,226
405,214,229
406,214,226
406,214,229
407,214,226
407,214,229
408,214,226
408,214,229
409,214,226
409,214,229
410,214,226
410,214,229
411,214,226
411,214,229
412,214,226
412,214,230
413,214,226
413,214,230
414,214,226
414,214,230
415,214,226
415,214,230
416,214,226
416,213,230
417,214,226
417,213,230
418,214,226
418,213,230
419,214,226
419,213,230
420,214,226
420,213,230
421,214,226
421,213,230
422,214,226
422,212,230
423,214,226
423,212,230
424,214,226
424,212,230
425,214,226
425,211,230
426,214,226
426,211,230
427,214,226
427,211,230
428,214,226
428,210,230
429,214,226
429,210,230
430,214,226
430,209,230
431,214,226
431,208,230
432,214,226
432,208,230
433,214,226
433,206,229
434,214,226
434,207,229
435,214,226
435,207,229
436,214,226
436,207,229
437,214,226
437,207,229
438,214,226
438,207,229
439,214,226
439,207,229
440,214,226
440,207,229
441,214,226
441,207,229
442,214,226
442,207,229
443,214,226
443,207,229
444,214,226
444,207,229
445,214,226
445,208,228
446,214,226
446,208,228
447,214,226
447,208,228
448,214,226
448,208,228
449,214,226
449,208,228
450,214,226
450,208,228
451,208,227
452,208,227
453,208,227
454,208,227
455,208,226
456,208,226
457,209,226
458,209,225
459,209,225
460,209,224
461,209,223
462,209,222
463,210,220
464,212,218
464,212,213
0,39
209,462,462
208,456,462
207,444,461
206,433,460
205,434,460
204,435,459
203,435,459
202,435,458
201,436,458
200,436,457
199,436,457
198,437,456
197,437,456
196,437,455
195,437,455
194,437,454
193,438,454
192,438,453
191,438,453
190,438,453
189,438,452
188,439,452
187,439,451
186,439,451
185,439,451
184,439,450
183,440,450
182,440,450
181,440,449
180,440,449
179,440,448
178,440,448
177,441,448
176,441,447
175,441,447
174,441,446
173,441,446
172,441,445
171,442,443
0,0
0,139
240,237,237
241,233,240
242,231,244
243,231,246
244,231,248
245,231,250
246,231,252
247,231,253
248,232,255
249,233,256
250,233,257
251,233,258
252,234,259
253,234,260
254,234,261
255,235,261
256,235,261
257,235,262
258,236,262
259,236,262
260,236,262
261,236,262
262,237,262
263,237,261
264,237,261
265,237,261
266,237,261
267,237,261
268,237,261
269,237,261
270,237,261
271,238,261
272,238,261
273,238,260
274,238,260
275,238,260
276,238,260
277,238,260
278,238,260
279,238,260
280,238,260
281,238,260
282,238,260
283,238,260
284,238,260
285,238,260
286,238,260
287,238,260
288,238,260
289,238,260
290,238,260
291,238,260
292,238,260
293,238,259
294,238,259
295,238,259
296,238,259
297,238,259
298,238,259
299,238,259
300,238,259
301,238,259
302,238,259
303,238,259
304,238,259
305,238,259
306,238,259
307,238,259
308,238,259
309,238,259
310,238,259
311,238,259
312,238,259
313,238,259
314,238,259
315,238,259
316,238,259
317,237,259
318,237,259
319,237,259
320,237,259
321,237,259
322,237,259
323,237,259
324,237,259
325,236,259
326,236,259
327,236,259
328,236,259
329,236,259
330,235,258
331,235,258
332,235,258
333,235,258
334,234,258
335,234,258
336,234,258
337,234,258
338,233,258
339,233,258
340,233,258
341,233,258
342,232,258
343,232,258
344,232,258
345,232,258
346,232,258
347,231,257
348,231,257
349,231,257
350,231,257
351,231,257
352,231,257
353,231,257
354,231,256
355,232,256
356,232,256
357,232,256
358,232,256
359,232,255
360,233,255
361,233,255
362,233,255
363,234,255
364,234,254
365,234,254
366,235,254
367,235,253
368,235,253
369,236,253
370,236,252
371,237,252
372,237,251
373,238,251
374,239,250
375,239,250
376,240,249
377,241,248
378,243,246
0,0
1,132
237,251,253
238,250,254
239,250,255
240,249,256
241,249,257
242,249,257
243,249,258
244,249,258
245,249,259
246,249,259
247,249,260
248,249,260
249,249,261
250,249,261
251,249,261
252,249,262
253,249,262
254,249,262
255,249,262
256,249,263
257,249,263
258,249,263
259,249,263
260,249,263
261,249,263
262,249,263
263,249,263
264,249,263
265,249,263
266,249,262
267,249,262
268,249,262
269,249,262
270,249,262
271,249,261
272,249,261
273,249,261
274,249,261
275,249,261
276,249,261
277,248,261
278,248,260
279,248,260
280,248,260
281,248,260
282,248,260
283,248,259
284,248,259
285,248,259
286,247,259
287,247,259
288,247,259
289,247,258
290,247,258
291,247,258
292,247,258
293,247,258
294,246,257
295,246,257
296,246,257
297,246,257
298,246,257
299,246,257
300,246,256
301,245,256
302,245,256
303,245,256
304,245,256
305,245,256
306,245,255
307,244,255
308,244,255
309,244,255
310,244,255
311,243,255
312,243,254
313,243,254
314,243,254
315,242,254
316,242,254
317,242,253
318,242,253
319,242,253
320,241,253
321,241,253
322,241,252
323,240,252
324,240,252
325,240,252
326,240,252
327,239,252
328,239,251
329,239,251
330,239,251
331,238,251
332,238,251
333,238,250
334,237,250
335,237,250
336,237,250
337,236,250
338,236,250
339,236,250
340,235,250
341,235,250
342,235,249
343,234,249
344,234,249
345,234,249
346,233,249
347,233,249
348,233,249
349,232,249
350,232,249
351,231,249
352,231,249
353,231,249
354,230,249
355,230,249
356,230,249
357,229,249
358,231,249
359,233,249
360,235,249
361,237,249
362,240,249
363,242,250
364,244,250
365,246,250
366,248,251
367,250,251
368,252,252
0,153
228,360,369
229,357,374
230,357,377
231,357,380
232,358,382
233,358,384
234,359,386
235,359,388
236,360,390
237,360,392
238,361,393
239,361,395
240,362,396
241,362,398
242,363,399
243,363,400
244,364,401
245,364,402
246,365,403
247,365,404
248,366,405
249,366,405
250,367,406
251,367,406
252,368,406
253,368,406
254,368,406
255,369,406
256,369,406
257,369,406
258,369,405
259,369,405
260,370,404
261,370,404
262,370,403
263,370,403
264,370,402
265,370,402
266,370,402
267,370,401
268,371,401
269,371,400
270,371,400
271,371,400
272,371,400
273,371,400
274,371,399
275,371,399
276,371,399
277,371,399
278,371,399
279,371,398
280,372,398
281,372,398
282,372,398
283,372,398
284,372,398
285,372,398
286,372,398
287,372,398
288,372,398
289,372,397
290,372,397
291,372,397
292,372,397
293,372,397
294,372,397
295,372,397
296,372,397
297,373,397
298,373,397
299,373,397
300,373,397
301,373,397
302,373,397
303,373,397
304,373,397
305,373,397
306,373,397
307,373,397
308,373,397
309,373,397
310,373,397
311,373,397
312,373,397
313,373,397
314,373,397
315,373,397
316,373,397
317,373,397
318,373,397
319,373,397
320,373,397
321,373,397
322,373,397
323,373,398
324,373,398
325,373,398
326,373,398
327,373,398
328,373,398
329,373,398
330,373,398
331,373,398
332,373,398
333,373,398
334,373,398
335,373,398
336,373,398
337,373,398
338,373,399
339,373,399
340,373,399
341,372,399
342,372,399
343,372,399
344,372,399
345,372,399
346,372,399
347,372,399
348,372,400
349,371,400
350,371,400
351,371,400
352,371,400
353,370,399
354,370,399
355,370,399
356,370,399
357,370,399
358,370,398
359,370,398
360,370,398
361,370,397
362,370,397
363,370,396
364,371,396
365,371,395
366,371,395
367,372,395
368,372,394
369,373,393
370,373,393
371,374,392
372,374,392
373,375,391
374,375,390
375,376,390
376,377,389
377,378,388
378,379,387
379,380,385
380,383,383
0,0
0,182
276,292,297
277,288,301
278,286,305
279,285,307
280,285,309
281,285,311
282,285,313
283,285,315
284,286,317
285,286,318
286,287,320
287,287,321
288,288,323
289,289,324
290,289,325
291,290,327
292,291,328
293,292,329
294,292,329
295,293,330
296,294,331
297,294,331
298,295,332
299,295,332
300,296,332
301,296,332
302,296,332
303,297,331
304,297,331
305,297,330
306,297,330
307,298,330
308,298,329
309,298,329
310,298,328
311,298,328
312,298,328
313,298,327
314,298,327
315,298,327
316,298,326
317,298,326
318,298,326
319,298,326
320,298,325
321,298,325
322,298,325
323,298,325
324,298,324
325,298,324
326,298,324
327,298,324
328,298,324
329,298,324
330,298,324
331,298,323
332,297,323
333,297,323
334,297,323
335,297,323
336,297,323
337,297,322
338,297,322
339,297,322
340,297,322
341,297,322
342,297,322
343,297,321
344,296,321
345,296,321
346,296,321
347,296,321
348,296,321
349,296,321
350,296,320
351,295,320
352,295,320
353,295,320
354,295,320
355,295,319
356,295,319
357,294,319
358,294,319
359,294,319
360,294,318
361,294,318
362,293,318
363,293,317
364,293,317
365,293,317
366,293,317
367,293,316
368,292,316
369,292,316
370,292,316
371,291,315
372,291,315
373,291,315
374,291,314
375,290,314
376,290,314
377,290,313
378,289,313
379,289,313
380,289,312
381,288,312
382,288,312
383,288,311
384,287,311
385,287,310
386,286,310
387,286,310
388,286,309
389,285,309
390,285,309
391,284,308
392,283,308
393,283,307
394,282,307
395,282,307
396,281,306
397,281,306
398,280,305
399,279,305
400,279,304
401,278,304
402,277,303
403,276,303
404,276,302
405,275,302
406,274,301
407,273,301
408,272,300
409,272,300
410,271,299
411,270,298
412,269,298
413,268,297
414,267,296
415,266,296
416,265,295
417,264,294
418,263,294
419,262,293
420,260,292
421,259,291
422,258,290
423,257,290
424,256,289
425,254,288
426,253,287
427,251,286
428,250,285
429,248,283
430,247,282
431,245,281
432,243,280
433,242,278
434,240,277
435,238,276
436,236,274
437,234,272
438,232,271
439,230,269
440,228,267
441,227,265
442,224,263
443,222,261
444,220,259
445,218,257
446,216,255
447,214,252
448,212,250
449,209,247
450,206,244
451,204,241
452,202,238
453,200,234
454,200,230
455,200,225
456,203,219
457,207,210
0,0
0,83
382,339,339
383,337,341
384,336,344
385,336,347
386,336,349
387,336,352
388,336,354
389,336,357
390,336,359
391,336,361
392,337,364
393,337,366
394,338,368
395,338,371
396,339,373
397,340,375
398,341,377
399,342,379
400,343,382
401,344,384
402,346,386
403,347,388
404,348,390
405,349,392
406,350,394
407,351,395
408,352,397
409,353,399
410,354,400
411,355,402
412,356,403
413,357,405
414,358,406
415,359,407
416,361,408
417,362,409
418,363,410
419,364,411
420,365,412
421,366,412
422,367,413
423,368,414
424,369,414
425,370,415
426,371,415
427,372,416
428,373,416
429,374,417
430,375,417
431,376,418
432,377,418
433,378,418
434,378,419
435,380,419
436,381,419
437,381,420
438,382,420
439,383,420
440,384,421
441,385,421
442,386,421
443,387,421
444,388,421
445,389,422
446,390,422
447,391,422
448,392,422
449,393,422
450,394,422
451,395,422
452,396,422
453,396,422
454,397,422
455,398,422
456,399,421
457,400,421
458,401,420
459,402,420
460,403,419
461,404,418
462,406,416
463,408,414
464,412,412
0,0
