0,104
37,164,164
38,159,169
39,156,174
40,155,178
41,154,181
42,154,183
43,154,186
44,154,188
45,154,190
46,154,191
47,155,193
48,155,194
49,156,195
50,156,197
51,156,197
52,156,198
53,157,199
54,157,199
55,157,199
56,157,199
57,157,198
58,156,198
59,156,197
60,156,197
61,156,196
62,155,195
63,155,193
64,155,192
65,154,191
66,154,190
67,154,189
68,153,188
69,153,187
70,153,186
71,152,185
72,152,184
73,152,183
74,151,182
75,151,182
76,151,181
77,150,180
78,150,179
79,149,179
80,149,178
81,149,177
82,148,176
83,148,175
84,147,175
85,147,174
86,146,173
87,146,172
88,146,171
89,145,171
90,145,170
91,144,169
92,144,168
93,143,167
94,143,167
95,142,166
96,142,165
97,141,164
98,141,163
99,140,163
100,140,162
101,139,161
102,139,160
103,138,160
104,138,159
105,137,158
106,137,157
107,136,156
108,136,156
109,135,155
110,135,154
111,134,153
112,134,152
113,133,151
114,133,151
115,132,150
116,132,149
117,131,148
118,131,147
119,130,146
120,130,145
121,129,144
122,129,144
123,128,143
124,128,142
125,127,141
126,127,140
127,126,139
128,126,138
129,125,137
130,125,136
131,124,135
132,124,134
133,123,133
134,123,132
135,122,131
136,122,130
137,122,129
138,122,129
139,122,128
140,124,125
0,0
0,161
126,94,94
127,89,97
128,88,100
129,87,103
130,86,104
131,86,106
132,87,108
133,87,109
134,87,110
135,88,111
136,88,113
137,89,114
138,89,115
139,90,116
140,90,117
141,91,117
142,91,118
143,91,118
144,92,119
145,92,119
146,93,119
147,93,119
148,93,119
149,94,119
150,94,119
151,94,119
152,94,119
153,94,119
154,94,118
155,95,118
156,95,118
157,95,118
158,95,118
159,95,118
160,95,118
161,95,118
162,95,118
163,95,118
164,95,118
165,95,118
166,95,118
167,95,118
168,95,118
169,95,118
170,95,118
171,95,118
172,95,118
173,95,118
174,96,118
175,96,118
176,96,118
177,96,118
178,96,118
179,96,118
180,96,118
181,96,118
182,96,118
183,96,118
184,96,118
185,96,117
186,96,117
187,96,117
188,96,117
189,96,117
190,96,117
191,96,117
192,96,117
193,96,117
194,96,117
195,96,117
196,96,117
197,96,117
198,96,117
199,96,117
200,96,117
201,96,117
202,96,117
203,96,117
204,96,117
205,96,117
206,96,117
207,96,117
208,96,117
209,96,117
210,96,117
211,96,117
212,96,117
213,96,117
214,96,117
215,96,117
216,96,117
217,96,117
218,96,117
219,96,117
220,96,117
221,96,117
222,96,117
223,96,117
224,96,117
225,96,117
226,96,117
227,96,117
228,96,116
229,96,116
230,96,116
231,96,116
232,96,116
233,96,116
234,96,116
235,96,116
236,96,116
237,96,116
238,96,116
239,96,116
240,96,116
241,96,116
242,96,116
243,96,116
244,96,116
245,96,116
246,96,116
247,96,116
248,96,116
249,96,116
250,96,116
251,96,116
252,96,116
253,96,116
254,96,116
255,96,116
256,96,116
257,96,116
258,96,116
259,96,116
260,97,116
261,97,116
262,97,116
263,97,116
264,97,116
265,97,116
266,97,116
267,97,116
268,97,116
269,97,116
270,97,116
271,97,116
272,97,116
273,97,115
274,97,115
275,97,115
276,97,115
277,97,115
278,97,115
279,97,115
280,97,115
281,97,115
282,97,115
283,97,115
284,97,115
285,97,115
286,97,115
0,0
1,77
104,138,139
105,138,140
106,137,141
107,137,142
108,137,143
109,136,143
110,136,144
111,136,144
112,136,145
113,136,145
114,136,145
115,135,146
116,135,146
117,135,146
118,135,147
119,135,147
120,135,147
121,134,147
122,134,147
123,134,147
124,134,147
125,134,147
126,133,147
127,133,147
128,133,146
129,133,146
130,133,146
131,133,146
132,132,146
133,132,145
134,132,145
135,132,145
136,131,144
137,131,144
138,131,144
139,131,144
140,131,143
141,130,143
142,130,143
143,130,142
144,130,142
145,129,142
146,129,141
147,129,141
148,129,141
149,128,141
150,128,140
151,128,140
152,127,140
153,127,139
154,126,139
155,126,139
156,125,139
157,125,138
158,125,138
159,124,138
160,123,137
161,123,137
162,123,137
163,122,136
164,122,136
165,121,136
166,120,136
167,120,135
168,119,135
169,119,135
170,118,134
171,118,134
172,117,134
173,116,134
174,116,133
175,115,133
176,115,133
177,114,130
178,113,124
179,113,118
180,112,113
0,350
111,185,185
112,180,192
113,179,195
114,179,198
115,179,200
116,179,202
117,179,205
118,179,207
119,178,208
120,178,210
121,178,212
122,178,213
123,178,215
124,177,216
125,177,217
126,177,218
127,177,219
128,177,220
129,177,220
130,176,221
131,176,221
131,176,182
131,182,221
132,176,179
132,185,221
133,176,176
133,186,221
133,186,221
134,187,221
135,187,221
136,187,220
137,187,220
138,187,220
139,187,219
140,188,219
141,188,218
142,188,218
143,188,217
144,188,217
145,188,217
146,188,216
147,188,216
148,188,216
149,188,215
150,189,215
151,189,215
152,189,215
153,189,215
154,189,215
155,189,214
156,189,214
157,189,214
158,189,214
159,189,214
160,189,214
161,189,214
162,189,214
163,189,214
164,189,214
165,189,214
166,189,214
167,189,214
168,190,214
169,190,214
170,190,214
171,190,214
172,190,214
173,190,214
174,190,214
175,190,214
176,190,214
177,190,214
178,190,214
179,190,214
180,190,214
181,190,214
182,190,214
183,190,214
184,190,214
185,190,214
186,190,213
187,190,213
188,190,213
189,190,213
190,190,213
191,190,213
192,190,213
193,190,213
194,190,213
195,190,213
196,190,213
197,190,213
198,191,213
199,191,213
200,191,213
201,191,213
202,191,213
203,191,213
204,191,213
205,191,213
206,191,213
207,191,213
208,191,213
209,191,213
210,191,213
211,191,213
212,191,213
213,191,213
214,191,213
215,191,213
216,191,213
217,191,213
218,191,213
219,191,213
220,191,213
221,191,213
222,191,213
223,191,213
224,191,213
225,191,213
226,191,213
227,191,213
228,191,213
229,191,213
230,191,213
231,191,213
232,191,213
233,191,213
234,191,213
235,191,213
236,191,213
237,191,213
238,191,213
239,191,213
240,191,213
241,191,213
242,191,213
243,191,213
244,191,212
245,191,212
246,191,212
247,191,212
248,191,212
249,191,212
250,191,212
251,191,212
252,191,212
253,191,212
254,191,212
255,191,212
256,191,212
257,191,212
258,191,212
259,191,212
260,191,212
261,191,212
262,191,212
263,191,212
264,191,212
265,191,212
266,191,212
267,191,212
268,191,212
269,191,212
270,191,212
271,191,212
272,191,212
273,191,212
274,191,212
275,191,212
276,191,212
277,191,212
278,191,212
279,191,212
280,191,212
281,191,212
282,191,212
283,191,212
284,191,212
285,191,212
286,191,212
287,191,212
288,191,212
289,191,212
290,191,212
291,190,212
292,190,212
293,190,212
294,190,212
295,190,212
296,190,212
297,190,212
298,190,212
299,190,212
300,190,212
301,190,212
302,190,212
303,190,212
304,190,212
305,190,212
306,190,212
307,190,212
308,190,212
309,190,212
310,190,212
311,190,212
312,190,212
313,190,212
314,190,212
315,189,212
316,189,212
317,189,212
318,189,212
319,189,212
320,189,212
321,189,212
322,189,212
323,189,212
324,189,212
325,189,212
326,189,212
327,189,212
328,189,212
329,189,212
330,189,212
331,189,212
332,189,212
333,188,212
334,188,212
335,188,212
336,188,212
337,188,212
338,188,212
339,188,212
340,188,212
341,188,212
342,188,212
343,188,212
344,188,212
345,188,212
346,188,212
347,188,212
348,187,212
349,187,212
350,187,212
351,187,212
352,187,212
353,187,212
354,187,212
355,187,212
356,187,212
357,187,212
358,187,212
359,187,212
360,187,212
361,186,212
362,186,212
363,186,212
364,186,212
365,186,212
366,186,212
367,186,212
368,186,213
369,186,213
370,186,213
371,186,213
372,186,213
373,185,213
374,185,213
375,185,213
376,185,213
377,185,213
378,185,213
379,185,213
380,185,213
381,185,213
382,185,213
383,185,213
384,185,213
385,184,213
386,184,213
387,184,213
388,184,213
389,184,213
390,184,213
391,184,213
392,184,213
393,184,213
394,183,213
395,183,213
396,183,213
397,183,213
398,183,213
399,183,213
400,182,213
401,182,213
402,182,213
403,181,213
404,181,213
405,180,213
406,179,213
407,178,213
407,168,168
407,178,213
408,168,174
408,174,213
408,168,213
409,169,213
410,169,213
411,169,213
412,169,213
413,170,213
414,170,213
415,170,213
416,170,212
417,170,212
418,171,212
419,171,212
420,171,211
421,171,211
422,172,211
423,172,210
424,172,210
425,172,210
426,173,209
427,173,209
428,173,208
429,173,208
430,173,207
431,174,207
432,174,206
433,174,206
434,174,205
435,175,205
436,175,204
437,175,203
438,175,203
439,176,202
440,176,202
441,177,201
442,177,200
443,178,200
444,179,199
445,180,198
446,181,198
447,182,197
448,183,196
449,185,195
450,186,193
451,190,190
1,44
176,439,440
175,435,439
174,430,438
173,426,437
172,422,436
171,418,435
170,413,434
169,409,433
168,407,432
167,407,431
166,407,430
165,407,429
164,406,429
163,406,428
162,406,427
161,406,426
160,406,425
159,405,424
158,405,423
157,405,422
156,405,421
155,404,420
154,404,420
153,404,419
152,404,418
151,404,417
150,403,416
149,403,415
148,403,414
147,403,414
146,402,413
145,402,412
144,402,411
143,402,410
142,401,409
141,401,409
140,401,408
139,401,407
138,400,406
137,400,405
136,400,405
135,400,404
134,401,403
133,401,402
0,0
1,67
111,192,194
112,191,195
113,191,195
114,190,196
115,190,197
116,189,197
117,189,197
118,189,198
119,188,198
120,188,198
121,187,198
122,187,198
123,186,197
124,186,197
125,185,197
126,185,197
127,184,197
128,184,197
129,183,196
130,183,196
131,183,196
132,182,196
133,182,196
134,181,195
135,181,195
136,180,195
137,180,195
138,180,195
139,179,194
140,179,194
141,179,194
142,178,194
143,178,193
144,178,193
145,177,193
146,177,193
147,177,193
148,177,192
149,176,192
150,176,192
151,176,192
152,176,191
153,176,191
154,176,191
155,175,191
156,175,191
157,175,190
158,175,190
159,175,190
160,175,190
161,175,190
162,175,189
163,175,189
164,175,189
165,175,189
166,176,189
167,176,189
168,176,188
169,176,188
170,177,188
171,177,188
172,177,188
173,178,187
174,179,187
175,179,186
176,180,186
177,181,185
0,0
1,69
109,235,236
110,235,238
111,234,239
112,234,239
113,233,240
114,233,240
115,232,241
116,232,241
117,232,241
118,231,241
119,231,241
120,230,241
121,230,241
122,230,241
123,229,241
124,229,240
125,228,240
126,228,240
127,227,240
128,227,240
129,227,240
130,226,240
131,226,239
132,225,239
133,225,239
134,225,239
135,224,239
136,224,238
137,224,238
138,223,238
139,223,238
140,223,238
141,222,237
142,222,237
143,222,237
144,221,237
145,221,237
146,221,237
147,221,236
148,221,236
149,220,236
150,220,236
151,220,236
152,220,236
153,220,235
154,220,235
155,220,235
156,220,235
157,219,235
158,220,234
159,220,234
160,220,234
161,220,234
162,220,234
163,220,234
164,220,233
165,220,233
166,220,233
167,220,233
168,221,233
169,221,233
170,221,233
171,222,232
172,222,232
173,223,232
174,223,231
175,224,231
176,225,231
177,227,230
0,0
1,263
34,294,297
35,292,299
36,290,301
37,290,302
38,290,303
39,289,304
40,289,305
41,289,306
42,288,306
43,289,307
44,289,308
45,289,309
46,289,306
46,289,310
47,290,303
47,289,306
47,289,310
48,290,303
48,289,306
48,289,311
49,290,303
49,289,306
49,289,312
50,290,303
50,289,306
50,289,312
51,290,303
51,289,306
51,289,313
52,290,303
52,289,306
52,289,314
53,290,303
53,289,306
53,289,314
54,290,303
54,289,306
54,288,315
55,290,303
55,289,306
55,288,316
56,290,303
56,289,306
56,288,316
57,290,303
57,289,306
57,288,317
58,290,303
58,289,306
58,288,317
59,290,303
59,289,306
59,288,318
60,290,303
60,289,306
60,288,318
61,290,303
61,289,306
61,288,318
62,290,303
62,289,306
62,288,318
63,290,303
63,289,306
63,288,319
64,290,303
64,289,306
64,287,319
65,290,303
65,289,306
65,287,319
66,290,303
66,289,306
66,287,319
67,290,303
67,289,306
67,287,319
68,290,303
68,289,306
68,287,319
69,290,303
69,289,306
69,287,319
70,290,303
70,289,306
70,287,318
71,290,303
71,289,306
71,286,318
72,290,303
72,289,306
72,286,317
73,290,303
73,289,306
73,286,317
74,290,303
74,289,306
74,286,316
75,290,303
75,289,306
75,286,315
76,290,303
76,289,306
76,285,315
77,290,303
77,289,306
77,285,314
78,290,303
78,289,306
78,285,313
79,290,303
79,289,306
79,285,313
80,290,303
80,289,306
80,285,312
81,290,303
81,289,306
81,285,312
82,290,303
82,289,306
82,284,311
83,290,303
83,289,306
83,284,311
84,290,303
84,289,306
84,284,310
85,290,303
85,289,306
85,284,310
86,290,303
86,289,306
86,284,309
87,290,303
87,289,306
87,283,309
88,290,303
88,283,308
89,290,303
89,283,308
90,290,303
90,283,307
91,290,303
91,283,307
92,290,303
92,282,306
93,290,303
93,282,306
94,290,303
94,282,305
95,290,303
95,282,305
96,290,303
96,282,304
97,290,303
97,281,304
98,281,303
99,281,303
100,281,303
101,280,302
102,280,302
103,280,301
104,280,301
105,280,301
106,279,300
107,279,300
108,279,299
109,279,299
110,278,299
111,278,298
112,278,298
113,278,298
114,278,297
115,277,297
116,277,297
117,277,296
118,277,296
119,276,295
120,276,295
121,276,295
122,276,294
123,275,294
124,275,294
125,275,293
126,275,293
127,274,293
128,274,292
129,274,292
130,274,292
131,274,291
132,273,291
133,273,291
134,273,290
135,273,290
136,272,290
137,272,289
138,272,289
139,272,289
140,271,288
141,271,288
142,271,288
143,271,287
144,270,287
145,270,286
146,270,286
147,270,286
148,269,285
149,269,285
150,269,285
151,269,284
152,268,284
153,268,284
154,268,283
155,268,283
156,267,283
157,267,282
158,267,282
159,267,282
160,266,281
161,266,281
162,266,281
163,266,280
164,265,280
165,265,279
166,265,279
167,265,279
168,264,278
169,264,278
170,264,278
171,264,277
172,263,277
173,263,277
174,263,276
175,263,276
176,262,275
177,262,275
178,262,275
179,262,274
180,261,274
181,261,273
182,261,273
183,261,273
184,260,272
185,260,272
186,260,271
187,259,271
188,259,270
189,259,270
190,259,269
191,258,269
192,258,268
193,258,268
194,258,267
195,257,267
196,257,266
197,257,266
198,257,265
199,257,265
200,257,264
201,257,263
202,258,262
203,259,261
0,0
0,153
265,180,190
266,178,194
267,176,197
268,175,199
269,174,201
270,174,203
271,174,204
272,174,205
273,174,206
274,173,206
275,173,206
276,173,205
277,173,205
278,172,204
279,172,203
280,172,202
281,171,201
282,171,200
283,170,199
284,170,199
285,169,198
286,169,197
287,169,197
288,168,196
289,168,195
290,167,195
291,167,194
292,166,193
293,165,193
294,165,192
295,164,191
296,164,191
297,163,190
298,162,190
299,162,189
300,161,189
301,160,188
302,160,188
303,159,187
304,159,186
305,158,186
306,157,185
307,157,184
308,156,184
309,155,183
310,154,182
311,154,182
312,153,181
313,152,180
314,152,180
315,151,179
316,150,178
317,149,178
318,149,177
319,148,176
320,147,176
321,147,175
322,146,174
323,145,173
324,144,172
325,143,172
326,143,171
327,142,170
328,141,169
329,140,168
330,139,168
331,138,167
332,138,166
333,137,165
334,136,164
335,135,164
336,134,163
337,133,162
338,132,161
339,131,160
340,130,159
341,129,159
342,129,158
343,128,157
344,127,156
345,126,155
346,125,154
347,124,153
348,123,152
349,122,151
350,121,150
351,120,149
352,119,149
353,118,148
354,117,147
355,116,146
356,115,145
357,113,144
358,112,143
359,111,142
360,110,141
361,109,140
362,108,139
363,107,138
364,106,137
365,104,136
366,103,135
367,102,134
368,101,132
369,100,131
370,98,130
371,97,129
372,96,128
373,95,127
374,94,126
375,92,125
376,91,124
377,90,123
378,88,121
379,87,120
380,86,119
381,85,118
382,83,117
383,82,115
384,81,114
385,79,113
386,78,112
387,77,110
388,75,109
389,74,107
390,73,106
391,71,105
392,70,103
393,69,102
394,67,100
395,66,98
396,65,97
397,63,95
398,62,93
399,60,92
400,59,90
401,57,88
402,56,86
403,55,84
404,53,82
405,52,80
406,50,77
407,49,75
408,48,73
409,46,70
410,45,68
411,43,65
412,42,63
413,41,60
414,40,57
415,40,55
416,40,52
417,41,47
0,0
1,162
263,116,117
264,115,118
265,114,119
266,114,120
267,114,121
268,113,121
269,113,122
270,113,122
271,113,123
272,113,123
273,112,124
274,112,124
275,112,125
276,112,125
277,112,126
278,112,126
279,112,126
280,112,127
281,112,127
282,111,127
283,111,128
284,111,128
285,111,128
286,111,128
287,111,129
288,111,129
289,111,129
290,111,129
291,111,129
292,110,129
293,110,129
294,110,130
295,110,130
296,110,130
297,110,130
298,110,130
299,110,130
300,109,130
301,109,130
302,109,130
303,109,130
304,109,129
305,109,129
306,109,129
307,108,129
308,108,129
309,108,129
310,108,129
311,108,129
312,108,128
313,107,128
314,107,128
315,107,128
316,107,128
317,107,127
318,107,127
319,106,127
320,106,127
321,106,127
322,106,126
323,106,126
324,105,126
325,105,126
326,105,126
327,105,125
328,105,125
329,104,125
330,104,125
331,104,125
332,104,124
333,103,124
334,103,124
335,103,124
336,103,124
337,103,123
338,102,123
339,102,123
340,102,123
341,102,123
342,101,122
343,101,122
344,101,122
345,101,122
346,100,122
347,100,121
348,100,121
349,100,121
350,99,121
351,99,121
352,99,121
353,99,120
354,98,120
355,98,120
356,98,120
357,97,120
358,97,119
359,97,119
360,97,119
361,96,119
362,96,119
363,96,118
364,95,118
365,95,118
366,95,118
367,94,118
368,94,117
369,94,117
370,94,117
371,93,117
372,93,117
373,93,116
374,92,116
375,92,116
376,92,116
377,91,116
378,91,115
379,91,115
380,90,115
381,90,115
382,90,115
383,89,114
384,89,114
385,89,114
386,89,114
387,89,114
388,88,113
389,88,113
390,88,113
391,88,113
392,88,113
393,88,112
394,88,112
395,88,112
396,87,112
397,87,112
398,87,111
399,87,111
400,87,111
401,87,111
402,88,110
403,88,110
404,88,110
405,88,110
406,89,110
407,89,109
408,89,109
409,89,109
410,90,109
411,90,108
412,90,108
413,91,108
414,91,108
415,91,107
416,92,107
417,92,107
418,93,106
419,93,106
420,94,106
421,95,105
422,95,105
423,97,104
424,98,102
0,0
0,188
150,370,371
151,367,378
152,365,381
153,364,384
154,364,387
155,364,389
156,364,391
157,364,393
158,364,395
159,364,397
160,364,398
161,364,400
162,365,401
163,365,402
164,365,402
165,365,403
166,365,403
167,366,403
168,366,403
169,366,403
170,366,403
171,366,403
172,366,402
173,366,402
174,367,401
175,367,401
176,367,401
177,367,400
178,367,400
179,367,399
180,367,399
181,367,399
182,367,398
183,367,398
184,367,398
185,367,397
186,367,397
187,367,397
188,367,396
189,367,396
190,367,396
191,367,395
192,367,395
193,366,395
194,366,394
195,366,394
196,366,394
197,366,394
198,366,393
199,366,393
200,365,393
201,365,393
202,365,392
203,365,392
204,365,392
205,364,391
206,364,391
207,364,391
208,364,391
209,364,390
210,363,390
211,363,390
212,363,390
213,363,389
214,362,389
215,362,389
216,362,388
217,361,388
218,361,388
219,361,388
220,361,387
221,360,387
222,360,387
223,360,386
224,359,386
225,359,386
226,359,385
227,358,385
228,358,385
229,358,384
230,357,384
231,357,383
232,357,383
233,356,383
234,356,382
235,355,382
236,355,381
237,355,381
238,354,381
239,354,380
240,353,380
241,353,379
242,353,379
243,352,379
244,352,378
245,351,378
246,351,377
247,350,377
248,350,376
249,349,376
250,349,376
251,348,375
252,348,375
253,347,374
254,347,374
255,346,373
256,346,373
257,345,372
258,345,372
259,344,371
260,344,371
261,343,370
262,343,370
263,342,369
264,341,368
265,341,368
266,340,367
267,340,367
268,339,366
269,339,366
270,338,365
271,337,364
272,337,364
273,336,363
274,336,362
275,335,362
276,334,361
277,334,360
278,333,360
279,332,359
280,332,358
281,331,357
282,330,357
283,329,356
284,329,355
285,328,354
286,327,354
287,327,353
288,326,352
289,325,351
290,324,350
291,323,349
292,323,349
293,322,348
294,321,347
295,320,346
296,319,345
297,319,344
298,318,343
299,317,342
300,316,341
301,315,340
302,315,339
303,314,338
304,313,337
305,312,336
306,311,335
307,310,334
308,309,333
309,308,332
310,308,331
311,307,329
312,306,328
313,305,327
314,304,326
315,303,325
316,302,323
317,301,322
318,301,321
319,300,320
320,299,319
321,298,317
322,297,316
323,296,314
324,295,313
325,294,312
326,293,310
327,292,309
328,292,307
329,291,306
330,290,304
331,289,303
332,288,301
333,287,299
334,287,298
335,287,296
336,288,294
337,290,290
0,0
0,136
201,301,301
202,299,302
203,299,304
204,298,305
205,298,307
206,298,308
207,298,309
208,298,311
209,298,312
210,299,313
211,299,315
212,300,316
213,300,318
214,301,319
215,302,320
216,303,321
217,304,323
218,305,324
219,306,325
220,307,327
221,308,328
222,309,329
223,310,331
224,311,332
225,312,333
226,313,335
227,314,336
228,315,337
229,316,338
230,317,340
231,317,341
232,318,342
233,319,343
234,320,345
235,321,346
236,322,347
237,323,348
238,324,350
239,325,351
240,326,352
241,327,353
242,328,355
243,329,356
244,330,357
245,331,358
246,331,359
247,332,361
248,333,362
249,334,363
250,335,364
251,336,365
252,337,367
253,338,368
254,339,369
255,340,370
256,340,371
257,341,373
258,342,374
259,343,375
260,344,376
261,345,377
262,346,378
263,347,379
264,348,381
265,348,382
266,349,383
267,350,384
268,351,385
269,352,386
270,353,387
271,354,388
272,354,389
273,355,390
274,356,391
275,357,392
276,358,393
277,359,394
278,360,395
279,360,396
280,361,397
281,362,398
282,363,399
283,364,400
284,365,401
285,366,402
286,366,403
287,367,404
288,368,405
289,369,405
290,370,406
291,371,407
292,371,408
293,372,409
294,373,409
295,374,410
296,375,411
297,376,412
298,377,412
299,377,413
300,378,414
301,379,414
302,380,415
303,381,415
304,382,416
305,382,416
306,383,417
307,384,417
308,385,417
309,386,418
310,386,418
311,387,418
312,388,418
313,389,419
314,390,419
315,391,419
316,391,419
317,392,419
318,393,420
319,394,420
320,395,420
321,395,420
322,396,420
323,397,420
324,398,420
325,399,420
326,399,420
327,400,420
328,401,420
329,402,420
330,402,419
331,403,419
332,404,418
333,405,417
334,407,416
335,409,414
336,411,411
0,0
0,350
99,244,244
100,241,248
101,240,251
102,239,254
103,239,256
104,239,258
105,239,260
106,239,261
107,239,263
108,239,265
109,240,266
110,240,268
111,240,269
112,241,270
113,241,271
114,242,273
115,242,273
116,243,274
117,243,275
118,244,276
119,244,276
120,245,276
121,245,277
122,245,277
123,246,277
124,246,277
125,246,277
126,247,276
127,247,276
128,247,276
129,247,276
130,247,276
131,248,276
132,248,275
133,248,275
134,248,275
135,248,275
136,249,275
137,249,275
138,249,275
139,249,275
140,249,275
141,249,275
142,249,275
143,249,275
144,250,275
145,250,275
146,250,275
147,250,275
148,250,274
149,250,274
150,250,274
151,250,274
152,250,274
153,250,274
154,250,274
155,250,274
156,250,274
157,250,274
158,251,274
159,251,274
160,251,274
161,251,274
162,251,274
163,251,274
164,251,274
165,251,274
166,251,274
167,251,274
168,251,274
169,251,274
170,251,274
171,251,274
172,251,274
173,251,274
174,251,274
175,251,274
176,251,274
177,251,274
178,251,274
179,251,274
180,251,274
181,251,274
182,251,274
183,252,274
184,252,274
185,252,274
186,252,274
187,252,274
188,252,274
189,252,274
190,252,274
191,252,274
192,252,274
193,252,274
194,252,274
195,252,274
196,252,274
197,252,274
198,252,274
199,252,274
200,252,274
201,252,274
202,252,274
203,252,274
204,252,274
205,252,274
206,252,274
207,252,274
208,252,274
209,252,274
210,252,274
211,252,274
212,252,274
213,252,274
214,252,274
215,252,274
216,252,274
217,252,274
218,252,274
219,252,274
220,252,274
221,252,274
222,252,274
223,252,274
224,252,274
225,253,274
226,253,274
227,253,274
228,253,274
229,253,274
230,253,274
231,253,274
232,253,274
233,253,274
234,253,274
235,253,274
236,253,274
237,253,274
238,253,274
239,253,274
240,253,274
241,253,274
242,253,274
243,253,274
244,253,274
245,253,274
246,253,274
247,253,274
248,253,274
249,253,274
250,253,274
251,253,274
252,253,274
253,253,274
254,253,274
255,253,274
256,253,274
257,253,274
258,253,274
259,253,274
260,253,274
261,253,274
262,253,274
263,253,274
264,253,274
265,253,274
266,253,274
267,253,274
268,253,274
269,253,274
270,253,274
271,253,274
272,253,274
273,253,274
274,252,274
275,252,274
276,252,274
277,252,274
278,252,274
279,252,274
280,252,274
281,252,274
282,252,274
283,252,274
284,252,274
285,252,274
286,252,274
287,252,274
288,252,274
289,252,274
290,252,274
291,252,274
292,252,274
293,252,274
294,252,274
295,252,274
296,252,274
297,252,274
298,252,274
299,252,274
300,252,274
301,252,274
302,252,274
303,252,274
304,252,274
305,252,274
306,252,274
307,252,274
308,252,274
309,252,274
310,252,274
311,252,274
312,251,274
313,251,274
314,251,274
315,251,274
316,251,274
317,251,274
318,251,274
319,251,274
320,251,274
321,251,274
322,251,274
323,251,274
324,251,274
325,251,274
326,251,274
327,251,274
328,251,274
329,251,274
330,251,274
331,251,274
332,251,274
333,251,274
334,250,274
335,250,274
336,250,274
337,250,274
338,250,274
339,250,274
340,250,274
341,250,274
342,250,274
343,250,274
344,250,274
345,250,274
346,250,274
347,250,274
348,250,274
349,250,274
350,250,274
351,250,274
352,250,274
353,249,274
354,249,274
355,249,274
356,249,274
357,249,274
358,249,274
359,249,274
360,249,274
361,249,274
362,249,273
363,249,273
364,249,273
365,249,273
366,249,273
367,249,273
368,248,273
369,248,273
370,248,273
371,248,273
372,248,273
373,248,273
374,248,273
375,248,273
376,248,273
377,248,273
378,248,273
379,248,274
380,248,274
381,247,274
382,247,274
383,247,274
384,247,274
385,247,274
386,247,274
387,247,274
388,247,274
389,246,274
390,246,274
391,246,274
392,246,274
393,245,274
394,245,274
395,245,274
396,245,274
397,244,274
398,244,275
399,244,275
400,243,275
401,243,275
402,242,275
403,242,276
404,241,276
405,241,276
406,240,275
407,240,275
408,239,274
409,239,274
410,238,273
411,237,273
412,237,272
413,236,272
414,236,271
415,235,271
416,235,270
417,234,270
418,234,269
419,234,269
420,234,268
421,233,268
422,233,268
423,233,267
424,233,267
425,233,266
426,233,266
427,233,265
428,233,265
429,233,264
430,234,264
431,234,263
432,234,263
433,235,262
434,235,262
435,236,261
436,236,261
437,236,261
438,237,260
439,238,260
440,238,259
441,239,259
442,240,258
443,240,258
444,241,257
445,242,256
446,243,255
447,244,253
448,246,250
1,207
257,444,445
258,442,444
259,440,443
260,438,442
261,435,442
262,433,441
263,431,441
264,429,440
265,427,439
266,425,439
267,423,438
268,420,438
269,418,437
270,416,437
271,414,436
272,412,436
273,410,435
274,408,435
275,406,434
276,404,434
277,404,433
278,404,433
279,404,432
280,404,432
281,404,431
282,404,431
283,404,431
284,404,430
285,404,430
286,404,430
287,404,429
288,404,429
289,404,428
290,404,428
291,403,428
292,403,427
293,403,427
294,403,427
295,403,426
296,403,426
297,402,426
298,402,425
299,402,425
300,402,425
301,402,424
302,401,424
303,401,424
304,401,424
305,401,423
306,401,423
307,401,423
308,400,423
309,400,422
310,400,422
311,400,422
312,400,421
313,400,421
314,399,421
315,399,421
316,399,421
317,399,420
318,399,420
319,399,420
320,398,420
321,398,420
322,398,419
323,398,419
324,398,419
325,398,419
326,398,419
327,398,418
328,397,418
329,397,418
330,397,418
331,397,418
332,397,418
333,397,417
334,397,417
335,397,417
336,397,417
337,396,417
338,396,417
339,396,417
340,396,416
341,396,416
342,396,416
343,396,416
344,396,416
345,396,416
346,396,416
347,396,416
348,396,415
349,396,415
350,395,415
351,395,415
352,395,415
353,395,415
354,395,415
355,395,415
356,395,415
357,395,415
358,395,414
359,395,414
360,394,414
361,394,414
362,394,414
363,394,414
364,394,414
365,394,414
366,394,414
367,394,414
368,394,414
369,394,414
370,394,414
371,393,414
372,393,413
373,393,413
374,393,413
375,393,413
376,393,413
377,393,413
378,393,413
379,393,413
380,392,413
381,392,413
382,392,413
383,392,413
384,392,413
385,392,413
386,392,413
387,392,413
388,391,413
389,391,413
390,391,413
391,391,413
392,391,413
393,391,413
394,391,412
395,391,412
396,390,412
397,390,412
398,390,412
399,390,412
400,390,412
401,390,412
402,390,412
403,389,412
404,389,412
405,389,412
406,389,412
407,389,412
408,389,412
409,389,412
410,388,412
411,388,412
412,388,412
413,388,412
414,388,412
415,388,412
416,388,412
417,387,412
418,387,412
419,387,412
420,387,412
421,387,412
422,387,412
423,386,412
424,386,412
425,386,412
426,386,412
427,386,412
428,386,412
429,386,412
430,385,412
431,385,412
432,385,412
433,385,412
434,385,412
435,385,412
436,385,412
437,385,412
438,386,412
439,386,412
440,386,412
441,386,412
442,386,412
443,387,412
444,387,412
445,387,412
446,388,412
447,388,412
448,389,412
449,389,412
450,390,412
451,391,412
452,391,412
453,392,412
454,393,412
455,394,411
456,395,411
457,396,411
458,397,411
459,398,410
460,399,410
461,401,409
462,403,408
462,403,407
0,0
