1,203
195,193,195
196,192,197
197,192,197
198,191,198
199,191,199
200,191,199
201,190,200
202,190,200
203,190,201
204,190,201
205,190,202
206,189,202
207,189,203
208,189,203
209,189,204
210,189,204
211,189,204
212,189,205
213,189,205
214,189,205
215,188,205
216,188,206
217,188,206
218,188,206
219,188,207
220,188,207
221,188,207
222,188,207
223,188,207
224,187,207
225,187,208
226,187,208
227,187,208
228,187,208
229,187,208
230,187,208
231,187,208
232,187,208
233,186,208
234,186,208
235,186,208
236,186,208
237,186,208
238,186,208
239,186,208
240,185,207
241,185,207
242,185,207
243,185,207
244,185,207
245,185,207
246,185,206
247,184,206
248,184,206
249,184,206
250,184,206
251,184,205
252,184,205
253,183,205
254,183,205
255,183,205
256,183,204
257,183,204
258,183,204
259,182,204
260,182,204
261,182,203
262,182,203
263,182,203
264,182,203
265,181,203
266,181,202
267,181,202
268,181,202
269,181,202
270,180,202
271,180,202
272,180,201
273,180,201
274,180,201
275,179,201
276,179,200
277,179,200
278,179,200
279,179,200
280,178,200
281,178,199
282,178,199
283,178,199
284,177,199
285,177,199
286,177,199
287,177,198
288,177,198
289,176,198
290,176,198
291,176,198
292,176,197
293,175,197
294,175,197
295,175,197
296,175,197
297,174,196
298,174,196
299,174,196
300,174,196
301,173,196
302,173,195
303,173,195
304,172,195
305,172,195
306,172,195
307,172,194
308,171,194
309,171,194
310,171,194
311,171,194
312,170,193
313,170,193
314,170,193
315,170,193
316,169,193
317,169,192
318,169,192
319,168,192
320,168,192
321,168,192
322,168,191
323,167,191
324,167,191
325,167,191
326,166,191
327,166,190
328,166,190
329,165,190
330,165,190
331,165,190
332,165,189
333,164,189
334,164,189
335,164,189
336,163,188
337,163,188
338,163,188
339,162,188
340,162,188
341,162,188
342,161,187
343,161,187
344,161,187
345,160,187
346,160,187
347,160,186
348,159,186
349,159,186
350,159,186
351,158,185
352,158,185
353,158,185
354,157,185
355,157,185
356,157,184
357,157,184
358,157,184
359,156,184
360,156,184
361,156,183
362,156,183
363,156,183
364,156,183
365,156,182
366,156,182
367,156,182
368,156,182
369,156,181
370,155,181
371,155,181
372,156,181
373,156,181
374,156,180
375,156,180
376,156,180
377,157,180
378,157,179
379,157,179
380,158,179
381,158,179
382,158,178
383,158,178
384,159,178
385,159,177
386,159,177
387,160,177
388,160,177
389,161,176
390,161,176
391,161,176
392,162,175
393,163,175
394,163,174
395,164,173
396,166,172
397,168,170
0,0
0,296
49,268,278
50,265,282
51,263,285
52,262,288
53,261,290
54,261,293
55,261,295
56,261,297
57,262,299
58,262,301
59,263,302
60,263,304
61,264,305
62,265,307
63,266,308
64,267,309
65,268,310
66,269,311
67,269,312
68,270,312
69,271,313
70,272,313
71,272,313
72,273,313
73,274,313
74,274,313
75,275,313
76,275,312
77,276,312
78,276,312
79,276,311
80,277,311
81,277,311
82,277,311
83,277,310
84,278,310
85,278,310
86,278,309
87,278,309
88,278,309
89,278,309
90,278,308
91,278,308
92,278,308
93,278,308
94,278,308
95,278,307
96,278,307
97,278,307
98,278,307
99,278,307
100,279,306
101,279,306
102,279,306
103,279,306
104,279,306
105,279,306
106,279,305
107,279,305
108,279,305
109,279,305
110,279,305
111,279,305
112,279,305
113,279,305
114,279,305
115,279,305
116,279,305
117,279,305
118,279,304
119,278,304
120,278,304
121,278,304
122,278,304
123,278,304
124,278,304
125,278,304
126,278,304
127,278,304
128,278,304
129,278,304
130,278,304
131,278,304
132,278,304
133,278,304
134,278,304
135,278,304
136,278,304
137,278,304
138,278,304
139,278,304
140,278,304
141,278,304
142,278,304
143,278,304
144,278,303
145,278,303
146,278,303
147,278,303
148,278,303
149,278,303
150,278,303
151,278,303
152,278,303
153,278,303
154,277,303
155,277,303
156,277,303
157,277,303
158,277,303
159,277,303
160,277,303
161,277,303
162,277,303
163,277,303
164,277,303
165,277,303
166,277,303
167,277,303
168,277,303
169,277,303
170,276,303
171,276,303
172,276,303
173,276,303
174,276,302
175,276,302
176,276,302
177,276,302
178,276,302
179,276,302
180,276,302
181,276,302
182,276,302
183,275,302
184,275,302
185,275,302
186,275,301
187,275,301
188,275,301
189,275,301
190,275,301
191,275,301
192,275,301
193,274,301
194,274,300
195,274,300
196,274,300
197,274,300
198,274,300
199,274,300
200,274,300
201,273,300
202,273,299
203,273,299
204,273,299
205,273,299
206,273,299
207,273,299
208,272,298
209,272,298
210,272,298
211,272,298
212,272,298
213,272,298
214,271,297
215,271,297
216,271,297
217,271,297
218,271,297
219,271,296
220,270,296
221,270,296
222,270,296
223,270,296
224,270,296
225,270,295
226,269,295
227,269,295
228,269,295
229,269,294
230,269,294
231,269,294
232,268,294
233,268,294
234,268,293
235,268,293
236,267,293
237,267,293
238,267,292
239,267,292
240,267,292
241,266,292
242,266,292
243,266,291
244,266,291
245,265,291
246,265,291
247,265,290
248,264,290
249,264,290
250,264,290
251,264,289
252,263,289
253,263,289
254,263,289
255,262,288
256,262,288
257,262,288
258,261,288
259,261,287
260,261,287
261,260,287
262,260,286
263,259,286
264,259,286
265,259,286
266,258,285
267,258,285
268,257,285
269,257,284
270,256,284
271,256,284
272,255,283
273,255,283
274,254,282
275,254,282
276,253,282
277,253,281
278,252,281
279,252,280
280,251,280
281,251,279
282,250,279
283,249,279
284,249,278
285,248,277
286,248,277
287,247,276
288,246,276
289,246,275
290,245,275
291,244,274
292,244,274
293,243,273
294,242,272
295,242,272
296,241,271
297,240,270
298,239,270
299,238,269
300,238,268
301,237,267
302,236,266
303,235,266
304,234,265
305,233,264
306,232,263
307,231,262
308,230,261
309,229,260
310,228,259
311,227,258
312,226,257
313,225,256
314,224,255
315,223,254
316,222,252
317,221,251
318,220,250
319,219,249
320,218,247
321,216,246
322,215,245
323,214,243
324,213,242
325,211,240
326,210,239
327,209,237
328,208,236
329,207,234
330,205,233
331,204,231
332,203,229
333,201,227
334,200,225
335,199,223
336,198,221
337,196,219
338,194,217
339,192,214
340,191,212
341,190,209
342,190,206
343,190,203
344,193,199
0,0
0,118
234,318,318
235,316,318
236,315,320
237,314,321
238,314,323
239,314,324
240,314,325
241,313,327
242,313,328
243,313,329
244,314,330
245,314,332
246,314,333
247,314,334
248,315,335
249,315,337
250,316,338
251,317,339
252,318,340
253,318,342
254,319,343
255,320,344
256,321,346
257,321,347
258,322,348
259,323,349
260,324,350
261,324,351
262,325,353
263,326,354
264,327,355
265,327,356
266,328,357
267,329,359
268,329,360
269,330,361
270,331,362
271,332,363
272,332,364
273,333,366
274,334,367
275,334,368
276,335,369
277,336,370
278,336,371
279,337,372
280,338,373
281,339,374
282,339,375
283,340,376
284,341,378
285,341,379
286,342,380
287,343,381
288,343,381
289,344,382
290,345,383
291,345,384
292,346,385
293,347,386
294,347,387
295,348,388
296,349,389
297,349,390
298,350,390
299,351,391
300,351,392
301,352,393
302,353,393
303,353,394
304,354,395
305,355,395
306,355,396
307,356,396
308,357,397
309,357,397
310,358,398
311,359,398
312,359,398
313,360,399
314,360,399
315,361,399
316,362,399
317,362,400
318,363,400
319,364,400
320,364,400
321,365,401
322,366,401
323,366,401
324,367,401
325,367,401
326,368,401
327,369,401
328,369,401
329,370,401
330,371,401
331,371,401
332,372,401
333,372,401
334,373,401
335,374,401
336,374,401
337,375,401
338,375,401
339,376,401
340,377,401
341,377,401
342,378,400
343,378,400
344,379,400
345,380,399
346,380,399
347,381,398
348,382,397
349,384,395
350,385,394
351,388,391
0,0
0,56
84,94,94
85,90,99
86,89,103
87,88,107
88,88,111
89,88,114
90,88,117
91,88,119
92,88,122
93,88,125
94,89,127
95,89,130
96,90,132
97,90,134
98,91,136
99,92,137
100,92,138
101,93,140
102,94,141
103,95,142
104,96,143
105,97,143
106,98,144
107,99,145
108,100,145
109,101,145
110,102,146
111,104,146
112,105,146
113,106,147
114,106,147
115,107,147
116,108,147
117,109,147
118,110,147
119,111,148
120,112,148
121,113,148
122,114,148
123,115,148
124,116,148
125,117,148
126,118,148
127,119,148
128,120,148
129,121,148
130,121,148
131,122,147
132,123,147
133,124,147
134,125,146
135,126,146
136,128,145
137,129,144
138,131,142
139,134,140
0,0
1,97
45,222,224
46,221,225
47,221,226
48,220,227
49,221,227
50,221,228
51,221,226
51,221,228
52,221,226
52,221,229
53,221,226
53,221,229
54,221,226
54,221,230
55,221,226
55,221,230
56,221,226
56,221,230
57,221,226
57,220,230
58,221,226
58,220,231
59,221,226
59,220,231
60,221,226
60,220,231
61,221,226
61,219,231
62,221,226
62,219,231
63,221,226
63,219,231
64,221,226
64,219,231
65,221,226
65,218,232
66,221,226
66,218,231
67,221,226
67,218,231
68,221,226
68,217,231
69,221,226
69,217,231
70,221,226
70,217,231
71,221,226
71,216,231
72,221,226
72,216,231
73,221,226
73,216,231
74,221,226
74,215,230
75,221,226
75,215,230
76,221,226
76,214,230
77,221,226
77,214,230
78,221,226
78,214,230
79,221,226
79,213,229
80,221,226
80,213,229
81,221,226
81,212,229
82,221,226
82,212,229
83,221,226
83,212,229
84,221,226
84,211,228
85,221,226
85,211,228
86,221,226
86,210,228
87,221,226
87,210,228
88,209,227
89,209,227
90,208,227
91,208,226
92,207,226
93,207,226
94,206,225
95,206,225
96,205,225
97,204,224
98,204,224
99,203,223
100,202,219
101,202,215
102,201,211
103,200,207
104,199,202
0,87
195,119,119
196,110,123
197,108,124
198,106,125
199,105,127
200,104,129
201,104,130
202,104,132
203,103,134
204,103,135
205,103,137
206,103,139
207,103,140
208,102,141
209,102,143
210,102,144
211,102,146
212,101,147
213,101,148
214,101,149
215,101,150
216,100,151
217,100,151
218,100,152
219,100,152
220,99,152
221,99,152
222,99,151
223,99,151
224,98,150
225,103,150
226,104,149
227,105,148
228,106,147
229,107,146
230,108,145
231,109,144
232,109,143
233,110,142
234,110,142
235,111,141
236,111,140
237,112,139
238,112,139
239,112,138
240,112,137
241,112,137
242,112,136
243,112,135
244,111,135
245,111,134
246,111,133
247,110,133
248,110,132
249,109,131
250,108,131
251,108,130
252,107,130
253,106,129
254,105,128
255,104,128
256,104,127
257,103,127
258,102,126
259,101,126
260,101,125
261,100,124
262,100,124
263,99,123
264,99,123
265,98,122
266,98,122
267,98,121
268,97,121
269,97,121
270,97,120
271,96,120
272,96,119
273,96,119
274,96,119
275,95,119
276,95,118
277,95,118
278,95,118
279,95,118
280,95,118
281,106,118
0,87
281,95,106
282,95,118
283,95,118
284,95,118
285,95,118
286,95,118
287,95,118
288,96,118
289,96,118
290,96,119
291,96,119
292,96,119
293,97,119
294,97,120
295,97,120
296,98,120
297,98,121
298,98,121
299,99,121
300,99,122
301,100,122
302,100,123
303,101,123
304,101,124
305,102,125
306,102,125
307,103,126
308,103,126
309,104,126
310,104,127
311,105,127
312,105,128
313,106,128
314,106,129
315,106,129
316,107,129
317,107,130
318,107,130
319,108,131
320,108,131
321,108,131
322,109,131
323,109,132
324,109,132
325,109,132
326,110,132
327,110,132
328,110,132
329,110,133
330,110,133
331,110,132
332,110,132
333,110,132
334,110,132
335,110,132
336,110,132
337,110,132
338,110,132
339,109,131
340,109,131
341,109,131
342,109,130
343,108,130
344,108,129
345,108,129
346,107,128
347,107,128
348,106,127
349,106,127
350,106,126
351,105,125
352,105,124
353,104,124
354,104,123
355,103,122
356,102,121
357,102,119
358,101,118
359,100,117
360,99,115
361,99,113
362,98,111
363,98,109
364,98,107
365,98,105
366,99,103
367,101,101
0,0
1,444
28,367,371
29,366,373
30,365,375
31,364,377
32,364,378
33,364,379
34,364,380
35,364,381
36,364,382
37,364,383
38,364,384
39,364,385
40,364,386
41,364,387
42,364,388
43,364,388
44,364,389
45,364,390
46,364,390
47,364,390
48,364,391
49,364,391
50,364,391
51,364,391
52,364,391
53,364,392
54,364,391
55,364,391
56,364,391
57,364,391
58,364,390
59,363,390
60,363,390
61,363,389
62,363,388
63,363,388
64,363,387
65,363,387
66,362,386
67,362,386
68,362,385
69,362,385
70,362,384
71,362,384
72,361,383
73,361,383
74,361,383
75,360,382
76,360,382
77,360,382
78,360,381
79,360,381
80,359,381
81,359,380
82,359,380
83,359,380
84,358,379
85,358,379
86,358,379
87,358,379
88,358,378
89,358,378
90,357,378
91,357,378
92,357,378
93,357,377
94,357,377
95,357,377
96,357,377
97,357,377
98,357,377
99,357,377
100,357,377
101,357,377
102,356,377
103,356,377
104,356,377
105,356,377
106,356,377
107,356,377
108,356,377
109,356,377
110,356,377
111,356,377
112,356,377
113,356,377
114,356,377
115,364,377
115,356,378
116,364,377
116,356,378
117,357,378
118,357,378
119,357,378
120,357,378
121,357,379
122,357,379
123,357,379
124,357,379
125,357,380
126,357,380
127,358,380
128,358,380
129,358,381
130,358,381
131,358,381
132,358,381
133,359,381
134,359,382
135,359,382
136,359,382
137,359,382
138,360,382
139,360,383
140,360,383
141,360,383
142,361,383
143,361,384
144,361,384
145,362,384
146,362,384
147,362,385
148,362,385
149,363,385
150,363,386
151,363,386
152,364,386
153,364,386
154,365,387
155,365,387
156,365,387
157,366,387
158,366,388
159,367,388
160,367,388
161,367,389
162,368,389
163,368,389
164,369,390
165,369,390
166,369,390
167,370,391
168,370,391
169,370,391
170,371,392
171,371,392
172,371,392
173,372,393
174,372,393
175,372,393
176,373,393
177,373,394
178,373,394
179,374,394
180,374,395
181,374,395
182,375,396
183,375,396
184,375,396
185,376,397
186,376,397
187,376,397
188,377,398
189,377,398
190,377,398
191,378,399
192,378,399
193,378,399
194,379,400
195,379,400
196,379,400
197,380,401
198,380,401
199,380,402
200,381,402
201,381,402
202,381,403
203,381,403
204,382,403
205,382,404
206,382,404
207,383,404
208,383,405
209,383,405
210,384,406
211,384,406
212,384,406
213,385,407
214,385,407
215,385,408
216,385,408
217,386,408
218,386,409
219,386,409
220,387,409
221,387,410
222,387,410
223,387,411
224,388,411
225,388,411
226,388,412
227,389,412
228,389,413
229,389,413
230,390,413
231,390,414
232,390,414
233,390,415
234,391,415
235,391,415
236,391,416
237,392,416
238,392,417
239,392,417
240,392,417
241,393,418
242,393,418
243,393,419
244,393,419
245,394,419
246,394,420
247,394,420
248,394,420
249,395,421
250,395,421
251,395,422
252,396,422
253,396,422
254,396,423
255,396,423
256,397,423
257,397,424
258,397,424
259,397,424
260,398,425
261,398,425
262,398,425
263,398,426
264,399,426
265,399,427
266,399,427
267,399,427
268,400,428
269,400,428
270,400,428
271,400,429
272,400,429
273,401,429
274,401,430
275,401,430
276,401,430
277,401,431
278,402,431
279,402,431
280,402,432
281,402,432
282,403,432
283,403,432
284,403,433
285,403,433
286,403,433
287,403,434
288,404,434
289,404,434
290,404,435
291,404,435
292,404,435
293,405,435
294,405,436
295,405,436
296,405,436
297,405,437
298,405,437
299,406,437
300,406,438
301,406,438
302,406,438
303,406,438
304,406,439
305,407,439
306,407,439
307,407,440
308,407,440
309,407,440
310,407,440
311,407,441
312,407,441
313,408,441
314,408,441
315,408,442
316,408,442
317,408,442
318,408,442
319,408,443
320,408,443
321,409,443
322,409,443
323,409,444
324,409,444
325,409,444
326,409,444
327,409,445
328,409,445
329,409,445
330,409,445
331,410,445
332,410,446
333,410,446
334,410,446
335,410,446
336,410,447
337,410,447
338,410,447
339,410,447
340,410,447
341,410,448
342,410,448
343,410,448
344,411,448
345,411,448
346,411,449
347,411,449
348,411,449
349,411,449
350,411,449
351,411,450
352,411,450
353,411,450
354,411,450
355,411,450
356,411,450
357,411,451
358,411,451
359,411,451
360,411,451
361,411,451
362,411,451
363,411,452
364,411,452
365,411,452
366,411,452
367,411,452
368,411,453
369,411,453
370,411,453
371,411,453
372,411,453
373,411,453
374,411,453
375,411,454
376,411,454
377,411,454
378,411,454
379,411,454
380,411,454
381,411,454
382,411,455
383,411,454
384,411,454
385,411,454
386,411,454
387,411,454
388,411,454
389,411,454
390,411,454
391,411,453
392,411,453
393,411,453
394,411,453
395,411,453
396,411,452
397,411,452
398,411,452
399,411,452
400,411,451
401,411,451
402,411,451
403,411,450
404,411,450
405,411,450
406,411,449
407,411,449
408,411,449
409,411,448
410,411,448
411,411,448
412,411,447
413,411,447
414,411,447
415,411,446
416,411,446
417,411,445
418,411,445
419,411,444
420,411,444
421,411,444
422,411,443
423,411,443
424,411,442
425,411,442
426,411,441
427,411,441
428,411,440
429,411,440
430,411,439
431,411,439
432,411,438
433,411,438
434,411,437
435,411,437
436,411,436
437,411,436
438,411,435
439,411,434
440,410,434
441,410,433
442,410,433
443,410,432
444,410,431
445,410,431
446,410,430
447,410,429
448,410,429
449,410,428
450,410,427
451,410,427
452,410,426
453,410,425
454,410,425
455,410,424
456,410,423
457,410,422
458,410,422
459,410,421
460,410,420
461,410,419
462,410,418
463,410,418
464,410,417
465,409,416
466,410,415
467,410,413
468,410,412
468,410,410
0,0
