0,139
41,273,279
42,270,283
43,269,287
44,268,289
45,267,291
46,267,293
47,267,295
48,267,297
49,267,299
50,267,300
51,268,302
52,268,304
53,269,305
54,269,306
55,270,307
56,271,308
57,271,309
58,271,310
59,272,311
60,272,311
61,273,311
62,273,311
63,273,311
64,274,311
65,274,311
66,274,310
67,275,310
68,275,310
69,275,309
70,275,309
71,275,309
72,276,309
73,276,308
74,276,308
75,276,308
76,276,308
77,277,308
78,277,307
79,277,307
80,277,307
81,277,307
82,277,307
83,277,307
84,277,307
85,278,306
86,278,306
87,278,306
88,278,306
89,278,306
90,278,306
91,278,306
92,278,306
93,278,305
94,278,305
95,278,305
96,278,305
97,279,305
98,279,305
99,279,305
100,279,305
101,279,305
102,279,304
103,279,304
104,279,304
105,279,304
106,279,304
107,279,304
108,279,304
109,279,304
110,279,304
111,279,303
112,279,303
113,279,303
114,279,303
115,279,303
116,279,303
117,279,303
118,279,303
119,279,303
120,279,302
121,279,302
122,279,302
123,279,302
124,279,302
125,279,302
126,279,302
127,279,302
128,279,302
129,279,301
130,279,301
131,279,301
132,279,301
133,279,301
134,279,301
135,279,301
136,279,301
137,279,301
138,279,301
139,279,300
140,279,300
141,279,300
142,279,300
143,279,300
144,279,300
145,279,300
146,279,300
147,279,300
148,279,299
149,279,299
150,279,299
151,279,299
152,279,299
153,279,299
154,279,299
155,279,299
156,279,299
157,279,298
158,279,298
159,279,298
160,279,298
161,279,298
162,279,298
163,279,298
164,279,298
165,279,298
166,279,297
167,279,297
168,279,297
169,279,297
170,279,297
171,279,297
172,279,297
173,279,297
174,279,297
175,279,295
176,279,291
177,279,288
178,279,284
179,279,280
0,0
0,51
93,206,209
94,205,212
95,204,214
96,204,216
97,204,218
98,203,220
99,203,222
100,203,224
101,203,226
102,203,227
103,203,229
104,204,230
105,204,232
106,205,233
107,205,234
108,206,236
109,206,237
110,206,238
111,207,239
112,207,240
113,208,241
114,209,241
115,209,242
116,209,243
117,210,243
118,210,244
119,211,244
120,212,244
121,212,244
122,213,244
123,213,245
124,214,245
125,214,245
126,215,245
127,215,245
128,216,245
129,216,245
130,217,245
131,218,245
132,219,244
133,219,244
134,220,244
135,221,244
136,222,243
137,223,243
138,224,242
139,225,241
140,226,241
141,228,240
142,230,238
143,235,235
0,0
0,71
62,374,379
63,372,383
64,371,385
65,370,387
66,370,388
67,370,390
68,370,391
69,370,392
70,370,393
71,370,394
72,369,395
73,369,395
74,369,396
75,369,397
76,368,398
77,368,398
78,368,399
79,367,400
80,366,400
81,366,401
82,365,402
83,364,402
84,364,403
85,363,403
86,362,404
87,361,404
88,360,405
89,359,405
90,358,405
91,357,405
92,357,405
93,356,405
94,355,405
95,354,405
96,353,404
97,352,402
98,351,398
99,350,396
100,349,393
101,348,391
102,347,388
103,346,386
104,345,384
105,344,381
106,343,379
107,342,377
108,340,375
109,339,373
110,339,371
111,337,369
112,336,366
113,335,364
114,334,362
115,333,360
116,332,358
117,331,356
118,330,354
119,329,352
120,328,350
121,327,348
122,326,346
123,325,344
124,324,342
125,323,341
126,322,339
127,321,337
128,321,335
129,321,333
130,322,331
131,324,329
132,326,326
0,0
0,192
166,220,220
167,215,224
168,213,228
169,211,230
170,211,233
171,211,235
172,211,236
173,212,238
174,212,239
175,213,241
176,213,241
177,213,242
178,214,243
179,214,243
180,215,244
181,215,244
182,216,244
183,216,245
184,216,245
185,217,245
186,217,245
187,217,245
188,218,245
189,218,245
190,218,245
191,218,245
192,219,244
193,219,244
194,219,244
195,220,244
196,220,244
197,220,244
198,220,244
199,220,244
200,220,244
201,221,244
202,221,244
203,221,244
204,221,243
205,221,243
206,221,243
207,222,243
208,222,243
209,222,243
210,222,243
211,222,243
212,222,243
213,222,243
214,222,243
215,222,243
216,222,243
217,223,243
218,223,243
219,223,243
220,223,243
221,223,243
222,223,243
223,223,243
224,223,242
225,223,242
226,223,242
227,223,242
228,223,242
229,223,242
230,223,242
231,223,242
232,223,242
233,223,242
234,223,242
235,223,242
236,223,242
237,223,242
238,223,242
239,223,242
240,222,242
241,222,242
242,222,242
243,222,242
244,222,242
245,222,242
246,222,242
247,222,242
248,222,242
249,222,241
250,222,241
251,222,241
252,222,241
253,222,241
254,221,241
255,221,241
256,221,241
257,221,241
258,221,241
259,221,241
260,221,241
261,221,241
262,221,241
263,221,241
264,220,241
265,220,241
266,220,241
267,220,241
268,220,241
269,220,241
270,220,241
271,220,241
272,219,241
273,219,241
274,219,241
275,219,241
276,219,241
277,219,241
278,219,241
279,218,240
280,218,240
281,218,240
282,218,240
283,218,240
284,218,240
285,217,240
286,217,240
287,217,240
288,217,240
289,217,240
290,216,240
291,216,240
292,216,240
293,216,240
294,215,240
295,215,240
296,215,239
297,215,239
298,214,239
299,214,239
300,214,239
301,214,239
302,213,239
303,213,239
304,213,239
305,212,239
306,212,239
307,212,239
308,211,239
309,211,238
310,210,238
311,210,238
312,210,238
313,209,238
314,209,238
315,208,238
316,208,238
317,207,237
318,207,237
319,206,237
320,206,237
321,206,237
322,206,237
323,205,237
324,205,237
325,205,236
326,205,236
327,205,236
328,205,236
329,205,236
330,205,235
331,205,235
332,205,235
333,206,235
334,206,235
335,206,234
336,206,234
337,206,234
338,207,233
339,207,233
340,207,233
341,207,232
342,208,232
343,208,232
344,208,231
345,209,231
346,209,230
347,210,230
348,210,230
349,211,229
350,211,229
351,212,228
352,213,227
353,213,227
354,214,226
355,215,225
356,216,224
357,218,222
0,0
1,123
221,179,180
222,179,182
223,178,183
224,178,184
225,178,185
226,178,186
227,178,186
228,178,187
229,178,187
230,178,187
231,178,188
232,178,188
233,178,188
234,178,189
235,178,189
236,178,189
237,178,189
238,177,189
239,177,189
240,177,189
241,177,189
242,177,189
243,177,189
244,177,189
245,176,189
246,176,189
247,176,188
248,176,188
249,176,188
250,176,188
251,176,188
252,175,187
253,175,187
254,175,187
255,175,187
256,175,187
257,174,186
258,174,186
259,174,186
260,174,186
261,174,186
262,174,185
263,173,185
264,173,185
265,173,185
266,173,184
267,172,184
268,172,184
269,172,184
270,172,184
271,172,184
272,171,183
273,171,183
274,171,183
275,171,183
276,171,183
277,170,182
278,170,182
279,170,182
280,170,182
281,170,182
282,169,182
283,169,181
284,169,181
285,169,181
286,168,181
287,168,181
288,168,181
289,168,180
290,167,180
291,167,180
292,167,180
293,167,180
294,166,180
295,166,179
296,166,179
297,166,179
298,166,179
299,165,179
300,165,179
301,165,178
302,165,178
303,164,178
304,164,178
305,164,178
306,164,178
307,163,178
308,163,178
309,163,177
310,163,177
311,162,177
312,162,177
313,162,177
314,162,177
315,161,177
316,161,177
317,161,177
318,161,177
319,160,177
320,160,177
321,160,177
322,159,177
323,159,177
324,159,177
325,159,177
326,158,177
327,158,177
328,158,177
329,157,177
330,157,177
331,156,177
332,157,177
333,160,177
334,163,177
335,166,177
336,170,178
337,173,179
338,176,179
339,179,182
340,181,185
341,183,188
342,186,192
343,192,193
0,230
154,337,344
155,333,349
156,332,352
157,332,354
158,332,357
159,332,359
160,332,361
161,333,362
162,333,364
163,333,366
164,334,367
165,334,369
166,334,370
167,335,372
168,335,373
169,335,374
170,335,375
171,336,376
172,336,376
173,336,377
174,337,377
175,337,377
176,337,378
177,338,378
178,338,377
179,338,377
180,339,377
181,339,376
182,339,376
183,339,375
184,340,374
185,340,374
186,340,374
187,341,373
188,341,373
189,341,372
190,342,372
191,342,372
192,342,372
193,343,371
194,343,371
195,343,371
196,343,371
197,343,370
198,343,370
199,343,370
200,343,370
201,343,370
202,343,370
203,343,370
204,343,369
205,343,369
206,344,369
207,344,369
208,344,369
209,344,369
210,344,369
211,344,369
212,344,369
213,344,369
214,344,369
215,344,369
216,344,369
217,344,369
218,344,369
219,344,369
220,344,369
221,345,369
222,345,369
223,345,369
224,345,369
225,345,369
226,345,369
227,345,369
228,345,369
229,345,369
230,345,369
231,345,369
232,345,370
233,345,370
234,345,370
235,345,370
236,345,370
237,345,370
238,345,370
239,345,370
240,345,370
241,346,370
242,346,370
243,346,370
244,346,370
245,346,370
246,346,371
247,346,371
248,346,371
249,346,371
250,346,371
251,346,371
252,346,371
253,346,371
254,346,371
255,346,371
256,346,371
257,346,371
258,346,371
259,346,371
260,346,372
261,346,372
262,346,372
263,346,372
264,346,372
265,346,372
266,346,372
267,346,372
268,346,372
269,346,372
270,346,372
271,346,372
272,346,372
273,346,372
274,346,373
275,346,373
276,346,373
277,346,373
278,346,373
279,346,373
280,346,373
281,346,373
282,346,373
283,346,373
284,346,373
285,346,373
286,346,373
287,346,373
288,346,374
289,346,374
290,346,374
291,346,374
292,346,374
293,346,374
294,346,374
295,346,374
296,346,374
297,346,374
298,346,374
299,346,374
300,346,374
301,346,374
302,346,375
303,346,375
304,346,375
305,345,375
306,345,375
307,345,375
308,345,375
309,345,375
310,345,375
311,345,375
312,345,375
313,345,375
314,345,375
315,344,375
316,344,375
317,344,375
318,344,375
319,344,375
320,344,375
321,344,375
322,343,375
323,343,375
324,343,375
325,343,375
326,343,375
327,343,375
328,342,375
329,342,374
330,342,374
331,342,374
332,341,374
333,341,374
334,341,374
335,341,374
336,340,374
337,340,374
338,339,373
339,339,373
340,338,373
341,337,373
342,336,373
343,336,372
344,337,372
345,337,372
346,337,372
347,337,372
348,338,371
349,338,371
350,338,371
351,339,370
352,339,370
353,339,370
354,340,369
355,340,369
356,340,369
357,341,368
358,341,368
359,341,367
360,342,367
361,342,366
362,342,366
363,343,365
364,343,365
365,343,364
366,344,364
367,344,363
368,344,363
369,345,362
370,345,361
371,345,361
372,346,360
373,346,359
374,346,359
375,347,358
376,347,357
377,347,357
378,348,356
379,348,355
380,348,354
381,349,352
382,349,351
383,349,349
1,60
349,381,383
348,378,382
347,375,382
346,372,382
345,368,382
344,365,382
343,362,381
342,359,381
341,356,381
340,353,380
339,350,380
338,347,379
337,344,378
336,342,378
335,342,377
334,342,376
333,342,375
332,342,375
331,342,374
330,342,373
329,342,372
328,342,371
327,342,370
326,342,369
325,342,368
324,341,367
323,341,366
322,341,365
321,341,364
320,341,363
319,340,362
318,340,361
317,340,360
316,340,359
315,339,358
314,339,357
313,339,356
312,339,355
311,338,355
310,338,354
309,338,353
308,338,352
307,337,351
306,337,351
305,337,350
304,337,349
303,336,348
302,336,347
301,336,346
300,335,346
299,335,345
298,335,344
297,334,343
296,334,343
295,334,342
294,334,341
293,333,340
292,334,339
291,334,338
290,335,337
0,0
1,89
228,233,234
229,232,235
230,231,236
231,231,237
232,231,238
233,230,238
234,230,239
235,230,239
236,229,239
237,229,239
238,228,239
239,228,240
240,228,239
241,227,239
242,227,239
243,227,239
244,226,239
245,226,239
246,226,239
247,225,239
248,225,239
249,225,238
250,224,238
251,224,238
252,224,238
253,223,238
254,223,238
255,223,237
256,222,237
257,222,237
258,221,237
259,221,237
260,221,237
261,220,236
262,220,236
263,220,236
264,219,236
265,219,236
266,219,235
267,218,235
268,218,235
269,218,235
270,217,235
271,217,234
272,217,234
273,216,234
274,216,234
275,216,234
276,215,233
277,215,233
278,215,233
279,215,233
280,215,233
281,214,233
282,214,232
283,214,232
284,214,232
285,214,232
286,213,232
287,213,231
288,213,231
289,213,231
290,213,231
291,213,231
292,213,231
293,212,230
294,213,230
295,213,230
296,213,230
297,213,230
298,213,230
299,213,229
300,213,229
301,213,229
302,213,229
303,214,229
304,214,229
305,214,228
306,214,228
307,215,228
308,215,228
309,216,228
310,216,228
311,217,227
312,217,227
313,218,227
314,219,226
315,220,226
316,221,225
0,0
1,89
229,277,280
230,276,281
231,276,282
232,275,282
233,275,283
234,275,284
235,274,284
236,274,284
237,274,284
238,274,284
239,273,284
240,273,285
241,273,285
242,272,285
243,272,285
244,272,285
245,271,285
246,271,285
247,271,285
248,270,285
249,270,284
250,270,284
251,269,284
252,269,284
253,269,284
254,268,284
255,268,284
256,268,284
257,267,283
258,267,283
259,267,283
260,266,283
261,266,283
262,266,283
263,265,283
264,265,283
265,265,282
266,264,282
267,264,282
268,264,282
269,264,282
270,263,282
271,263,282
272,263,281
273,263,281
274,262,281
275,262,281
276,262,281
277,262,281
278,262,281
279,262,281
280,261,280
281,261,280
282,261,280
283,261,280
284,261,280
285,261,280
286,261,280
287,261,279
288,260,279
289,260,279
290,260,279
291,260,279
292,260,279
293,260,279
294,260,279
295,261,279
296,261,278
297,261,278
298,261,278
299,261,278
300,261,278
301,261,278
302,262,278
303,262,278
304,262,277
305,262,277
306,263,277
307,263,277
308,264,277
309,264,277
310,265,277
311,265,276
312,266,276
313,267,276
314,268,275
315,269,275
316,271,274
316,271,272
0,0
0,57
72,102,102
73,99,106
74,97,110
75,96,114
76,96,117
77,96,121
78,96,124
79,96,127
80,96,129
81,96,132
82,96,134
83,97,137
84,97,139
85,98,141
86,98,143
87,99,145
88,100,146
89,101,147
90,102,148
91,103,149
92,104,150
93,105,151
94,106,152
95,107,152
96,108,153
97,109,153
98,110,154
99,111,154
100,112,154
101,113,154
102,114,154
103,115,155
104,116,155
105,117,155
106,118,155
107,119,155
108,120,156
109,121,156
110,122,156
111,123,156
112,124,156
113,124,156
114,125,156
115,126,156
116,127,156
117,128,156
118,129,155
119,130,155
120,131,155
121,132,154
122,133,154
123,134,153
124,135,153
125,137,152
126,138,151
127,143,149
128,145,145
0,0
1,67
43,205,206
44,204,207
45,203,208
46,203,209
47,203,210
48,203,210
49,203,211
50,203,211
51,203,212
52,203,212
53,203,212
54,203,213
55,203,213
56,203,213
57,203,213
58,203,213
59,202,214
60,202,214
61,202,214
62,202,214
63,202,214
64,201,214
65,201,214
66,201,214
67,200,214
68,200,214
69,200,213
70,200,213
71,199,213
72,199,213
73,199,213
74,198,213
75,198,213
76,198,213
77,197,212
78,197,212
79,196,212
80,196,212
81,196,212
82,195,212
83,195,211
84,195,211
85,194,211
86,194,211
87,193,210
88,193,210
89,192,210
90,192,210
91,192,209
92,191,209
93,191,209
94,190,209
95,190,208
96,189,208
97,189,208
98,188,207
99,188,207
100,187,207
101,187,206
102,186,206
103,185,205
104,185,201
105,184,198
106,183,194
107,183,190
108,182,186
109,182,182
0,91
178,116,121
179,112,125
180,110,128
181,109,130
182,109,132
183,108,133
184,108,135
185,108,137
186,108,139
187,107,140
188,107,142
189,107,143
190,107,145
191,106,146
192,106,147
193,106,149
194,105,150
195,105,151
196,105,152
197,105,153
198,104,154
199,104,155
200,104,155
201,104,155
202,103,156
203,103,156
204,103,155
205,103,155
206,102,155
207,107,154
208,108,153
209,109,153
210,110,151
211,111,150
212,111,149
213,112,148
214,113,148
215,114,147
216,114,146
217,115,145
218,115,144
219,115,144
220,116,143
221,116,142
222,116,142
223,116,141
224,116,140
225,116,140
226,116,139
227,115,138
228,115,138
229,115,137
230,114,136
231,114,136
232,113,135
233,113,134
234,112,134
235,111,133
236,110,133
237,109,132
238,109,131
239,108,131
240,107,130
241,106,130
242,105,129
243,105,128
244,104,128
245,103,127
246,103,127
247,102,126
248,102,126
249,101,125
250,101,125
251,100,124
252,100,124
253,100,123
254,99,123
255,99,123
256,99,122
257,98,122
258,98,122
259,98,121
260,98,121
261,98,121
262,97,120
263,97,120
264,97,120
265,97,120
266,97,120
267,97,120
268,120,120
0,91
267,97,97
268,97,120
269,97,120
270,97,120
271,97,120
272,97,120
273,98,120
274,98,120
275,98,120
276,98,121
277,98,121
278,98,121
279,99,121
280,99,121
281,99,122
282,100,122
283,100,122
284,100,123
285,101,123
286,101,124
287,102,124
288,102,125
289,103,125
290,103,126
291,104,126
292,104,127
293,105,127
294,105,128
295,106,128
296,106,129
297,107,129
298,107,130
299,107,130
300,108,131
301,108,131
302,109,131
303,109,132
304,109,132
305,110,133
306,110,133
307,110,133
308,111,134
309,111,134
310,111,134
311,111,134
312,112,135
313,112,135
314,112,135
315,112,135
316,112,135
317,112,135
318,113,135
319,113,135
320,113,135
321,113,135
322,113,135
323,113,135
324,113,135
325,112,135
326,112,135
327,112,134
328,112,134
329,112,134
330,111,133
331,111,133
332,111,133
333,111,132
334,110,132
335,110,131
336,110,131
337,109,130
338,109,130
339,108,129
340,108,128
341,107,127
342,107,127
343,106,126
344,106,125
345,105,124
346,104,123
347,104,122
348,103,121
349,102,119
350,102,118
351,101,116
352,100,114
353,100,112
354,100,109
355,100,107
356,101,106
357,102,104
0,0
1,444
28,360,363
29,358,365
30,357,367
31,357,369
32,356,370
33,356,371
34,356,372
35,356,374
36,356,375
37,356,376
38,356,377
39,356,377
40,356,378
41,356,379
42,356,380
43,356,381
44,356,381
45,356,382
46,356,382
47,356,383
48,356,383
49,356,383
50,356,383
51,356,383
52,356,384
53,356,384
54,356,383
55,356,383
56,356,383
57,356,383
58,356,383
59,356,382
60,356,382
61,355,381
62,355,381
63,355,380
64,355,379
65,355,379
66,355,378
67,354,378
68,354,377
69,354,377
70,354,377
71,354,376
72,354,376
73,353,375
74,353,375
75,353,374
76,352,374
77,352,374
78,352,373
79,352,373
80,351,373
81,351,372
82,351,372
83,351,372
84,351,372
85,351,371
86,350,371
87,350,371
88,350,371
89,350,370
90,350,370
91,350,370
92,349,370
93,349,370
94,349,370
95,349,369
96,349,369
97,349,369
98,349,369
99,349,369
100,349,369
101,349,369
102,349,369
103,349,369
104,349,369
105,348,369
106,348,369
107,348,369
108,348,369
109,348,369
110,348,369
111,348,369
112,349,369
113,349,369
114,349,370
115,349,370
116,349,370
117,349,370
118,349,370
119,349,370
120,349,371
121,349,371
122,349,371
123,349,371
124,349,372
125,350,372
126,350,372
127,350,372
128,350,373
129,350,373
130,350,373
131,350,373
132,350,373
133,351,374
134,351,374
135,351,374
136,351,374
137,352,374
138,352,375
139,352,375
140,352,375
141,353,375
142,353,376
143,353,376
144,353,376
145,354,376
146,354,377
147,354,377
148,355,377
149,355,377
150,355,378
151,356,378
152,356,378
153,356,379
154,357,379
155,357,379
156,357,379
157,358,380
158,358,380
159,360,363
159,359,380
160,360,363
160,359,381
161,360,381
162,360,381
163,360,382
164,361,382
165,361,382
166,362,382
167,362,383
168,362,383
169,363,383
170,363,384
171,363,384
172,364,384
173,364,385
174,364,385
175,365,385
176,365,386
177,365,386
178,366,386
179,366,387
180,366,387
181,367,387
182,367,388
183,367,388
184,368,388
185,368,389
186,368,389
187,369,389
188,369,390
189,369,390
190,370,390
191,370,391
192,370,391
193,370,392
194,371,392
195,371,392
196,371,393
197,372,393
198,372,393
199,372,394
200,373,394
201,373,394
202,373,395
203,374,395
204,374,396
205,374,396
206,375,396
207,375,397
208,375,397
209,375,397
210,376,398
211,376,398
212,376,399
213,377,399
214,377,399
215,377,400
216,378,400
217,378,400
218,378,401
219,379,401
220,379,402
221,379,402
222,379,402
223,380,403
224,380,403
225,380,404
226,381,404
227,381,404
228,381,405
229,381,405
230,382,406
231,382,406
232,382,406
233,383,407
234,383,407
235,383,408
236,383,408
237,384,408
238,384,409
239,384,409
240,385,410
241,385,410
242,385,410
243,385,411
244,386,411
245,386,411
246,386,412
247,386,412
248,387,413
249,387,413
250,387,413
251,387,414
252,388,414
253,388,415
254,388,415
255,389,415
256,389,416
257,389,416
258,389,416
259,389,417
260,390,417
261,390,417
262,390,418
263,390,418
264,391,418
265,391,419
266,391,419
267,391,419
268,392,420
269,392,420
270,392,420
271,392,421
272,393,421
273,393,421
274,393,422
275,393,422
276,393,422
277,394,423
278,394,423
279,394,423
280,394,424
281,395,424
282,395,424
283,395,425
284,395,425
285,395,425
286,396,426
287,396,426
288,396,426
289,396,427
290,396,427
291,396,427
292,397,427
293,397,428
294,397,428
295,397,428
296,397,429
297,397,429
298,398,429
299,398,429
300,398,430
301,398,430
302,398,430
303,398,431
304,399,431
305,399,431
306,399,431
307,399,432
308,399,432
309,399,432
310,399,433
311,399,433
312,400,433
313,400,433
314,400,434
315,400,434
316,400,434
317,400,434
318,400,435
319,400,435
320,401,435
321,401,435
322,401,436
323,401,436
324,401,436
325,401,436
326,401,437
327,401,437
328,401,437
329,402,437
330,402,437
331,402,438
332,402,438
333,402,438
334,402,438
335,402,439
336,402,439
337,402,439
338,402,439
339,402,439
340,402,440
341,403,440
342,403,440
343,403,440
344,403,440
345,403,441
346,403,441
347,403,441
348,403,441
349,403,441
350,403,442
351,403,442
352,403,442
353,403,442
354,403,442
355,403,442
356,403,443
357,403,443
358,403,443
359,403,443
360,403,443
361,403,444
362,403,444
363,403,444
364,403,444
365,403,444
366,403,444
367,403,445
368,403,445
369,403,445
370,403,445
371,403,445
372,403,445
373,403,445
374,403,446
375,403,446
376,403,446
377,403,446
378,403,446
379,403,446
380,403,446
381,403,446
382,403,447
383,403,446
384,403,446
385,403,446
386,403,446
387,403,446
388,403,446
389,403,446
390,403,446
391,403,446
392,403,445
393,403,445
394,403,445
395,403,445
396,403,445
397,403,444
398,403,444
399,403,444
400,403,444
401,403,443
402,403,443
403,403,443
404,403,442
405,403,442
406,403,442
407,403,441
408,403,441
409,403,441
410,403,440
411,403,440
412,403,440
413,403,439
414,403,439
415,403,438
416,403,438
417,403,438
418,403,437
419,403,437
420,403,436
421,403,436
422,403,435
423,403,435
424,403,434
425,403,434
426,403,433
427,403,433
428,403,432
429,403,432
430,403,431
431,403,431
432,403,430
433,403,430
434,403,429
435,403,429
436,403,428
437,403,428
438,403,427
439,403,427
440,403,426
441,403,425
442,403,425
443,403,424
444,403,423
445,402,423
446,402,422
447,402,422
448,402,421
449,402,420
450,402,420
451,402,419
452,402,418
453,402,418
454,402,417
455,402,416
456,402,415
457,402,415
458,402,414
459,402,413
460,402,412
461,402,411
462,402,411
463,402,410
464,402,409
465,401,408
466,402,407
467,402,406
468,403,404
468,403,403
0,0
