0,116
92,121,124
93,118,129
94,117,132
95,116,135
96,115,137
97,115,139
98,115,140
99,115,142
100,116,144
101,116,145
102,116,147
103,116,148
104,116,149
105,117,150
106,117,151
107,117,152
108,117,153
109,117,153
110,117,153
111,117,153
112,117,153
113,117,153
114,117,153
115,117,152
116,117,151
117,117,151
118,117,150
119,117,149
120,117,149
121,117,148
122,117,148
123,117,147
124,116,146
125,116,146
126,116,145
127,116,145
128,115,144
129,115,144
130,115,143
131,115,142
132,114,142
133,114,141
134,114,141
135,113,140
136,113,140
137,113,139
138,112,138
139,112,138
140,112,137
141,111,137
142,111,136
143,110,136
144,110,135
145,109,135
146,109,134
147,109,134
148,108,133
149,108,132
150,107,132
151,107,131
152,106,131
153,106,130
154,105,130
155,105,129
156,104,129
157,104,128
158,103,127
159,103,127
160,102,126
161,102,126
162,101,125
163,101,124
164,100,124
165,99,123
166,99,122
167,98,122
168,98,121
169,97,120
170,96,119
171,96,119
172,95,118
173,94,117
174,94,116
175,93,115
176,92,114
177,92,114
178,91,113
179,90,112
180,89,111
181,89,110
182,88,109
183,87,108
184,86,107
185,85,106
186,85,105
187,84,104
188,83,103
189,82,102
190,81,100
191,81,99
192,80,98
193,79,97
194,78,95
195,77,94
196,77,93
197,76,92
198,75,90
199,75,89
200,74,87
201,73,86
202,72,84
203,72,83
204,72,81
205,71,79
206,71,77
207,73,73
0,0
1,128
122,150,151
123,149,152
124,149,153
125,148,154
126,148,154
127,147,155
128,147,155
129,147,156
130,146,156
131,146,157
132,146,157
133,146,157
134,146,158
135,146,158
136,145,158
137,145,159
138,145,159
139,145,159
140,145,159
141,145,160
142,144,160
143,144,160
144,144,160
145,144,160
146,144,161
147,144,161
148,143,161
149,143,161
150,143,161
151,143,161
152,143,161
153,142,162
154,142,161
155,142,161
156,142,161
157,142,161
158,141,161
159,141,161
160,141,161
161,141,160
162,141,160
163,140,160
164,140,160
165,140,160
166,139,160
167,139,159
168,139,159
169,139,159
170,138,158
171,138,158
172,138,158
173,138,158
174,137,157
175,137,157
176,137,157
177,136,157
178,136,156
179,136,156
180,136,156
181,135,156
182,135,155
183,135,155
184,134,155
185,134,155
186,134,154
187,133,154
188,133,154
189,133,153
190,132,153
191,132,153
192,132,153
193,131,153
194,131,152
195,131,152
196,130,152
197,130,151
198,130,151
199,129,151
200,129,151
201,128,150
202,128,150
203,128,150
204,127,150
205,127,149
206,126,149
207,126,149
208,126,149
209,125,148
210,125,148
211,125,148
212,124,148
213,124,147
214,124,147
215,124,147
216,123,147
217,123,146
218,123,146
219,123,146
220,123,146
221,123,145
222,123,145
223,123,145
224,122,145
225,122,144
226,123,144
227,123,144
228,123,143
229,123,143
230,123,143
231,123,143
232,123,142
233,124,142
234,124,142
235,124,142
236,124,141
237,124,141
238,125,141
239,125,140
240,125,140
241,126,140
242,126,139
243,126,139
244,127,139
245,128,138
246,128,138
247,129,137
248,130,136
249,133,134
0,0
1,213
57,240,244
58,239,246
59,238,247
60,237,248
61,237,249
62,236,249
63,236,250
64,236,251
65,236,251
66,236,252
67,235,253
68,235,253
69,235,254
70,235,254
71,235,255
72,235,255
73,235,255
74,235,256
75,234,256
76,234,257
77,234,257
78,234,257
79,234,257
80,234,258
81,234,258
82,234,258
83,234,258
84,233,258
85,233,259
86,233,259
87,233,259
88,233,259
89,233,259
90,233,259
91,232,259
92,232,259
93,232,259
94,232,258
95,232,258
96,232,258
97,231,258
98,231,258
99,231,257
100,231,257
101,231,257
102,231,256
103,231,256
104,231,256
105,230,255
106,230,255
107,230,255
108,230,254
109,230,254
110,230,254
111,229,253
112,229,253
113,229,253
114,229,252
115,229,252
116,228,252
117,228,251
118,228,251
119,228,251
120,228,250
121,227,250
122,227,250
123,227,249
124,227,249
125,227,249
126,226,248
127,226,248
128,226,248
129,226,247
130,225,247
131,225,247
132,225,246
133,225,246
134,225,246
135,224,245
136,224,245
137,224,245
138,224,244
139,223,244
140,223,244
141,223,243
142,223,243
143,222,243
144,222,243
145,222,242
146,222,242
147,222,242
148,221,241
149,221,241
150,221,241
151,221,240
152,220,240
153,220,240
154,220,239
155,220,239
156,219,239
157,219,239
158,219,238
159,219,238
160,218,238
161,218,238
162,218,237
163,218,237
164,218,237
165,217,236
166,217,236
167,217,236
168,217,236
169,216,235
170,216,235
171,216,235
172,216,235
173,215,234
174,215,234
175,215,234
176,215,234
177,214,233
178,214,233
179,214,233
180,214,233
181,213,232
182,213,232
183,213,232
184,213,232
185,212,231
186,212,231
187,212,231
188,212,231
189,211,230
190,211,230
191,211,230
192,211,230
193,210,229
194,210,229
195,210,229
196,210,229
197,210,229
198,209,228
199,209,228
200,209,228
201,208,228
202,208,227
203,208,227
204,208,227
205,208,227
206,207,227
207,207,226
208,207,226
209,207,226
210,206,226
211,206,226
212,206,225
213,206,225
214,205,225
215,205,225
216,205,225
217,205,224
218,204,224
219,204,224
220,204,224
221,204,224
222,203,224
223,203,223
224,203,223
225,203,223
226,202,223
227,202,223
228,202,222
229,202,222
230,201,222
231,201,222
232,201,222
233,201,221
234,200,221
235,200,221
236,200,221
237,200,221
238,200,221
239,199,220
240,199,220
241,199,220
242,199,220
243,199,220
244,198,220
245,199,219
246,199,219
247,199,219
248,199,219
249,199,219
250,199,219
251,199,218
252,200,218
253,200,218
254,200,218
255,200,218
256,201,218
257,201,217
258,202,217
259,202,217
260,202,217
261,203,217
262,203,217
263,204,216
264,205,216
265,205,216
266,206,215
267,207,215
268,208,214
269,209,212
0,0
0,404
32,167,171
33,164,174
34,163,177
35,162,179
36,161,181
37,160,183
38,160,184
39,160,186
40,159,187
41,159,189
42,159,191
43,159,192
44,160,194
45,160,195
46,161,196
47,161,198
48,162,199
49,162,200
50,163,202
51,164,203
52,164,204
53,165,205
54,165,206
55,166,207
56,166,208
57,167,209
58,167,210
59,168,210
60,168,210
61,169,210
62,169,211
63,170,211
64,170,211
65,170,210
66,171,210
67,171,210
68,171,210
69,172,209
70,172,209
71,172,208
72,173,208
73,173,207
74,173,207
75,173,207
76,174,207
77,174,207
78,174,206
79,174,206
80,175,206
81,175,206
82,175,206
83,175,205
84,175,205
85,175,205
86,175,205
87,176,205
88,176,205
89,176,204
90,176,204
91,176,204
92,176,204
93,176,204
94,176,204
95,176,204
96,176,204
97,176,203
98,176,203
99,176,203
100,176,203
101,176,203
102,176,203
103,176,203
104,176,203
105,176,203
106,176,202
107,176,202
108,176,202
109,176,202
110,176,202
111,176,202
112,176,202
113,176,202
114,176,202
115,176,202
116,176,202
117,176,201
118,176,201
119,176,201
120,176,201
121,176,201
122,176,201
123,176,201
124,176,201
125,176,201
126,176,201
127,176,201
128,176,201
129,176,201
130,176,201
131,176,201
132,176,200
133,176,200
134,176,200
135,176,200
136,176,200
137,176,200
138,176,200
139,176,200
140,176,200
141,176,200
142,176,200
143,176,200
144,176,200
145,176,200
146,176,200
147,176,200
148,176,199
149,176,199
150,176,199
151,176,199
152,176,199
153,176,199
154,176,199
155,176,199
156,176,199
157,176,199
158,176,199
159,176,199
160,176,199
161,176,199
162,176,199
163,176,199
164,176,199
165,176,199
166,176,199
167,176,199
168,176,199
169,176,199
170,176,199
171,176,199
172,176,198
173,176,198
174,176,198
175,176,198
176,176,198
177,176,198
178,176,198
179,176,198
180,176,198
181,176,198
182,176,198
183,176,198
184,176,198
185,176,198
186,176,198
187,176,198
188,176,198
189,176,198
190,176,198
191,176,198
192,176,198
193,176,198
194,176,198
195,176,198
196,176,198
197,176,198
198,176,198
199,175,198
200,175,197
201,175,197
202,175,197
203,175,197
204,175,197
205,175,197
206,175,197
207,175,197
208,175,197
209,175,197
210,175,197
211,175,197
212,175,197
213,175,197
214,175,197
215,175,197
216,175,197
217,175,197
218,175,197
219,175,197
220,175,197
221,175,197
222,175,197
223,175,197
224,175,197
225,175,197
226,175,197
227,175,197
228,175,197
229,175,197
230,175,197
231,175,197
232,175,197
233,175,197
234,175,197
235,175,197
236,175,197
237,175,197
238,175,197
239,175,197
240,175,197
241,174,197
242,174,197
243,174,197
244,174,197
245,174,197
246,174,197
247,174,197
248,174,197
249,174,196
250,174,196
251,174,196
252,174,196
253,174,196
254,174,196
255,174,196
256,174,196
257,174,196
258,174,196
259,174,196
260,174,196
261,174,196
262,174,196
263,174,196
264,174,196
265,174,196
266,174,196
267,174,196
268,174,196
269,174,196
270,174,196
271,174,196
272,174,196
273,174,196
274,174,196
275,173,196
276,173,196
277,173,196
278,173,196
279,173,196
280,173,196
281,173,196
282,173,196
283,173,196
284,173,196
285,173,196
286,173,196
287,173,196
288,173,196
289,173,196
290,173,196
291,173,196
292,173,196
293,173,196
294,173,196
295,173,196
296,173,196
297,173,196
298,172,196
299,172,196
300,172,196
301,172,196
302,172,196
303,172,196
304,172,196
305,172,196
306,172,196
307,172,195
308,172,195
309,172,195
310,172,195
311,172,195
312,172,195
313,171,195
314,171,195
315,171,195
316,171,195
317,171,195
318,171,195
319,171,195
320,171,195
321,171,195
322,171,195
323,171,195
324,170,195
325,170,195
326,170,195
327,170,195
328,170,195
329,170,195
330,170,195
331,170,195
332,170,195
333,169,195
334,169,195
335,169,195
336,169,195
337,169,195
338,169,195
339,169,195
340,168,195
341,168,195
342,168,195
343,168,195
344,168,195
345,168,195
346,168,195
347,167,195
348,167,195
349,167,195
350,167,195
351,167,195
352,166,195
353,166,195
354,166,195
355,166,195
356,166,195
357,165,195
358,165,195
359,165,195
360,165,195
361,165,195
362,164,195
363,164,195
364,164,195
365,164,195
366,163,195
367,163,195
368,163,195
369,163,195
370,163,195
371,162,195
372,162,195
373,162,195
374,161,195
375,161,195
376,161,195
377,161,195
378,160,195
379,160,195
380,160,195
381,160,195
382,160,195
383,159,195
384,159,195
385,159,195
386,159,195
387,159,195
388,159,195
389,159,195
390,159,195
391,159,195
392,159,195
393,159,195
394,159,195
395,159,195
396,159,195
397,159,195
398,159,195
399,159,195
400,160,195
401,160,195
402,160,195
403,161,195
404,161,194
405,161,194
406,162,194
407,162,194
408,162,194
409,163,194
410,163,193
411,163,193
412,164,193
413,164,193
414,164,192
415,165,192
416,165,192
417,166,191
418,166,191
419,166,191
420,167,190
421,167,190
422,168,189
423,168,189
424,168,188
425,169,188
426,169,187
427,170,187
428,170,186
429,171,185
430,171,185
431,172,184
432,173,183
433,174,182
434,175,181
435,177,179
0,0
0,149
224,174,176
225,172,177
226,171,178
227,170,179
228,169,180
229,169,181
230,168,181
231,168,182
232,167,183
233,167,183
234,167,183
235,166,184
236,166,184
237,165,185
238,165,185
239,164,185
240,164,185
241,164,185
242,163,186
243,163,186
244,162,186
245,162,186
246,161,186
247,161,186
248,161,186
249,160,185
250,160,185
251,159,185
252,159,185
253,158,184
254,158,184
255,157,183
256,157,183
257,156,182
258,156,182
259,155,181
260,154,180
261,154,180
262,153,179
263,153,178
264,152,178
265,152,177
266,151,176
267,151,176
268,150,175
269,149,174
270,149,174
271,148,173
272,148,172
273,147,172
274,146,171
275,146,170
276,145,170
277,144,169
278,144,168
279,143,168
280,142,167
281,142,166
282,141,166
283,140,165
284,139,164
285,139,163
286,138,163
287,137,162
288,136,161
289,136,161
290,135,160
291,134,159
292,133,158
293,132,158
294,132,157
295,131,156
296,130,156
297,129,155
298,128,154
299,128,153
300,127,153
301,126,152
302,125,151
303,124,150
304,123,150
305,123,149
306,122,148
307,121,147
308,120,146
309,119,146
310,118,145
311,118,144
312,117,143
313,116,142
314,115,142
315,114,141
316,113,140
317,112,139
318,111,138
319,110,137
320,109,136
321,108,136
322,107,135
323,106,134
324,105,133
325,104,132
326,103,131
327,102,130
328,101,129
329,100,128
330,99,127
331,98,126
332,97,125
333,96,124
334,95,123
335,94,122
336,93,121
337,91,120
338,90,118
339,89,117
340,88,116
341,87,115
342,86,114
343,85,112
344,84,111
345,82,110
346,81,109
347,80,107
348,79,106
349,78,105
350,77,103
351,76,102
352,74,100
353,73,99
354,72,97
355,71,96
356,70,94
357,69,93
358,67,91
359,66,89
360,65,88
361,64,86
362,63,84
363,61,82
364,60,81
365,59,79
366,59,77
367,58,75
368,57,73
369,57,70
370,57,68
371,58,66
372,61,61
0,0
0,65
261,189,190
262,188,192
263,187,195
264,187,198
265,187,201
266,187,204
267,187,207
268,187,209
269,188,212
270,188,215
271,189,217
272,189,220
273,190,223
274,191,225
275,192,227
276,193,230
277,194,232
278,196,234
279,197,236
280,198,238
281,199,240
282,200,241
283,201,243
284,202,244
285,204,245
286,205,246
287,206,247
288,207,248
289,208,249
290,209,249
291,210,250
292,211,250
293,212,251
294,213,252
295,214,252
296,215,252
297,216,253
298,217,253
299,218,254
300,219,254
301,221,254
302,221,255
303,223,255
304,224,255
305,225,256
306,226,256
307,227,256
308,228,256
309,229,257
310,230,257
311,231,257
312,232,257
313,233,257
314,234,257
315,235,257
316,236,257
317,236,257
318,237,257
319,238,256
320,239,256
321,240,255
322,242,254
323,243,253
324,245,251
325,249,249
0,0
1,85
297,130,132
298,128,133
299,128,134
300,127,135
301,127,135
302,126,136
303,126,136
304,126,137
305,125,137
306,125,138
307,125,138
308,124,138
309,124,138
310,124,138
311,123,139
312,123,138
313,123,138
314,123,138
315,122,138
316,122,138
317,121,138
318,121,138
319,121,137
320,120,137
321,120,137
322,120,137
323,119,136
324,119,136
325,118,135
326,118,135
327,118,135
328,117,134
329,117,134
330,116,133
331,116,133
332,116,132
333,115,132
334,115,131
335,114,131
336,114,130
337,114,130
338,113,129
339,113,129
340,112,128
341,112,128
342,112,128
343,111,127
344,111,127
345,110,126
346,110,126
347,110,125
348,109,125
349,109,125
350,108,124
351,108,124
352,108,123
353,107,123
354,107,123
355,107,122
356,106,122
357,106,121
358,105,121
359,105,121
360,104,120
361,104,120
362,103,119
363,103,119
364,102,119
365,102,118
366,101,118
367,101,118
368,100,117
369,99,117
370,99,116
371,98,116
372,97,116
373,97,115
374,96,115
375,95,112
376,94,109
377,93,105
378,93,102
379,92,99
380,91,95
381,89,92
0,123
86,393,393
87,387,396
88,384,398
89,382,400
90,381,403
91,381,405
92,381,407
93,380,408
94,380,410
95,380,412
96,379,413
97,379,415
98,379,416
99,379,418
100,378,419
101,378,421
102,378,422
103,377,424
104,377,425
105,377,426
106,376,427
107,376,428
108,376,429
109,376,430
110,375,431
111,375,431
112,375,432
113,374,432
114,374,432
115,374,432
116,379,432
117,381,432
118,382,432
119,383,431
120,383,430
121,383,430
122,384,428
123,384,427
124,383,426
125,383,424
126,383,422
127,383,421
128,383,419
129,382,418
130,382,417
131,382,416
132,381,415
133,381,414
134,380,413
135,380,412
136,380,411
137,379,410
138,379,409
139,379,408
140,378,407
141,378,407
142,377,406
143,377,405
144,377,404
145,376,404
146,376,403
147,376,402
148,375,402
149,375,401
150,374,401
151,374,400
152,374,399
153,373,399
154,373,398
155,373,397
156,372,397
157,372,396
158,371,395
159,371,395
160,371,394
161,370,394
162,370,393
163,370,393
164,369,392
165,369,391
166,369,391
167,368,390
168,368,389
169,367,389
170,367,388
171,367,388
172,366,387
173,366,386
174,365,386
175,365,385
176,364,385
177,364,384
178,364,384
179,363,383
180,363,382
181,362,382
182,362,381
183,361,381
184,361,380
185,361,380
186,360,379
187,359,379
188,359,378
189,358,378
190,358,378
191,358,377
192,357,377
193,357,377
194,356,377
195,356,378
196,356,378
197,356,379
198,356,379
199,356,381
200,356,382
201,356,383
202,356,385
203,357,387
204,358,383
205,359,379
206,361,375
207,363,370
208,366,366
0,142
203,386,387
204,382,388
205,378,389
206,374,390
207,370,391
208,366,392
209,367,393
210,368,394
211,370,396
212,371,397
213,372,398
214,373,399
215,374,400
216,375,401
217,376,402
218,377,403
219,378,404
220,379,405
221,380,406
222,381,407
223,382,407
224,383,408
225,384,409
226,384,410
227,385,411
228,386,412
229,387,413
230,388,414
231,388,414
232,389,415
233,390,416
234,391,417
235,391,418
236,392,418
237,393,419
238,393,420
239,394,421
240,395,421
241,395,422
242,396,423
243,397,423
244,397,424
245,398,425
246,398,425
247,399,426
248,400,427
249,400,427
250,401,428
251,401,429
252,402,429
253,402,430
254,403,430
255,403,431
256,404,431
257,404,432
258,405,433
259,405,433
260,406,433
261,406,434
262,406,434
263,407,435
264,407,435
265,408,436
266,408,436
267,408,436
268,409,437
269,409,437
270,409,437
271,409,438
272,410,438
273,410,438
274,410,439
275,410,439
276,411,439
277,411,439
278,411,440
279,411,440
280,411,440
281,411,440
282,411,440
283,411,441
284,411,441
285,411,441
286,411,441
287,410,441
288,410,441
289,410,441
290,410,441
291,410,441
292,409,441
293,409,441
294,409,441
295,408,441
296,408,441
297,407,441
298,407,441
299,406,441
300,405,441
301,404,441
302,404,441
303,404,441
304,405,441
305,405,440
306,406,440
307,406,440
308,406,440
309,407,440
310,407,439
311,408,439
312,408,439
313,408,438
314,409,438
315,409,438
316,410,437
317,410,437
318,410,437
319,411,436
320,411,436
321,411,436
322,412,435
323,412,435
324,413,434
325,413,434
326,413,433
327,414,432
328,414,432
329,415,431
330,415,431
331,415,430
332,416,430
333,416,429
334,416,428
335,417,428
336,417,427
337,418,426
338,418,425
339,418,425
340,419,424
341,419,423
342,420,422
343,420,421
344,420,421
1,72
421,344,344
420,342,344
419,339,345
418,337,346
417,334,347
416,331,347
415,329,348
414,326,348
413,324,348
412,321,348
411,319,348
410,316,349
409,313,349
408,311,348
407,308,348
406,306,348
405,303,347
404,301,347
403,302,346
402,303,345
401,304,344
400,304,343
399,304,341
398,305,340
397,305,339
396,305,338
395,306,337
394,306,336
393,306,335
392,306,334
391,306,334
390,306,333
389,306,332
388,306,331
387,306,331
386,306,330
385,306,329
384,306,329
383,306,328
382,306,328
381,306,327
380,306,326
379,306,326
378,306,325
377,306,325
376,306,324
375,306,323
374,306,323
373,306,322
372,306,322
371,306,321
370,306,321
369,305,320
368,305,320
367,305,319
366,305,319
365,305,318
364,305,318
363,305,317
362,305,317
361,305,316
360,305,316
359,305,315
358,305,314
357,305,314
356,305,313
355,305,312
354,305,312
353,305,311
352,305,309
351,306,308
351,306,306
0,0
0,354
109,291,291
110,287,295
111,285,298
112,283,300
113,281,302
114,280,304
115,279,306
116,279,308
117,278,310
118,278,311
119,278,313
120,279,314
121,279,316
122,280,317
123,280,318
124,281,319
125,281,320
126,282,320
127,282,321
128,283,322
129,284,322
130,284,323
131,285,323
132,285,323
133,286,323
134,286,323
135,287,323
136,288,323
137,288,322
138,288,322
139,289,322
140,289,322
141,289,322
142,289,322
143,290,321
144,290,321
145,290,321
146,290,321
147,290,321
148,290,320
149,291,320
150,291,320
151,291,320
152,291,320
153,291,320
154,291,320
155,291,319
156,291,319
157,291,319
158,292,319
159,292,319
160,292,319
161,292,319
162,292,319
163,292,319
164,292,319
165,292,319
166,292,319
167,292,318
168,292,318
169,292,318
170,292,318
171,292,318
172,293,318
173,293,318
174,293,318
175,293,318
176,293,318
177,293,318
178,293,318
179,293,318
180,293,318
181,293,318
182,293,318
183,293,318
184,293,318
185,293,318
186,293,318
187,293,318
188,293,318
189,293,318
190,293,318
191,293,318
192,293,318
193,293,318
194,293,318
195,293,318
196,293,318
197,293,318
198,293,318
199,293,318
200,293,318
201,293,318
202,293,318
203,293,318
204,293,318
205,293,318
206,293,318
207,293,318
208,293,317
209,293,317
210,293,317
211,293,317
212,293,317
213,293,317
214,293,317
215,294,317
216,294,317
217,294,317
218,294,317
219,294,317
220,294,317
221,294,317
222,294,317
223,294,317
224,294,317
225,294,317
226,294,317
227,294,317
228,294,317
229,294,317
230,294,317
231,294,317
232,294,317
233,294,317
234,294,317
235,294,317
236,294,317
237,294,317
238,294,317
239,294,317
240,294,317
241,294,317
242,294,317
243,294,317
244,294,317
245,294,317
246,293,317
247,293,317
248,293,317
249,293,317
250,293,317
251,293,317
252,293,317
253,293,317
254,293,317
255,293,317
256,293,317
257,293,317
258,293,317
259,293,317
260,293,317
261,293,317
262,293,317
263,293,317
264,293,317
265,293,317
266,293,317
267,293,317
268,293,317
269,293,317
270,293,317
271,293,317
272,293,317
273,293,317
274,293,317
275,293,317
276,293,317
277,293,317
278,293,317
279,293,317
280,293,317
281,293,317
282,293,317
283,293,317
284,293,317
285,293,317
286,293,317
287,293,317
288,293,317
289,293,317
290,293,317
291,293,317
292,293,317
293,293,317
294,293,317
295,293,317
296,293,317
297,293,317
298,293,317
299,293,317
300,293,317
301,293,317
302,293,317
303,293,317
304,293,317
305,293,317
306,293,317
307,293,317
308,293,317
309,293,317
310,293,317
311,293,317
312,293,317
313,293,317
314,293,317
315,293,317
316,293,317
317,293,317
318,293,317
319,293,317
320,293,317
321,293,317
322,293,317
323,293,318
324,293,318
325,293,318
326,293,318
327,293,318
328,293,318
329,293,318
330,293,318
331,293,318
332,293,318
333,292,318
334,292,318
335,292,318
336,292,318
337,292,318
338,292,318
339,292,318
340,292,318
341,292,318
342,292,318
343,292,318
344,292,318
345,292,318
346,292,318
347,292,318
348,292,318
349,292,318
350,292,319
351,292,319
352,292,319
353,292,319
354,292,319
355,292,319
356,292,319
357,292,319
358,292,319
359,292,319
360,292,319
361,292,319
362,292,319
363,292,319
364,292,319
365,292,319
366,292,319
367,292,319
368,292,319
369,292,319
370,292,319
371,292,319
372,292,319
373,292,319
374,292,319
375,292,319
376,292,319
377,292,319
378,292,319
379,292,319
380,292,319
381,292,319
382,292,319
383,292,319
384,292,319
385,292,319
386,292,319
387,292,319
388,292,319
389,292,319
390,292,319
391,292,319
392,292,319
393,292,319
394,292,319
395,292,319
396,292,318
397,292,318
398,292,318
399,292,318
400,292,318
401,292,318
402,292,318
403,292,318
404,292,318
405,292,318
406,292,318
407,292,318
408,292,318
409,292,318
410,292,318
411,292,318
412,292,318
413,292,318
414,292,318
415,292,317
416,292,317
417,292,317
418,292,317
419,292,317
420,292,317
421,292,317
422,293,317
423,293,317
424,293,317
425,293,317
426,293,317
427,293,316
428,293,316
429,293,316
430,293,316
431,293,316
432,293,316
433,293,316
434,293,316
435,293,316
436,293,316
437,293,316
438,293,316
439,293,316
440,294,315
441,294,315
442,294,315
443,294,315
444,294,315
445,294,315
446,295,314
447,295,314
448,295,314
449,295,314
450,296,314
451,296,313
452,296,313
453,297,313
454,297,312
455,297,312
456,298,311
457,298,311
458,299,310
459,299,309
460,300,309
461,301,307
462,304,305
0,0
