1,76
138,85,89
139,85,90
140,84,90
141,84,91
142,84,91
143,84,92
144,84,92
145,83,93
146,83,93
147,83,93
148,83,93
149,82,94
150,82,94
151,82,94
152,82,94
153,82,94
154,81,94
155,81,94
156,81,94
157,81,94
158,80,93
159,80,93
160,80,93
161,80,93
162,79,93
163,79,92
164,79,92
165,78,92
166,78,91
167,78,91
168,78,90
169,77,90
170,77,90
171,77,90
172,76,89
173,76,89
174,76,89
175,75,89
176,75,88
177,75,88
178,74,88
179,74,88
180,74,87
181,73,87
182,73,87
183,73,87
184,72,86
185,72,86
186,71,86
187,71,86
188,71,85
189,70,85
190,70,85
191,69,84
192,69,84
193,68,84
194,68,84
195,68,83
196,67,83
197,67,83
198,66,83
199,66,82
200,65,82
201,65,82
202,64,82
203,64,82
204,63,81
205,63,81
206,62,81
207,63,81
208,67,81
209,70,81
210,74,81
211,77,81
212,81,82
212,81,82
0,63
61,209,216
62,206,221
63,206,224
64,207,226
65,207,229
66,207,231
67,207,233
68,208,235
69,208,237
70,208,238
71,209,240
72,209,241
73,209,243
74,209,244
75,210,245
76,210,247
77,210,248
78,211,248
79,211,249
80,211,249
81,211,249
82,212,249
83,213,249
84,213,249
85,213,249
86,213,248
87,213,248
88,213,247
89,213,246
90,213,244
91,213,243
92,213,242
93,212,241
94,212,240
95,212,239
96,212,238
97,212,237
98,212,237
99,211,236
100,211,235
101,211,235
102,211,234
103,210,233
104,210,233
105,210,232
106,210,232
107,209,231
108,209,231
109,209,230
110,208,230
111,208,229
112,208,229
113,207,228
114,207,228
115,207,227
116,206,227
117,206,226
118,206,226
119,205,225
120,205,225
121,205,225
122,204,224
123,204,219
0,0
1,100
137,133,135
138,132,136
139,132,137
140,131,138
141,131,139
142,131,140
143,131,140
144,131,141
145,130,141
146,130,141
147,130,141
148,130,141
149,130,142
150,130,141
151,129,141
152,129,141
153,129,141
154,129,141
155,129,140
156,128,140
157,128,140
158,128,140
159,128,139
160,128,139
161,127,139
162,127,139
163,127,138
164,127,138
165,127,138
166,126,138
167,126,138
168,126,137
169,126,137
170,126,137
171,125,137
172,125,136
173,125,136
174,125,136
175,124,136
176,124,136
177,124,136
178,124,135
179,123,135
180,123,135
181,123,135
182,123,135
183,122,134
184,122,134
185,122,134
186,122,134
187,121,134
188,121,134
189,121,133
190,121,133
191,120,133
192,120,133
193,120,133
194,120,133
195,119,133
196,119,132
197,119,132
198,118,132
199,118,132
200,118,132
201,118,132
202,117,132
203,117,131
204,117,131
205,117,131
206,116,131
207,116,131
208,116,131
209,116,130
210,115,130
211,115,130
212,115,130
213,115,130
214,115,130
215,114,130
216,114,129
217,114,129
218,114,129
219,114,129
220,114,129
221,115,129
222,115,129
223,115,129
224,115,128
225,116,128
226,116,128
227,116,128
228,117,128
229,117,128
230,118,128
231,119,128
232,119,128
233,120,127
234,121,127
235,121,127
236,123,126
0,0
0,194
74,125,132
75,123,137
76,121,141
77,121,144
78,121,146
79,121,149
80,121,151
81,121,153
82,121,154
83,121,155
84,122,155
85,122,156
86,122,156
87,123,156
88,123,156
89,123,156
90,123,156
91,124,155
92,124,155
93,124,155
94,124,155
95,125,154
96,125,154
97,125,154
98,125,153
99,125,153
100,125,153
101,126,153
102,126,153
103,126,152
104,126,152
105,126,152
106,126,152
107,126,151
108,126,151
109,126,151
110,126,151
111,126,151
112,126,150
113,126,150
114,126,150
115,126,150
116,126,150
117,126,150
118,126,149
119,126,149
120,126,149
121,126,149
122,126,149
123,126,149
124,126,148
125,126,148
126,126,148
127,126,148
128,125,148
129,125,148
130,125,147
131,125,147
132,125,147
133,125,147
134,125,147
135,124,147
136,124,146
137,124,146
138,124,146
139,124,146
140,123,146
141,123,145
142,123,145
143,123,145
144,123,145
145,123,144
146,122,144
147,122,144
148,122,144
149,122,144
150,121,143
151,121,143
152,121,143
153,121,143
154,120,142
155,120,142
156,120,142
157,120,141
158,119,141
159,119,141
160,119,141
161,118,140
162,118,140
163,118,140
164,117,139
165,117,139
166,117,139
167,116,138
168,116,138
169,116,138
170,115,137
171,115,137
172,115,137
173,114,136
174,114,136
175,113,136
176,113,135
177,113,135
178,112,135
179,112,134
180,112,134
181,111,133
182,111,133
183,110,133
184,110,132
185,109,132
186,109,131
187,108,131
188,108,131
189,108,130
190,107,130
191,107,129
192,106,129
193,106,128
194,105,128
195,105,127
196,104,127
197,104,126
198,103,126
199,103,125
200,102,124
201,102,124
202,101,123
203,101,123
204,100,122
205,99,122
206,99,121
207,98,120
208,98,120
209,97,119
210,97,119
211,96,118
212,95,117
213,95,117
214,94,116
215,93,115
216,93,114
217,92,114
218,92,113
219,91,112
220,90,112
221,89,111
222,89,110
223,88,109
224,88,109
225,87,108
226,86,107
227,85,106
228,85,105
229,84,104
230,83,104
231,83,103
232,82,102
233,81,101
234,80,100
235,80,99
236,79,98
237,78,97
238,77,97
239,77,96
240,76,95
241,75,94
242,75,93
243,74,92
244,73,91
245,72,90
246,72,89
247,71,88
248,70,86
249,69,85
250,68,84
251,68,83
252,67,82
253,66,81
254,65,80
255,65,78
256,64,77
257,63,76
258,62,75
259,62,74
260,61,72
261,60,71
262,59,70
263,59,68
264,58,67
265,58,66
266,59,64
267,61,61
0,0
0,88
173,129,129
174,126,133
175,124,138
176,124,141
177,124,144
178,124,147
179,124,148
180,125,149
181,125,150
182,125,151
183,126,151
184,126,151
185,127,152
186,127,152
187,128,152
188,128,152
189,129,152
190,129,152
191,129,152
192,130,152
193,130,152
194,130,152
195,131,152
196,131,152
197,131,152
198,132,152
199,132,152
200,132,153
201,133,153
202,133,153
203,133,153
204,134,153
205,134,153
206,134,153
207,134,153
208,135,153
209,135,153
210,135,154
211,135,154
212,136,154
213,136,154
214,136,154
215,136,154
216,136,154
217,137,154
218,137,154
219,137,155
220,137,155
221,137,155
222,137,155
223,138,155
224,138,155
225,138,155
226,138,155
227,138,155
228,138,156
229,138,156
230,139,156
231,139,156
232,139,156
233,139,156
234,139,156
235,139,156
236,140,156
237,140,156
238,140,156
239,140,156
240,140,156
241,141,157
242,141,157
243,141,157
244,141,157
245,142,157
246,142,157
247,142,157
248,143,157
249,143,157
250,143,157
251,144,156
252,144,156
253,145,156
254,145,156
255,146,156
256,147,156
257,148,155
258,149,155
259,150,155
260,151,154
0,0
1,75
133,180,181
134,180,182
135,180,183
136,179,184
137,179,185
138,179,185
139,179,186
140,179,187
141,179,187
142,178,187
143,178,187
144,178,187
145,178,188
146,178,188
147,178,188
148,177,188
149,177,189
150,177,188
151,177,188
152,177,188
153,177,188
154,176,188
155,176,188
156,176,188
157,176,187
158,176,187
159,175,187
160,175,187
161,175,186
162,175,186
163,174,186
164,174,186
165,174,185
166,174,185
167,174,185
168,173,185
169,173,184
170,173,184
171,172,184
172,172,184
173,172,183
174,172,183
175,171,183
176,171,182
177,171,182
178,170,182
179,170,182
180,170,181
181,169,181
182,169,181
183,169,181
184,168,181
185,168,180
186,167,180
187,167,180
188,166,180
189,166,179
190,166,179
191,165,179
192,165,179
193,164,178
194,163,178
195,163,178
196,162,178
197,162,178
198,161,178
199,161,178
200,160,178
201,177,178
201,159,179
202,177,178
202,159,179
203,167,180
204,174,181
204,180,181
0,71
157,206,212
158,203,215
159,201,217
160,202,219
161,202,221
162,202,223
163,202,224
164,202,226
165,202,228
166,202,230
167,203,232
168,203,233
169,203,235
170,203,237
171,203,238
172,203,239
173,203,240
174,203,241
175,204,241
176,204,241
177,204,241
178,204,241
179,204,241
180,204,240
181,204,240
182,205,239
183,206,239
184,206,238
185,206,237
186,206,236
187,206,236
188,206,235
189,206,234
190,206,233
191,206,233
192,206,232
193,206,232
194,205,231
195,205,231
196,205,230
197,205,230
198,205,230
199,205,229
200,205,229
201,205,228
202,204,228
203,204,228
204,204,227
205,204,227
206,204,227
207,204,226
208,203,226
209,203,226
210,203,225
211,203,225
212,203,225
213,203,225
214,203,225
215,202,224
216,202,224
217,202,224
218,202,224
219,202,223
220,202,223
221,201,223
222,201,223
223,201,222
224,201,222
225,201,222
226,201,222
227,201,201
0,0
1,89
145,231,234
146,230,235
147,230,236
148,229,237
149,229,238
150,229,239
151,229,239
152,228,240
153,228,240
154,228,241
155,228,241
156,228,241
157,227,241
158,227,241
159,227,242
160,227,241
161,227,241
162,226,241
163,226,241
164,226,240
165,226,240
166,225,240
167,225,240
168,225,239
169,225,239
170,224,239
171,224,239
172,224,238
173,224,238
174,223,238
175,223,238
176,223,238
177,222,237
178,222,237
179,222,237
180,222,237
181,221,237
182,221,236
183,221,236
184,220,236
185,220,236
186,220,236
187,220,235
188,219,235
189,219,235
190,219,235
191,218,235
192,218,235
193,218,234
194,217,234
195,217,234
196,217,234
197,216,234
198,216,234
199,216,233
200,216,233
201,215,233
202,215,233
203,215,233
204,214,233
205,214,233
206,214,232
207,214,232
208,214,232
209,213,232
210,214,232
211,214,232
212,214,231
213,214,231
214,214,231
215,214,231
216,214,231
217,215,231
218,215,231
219,215,230
220,215,230
221,216,230
222,216,230
223,217,230
224,217,230
225,218,230
226,218,230
227,219,229
228,220,229
229,220,229
230,221,229
231,222,228
232,223,228
233,225,226
0,0
0,40
30,297,299
31,294,305
32,294,309
33,294,313
34,294,316
35,294,319
36,294,322
37,294,325
38,295,327
39,295,329
40,296,331
41,297,332
42,297,333
43,299,335
44,300,335
45,301,336
46,302,337
47,303,337
48,304,337
49,305,338
50,307,338
51,308,338
52,309,338
53,310,339
54,311,339
55,312,339
56,313,339
57,314,339
58,315,339
59,316,339
60,317,339
61,318,339
62,319,339
63,320,339
64,321,339
65,322,338
66,323,338
67,324,337
68,326,336
69,329,334
0,0
1,135
262,88,89
263,87,91
264,87,91
265,86,92
266,86,93
267,86,93
268,86,94
269,86,94
270,85,95
271,85,95
272,85,96
273,85,96
274,85,97
275,85,97
276,85,98
277,85,98
278,85,98
279,85,99
280,85,99
281,84,99
282,84,100
283,84,100
284,84,100
285,84,100
286,84,100
287,84,100
288,84,100
289,84,101
290,84,101
291,84,101
292,83,101
293,83,101
294,83,101
295,83,102
296,83,101
297,83,101
298,83,101
299,83,101
300,83,101
301,82,100
302,82,100
303,82,100
304,82,100
305,82,100
306,82,100
307,82,100
308,81,100
309,81,99
310,81,99
311,81,99
312,81,99
313,81,99
314,80,99
315,80,98
316,80,98
317,80,98
318,80,98
319,80,98
320,79,98
321,79,97
322,79,97
323,79,97
324,79,97
325,78,97
326,78,97
327,78,96
328,78,96
329,77,96
330,77,96
331,77,96
332,77,96
333,77,95
334,76,95
335,76,95
336,76,95
337,76,95
338,75,95
339,75,94
340,75,94
341,75,94
342,74,94
343,74,94
344,74,94
345,74,93
346,73,93
347,73,93
348,73,93
349,72,93
350,72,93
351,72,92
352,72,92
353,71,92
354,71,92
355,71,92
356,71,92
357,70,91
358,70,91
359,70,91
360,69,91
361,69,91
362,69,91
363,69,90
364,69,90
365,68,90
366,68,90
367,68,90
368,68,90
369,68,89
370,68,89
371,68,89
372,68,89
373,68,89
374,68,88
375,67,88
376,68,88
377,68,88
378,69,88
379,69,88
380,69,87
381,69,87
382,70,87
383,70,87
384,70,87
385,71,86
386,71,86
387,71,86
388,72,86
389,72,85
390,73,85
391,73,85
392,74,84
393,74,84
394,75,84
395,76,83
396,78,81
0,0
0,42
107,280,283
108,279,286
109,278,287
110,278,289
111,278,291
112,278,293
113,278,294
114,278,296
115,279,298
116,279,299
117,280,301
118,280,302
119,281,303
120,282,304
121,282,305
122,283,306
123,283,307
124,284,308
125,285,309
126,285,310
127,286,311
128,287,311
129,287,312
130,288,312
131,289,313
132,289,313
133,290,313
134,291,314
135,291,314
136,292,314
137,293,314
138,294,314
139,294,314
140,295,313
141,296,313
142,297,313
143,298,313
144,299,312
145,300,312
146,302,311
147,303,310
148,306,308
0,0
0,70
84,351,351
85,348,354
86,346,357
87,345,358
88,344,360
89,344,361
90,345,363
91,345,364
92,345,365
93,346,366
94,346,367
95,346,368
96,346,369
97,346,370
98,346,371
99,346,372
100,346,372
101,346,373
102,346,373
103,345,374
104,345,374
105,345,374
106,345,374
107,345,373
108,344,372
109,344,371
110,344,370
111,344,369
112,343,369
113,343,368
114,343,367
115,342,366
116,342,365
117,342,365
118,341,364
119,341,363
120,341,362
121,341,362
122,340,361
123,340,360
124,340,360
125,339,359
126,339,358
127,338,358
128,338,357
129,338,356
130,337,355
131,337,355
132,337,354
133,336,353
134,336,353
135,336,352
136,335,351
137,335,350
138,334,350
139,334,349
140,333,348
141,333,347
142,333,347
143,332,346
144,332,345
145,332,344
146,331,343
147,331,342
148,331,341
149,331,340
150,331,339
151,331,338
152,331,336
153,332,334
0,0
1,173
250,162,164
251,161,165
252,161,166
253,161,167
254,160,168
255,160,169
256,160,169
257,160,170
258,160,171
259,159,171
260,159,172
261,159,172
262,159,172
263,159,173
264,159,173
265,158,173
266,158,173
267,158,173
268,158,174
269,158,174
270,158,174
271,158,174
272,157,174
273,157,174
274,157,174
275,157,174
276,157,173
277,157,173
278,156,173
279,156,173
280,156,173
281,156,172
282,156,172
283,156,172
284,155,171
285,155,171
286,155,171
287,155,171
288,155,170
289,155,170
290,154,170
291,154,170
292,154,169
293,154,169
294,154,169
295,153,169
296,153,168
297,153,168
298,153,168
299,153,168
300,153,168
301,152,167
302,152,167
303,152,167
304,152,167
305,152,167
306,152,166
307,151,166
308,151,166
309,151,166
310,151,166
311,151,165
312,151,165
313,150,165
314,150,165
315,150,165
316,150,165
317,150,164
318,150,164
319,149,164
320,149,164
321,149,164
322,149,164
323,149,163
324,149,163
325,148,163
326,148,163
327,148,163
328,148,163
329,148,163
330,147,162
331,147,162
332,147,162
333,147,162
334,147,162
335,147,162
336,146,162
337,146,161
338,146,161
339,146,161
340,146,161
341,145,161
342,145,161
343,145,161
344,145,161
345,145,161
346,144,160
347,144,160
348,144,160
349,144,160
350,144,160
351,143,160
352,143,160
353,143,160
354,143,160
355,143,160
356,142,160
357,142,159
358,142,159
359,142,159
360,142,159
361,141,159
362,141,159
363,141,159
364,141,159
365,141,159
366,140,159
367,140,159
368,140,159
369,140,159
370,139,159
371,139,159
372,139,159
373,139,159
374,139,159
375,138,159
376,138,159
377,138,159
378,138,159
379,137,159
380,137,159
381,137,159
382,137,158
383,136,158
384,136,158
385,136,158
386,136,158
387,136,158
388,136,158
389,136,158
390,136,158
391,135,158
392,135,158
393,136,158
394,136,158
395,136,158
396,136,158
397,136,158
398,136,158
399,137,158
400,137,158
401,137,158
402,138,158
403,138,158
404,138,158
405,139,158
406,139,158
407,140,158
408,140,158
409,141,158
410,141,158
411,142,158
412,143,158
413,143,158
414,144,158
415,145,158
416,145,158
417,146,157
418,147,157
419,148,157
420,149,156
421,150,156
422,152,155
0,0
1,129
268,203,205
269,202,207
270,202,208
271,202,208
272,201,209
273,201,210
274,201,210
275,201,211
276,201,211
277,200,211
278,200,211
279,200,211
280,200,211
281,200,211
282,199,212
283,199,212
284,199,212
285,199,212
286,199,212
287,198,212
288,198,212
289,198,212
290,198,212
291,198,211
292,197,211
293,197,211
294,197,211
295,197,211
296,197,211
297,196,211
298,196,211
299,196,211
300,196,211
301,195,211
302,195,211
303,195,211
304,195,210
305,195,210
306,194,210
307,194,210
308,194,210
309,194,210
310,194,210
311,193,210
312,193,209
313,193,209
314,193,209
315,193,209
316,192,209
317,192,209
318,192,209
319,192,208
320,191,208
321,191,208
322,191,208
323,191,208
324,191,208
325,190,208
326,190,208
327,190,207
328,190,207
329,190,207
330,189,207
331,189,207
332,189,207
333,189,207
334,188,207
335,188,206
336,188,206
337,188,206
338,188,206
339,187,206
340,187,206
341,187,206
342,187,206
343,186,205
344,186,205
345,186,205
346,186,205
347,186,205
348,185,205
349,185,205
350,185,205
351,185,205
352,185,204
353,184,204
354,184,204
355,184,204
356,184,204
357,184,204
358,184,204
359,184,204
360,184,203
361,183,203
362,183,203
363,183,203
364,183,203
365,183,203
366,183,203
367,183,203
368,183,203
369,183,202
370,183,202
371,183,202
372,182,202
373,183,202
374,183,202
375,183,202
376,183,202
377,184,202
378,184,202
379,184,201
380,184,201
381,184,201
382,185,201
383,185,201
384,185,201
385,186,201
386,186,201
387,187,201
388,187,201
389,188,200
390,188,200
391,189,200
392,190,200
393,191,199
394,192,199
395,193,198
396,195,197
0,0
0,111
158,318,322
159,315,325
160,314,327
161,312,329
162,311,331
163,311,333
164,311,334
165,311,336
166,311,337
167,312,338
168,312,339
169,313,340
170,314,341
171,314,342
172,315,343
173,315,343
174,315,343
175,315,343
176,315,344
177,316,343
178,316,343
179,316,343
180,316,343
181,316,343
182,316,342
183,316,342
184,316,342
185,316,342
186,316,342
187,317,342
188,317,342
189,317,341
190,317,341
191,317,341
192,317,341
193,317,341
194,317,341
195,317,341
196,317,341
197,317,341
198,317,341
199,317,341
200,317,341
201,317,341
202,317,340
203,318,340
204,318,340
205,318,340
206,318,340
207,318,340
208,318,340
209,318,340
210,318,340
211,318,340
212,318,340
213,318,340
214,318,340
215,318,340
216,318,339
217,318,339
218,318,339
219,318,339
220,318,339
221,318,339
222,318,339
223,318,339
224,318,339
225,318,339
226,319,339
227,319,339
228,319,339
229,319,339
230,319,339
231,319,339
232,319,339
233,319,339
234,319,339
235,319,339
236,319,338
237,319,338
238,319,338
239,319,338
240,319,338
241,319,338
242,319,338
243,319,337
244,319,337
245,320,337
246,320,337
247,320,337
248,320,337
249,320,337
250,320,337
251,320,337
252,320,336
253,320,336
254,320,336
255,321,336
256,321,336
257,321,335
258,321,335
259,322,335
260,322,335
261,322,334
262,323,334
263,323,333
264,323,333
265,324,332
266,324,332
267,325,331
268,326,329
0,0
0,146
225,236,239
226,233,242
227,233,244
228,232,246
229,232,247
230,232,249
231,232,250
232,232,252
233,231,253
234,231,254
235,231,255
236,230,256
237,230,257
238,230,258
239,229,259
240,229,259
241,228,260
242,228,261
243,227,261
244,227,262
245,226,262
246,226,263
247,225,263
248,225,264
249,224,264
250,223,264
251,223,264
252,222,265
253,221,265
254,221,265
255,220,264
256,220,264
257,219,263
258,218,262
259,218,261
260,217,259
261,216,258
262,216,257
263,215,255
264,214,254
265,213,253
266,212,252
267,212,251
268,211,249
269,210,248
270,209,247
271,208,246
272,208,245
273,207,244
274,206,243
275,205,241
276,204,240
277,203,239
278,202,238
279,201,237
280,200,236
281,199,235
282,198,234
283,197,232
284,196,231
285,195,230
286,194,229
287,193,228
288,192,227
289,191,226
290,190,224
291,189,223
292,188,222
293,187,221
294,186,220
295,185,219
296,183,217
297,182,216
298,181,215
299,180,214
300,179,213
301,178,211
302,176,210
303,175,209
304,174,208
305,173,206
306,171,205
307,170,204
308,169,202
309,168,201
310,166,200
311,165,199
312,164,197
313,162,196
314,161,195
315,159,193
316,158,192
317,157,191
318,155,189
319,154,188
320,152,186
321,151,185
322,149,184
323,148,182
324,146,181
325,145,179
326,143,178
327,141,176
328,140,175
329,138,173
330,136,172
331,134,170
332,133,169
333,131,167
334,129,166
335,127,164
336,125,163
337,124,161
338,122,159
339,120,157
340,118,156
341,116,154
342,114,152
343,112,151
344,110,149
345,108,147
346,106,145
347,104,143
348,102,141
349,100,139
350,98,137
351,96,135
352,94,132
353,92,130
354,90,127
355,88,125
356,86,122
357,84,120
358,82,117
359,80,114
360,78,111
361,76,108
362,74,105
363,71,102
364,70,98
365,67,95
366,65,91
367,63,87
368,62,82
369,63,76
370,64,69
0,0
1,229
244,247,251
245,246,254
246,246,255
247,246,257
248,247,258
249,247,259
250,248,259
251,248,260
252,249,261
253,249,262
254,250,263
255,250,263
256,251,264
257,251,265
258,252,266
259,253,267
260,253,267
261,254,268
262,254,269
263,255,270
264,256,271
265,256,271
266,257,272
267,257,273
268,258,274
269,259,275
270,259,275
271,260,276
272,261,277
273,261,278
274,262,279
275,263,279
276,263,280
277,264,281
278,264,282
279,265,283
280,266,283
281,266,284
282,267,285
283,268,286
284,268,286
285,269,287
286,269,288
287,270,289
288,271,290
289,271,290
290,272,291
291,273,292
292,273,293
293,274,293
294,274,294
295,275,295
296,276,296
297,276,296
298,277,297
299,278,298
300,278,299
301,279,300
302,279,300
303,280,301
304,281,302
305,281,303
306,282,303
307,282,304
308,283,305
309,283,306
310,284,306
311,285,307
312,285,308
313,286,309
314,286,309
315,287,310
316,287,311
317,288,312
318,288,312
319,289,313
320,290,314
321,290,314
322,291,315
323,291,316
324,292,317
325,292,317
326,293,318
327,293,319
328,294,320
329,294,320
330,295,321
331,295,322
332,296,322
333,296,323
334,297,324
335,297,325
336,298,325
337,298,326
338,299,327
339,299,328
340,300,328
341,300,329
342,300,330
343,301,330
344,301,331
345,302,332
346,302,332
347,303,333
348,303,334
349,303,335
350,304,335
351,304,336
352,305,337
353,305,337
354,306,338
355,306,339
356,306,339
357,307,340
358,307,341
359,307,342
360,308,342
361,308,343
362,309,344
363,309,344
364,309,345
365,310,346
366,310,346
367,310,347
368,311,348
369,311,348
370,311,349
371,312,350
372,312,350
373,312,351
374,313,352
375,313,352
376,313,353
377,314,353
378,314,354
379,314,354
380,315,354
381,315,355
382,315,355
383,316,355
384,316,355
385,316,355
386,316,356
387,317,356
388,317,356
389,317,356
390,317,356
391,318,356
392,318,356
393,318,356
394,318,356
395,319,356
396,319,357
397,319,356
398,319,356
399,320,356
400,320,356
401,320,356
402,320,356
403,320,356
404,321,356
405,321,356
406,321,356
407,321,356
408,322,356
409,322,356
410,322,356
411,322,355
412,322,355
413,322,355
414,323,355
415,323,355
416,323,355
417,323,355
418,323,355
419,324,354
420,324,354
421,324,354
422,324,354
423,324,354
424,325,353
425,325,353
426,325,353
427,325,353
428,325,353
429,326,352
430,326,352
431,326,352
432,326,352
433,326,352
434,327,351
435,327,351
436,327,351
437,327,351
438,327,350
439,328,350
440,328,350
441,328,350
442,328,349
443,328,349
444,329,349
445,329,349
446,329,348
447,329,348
448,329,348
449,330,347
450,330,347
451,330,347
452,330,346
453,330,346
454,331,346
455,331,345
456,331,345
457,331,345
458,332,344
459,332,344
460,332,343
461,332,343
462,332,343
463,333,342
464,333,342
465,333,341
466,333,341
467,334,340
468,334,340
469,334,339
470,335,339
471,335,338
472,336,337
0,0
1,118
190,322,324
191,322,325
192,321,326
193,321,327
194,320,327
195,320,328
196,320,328
197,320,329
198,320,329
199,319,330
200,319,330
201,319,331
202,319,331
203,319,332
204,319,332
205,319,332
206,319,333
207,319,333
208,319,333
209,318,333
210,318,334
211,318,334
212,318,334
213,318,334
214,318,334
215,318,335
216,318,335
217,318,335
218,318,335
219,318,335
220,317,335
221,317,335
222,317,335
223,317,335
224,317,335
225,317,335
226,317,335
227,316,335
228,316,335
229,316,334
230,316,334
231,316,334
232,316,334
233,315,334
234,315,334
235,315,333
236,315,333
237,315,333
238,315,333
239,314,333
240,314,332
241,314,332
242,314,332
243,314,332
244,313,332
245,313,332
246,313,331
247,313,331
248,312,331
249,312,331
250,312,331
251,312,331
252,311,330
253,311,330
254,311,330
255,311,330
256,310,330
257,310,330
258,310,329
259,309,329
260,309,329
261,309,329
262,309,329
263,308,329
264,308,328
265,308,328
266,308,328
267,307,328
268,307,328
269,306,327
270,306,327
271,306,327
272,306,327
273,306,327
274,305,327
275,305,326
276,305,326
277,305,326
278,305,326
279,305,326
280,305,326
281,305,325
282,305,325
283,305,325
284,305,325
285,304,325
286,305,324
287,305,324
288,305,324
289,305,324
290,306,324
291,306,323
292,306,323
293,306,323
294,307,323
295,307,323
296,307,322
297,308,322
298,308,322
299,308,322
300,309,321
301,309,321
302,310,321
303,310,321
304,311,320
305,312,320
306,313,318
306,313,317
0,0
1,149
174,369,371
175,368,372
176,368,372
177,367,373
178,367,374
179,367,374
180,367,375
181,367,376
182,366,376
183,366,377
184,366,377
185,366,378
186,366,378
187,366,378
188,366,379
189,366,379
190,366,379
191,366,380
192,366,380
193,365,380
194,365,381
195,365,381
196,365,381
197,365,381
198,365,381
199,365,382
200,365,382
201,365,382
202,365,382
203,365,382
204,364,382
205,364,382
206,364,382
207,364,383
208,364,382
209,364,382
210,364,382
211,364,382
212,364,382
213,363,382
214,363,382
215,363,381
216,363,381
217,363,381
218,363,381
219,363,381
220,362,380
221,362,380
222,362,380
223,362,380
224,362,380
225,362,380
226,361,379
227,361,379
228,361,379
229,361,379
230,361,379
231,361,378
232,360,378
233,360,378
234,360,378
235,360,378
236,360,378
237,360,377
238,359,377
239,359,377
240,359,377
241,359,377
242,358,377
243,358,376
244,358,376
245,358,376
246,358,376
247,357,376
248,357,376
249,357,375
250,357,375
251,356,375
252,356,375
253,356,375
254,356,375
255,355,374
256,355,374
257,355,374
258,355,374
259,355,374
260,354,373
261,354,373
262,354,373
263,353,373
264,353,373
265,353,373
266,353,372
267,352,372
268,352,372
269,352,372
270,352,372
271,351,372
272,351,371
273,351,371
274,350,371
275,350,371
276,350,371
277,350,371
278,349,370
279,349,370
280,349,370
281,348,370
282,348,370
283,348,369
284,347,369
285,347,369
286,347,369
287,347,369
288,346,369
289,346,368
290,346,368
291,346,368
292,346,368
293,346,368
294,346,367
295,346,367
296,346,367
297,346,367
298,346,367
299,345,366
300,345,366
301,345,366
302,346,366
303,346,366
304,346,365
305,346,365
306,347,365
307,347,365
308,347,365
309,347,364
310,348,364
311,348,364
312,348,364
313,349,363
314,349,363
315,349,363
316,350,363
317,350,362
318,351,362
319,352,361
320,353,361
321,354,360
322,355,359
0,0
0,119
323,239,241
324,236,245
325,235,248
326,234,250
327,234,252
328,234,253
329,234,255
330,234,256
331,234,257
332,235,259
333,235,260
334,236,261
335,236,262
336,237,263
337,237,264
338,238,264
339,238,265
340,238,266
341,239,266
342,239,267
343,239,267
344,239,267
345,239,267
346,240,267
347,240,267
348,240,267
349,240,267
350,240,267
351,240,266
352,240,266
353,240,266
354,240,266
355,240,266
356,240,266
357,240,266
358,240,266
359,240,266
360,240,266
361,240,266
362,240,265
363,240,265
364,240,265
365,240,265
366,240,265
367,240,265
368,240,265
369,240,265
370,240,265
371,240,265
372,240,265
373,240,265
374,240,265
375,240,265
376,240,264
377,240,264
378,240,264
379,240,264
380,240,264
381,240,264
382,240,264
383,240,264
384,240,264
385,240,264
386,240,264
387,240,264
388,240,264
389,240,264
390,241,264
391,241,263
392,241,263
393,241,263
394,241,263
395,241,263
396,241,263
397,241,263
398,241,263
399,241,263
400,241,263
401,241,263
402,241,263
403,241,263
404,241,263
405,241,263
406,241,262
407,241,262
408,241,262
409,241,262
410,241,262
411,241,262
412,241,262
413,241,262
414,241,262
415,241,262
416,241,262
417,241,262
418,241,262
419,241,262
420,241,262
421,241,261
422,241,261
423,241,261
424,241,261
425,241,261
426,241,261
427,241,261
428,241,261
429,241,261
430,241,261
431,241,261
432,241,261
433,241,261
434,241,261
435,241,260
436,241,260
437,241,260
438,241,260
439,241,260
440,241,260
441,255,260
0,0
0,43
389,168,168
390,164,170
391,163,174
392,163,178
393,163,181
394,163,184
395,163,187
396,163,189
397,163,191
398,163,194
399,164,196
400,164,197
401,165,199
402,166,200
403,167,201
404,167,202
405,168,202
406,169,203
407,170,203
408,171,204
409,173,204
410,174,204
411,174,204
412,175,204
413,176,205
414,177,205
415,178,205
416,179,205
417,180,205
418,180,205
419,181,205
420,182,205
421,183,205
422,184,205
423,184,205
424,185,204
425,186,204
426,187,204
427,188,203
428,190,202
429,191,201
430,194,198
431,196,196
0,0
0,49
371,319,324
372,318,328
373,317,329
374,317,331
375,316,332
376,316,333
377,316,334
378,316,335
379,316,336
380,316,337
381,315,338
382,315,339
383,315,339
384,314,340
385,314,341
386,313,341
387,313,342
388,312,343
389,311,343
390,310,344
391,309,344
392,309,345
393,308,345
394,307,345
395,306,345
396,305,345
397,304,345
398,304,344
399,303,343
400,302,340
401,301,337
402,300,334
403,299,331
404,298,328
405,297,326
406,296,323
407,295,321
408,294,318
409,293,316
410,292,313
411,291,311
412,290,309
413,289,306
414,289,304
415,288,302
416,288,299
417,289,297
418,290,295
419,292,292
0,0
1,321
122,445,448
123,444,450
124,444,451
125,444,452
126,444,453
127,443,454
128,443,455
129,443,456
130,443,457
131,443,457
132,443,458
133,443,459
134,443,459
135,443,460
136,443,460
137,443,461
138,443,461
139,443,462
140,442,462
141,442,462
142,442,463
143,442,463
144,442,463
145,442,463
146,442,464
147,442,464
148,442,464
149,442,464
150,442,464
151,442,464
152,442,465
153,442,464
154,441,464
155,441,464
156,441,464
157,441,464
158,441,464
159,441,463
160,441,463
161,441,463
162,441,463
163,441,463
164,441,462
165,441,462
166,441,462
167,441,462
168,440,462
169,440,461
170,440,461
171,440,461
172,440,461
173,440,461
174,440,460
175,440,460
176,440,460
177,440,460
178,440,460
179,440,460
180,440,459
181,440,459
182,439,459
183,439,459
184,439,459
185,439,459
186,439,459
187,439,458
188,439,458
189,439,458
190,439,458
191,439,458
192,439,458
193,439,458
194,439,457
195,438,457
196,438,457
197,438,457
198,438,457
199,438,457
200,438,457
201,438,457
202,438,456
203,438,456
204,438,456
205,438,456
206,438,456
207,437,456
208,437,456
209,437,456
210,437,455
211,437,455
212,437,455
213,437,455
214,437,455
215,437,455
216,437,455
217,437,455
218,437,455
219,437,455
220,437,454
221,436,454
222,436,454
223,436,454
224,436,454
225,436,454
226,436,454
227,436,454
228,436,454
229,436,454
230,436,454
231,436,454
232,435,453
233,435,453
234,435,453
235,435,453
236,435,453
237,435,453
238,435,453
239,435,453
240,435,453
241,435,453
242,435,453
243,434,453
244,434,453
245,434,453
246,434,453
247,434,452
248,434,452
249,434,452
250,434,452
251,434,452
252,434,452
253,434,452
254,434,452
255,433,452
256,433,452
257,433,452
258,433,452
259,433,452
260,433,452
261,433,452
262,433,452
263,433,452
264,433,452
265,433,452
266,432,452
267,432,452
268,432,452
269,432,452
270,432,452
271,432,452
272,432,452
273,432,452
274,432,452
275,432,452
276,432,452
277,431,452
278,431,452
279,431,452
280,431,452
281,431,452
282,431,452
283,431,452
284,431,452
285,431,452
286,431,452
287,430,452
288,430,452
289,430,452
290,430,452
291,430,452
292,430,452
293,430,452
294,430,452
295,430,452
296,429,452
297,429,452
298,429,452
299,429,452
300,429,452
301,429,452
302,429,452
303,429,452
304,429,452
305,428,452
306,428,452
307,428,452
308,428,452
309,428,452
310,428,452
311,428,452
312,428,452
313,428,452
314,427,452
315,427,452
316,427,452
317,427,452
318,427,452
319,442,452
319,427,453
320,442,452
320,427,453
321,442,452
321,426,453
322,442,452
322,426,453
323,442,452
323,426,453
324,442,452
324,426,453
325,442,452
325,426,453
326,442,452
326,426,453
327,442,452
327,426,453
328,442,452
328,426,453
329,442,452
329,425,453
330,442,452
330,425,453
331,442,452
331,425,453
332,442,452
332,425,453
333,442,452
333,425,453
334,442,452
334,425,453
335,442,452
335,425,453
336,442,452
336,424,454
337,442,452
337,424,454
338,442,452
338,424,454
339,442,452
339,424,454
340,442,452
340,424,454
341,442,452
341,424,454
342,442,452
342,424,454
343,442,452
343,423,454
344,442,452
344,423,454
345,442,452
345,423,454
346,442,452
346,423,454
347,442,452
347,423,454
348,442,452
348,422,454
349,442,452
349,423,454
350,442,452
350,423,454
351,442,452
351,423,455
352,442,452
352,423,455
353,442,452
353,423,455
354,442,452
354,423,455
355,442,452
355,423,455
356,442,452
356,424,455
357,442,452
357,424,455
358,442,452
358,424,455
359,442,452
359,424,455
360,442,452
360,424,455
361,442,452
361,425,455
362,442,452
362,425,455
363,442,452
363,425,455
364,442,452
364,426,455
365,442,452
365,426,456
366,442,452
366,427,456
367,442,452
367,427,456
368,428,456
369,428,456
370,429,456
371,429,456
372,430,456
373,431,456
374,431,456
375,432,456
376,433,456
377,433,456
378,434,456
379,435,457
380,435,456
381,436,456
382,437,456
383,438,456
384,439,456
385,440,456
386,440,456
387,442,456
388,442,455
389,444,455
390,445,454
391,446,453
392,448,452
392,452,452
0,0
