0,222
40,151,151
41,148,157
42,146,160
43,145,162
44,145,164
45,145,166
46,145,168
47,145,169
48,145,171
49,145,172
50,146,173
51,146,175
52,146,176
53,147,177
54,147,178
55,147,179
56,147,180
57,148,181
58,148,183
59,148,183
60,148,184
61,148,185
62,148,186
63,148,187
64,148,187
65,148,188
66,148,188
67,148,189
68,148,189
69,148,189
70,148,189
71,148,189
72,148,189
73,147,189
74,147,188
75,147,188
76,147,187
77,146,187
78,146,186
79,146,185
80,146,184
81,145,183
82,145,182
83,145,181
84,144,180
85,144,179
86,144,179
87,143,178
88,143,177
89,143,176
90,142,175
91,142,175
92,141,174
93,141,173
94,141,172
95,140,172
96,140,171
97,139,170
98,139,170
99,138,169
100,138,168
101,137,167
102,137,167
103,136,166
104,136,165
105,135,165
106,135,164
107,134,163
108,134,163
109,133,162
110,133,161
111,132,161
112,132,160
113,131,159
114,130,159
115,130,158
116,129,158
117,129,157
118,128,156
119,128,156
120,127,155
121,127,154
122,126,154
123,125,153
124,125,153
125,124,152
126,124,151
127,123,151
128,123,150
129,122,149
130,121,149
131,120,148
132,120,148
133,119,147
134,119,146
135,118,146
136,118,145
137,117,144
138,116,144
139,116,143
140,115,142
141,114,142
142,114,141
143,113,140
144,112,140
145,112,139
146,111,138
147,110,138
148,110,137
149,109,136
150,108,136
151,108,135
152,107,134
153,106,134
154,106,133
155,105,132
156,104,131
157,104,131
158,103,130
159,102,129
160,102,129
161,101,128
162,100,127
163,100,127
164,99,126
165,98,125
166,97,124
167,97,124
168,96,123
169,95,122
170,95,121
171,94,121
172,93,120
173,92,119
174,91,118
175,91,117
176,90,117
177,89,116
178,89,115
179,88,114
180,87,114
181,86,113
182,86,112
183,85,111
184,84,110
185,83,110
186,83,109
187,82,108
188,81,107
189,80,106
190,80,106
191,79,105
192,78,104
193,77,103
194,77,102
195,76,102
196,75,101
197,74,100
198,73,99
199,73,98
200,72,97
201,71,96
202,70,96
203,70,95
204,69,94
205,68,93
206,67,92
207,66,91
208,66,90
209,65,89
210,64,88
211,63,87
212,62,87
213,61,86
214,61,85
215,60,84
216,59,83
217,58,82
218,57,81
219,57,80
220,56,79
221,55,78
222,54,77
223,53,76
224,52,75
225,52,75
226,51,74
227,50,73
228,49,72
229,48,71
230,47,70
231,46,69
232,46,68
233,45,66
234,44,65
235,43,64
236,42,63
237,41,62
238,40,61
239,40,60
240,39,59
241,38,58
242,37,57
243,36,56
244,35,55
245,35,54
246,34,52
247,33,51
248,32,50
249,31,49
250,30,48
251,29,46
252,28,45
253,27,44
254,27,42
255,26,41
256,25,40
257,25,38
258,25,37
259,24,35
260,24,33
261,25,30
0,0
1,103
137,126,128
138,125,129
139,124,129
140,124,130
141,123,130
142,123,131
143,122,131
144,122,132
145,122,132
146,121,132
147,121,133
148,121,133
149,121,133
150,121,134
151,120,134
152,120,134
153,120,134
154,120,135
155,120,135
156,120,135
157,119,135
158,119,135
159,119,135
160,119,136
161,118,136
162,118,136
163,118,136
164,118,136
165,118,136
166,117,137
167,117,136
168,117,136
169,116,136
170,116,136
171,116,136
172,115,136
173,115,136
174,115,136
175,114,136
176,114,135
177,114,135
178,114,135
179,113,135
180,113,135
181,112,134
182,112,134
183,112,134
184,111,134
185,111,133
186,111,133
187,110,133
188,110,132
189,109,132
190,109,132
191,109,131
192,108,131
193,108,131
194,107,130
195,107,130
196,106,130
197,106,130
198,106,129
199,105,129
200,105,129
201,104,128
202,104,128
203,104,128
204,104,127
205,103,127
206,103,127
207,103,127
208,103,126
209,103,126
210,103,126
211,103,125
212,102,125
213,102,125
214,102,124
215,102,124
216,102,124
217,102,124
218,102,123
219,102,123
220,103,123
221,103,122
222,103,122
223,103,122
224,103,121
225,103,121
226,103,121
227,104,121
228,104,120
229,104,120
230,104,120
231,105,119
232,105,119
233,105,119
234,106,118
235,106,118
236,107,117
237,107,117
238,108,116
239,109,115
0,0
1,117
102,203,205
103,202,206
104,201,206
105,201,207
106,200,207
107,200,207
108,199,208
109,199,208
110,199,209
111,199,209
112,198,209
113,198,210
114,198,210
115,198,210
116,197,211
117,197,211
118,197,211
119,197,211
120,197,211
121,196,212
122,196,212
123,196,212
124,196,212
125,195,212
126,195,212
127,195,212
128,195,212
129,194,212
130,194,213
131,194,212
132,194,212
133,193,212
134,193,212
135,193,212
136,192,212
137,192,212
138,192,212
139,192,212
140,191,211
141,191,211
142,191,211
143,190,211
144,190,211
145,190,210
146,189,210
147,189,210
148,189,209
149,188,209
150,188,209
151,188,208
152,187,208
153,187,208
154,186,207
155,186,207
156,186,207
157,185,206
158,185,206
159,184,206
160,184,205
161,184,205
162,183,205
163,183,204
164,182,204
165,182,204
166,182,203
167,181,203
168,181,203
169,180,203
170,180,202
171,179,202
172,179,202
173,179,201
174,178,201
175,178,201
176,177,200
177,177,200
178,176,200
179,176,199
180,175,199
181,175,199
182,175,198
183,174,198
184,174,198
185,174,197
186,174,197
187,174,197
188,173,196
189,173,196
190,173,196
191,173,195
192,173,195
193,172,195
194,173,194
195,173,194
196,173,194
197,173,193
198,173,193
199,173,193
200,173,192
201,173,192
202,173,192
203,173,191
204,174,191
205,174,191
206,174,190
207,174,190
208,174,190
209,175,189
210,175,189
211,175,189
212,176,188
213,176,188
214,176,187
215,177,187
216,178,186
217,179,185
218,181,183
0,0
1,160
71,282,284
72,281,285
73,280,286
74,280,286
75,279,287
76,279,287
77,279,288
78,278,288
79,278,288
80,278,289
81,278,289
82,277,289
83,277,290
84,277,290
85,277,290
86,277,291
87,276,291
88,276,291
89,276,291
90,276,292
91,276,292
92,275,292
93,275,292
94,275,292
95,275,292
96,275,293
97,274,293
98,274,293
99,274,293
100,274,293
101,273,293
102,273,293
103,273,293
104,273,293
105,272,293
106,272,293
107,272,293
108,272,292
109,272,292
110,271,292
111,271,292
112,271,292
113,270,292
114,270,291
115,270,291
116,270,291
117,269,291
118,269,291
119,269,290
120,269,290
121,268,290
122,268,289
123,268,289
124,268,289
125,267,288
126,267,288
127,267,288
128,266,287
129,266,287
130,266,287
131,265,287
132,265,286
133,265,286
134,264,286
135,264,285
136,264,285
137,264,285
138,263,284
139,263,284
140,263,284
141,262,284
142,262,283
143,261,283
144,261,283
145,261,282
146,260,282
147,260,282
148,260,281
149,259,281
150,259,281
151,259,281
152,258,280
153,258,280
154,258,280
155,257,279
156,257,279
157,256,279
158,256,278
159,256,278
160,255,278
161,255,278
162,254,277
163,254,277
164,254,277
165,253,276
166,253,276
167,253,276
168,252,275
169,252,275
170,251,275
171,251,275
172,251,274
173,250,274
174,250,274
175,249,273
176,249,273
177,248,273
178,248,272
179,247,272
180,247,272
181,247,272
182,246,271
183,246,271
184,245,271
185,245,270
186,244,270
187,244,270
188,244,269
189,243,269
190,243,269
191,243,268
192,242,268
193,242,268
194,242,268
195,242,267
196,241,267
197,241,267
198,241,266
199,241,266
200,241,266
201,241,265
202,241,265
203,241,265
204,240,264
205,241,264
206,241,264
207,241,263
208,241,263
209,241,263
210,241,262
211,241,262
212,241,262
213,241,261
214,241,261
215,242,261
216,242,260
217,242,260
218,242,260
219,242,259
220,243,259
221,243,258
222,243,258
223,244,258
224,244,257
225,245,257
226,245,256
227,246,256
228,247,255
229,248,254
230,251,251
0,0
0,226
200,134,134
201,130,140
202,129,143
203,128,145
204,128,147
205,128,149
206,128,151
207,128,152
208,128,154
209,128,155
210,129,156
211,129,158
212,129,159
213,130,160
214,130,161
215,131,162
216,131,163
217,131,164
218,132,165
219,132,166
220,133,166
221,133,167
222,134,167
223,134,168
224,135,168
225,135,168
226,135,168
227,136,168
228,136,168
229,137,168
230,137,168
231,137,168
232,138,167
233,138,167
234,138,167
235,138,167
236,139,167
237,139,167
238,139,167
239,139,167
240,139,166
241,140,166
242,140,166
243,140,166
244,140,166
245,140,166
246,140,166
247,141,166
248,141,166
249,141,166
250,141,166
251,141,166
252,141,166
253,141,166
254,141,166
255,141,166
256,141,166
257,142,166
258,142,166
259,142,166
260,142,166
261,142,166
262,142,166
263,142,166
264,142,166
265,142,166
266,142,166
267,142,166
268,142,166
269,142,166
270,142,166
271,142,166
272,142,166
273,142,166
274,142,166
275,142,166
276,142,166
277,143,166
278,143,166
279,143,166
280,143,166
281,143,166
282,143,166
283,143,166
284,143,166
285,143,166
286,143,166
287,143,166
288,143,166
289,142,166
290,142,166
291,142,166
292,142,166
293,142,166
294,142,165
295,142,165
296,142,165
297,142,165
298,142,165
299,142,165
300,142,165
301,142,165
302,142,165
303,142,165
304,142,165
305,142,165
306,142,165
307,142,165
308,142,165
309,142,165
310,142,165
311,141,165
312,141,165
313,141,164
314,141,164
315,141,164
316,141,164
317,141,164
318,141,164
319,141,164
320,141,164
321,141,164
322,141,164
323,141,164
324,140,164
325,140,164
326,140,164
327,140,163
328,140,163
329,140,163
330,140,163
331,140,163
332,140,163
333,140,163
334,139,163
335,139,163
336,139,163
337,139,163
338,139,163
339,139,162
340,139,162
341,139,162
342,139,162
343,139,162
344,138,162
345,138,162
346,138,162
347,138,162
348,138,162
349,137,162
350,137,161
351,137,161
352,137,161
353,137,161
354,136,161
355,136,161
356,136,161
357,135,161
358,135,162
358,135,162
358,166,167
359,135,164
359,164,166
359,135,166
360,134,166
361,134,165
362,133,165
363,133,164
364,133,164
365,132,163
366,132,163
367,131,162
368,130,162
369,130,162
370,129,161
371,129,161
372,128,160
373,127,160
374,127,159
375,126,159
376,125,158
377,124,158
378,124,157
379,123,157
380,122,157
381,122,156
382,121,156
383,120,155
384,120,155
385,119,154
386,119,154
387,118,153
388,118,153
389,118,152
390,117,152
391,117,152
392,117,151
393,117,151
394,116,150
395,116,150
396,116,149
397,116,149
398,116,148
399,116,148
400,117,147
401,117,147
402,117,146
403,117,146
404,118,146
405,118,145
406,119,145
407,119,144
408,119,144
409,120,143
410,120,143
411,121,142
412,121,142
413,122,141
414,123,141
415,123,141
416,124,140
417,125,139
418,126,138
419,127,137
420,129,136
421,131,134
0,88
416,140,140
415,141,141
414,141,141
413,142,142
412,142,143
411,142,144
410,143,144
409,143,145
408,144,146
407,144,147
406,145,148
405,145,149
404,146,150
403,146,151
402,147,152
401,147,153
400,147,154
399,148,155
398,148,156
397,149,157
396,149,158
395,150,159
394,150,160
393,151,161
392,151,162
391,152,163
390,152,164
389,152,165
388,153,166
387,153,167
386,154,169
385,154,170
384,155,171
383,155,172
382,156,173
381,156,174
380,157,175
379,157,176
378,158,177
377,158,178
376,158,180
375,159,181
374,159,182
373,160,183
372,160,184
371,161,185
370,161,187
369,162,188
368,162,189
367,163,190
366,163,191
365,163,192
364,164,194
363,164,195
362,165,196
361,165,197
360,166,198
359,166,199
358,167,201
357,168,202
356,170,203
355,172,204
354,174,205
353,175,207
352,177,208
351,179,209
350,181,210
349,183,211
348,185,213
347,187,214
346,189,215
345,191,216
344,192,217
343,194,219
342,196,220
341,198,221
340,200,223
339,202,224
338,204,225
337,206,226
336,208,227
335,210,227
334,211,228
333,213,229
332,215,229
331,217,229
330,220,229
329,223,228
0,0
0,314
60,273,273
61,264,278
62,262,282
63,261,285
64,260,288
65,260,291
66,259,293
67,259,295
68,259,297
69,259,298
70,260,300
71,260,301
72,261,303
73,262,304
74,263,306
75,264,307
76,264,308
77,265,309
78,266,310
79,267,311
80,267,312
81,268,313
82,268,313
83,269,314
84,269,314
85,270,315
86,270,315
87,271,316
88,271,316
89,271,316
90,272,316
91,272,316
92,272,316
93,272,316
94,272,316
95,272,316
96,272,315
97,273,315
98,273,314
99,273,314
100,273,313
101,273,313
102,273,313
103,273,312
104,273,312
105,273,312
106,273,312
107,273,311
108,273,311
109,273,311
110,273,311
111,273,310
112,273,310
113,273,310
114,273,310
115,273,310
116,273,309
117,273,309
118,273,309
119,273,309
120,273,308
121,273,308
122,273,308
123,273,308
124,273,308
125,273,307
126,273,307
127,273,307
128,273,307
129,273,307
130,273,307
131,273,306
132,273,306
133,273,306
134,273,306
135,273,306
136,273,306
137,273,305
138,273,305
139,273,305
140,273,305
141,273,305
142,273,305
143,273,304
144,273,304
145,273,304
146,273,304
147,273,304
148,273,304
149,273,304
150,273,303
151,273,303
152,273,303
153,273,303
154,272,303
155,272,303
156,272,303
157,272,303
158,272,303
159,272,302
160,272,302
161,272,302
162,272,302
163,272,302
164,272,302
165,272,302
166,272,302
167,272,302
168,272,302
169,272,301
170,272,301
171,272,301
172,272,301
173,272,301
174,272,301
175,272,301
176,272,301
177,272,301
178,272,301
179,272,301
180,272,301
181,272,300
182,272,300
183,272,300
184,272,300
185,272,300
186,272,300
187,272,300
188,272,300
189,271,300
190,271,300
191,271,300
192,271,300
193,271,300
194,271,299
195,271,299
196,271,299
197,271,299
198,271,299
199,271,299
200,271,299
201,271,299
202,271,299
203,271,299
204,271,299
205,271,299
206,271,299
207,271,299
208,271,299
209,271,298
210,271,298
211,271,298
212,271,298
213,271,298
214,271,298
215,271,298
216,271,298
217,271,298
218,271,298
219,271,298
220,271,298
221,271,298
222,271,298
223,271,298
224,271,298
225,271,298
226,271,298
227,271,298
228,270,298
229,270,298
230,270,297
231,270,297
232,270,297
233,270,297
234,270,297
235,270,297
236,270,297
237,270,297
238,270,297
239,270,297
240,270,297
241,270,297
242,270,297
243,270,297
244,270,297
245,270,297
246,270,297
247,270,297
248,270,297
249,270,297
250,270,297
251,270,296
252,270,296
253,270,296
254,270,296
255,270,296
256,270,296
257,270,296
258,270,296
259,270,296
260,270,296
261,270,296
262,270,296
263,270,296
264,270,296
265,270,296
266,270,296
267,270,296
268,270,296
269,270,296
270,270,296
271,270,296
272,270,296
273,270,296
274,270,296
275,270,296
276,270,296
277,270,296
278,270,296
279,270,296
280,270,296
281,270,296
282,270,296
283,270,296
284,270,296
285,270,296
286,271,296
287,271,296
288,271,296
289,271,296
290,271,296
291,271,296
292,271,296
293,271,296
294,271,296
295,271,296
296,271,296
297,271,296
298,271,296
299,271,296
300,271,296
301,271,296
302,271,296
303,271,296
304,271,296
305,271,296
306,271,296
307,271,296
308,271,296
309,271,296
310,272,296
311,272,296
312,272,296
313,272,296
314,272,296
315,272,296
316,272,296
317,272,296
318,272,296
319,272,297
320,272,297
321,272,297
322,272,297
323,272,297
324,272,297
325,272,297
326,273,297
327,273,297
328,273,297
329,273,297
330,273,297
331,273,297
332,273,298
333,273,298
334,273,298
335,273,298
336,273,298
337,273,298
338,273,298
339,274,298
340,274,298
341,274,298
342,274,298
343,274,299
344,274,299
345,274,299
346,274,299
347,274,299
348,274,299
349,274,299
350,275,299
351,275,299
352,275,300
353,275,300
354,275,300
355,275,300
356,275,300
357,275,300
358,275,300
359,276,300
360,276,300
361,276,301
362,276,301
363,276,301
364,276,301
365,276,301
366,277,302
367,277,302
368,277,300
369,277,296
370,277,292
371,277,288
372,278,284
373,278,280
1,241
278,374,376
279,374,380
280,373,383
281,373,386
282,373,388
283,373,391
284,372,393
285,372,394
286,372,396
287,372,397
288,371,399
289,371,400
290,371,401
291,371,402
292,370,403
293,370,404
294,370,405
295,370,406
296,369,407
297,369,407
298,369,408
299,369,409
300,368,410
301,368,410
302,368,411
303,371,412
304,374,412
305,377,413
306,379,413
307,381,414
308,382,414
309,384,415
310,385,415
311,386,416
312,387,416
313,388,417
314,389,417
315,389,418
316,390,418
317,391,418
318,391,419
319,392,419
320,392,419
321,393,420
322,393,420
323,394,420
324,394,420
325,395,421
326,395,421
327,395,421
328,396,421
329,396,422
330,396,422
331,396,422
332,397,422
333,397,423
334,397,423
335,397,423
336,397,423
337,397,423
338,398,423
339,398,424
340,398,424
341,398,424
342,398,424
343,398,424
344,398,424
345,398,424
346,398,424
347,399,425
348,399,425
349,399,425
350,399,425
351,399,425
352,399,425
353,399,425
354,399,425
355,399,425
356,399,426
357,399,426
358,399,426
359,399,426
360,399,409
360,399,426
361,399,409
361,399,426
362,399,409
362,399,426
363,399,409
363,399,426
364,399,409
364,399,426
365,399,409
365,399,426
366,399,409
366,399,426
367,399,409
367,399,426
368,399,409
368,399,426
369,399,409
369,399,427
370,399,409
370,399,427
371,399,409
371,399,427
372,399,409
372,399,427
373,399,409
373,399,427
374,399,409
374,399,427
375,399,409
375,399,427
376,399,409
376,399,427
377,399,409
377,399,427
378,399,409
378,399,427
379,399,409
379,399,427
380,399,409
380,399,427
381,399,409
381,399,427
382,399,409
382,398,427
383,399,409
383,398,427
384,399,409
384,398,427
385,399,409
385,398,427
386,399,409
386,398,427
387,399,409
387,398,427
388,399,409
388,398,428
389,399,409
389,398,427
390,399,409
390,397,427
391,399,409
391,397,427
392,399,409
392,397,427
393,399,409
393,397,427
394,399,409
394,397,427
395,399,409
395,396,427
396,399,409
396,396,427
397,399,409
397,396,427
398,399,409
398,396,427
399,399,409
399,395,427
400,399,409
400,395,427
401,399,409
401,395,427
402,399,409
402,395,427
403,399,409
403,394,427
404,399,409
404,394,426
405,399,409
405,394,426
406,399,409
406,393,426
407,399,409
407,393,426
408,399,409
408,392,426
409,399,409
409,392,426
410,399,409
410,391,426
411,399,409
411,391,426
412,399,409
412,390,426
413,399,409
413,390,426
414,399,409
414,389,426
415,388,425
416,387,425
417,386,425
418,386,425
419,386,425
420,387,425
421,387,424
422,388,424
423,388,424
424,389,424
425,389,424
426,390,423
427,390,423
428,391,423
429,391,423
430,392,422
431,392,422
432,393,422
433,393,421
434,394,421
435,394,421
436,395,420
437,395,420
438,396,420
439,396,419
440,397,419
441,397,418
442,398,418
443,398,418
444,399,417
445,399,417
446,400,417
447,400,416
448,401,416
449,401,415
450,402,415
451,402,415
452,403,414
453,403,414
454,404,413
455,404,413
456,405,412
457,405,412
458,406,411
459,406,411
460,407,410
461,407,409
462,408,409
463,408,408
0,106
408,463,464
407,461,465
406,459,465
405,457,466
404,455,466
403,453,467
402,451,467
401,449,468
400,447,468
399,445,468
398,443,468
397,441,468
396,439,468
395,437,468
394,435,468
393,433,468
392,431,468
391,429,468
390,427,467
389,424,467
388,422,467
387,420,467
386,418,467
385,418,466
384,418,466
383,419,466
382,420,465
381,420,465
380,420,465
379,421,464
378,421,464
377,422,463
376,422,463
375,423,463
374,423,462
373,423,462
372,424,461
371,424,461
370,424,460
369,425,460
368,425,460
367,425,459
366,425,459
365,426,459
364,426,458
363,426,458
362,427,458
361,427,457
360,427,457
359,427,457
358,427,456
357,428,456
356,428,456
355,428,456
354,428,455
353,429,455
352,429,455
351,429,455
350,429,454
349,429,454
348,430,454
347,430,454
346,430,454
345,430,453
344,430,453
343,431,453
342,431,453
341,431,453
340,431,453
339,431,452
338,432,452
337,432,452
336,432,452
335,432,452
334,433,451
333,433,451
332,433,451
331,433,451
330,433,451
329,434,451
328,434,451
327,434,451
326,434,450
325,434,450
324,435,450
323,435,450
322,435,450
321,435,450
320,436,450
319,436,450
318,436,450
317,436,449
316,437,449
315,437,449
314,437,449
313,437,449
312,438,449
311,438,449
310,438,449
309,438,448
308,438,448
307,439,447
306,439,446
305,439,446
304,440,445
303,441,443
0,0
