0,219
41,145,145
42,140,150
43,138,153
44,138,155
45,137,157
46,137,159
47,137,161
48,137,162
49,137,164
50,137,165
51,138,167
52,138,168
53,138,169
54,139,171
55,139,172
56,140,173
57,140,174
58,140,175
59,140,176
60,140,177
61,141,178
62,141,179
63,141,180
64,141,180
65,141,181
66,141,181
67,141,182
68,141,182
69,141,182
70,141,182
71,141,182
72,141,182
73,141,182
74,140,181
75,140,181
76,140,180
77,140,180
78,140,179
79,139,178
80,139,177
81,139,176
82,139,175
83,138,175
84,138,174
85,138,173
86,137,172
87,137,171
88,137,171
89,137,170
90,136,169
91,136,169
92,136,168
93,135,167
94,135,167
95,134,166
96,134,165
97,134,165
98,133,164
99,133,163
100,132,163
101,132,162
102,131,161
103,131,161
104,131,160
105,130,159
106,130,159
107,129,158
108,129,158
109,128,157
110,128,156
111,127,156
112,127,155
113,126,155
114,126,154
115,125,153
116,125,153
117,124,152
118,124,152
119,123,151
120,123,151
121,122,150
122,122,149
123,121,149
124,121,148
125,120,148
126,120,147
127,119,147
128,118,146
129,118,145
130,117,145
131,117,144
132,116,144
133,116,143
134,115,143
135,114,142
136,114,141
137,113,141
138,113,140
139,112,140
140,112,139
141,111,138
142,110,138
143,110,137
144,109,137
145,109,136
146,108,135
147,107,135
148,107,134
149,106,133
150,106,133
151,105,132
152,104,132
153,104,131
154,103,130
155,103,130
156,102,129
157,101,128
158,101,127
159,100,127
160,99,126
161,99,126
162,98,125
163,98,124
164,97,124
165,96,123
166,95,122
167,95,121
168,94,121
169,94,120
170,93,119
171,92,119
172,92,118
173,91,117
174,90,117
175,90,116
176,89,115
177,88,114
178,88,114
179,87,113
180,86,112
181,86,111
182,85,111
183,84,110
184,83,109
185,83,108
186,82,108
187,81,107
188,81,106
189,80,105
190,79,105
191,79,104
192,78,103
193,77,102
194,76,102
195,76,101
196,75,100
197,74,99
198,73,98
199,73,98
200,72,97
201,71,96
202,71,95
203,70,94
204,69,94
205,69,93
206,68,92
207,67,91
208,66,90
209,66,90
210,65,89
211,64,88
212,63,87
213,63,86
214,62,85
215,61,84
216,60,84
217,60,83
218,59,82
219,58,81
220,57,80
221,57,79
222,56,78
223,55,77
224,54,76
225,54,76
226,53,75
227,52,74
228,51,73
229,50,72
230,50,71
231,49,70
232,48,69
233,47,68
234,47,67
235,46,66
236,45,65
237,44,64
238,43,63
239,43,62
240,42,61
241,41,60
242,40,59
243,39,58
244,39,57
245,38,56
246,37,54
247,36,53
248,35,52
249,34,51
250,34,50
251,33,49
252,32,48
253,32,46
254,31,45
255,31,43
256,30,42
257,30,40
258,30,38
259,31,36
0,0
1,101
124,144,146
125,143,147
126,142,148
127,142,148
128,142,149
129,141,149
130,141,150
131,141,150
132,140,150
133,140,151
134,140,151
135,140,151
136,139,152
137,139,152
138,139,152
139,139,152
140,139,153
141,139,153
142,138,153
143,138,153
144,138,153
145,138,153
146,138,154
147,137,154
148,137,154
149,137,154
150,137,154
151,136,154
152,136,154
153,136,154
154,136,155
155,135,154
156,135,154
157,135,154
158,135,154
159,134,154
160,134,154
161,134,153
162,133,153
163,133,153
164,133,153
165,132,153
166,132,152
167,132,152
168,131,152
169,131,152
170,131,151
171,130,151
172,130,151
173,129,150
174,129,150
175,129,150
176,128,149
177,128,149
178,127,149
179,127,149
180,127,148
181,126,148
182,126,148
183,125,147
184,125,147
185,124,147
186,124,147
187,124,146
188,124,146
189,123,146
190,123,145
191,123,145
192,122,145
193,122,144
194,122,144
195,122,144
196,122,144
197,122,143
198,122,143
199,121,143
200,122,142
201,122,142
202,122,142
203,122,142
204,122,141
205,122,141
206,122,141
207,122,140
208,122,140
209,122,140
210,123,140
211,123,139
212,123,139
213,123,139
214,123,138
215,124,138
216,124,138
217,124,137
218,125,137
219,125,137
220,126,136
221,126,136
222,127,135
223,128,134
224,131,132
0,0
1,112
97,211,213
98,210,214
99,210,215
100,209,215
101,209,216
102,208,216
103,208,216
104,208,217
105,208,217
106,207,218
107,207,218
108,207,218
109,207,219
110,207,219
111,206,219
112,206,219
113,206,219
114,206,220
115,205,220
116,205,220
117,205,220
118,205,220
119,205,220
120,204,221
121,204,221
122,204,221
123,204,221
124,204,221
125,203,221
126,203,221
127,203,221
128,202,220
129,202,220
130,202,220
131,202,220
132,201,220
133,201,220
134,201,220
135,200,219
136,200,219
137,200,219
138,200,219
139,199,218
140,199,218
141,199,218
142,198,217
143,198,217
144,198,217
145,197,217
146,197,216
147,197,216
148,196,216
149,196,215
150,196,215
151,195,215
152,195,214
153,194,214
154,194,214
155,194,214
156,193,213
157,193,213
158,192,213
159,192,212
160,192,212
161,191,212
162,191,211
163,190,211
164,190,211
165,190,211
166,189,210
167,189,210
168,188,210
169,188,209
170,187,209
171,187,209
172,187,208
173,186,208
174,186,208
175,186,208
176,185,207
177,185,207
178,185,207
179,185,206
180,185,206
181,185,206
182,184,205
183,184,205
184,184,205
185,184,205
186,184,204
187,184,204
188,184,204
189,184,203
190,184,203
191,185,203
192,185,202
193,185,202
194,185,202
195,185,201
196,185,201
197,185,201
198,186,200
199,186,200
200,186,200
201,187,199
202,187,199
203,187,199
204,188,198
205,188,198
206,189,197
207,190,196
208,192,194
0,0
1,141
71,279,280
72,278,281
73,278,282
74,277,283
75,277,283
76,276,284
77,276,284
78,276,285
79,275,285
80,275,286
81,275,286
82,275,286
83,275,287
84,274,287
85,274,287
86,274,287
87,274,288
88,274,288
89,274,288
90,273,288
91,273,289
92,273,289
93,273,289
94,273,289
95,272,289
96,272,289
97,272,289
98,272,289
99,272,290
100,271,290
101,271,290
102,271,290
103,271,290
104,271,290
105,270,290
106,270,289
107,270,289
108,270,289
109,269,289
110,269,289
111,269,289
112,269,289
113,268,288
114,268,288
115,268,288
116,268,288
117,268,288
118,267,287
119,267,287
120,267,287
121,266,286
122,266,286
123,266,286
124,266,285
125,265,285
126,265,285
127,265,285
128,265,284
129,264,284
130,264,284
131,264,284
132,263,283
133,263,283
134,263,283
135,262,283
136,262,282
137,262,282
138,261,282
139,261,281
140,261,281
141,260,281
142,260,281
143,260,280
144,259,280
145,259,280
146,259,280
147,258,279
148,258,279
149,258,279
150,257,278
151,257,278
152,257,278
153,256,278
154,256,277
155,255,277
156,255,277
157,255,277
158,254,276
159,254,276
160,254,276
161,253,275
162,253,275
163,252,275
164,252,275
165,252,274
166,251,274
167,251,274
168,250,274
169,250,273
170,249,273
171,249,273
172,249,272
173,248,272
174,248,272
175,248,272
176,248,271
177,247,271
178,247,271
179,247,271
180,247,270
181,246,270
182,246,270
183,246,269
184,246,269
185,246,269
186,246,268
187,246,268
188,246,268
189,246,268
190,246,267
191,246,267
192,246,267
193,246,266
194,247,266
195,247,266
196,247,266
197,247,265
198,247,265
199,247,265
200,248,264
201,248,264
202,248,264
203,249,263
204,249,263
205,249,263
206,250,262
207,250,262
208,251,261
209,251,261
210,252,260
211,254,259
0,0
0,211
208,127,127
209,124,133
210,122,135
211,122,138
212,121,140
213,121,141
214,121,143
215,122,144
216,122,146
217,122,147
218,122,149
219,122,150
220,123,151
221,123,152
222,124,153
223,124,154
224,125,155
225,125,156
226,125,157
227,126,158
228,126,158
229,127,159
230,127,159
231,128,159
232,128,160
233,128,160
234,129,160
235,129,159
236,129,159
237,130,159
238,130,159
239,130,159
240,130,158
241,131,158
242,131,158
243,131,158
244,131,158
245,132,158
246,132,158
247,132,158
248,132,158
249,132,157
250,132,157
251,133,157
252,133,157
253,133,157
254,133,157
255,133,157
256,133,157
257,133,157
258,133,157
259,133,157
260,133,157
261,134,157
262,134,157
263,134,157
264,134,157
265,134,157
266,134,157
267,134,157
268,134,157
269,134,157
270,134,157
271,134,157
272,134,157
273,134,157
274,134,157
275,134,157
276,134,157
277,134,157
278,134,157
279,134,157
280,134,157
281,134,157
282,134,157
283,134,157
284,134,157
285,134,156
286,134,156
287,134,156
288,134,156
289,134,156
290,134,156
291,134,156
292,134,156
293,134,156
294,134,156
295,134,156
296,134,156
297,134,156
298,134,156
299,134,156
300,134,156
301,133,156
302,133,155
303,133,155
304,133,155
305,133,155
306,133,155
307,133,155
308,133,155
309,133,155
310,133,155
311,133,155
312,133,155
313,133,155
314,132,155
315,132,154
316,132,154
317,132,154
318,132,154
319,132,154
320,132,154
321,132,154
322,132,154
323,131,154
324,131,154
325,131,154
326,131,154
327,131,153
328,131,153
329,131,153
330,131,153
331,131,153
332,130,153
333,130,153
334,130,153
335,130,153
336,130,153
337,130,152
338,130,152
339,130,152
340,130,152
341,130,152
342,129,152
343,129,152
344,129,152
345,129,152
346,129,151
347,128,151
348,128,151
349,128,151
350,128,151
351,127,151
352,127,151
352,127,151
352,154,154
353,127,152
353,152,154
353,127,154
354,126,153
355,126,153
356,126,153
357,125,152
358,125,152
359,125,151
360,124,151
361,124,151
362,123,150
363,123,150
364,122,150
365,121,149
366,121,149
367,120,148
368,120,148
369,119,148
370,118,147
371,117,147
372,117,147
373,116,146
374,115,146
375,115,145
376,114,145
377,113,145
378,113,144
379,112,144
380,112,144
381,111,143
382,111,143
383,111,142
384,110,142
385,110,142
386,110,141
387,110,141
388,110,140
389,110,140
390,109,140
391,109,139
392,110,139
393,110,139
394,110,138
395,110,138
396,110,137
397,111,137
398,111,137
399,112,136
400,112,136
401,112,136
402,113,135
403,113,135
404,114,134
405,115,134
406,115,134
407,116,133
408,117,133
409,117,133
410,118,132
411,119,131
412,121,130
413,122,128
414,126,126
0,85
409,133,133
408,133,133
407,133,133
406,134,134
405,134,135
404,135,135
403,135,136
402,135,137
401,136,137
400,136,138
399,136,139
398,137,140
397,137,141
396,138,142
395,138,142
394,138,143
393,139,144
392,139,145
391,139,146
390,140,147
389,140,148
388,141,148
387,141,149
386,141,150
385,142,151
384,142,152
383,142,153
382,143,154
381,143,155
380,144,156
379,144,157
378,144,158
377,145,159
376,145,160
375,146,160
374,146,161
373,146,162
372,147,163
371,147,164
370,147,165
369,148,166
368,148,167
367,149,168
366,149,169
365,149,170
364,150,171
363,150,172
362,150,173
361,151,174
360,151,175
359,152,176
358,152,177
357,152,178
356,153,179
355,153,180
354,153,181
353,154,182
352,154,183
351,155,184
350,157,185
349,159,186
348,161,187
347,162,188
346,164,189
345,165,190
344,167,191
343,169,192
342,171,193
341,172,194
340,174,195
339,176,197
338,177,198
337,179,199
336,181,200
335,183,201
334,184,202
333,186,203
332,188,204
331,189,204
330,191,205
329,192,205
328,194,206
327,196,206
326,198,206
325,202,204
0,0
1,148
244,166,166
245,164,168
246,164,169
247,164,170
248,163,171
249,163,172
250,163,172
251,163,173
252,162,173
253,162,174
254,162,174
255,162,175
256,161,175
257,161,175
258,161,176
259,161,176
260,161,176
261,161,176
262,160,176
263,160,177
264,160,177
265,160,176
266,159,176
267,159,176
268,159,176
269,159,176
270,159,176
271,158,175
272,158,175
273,158,175
274,158,175
275,157,174
276,157,174
277,157,173
278,157,173
279,156,173
280,156,172
281,156,172
282,156,172
283,155,171
284,155,171
285,155,170
286,155,170
287,155,170
288,154,169
289,154,169
290,154,169
291,154,168
292,153,168
293,153,168
294,153,167
295,153,167
296,152,167
297,152,166
298,152,166
299,152,166
300,151,165
301,151,165
302,151,165
303,151,164
304,150,164
305,150,164
306,150,164
307,150,163
308,149,163
309,149,163
310,149,162
311,149,162
312,148,162
313,148,162
314,148,161
315,148,161
316,147,161
317,147,161
318,147,160
319,147,160
320,147,160
321,146,159
322,146,159
323,146,159
324,146,159
325,145,158
326,145,158
327,145,158
328,145,158
329,144,157
330,144,157
331,144,157
332,144,157
333,144,156
334,143,156
335,143,156
336,143,156
337,143,155
338,142,155
339,142,155
340,142,155
341,142,155
342,141,154
343,141,154
344,141,154
345,141,154
346,141,153
347,140,153
348,140,153
349,140,153
350,140,152
351,139,152
352,139,152
353,139,152
354,139,152
355,139,151
356,138,151
357,138,151
358,138,151
359,138,150
360,137,150
361,137,150
362,137,150
363,137,150
364,136,149
365,136,149
366,136,149
367,136,149
368,136,149
369,135,148
370,135,148
371,135,148
372,135,148
373,134,148
374,134,147
375,134,147
376,134,147
377,134,147
378,133,147
379,133,147
380,133,147
381,133,147
382,132,147
383,132,146
384,132,144
385,132,142
386,131,140
387,131,138
388,131,136
389,131,135
390,131,133
391,130,131
0,71
129,396,396
130,391,401
131,390,405
132,390,408
133,389,411
134,389,413
135,388,415
136,388,417
137,387,419
138,387,421
139,386,423
140,386,425
141,385,426
142,385,428
143,384,430
144,384,432
145,383,433
146,383,435
147,382,436
148,383,438
149,384,439
150,385,440
151,385,441
152,386,442
153,387,443
154,387,443
155,387,443
156,387,442
157,387,441
158,387,440
159,387,439
160,386,437
161,386,436
162,386,434
163,386,432
164,386,430
165,385,428
166,385,426
167,385,424
168,385,422
169,384,420
170,384,419
171,384,417
172,383,416
173,383,414
174,383,413
175,383,411
176,382,410
177,382,409
178,382,407
179,382,406
180,381,405
181,381,404
182,381,402
183,381,401
184,380,400
185,380,399
186,380,398
187,379,397
188,379,395
189,379,394
190,379,393
191,378,392
192,378,391
193,378,390
194,378,389
195,377,388
196,378,387
197,378,386
198,378,384
199,380,382
0,0
0,298
150,233,233
151,229,237
152,227,241
153,226,244
154,225,246
155,224,248
156,224,250
157,224,252
158,224,253
159,224,255
160,225,257
161,225,258
162,226,259
163,227,260
164,227,261
165,228,262
166,229,263
167,229,264
168,230,265
169,231,265
170,231,266
171,232,266
172,232,266
173,233,267
174,233,267
175,233,267
176,233,267
177,234,266
178,234,266
179,234,265
180,234,265
181,234,265
182,234,265
183,234,265
184,234,264
185,234,264
186,234,264
187,234,264
188,234,264
189,234,264
190,234,263
191,234,263
192,234,263
193,234,263
194,234,263
195,234,263
196,234,263
197,234,263
198,234,263
199,234,262
200,234,262
201,234,262
202,234,262
203,234,262
204,234,262
205,234,262
206,234,262
207,234,262
208,234,262
209,234,262
210,234,262
211,234,262
212,234,262
213,234,261
214,234,261
215,234,261
216,234,261
217,234,261
218,234,261
219,234,261
220,234,261
221,234,261
222,234,261
223,234,261
224,234,261
225,234,261
226,234,261
227,234,261
228,234,261
229,234,260
230,234,260
231,234,260
232,234,260
233,234,260
234,234,260
235,234,260
236,234,260
237,234,260
238,234,260
239,234,260
240,234,260
241,234,260
242,234,260
243,234,260
244,233,260
245,233,259
246,233,259
247,233,259
248,233,259
249,233,259
250,233,259
251,233,259
252,233,259
253,233,259
254,233,258
255,233,258
256,233,258
257,232,258
258,232,258
259,232,258
260,232,258
261,232,258
262,232,257
263,232,257
264,232,257
265,232,257
266,232,257
267,231,257
268,231,257
269,231,256
270,231,256
271,231,256
272,231,256
273,231,256
274,231,256
275,231,255
276,230,255
277,230,255
278,230,255
279,230,255
280,230,255
281,230,254
282,230,254
283,230,254
284,229,254
285,229,254
286,229,254
287,229,253
288,229,253
289,229,253
290,228,253
291,228,253
292,228,252
293,228,252
294,228,252
295,228,252
296,228,252
297,227,251
298,227,251
299,227,251
300,227,251
301,227,251
302,226,250
303,226,250
304,226,250
305,226,250
306,226,249
307,225,249
308,225,249
309,225,249
310,225,248
311,225,248
312,224,248
313,224,248
314,224,247
315,224,247
316,223,247
317,223,247
318,223,247
319,223,246
320,223,246
321,222,246
322,222,245
323,222,245
324,222,245
325,221,245
326,221,244
327,221,244
328,220,244
329,220,244
330,220,243
331,220,243
332,219,243
333,219,242
334,219,242
335,219,242
336,218,241
337,218,241
338,218,241
339,217,240
340,217,240
341,217,240
342,217,239
343,216,239
344,216,239
345,216,238
346,215,238
347,215,238
348,215,237
349,214,237
350,214,237
351,214,236
352,213,236
353,213,236
354,213,235
355,212,235
356,212,235
357,212,234
358,211,234
359,211,233
360,210,233
361,210,233
362,210,232
363,209,232
364,209,232
365,209,231
366,208,231
367,208,230
368,207,230
369,207,230
370,207,229
371,206,229
372,206,228
373,205,228
374,205,227
375,205,227
376,204,226
377,204,226
378,203,226
379,203,225
380,203,225
381,202,224
382,202,224
383,201,223
384,201,223
385,200,222
386,200,222
387,199,221
388,199,221
389,198,220
390,198,220
391,197,219
392,197,219
393,196,218
394,196,218
395,195,217
396,195,217
397,194,216
398,194,216
399,193,215
400,193,214
401,192,214
402,192,213
403,191,213
404,191,212
405,190,211
406,190,211
407,189,210
408,188,210
409,188,209
410,187,208
411,187,207
412,186,207
413,186,206
414,185,205
415,185,205
416,184,204
417,184,203
418,183,202
419,183,201
420,182,200
421,181,199
422,181,199
423,180,198
424,180,197
425,179,196
426,179,195
427,178,194
428,178,194
429,177,193
430,176,192
431,176,191
432,175,190
433,175,189
434,174,188
435,174,187
436,173,187
437,173,186
438,172,185
439,171,184
440,171,183
441,170,182
442,170,181
443,170,180
444,170,179
445,169,178
446,170,176
447,171,173
0,0
0,220
35,305,305
36,300,310
37,297,314
38,296,318
39,295,320
40,295,323
41,294,325
42,294,327
43,294,328
44,294,330
45,294,332
46,294,334
47,295,335
48,295,337
49,296,339
50,296,340
51,297,341
52,298,342
53,298,343
54,299,344
55,299,345
56,300,345
57,300,346
58,301,346
59,301,346
60,302,346
61,302,346
62,302,345
63,303,345
64,303,345
65,303,345
66,304,344
67,304,344
68,304,344
69,305,344
70,305,343
71,305,343
72,305,343
73,306,343
74,306,343
75,306,342
76,306,342
77,307,342
78,307,342
79,307,342
80,307,341
81,307,341
82,308,341
83,308,341
84,308,341
85,308,341
86,308,341
87,308,340
88,308,340
89,309,340
90,309,340
91,309,340
92,309,340
93,309,340
94,309,340
95,309,340
96,309,340
97,310,339
98,310,339
99,310,339
100,310,339
101,310,339
102,310,339
103,310,339
104,310,339
105,310,339
106,311,339
107,311,339
108,311,339
109,311,339
110,311,339
111,311,339
112,311,338
113,311,338
114,311,338
115,311,338
116,311,338
117,311,338
118,311,338
119,311,338
120,311,338
121,311,338
122,311,338
123,311,338
124,312,338
125,312,338
126,312,338
127,312,338
128,312,338
129,312,337
130,312,337
131,312,337
132,312,337
133,312,337
134,312,337
135,312,337
136,312,337
137,312,337
138,312,337
139,312,337
140,312,337
141,312,337
142,312,337
143,312,337
144,312,337
145,312,337
146,312,336
147,312,336
148,312,336
149,312,336
150,312,336
151,312,336
152,312,336
153,312,336
154,312,336
155,312,336
156,312,336
157,312,336
158,312,336
159,312,336
160,312,336
161,312,336
162,312,336
163,312,336
164,312,335
165,312,335
166,312,335
167,312,335
168,312,335
169,312,335
170,312,335
171,312,335
172,312,335
173,312,335
174,312,335
175,312,335
176,312,335
177,312,335
178,312,335
179,312,335
180,312,335
181,312,335
182,312,335
183,312,334
184,312,334
185,312,334
186,312,334
187,312,334
188,312,334
189,312,334
190,312,334
191,312,334
192,312,334
193,312,334
194,312,334
195,312,334
196,312,334
197,312,334
198,312,334
199,312,334
200,312,333
201,312,333
202,312,333
203,312,333
204,312,333
205,312,333
206,312,333
207,312,333
208,312,333
209,312,333
210,312,333
211,311,333
212,311,333
213,311,333
214,311,333
215,311,333
216,311,333
217,311,333
218,311,333
219,311,332
220,311,332
221,311,332
222,311,332
223,311,332
224,311,332
225,311,332
226,311,332
227,311,332
228,311,332
229,311,332
230,311,332
231,311,332
232,311,332
233,311,332
234,311,332
235,311,332
236,311,332
237,311,331
238,311,331
239,311,331
240,311,331
241,311,331
242,311,331
243,310,331
244,310,331
245,310,331
246,310,331
247,310,331
248,310,331
249,310,327
250,310,324
251,310,320
252,310,317
253,310,313
254,310,310
0,0
1,103
248,258,261
249,257,262
250,257,263
251,256,263
252,256,264
253,256,265
254,255,265
255,255,266
256,255,266
257,255,267
258,255,267
259,254,267
260,254,268
261,254,268
262,254,268
263,254,268
264,254,268
265,254,268
266,254,268
267,253,268
268,253,269
269,253,268
270,253,268
271,253,268
272,253,268
273,253,268
274,253,268
275,253,268
276,252,268
277,252,267
278,252,267
279,252,267
280,252,267
281,252,266
282,252,266
283,251,266
284,251,266
285,251,265
286,251,265
287,251,265
288,251,265
289,251,265
290,250,264
291,250,264
292,250,264
293,250,264
294,250,264
295,249,263
296,249,263
297,249,263
298,249,263
299,249,263
300,248,262
301,248,262
302,248,262
303,248,262
304,248,262
305,247,261
306,247,261
307,247,261
308,247,261
309,246,261
310,246,260
311,246,260
312,246,260
313,245,260
314,245,260
315,245,260
316,245,259
317,244,259
318,244,259
319,244,259
320,243,259
321,243,258
322,243,258
323,243,258
324,242,258
325,242,258
326,242,257
327,241,257
328,241,257
329,241,257
330,240,257
331,240,256
332,240,256
333,239,256
334,239,256
335,238,256
336,238,255
337,238,255
338,237,255
339,237,255
340,237,255
341,236,254
342,236,254
343,235,254
344,235,254
345,234,254
346,234,253
347,234,248
348,233,243
349,233,238
350,232,232
0,198
229,361,361
230,355,367
231,352,371
232,350,374
233,349,377
234,349,379
235,349,381
236,349,383
237,349,385
238,348,387
239,348,389
240,348,390
241,348,392
242,348,393
243,347,394
244,347,396
245,347,397
246,347,398
247,347,399
248,346,400
249,346,400
250,346,401
251,346,401
252,346,401
253,345,401
253,345,348
253,348,401
254,345,346
254,352,401
254,352,401
255,354,401
256,354,400
257,355,400
258,355,399
259,356,398
260,356,397
261,356,396
262,356,395
263,356,394
264,356,393
265,356,393
266,356,392
267,356,391
268,356,391
269,356,390
270,356,390
271,355,389
272,355,388
273,355,388
274,355,388
275,355,387
276,355,387
277,355,387
278,354,386
279,354,386
280,354,386
281,354,385
282,354,385
283,354,385
284,353,385
285,353,384
286,353,384
287,353,384
288,352,383
289,352,383
290,352,383
291,352,383
292,351,382
293,351,382
294,351,382
295,351,381
296,351,381
297,350,381
298,350,380
299,350,380
300,349,380
301,349,379
302,349,379
303,349,379
304,348,379
305,348,378
306,348,378
307,348,378
308,347,377
309,347,377
310,347,377
311,347,376
312,346,376
313,346,375
314,346,375
315,345,375
316,345,374
317,345,374
318,344,374
319,344,373
320,344,373
321,343,372
322,343,372
323,342,372
324,342,371
325,342,371
326,341,370
327,341,370
328,340,369
329,340,369
330,339,369
331,339,368
332,338,368
333,338,367
334,337,367
335,337,366
336,336,366
337,336,365
338,335,365
339,335,364
340,334,364
341,334,363
342,333,363
343,333,362
344,332,362
345,331,361
346,331,361
347,330,360
348,329,360
349,329,359
350,328,359
351,327,358
352,327,357
353,326,357
354,325,356
355,325,356
356,324,355
357,323,354
358,322,354
359,321,353
360,321,353
361,320,352
362,319,351
363,318,350
364,317,350
365,316,349
366,315,348
367,315,348
368,314,347
369,313,346
370,312,345
371,311,345
372,310,344
373,309,343
374,307,342
375,306,341
376,305,340
377,304,339
378,303,339
379,301,338
380,300,337
381,299,336
382,297,335
383,296,334
384,294,333
385,293,332
386,291,331
387,290,330
388,288,329
389,286,328
390,284,326
391,282,325
392,281,324
393,279,323
394,277,321
395,275,320
396,273,318
397,271,317
398,268,315
399,266,314
400,264,312
401,262,311
402,260,309
403,257,307
404,255,305
405,252,303
406,249,301
407,247,298
408,244,296
409,241,293
410,239,290
411,235,288
412,232,285
413,229,281
414,227,278
415,224,274
416,221,270
417,219,265
418,218,261
419,218,255
420,219,249
421,221,242
422,223,235
0,0
1,233
240,278,280
241,277,281
242,276,282
243,276,283
244,275,283
245,275,284
246,275,284
247,275,285
248,275,286
249,275,287
250,274,287
251,274,288
252,274,289
253,274,290
254,274,291
255,274,291
256,274,292
257,274,293
258,274,294
259,275,295
260,275,296
261,276,297
262,276,298
263,277,299
264,278,300
265,279,301
266,279,302
267,280,303
268,281,304
269,282,305
270,283,306
271,284,307
272,284,308
273,285,310
274,286,311
275,287,312
276,288,313
277,289,314
278,290,315
279,291,317
280,292,318
281,293,319
282,294,320
283,295,321
284,296,322
285,297,324
286,298,325
287,299,326
288,301,327
289,302,329
290,303,330
291,304,331
292,305,333
293,306,334
294,307,335
295,308,336
296,309,338
297,310,339
298,311,340
299,312,342
300,314,343
301,315,344
302,316,345
303,317,347
304,318,348
305,319,349
306,320,351
307,321,352
308,322,353
309,323,354
310,324,356
311,325,357
312,326,358
313,327,359
314,329,361
315,330,362
316,331,363
317,332,364
318,333,365
319,334,367
320,335,368
321,336,369
322,337,371
323,338,372
324,339,373
325,339,374
326,341,375
327,341,377
328,342,378
329,343,379
330,344,380
331,345,381
332,346,383
333,347,384
334,348,385
335,349,386
336,350,387
337,351,388
338,351,390
339,352,391
340,353,392
341,354,393
342,355,394
343,356,395
344,357,397
345,358,398
346,358,399
347,359,400
348,360,401
349,361,402
350,361,403
351,362,404
352,363,406
353,364,407
354,365,408
355,365,409
356,366,410
357,367,411
358,368,412
359,368,413
360,369,414
361,370,415
362,371,416
363,371,417
364,372,418
365,373,419
366,373,420
367,374,421
368,375,422
369,375,423
370,376,424
371,377,425
372,378,426
373,378,426
374,379,427
375,380,428
376,380,429
377,381,429
378,382,430
379,382,431
380,383,432
381,384,432
382,384,433
383,385,434
384,386,434
385,386,435
386,387,435
387,388,436
388,388,436
389,389,436
390,389,437
391,390,437
392,390,437
393,391,437
394,391,437
395,392,438
396,393,437
397,393,437
398,394,437
399,394,437
400,395,437
401,395,437
402,396,437
403,396,437
404,397,437
405,397,436
406,398,436
407,398,436
408,399,436
409,399,436
410,399,436
411,400,436
412,400,436
413,401,436
414,401,436
415,402,436
416,402,435
417,403,435
418,403,435
419,403,435
420,404,435
421,404,435
422,404,435
423,405,435
424,405,435
425,406,435
426,406,435
427,406,434
428,407,434
429,407,434
430,407,434
431,408,434
432,408,434
433,408,434
434,409,434
435,409,434
436,409,434
437,410,433
438,410,433
439,410,433
440,411,433
441,411,433
442,411,433
443,412,433
444,412,433
445,412,432
446,413,432
447,413,432
448,413,432
449,414,432
450,414,432
451,414,432
452,415,432
453,415,431
454,415,431
455,416,431
456,416,431
457,416,431
458,417,430
459,417,430
460,417,430
461,418,430
462,418,430
463,418,429
464,419,429
465,419,429
466,419,428
467,420,428
468,420,427
469,421,427
470,422,426
471,422,426
472,424,425
0,0
