0,221
41,143,146
42,139,150
43,138,154
44,137,156
45,137,158
46,137,160
47,137,161
48,137,163
49,137,164
50,137,165
51,138,167
52,138,168
53,139,169
54,139,171
55,139,172
56,140,173
57,140,174
58,140,175
59,140,176
60,140,177
61,141,178
62,141,179
63,141,179
64,141,180
65,141,181
66,141,181
67,141,181
68,141,182
69,141,182
70,140,182
71,140,182
72,140,182
73,140,182
74,140,181
75,140,181
76,140,180
77,139,180
78,139,179
79,139,178
80,139,177
81,138,176
82,138,175
83,138,174
84,137,173
85,137,172
86,137,172
87,137,171
88,136,170
89,136,169
90,135,169
91,135,168
92,135,167
93,134,167
94,134,166
95,134,165
96,133,165
97,133,164
98,132,163
99,132,162
100,131,162
101,131,161
102,131,161
103,130,160
104,130,159
105,129,159
106,129,158
107,128,157
108,128,157
109,127,156
110,127,156
111,126,155
112,126,154
113,125,154
114,125,153
115,124,152
116,124,152
117,123,151
118,123,151
119,122,150
120,121,149
121,121,149
122,120,148
123,120,148
124,119,147
125,119,146
126,118,146
127,118,145
128,117,145
129,117,144
130,116,144
131,115,143
132,115,142
133,114,142
134,114,141
135,113,141
136,112,140
137,112,139
138,111,139
139,111,138
140,110,137
141,109,137
142,109,136
143,108,136
144,108,135
145,107,134
146,106,134
147,106,133
148,105,132
149,104,132
150,104,131
151,103,130
152,103,130
153,102,129
154,101,128
155,101,128
156,100,127
157,99,126
158,99,126
159,98,125
160,97,124
161,97,124
162,96,123
163,95,122
164,95,122
165,94,121
166,94,120
167,93,119
168,92,119
169,91,118
170,91,117
171,90,117
172,89,116
173,89,115
174,88,114
175,87,114
176,87,113
177,86,112
178,85,111
179,84,111
180,84,110
181,83,109
182,82,108
183,82,108
184,81,107
185,80,106
186,80,105
187,79,105
188,78,104
189,77,103
190,77,102
191,76,102
192,75,101
193,74,100
194,74,99
195,73,98
196,72,98
197,71,97
198,71,96
199,70,95
200,69,94
201,69,93
202,68,93
203,67,92
204,66,91
205,66,90
206,65,89
207,64,88
208,63,88
209,63,87
210,62,86
211,61,85
212,60,84
213,59,83
214,59,82
215,58,81
216,57,81
217,56,80
218,56,79
219,55,78
220,54,77
221,53,76
222,53,75
223,52,74
224,51,73
225,50,72
226,49,72
227,48,71
228,48,70
229,47,69
230,46,68
231,45,67
232,44,66
233,44,65
234,43,64
235,42,63
236,41,62
237,40,61
238,40,60
239,39,59
240,38,58
241,37,57
242,36,56
243,36,54
244,35,53
245,34,52
246,33,51
247,32,50
248,31,49
249,31,48
250,30,47
251,29,46
252,28,44
253,27,43
254,26,42
255,26,40
256,25,39
257,25,38
258,24,36
259,24,34
260,24,32
261,25,30
0,0
1,96
131,137,140
132,137,140
133,136,141
134,135,142
135,135,142
136,135,143
137,134,143
138,134,143
139,133,144
140,133,144
141,133,144
142,133,145
143,133,145
144,132,145
145,132,146
146,132,146
147,132,146
148,132,146
149,131,146
150,131,147
151,131,147
152,131,147
153,131,147
154,130,147
155,130,147
156,130,147
157,130,148
158,129,148
159,129,148
160,129,148
161,129,148
162,128,148
163,128,148
164,128,148
165,127,147
166,127,147
167,127,147
168,126,147
169,126,147
170,126,147
171,125,147
172,125,146
173,124,146
174,124,146
175,124,146
176,123,146
177,123,145
178,123,145
179,122,145
180,122,144
181,121,144
182,121,144
183,120,143
184,120,143
185,119,143
186,119,142
187,119,142
188,118,142
189,118,141
190,118,141
191,117,141
192,117,141
193,117,140
194,117,140
195,117,140
196,117,139
197,117,139
198,116,139
199,116,138
200,116,138
201,116,138
202,116,138
203,116,137
204,116,137
205,116,137
206,116,136
207,116,136
208,117,136
209,117,135
210,117,135
211,117,135
212,117,135
213,117,134
214,117,134
215,118,134
216,118,133
217,118,133
218,119,133
219,119,132
220,119,132
221,120,132
222,120,131
223,121,131
224,122,130
225,123,129
226,124,128
0,0
1,117
94,208,210
95,207,211
96,206,212
97,206,212
98,205,212
99,205,213
100,204,213
101,204,214
102,204,214
103,204,214
104,203,215
105,203,215
106,203,215
107,203,216
108,202,216
109,202,216
110,202,216
111,202,217
112,202,217
113,201,217
114,201,217
115,201,217
116,201,217
117,201,218
118,200,218
119,200,218
120,200,218
121,200,218
122,199,218
123,199,218
124,199,218
125,198,218
126,198,218
127,198,218
128,198,218
129,197,218
130,197,218
131,197,217
132,196,217
133,196,217
134,196,217
135,196,217
136,195,217
137,195,216
138,194,216
139,194,216
140,194,216
141,193,215
142,193,215
143,193,215
144,192,214
145,192,214
146,192,214
147,191,213
148,191,213
149,191,213
150,190,212
151,190,212
152,189,212
153,189,211
154,188,211
155,188,211
156,188,210
157,187,210
158,187,210
159,186,210
160,186,209
161,186,209
162,185,209
163,185,208
164,184,208
165,184,208
166,183,207
167,183,207
168,182,207
169,182,206
170,181,206
171,181,206
172,181,205
173,180,205
174,180,205
175,180,204
176,180,204
177,180,204
178,179,204
179,179,203
180,179,203
181,179,203
182,179,202
183,179,202
184,178,202
185,179,201
186,179,201
187,179,201
188,179,200
189,179,200
190,179,200
191,179,199
192,179,199
193,179,199
194,179,198
195,179,198
196,180,198
197,180,197
198,180,197
199,180,197
200,180,196
201,181,196
202,181,196
203,181,195
204,182,195
205,182,194
206,182,194
207,183,194
208,184,193
209,185,192
210,186,191
0,0
1,138
67,283,284
68,282,285
69,281,286
70,281,287
71,280,287
72,280,288
73,280,288
74,279,288
75,279,289
76,279,289
77,279,290
78,278,290
79,278,290
80,278,291
81,278,291
82,278,291
83,277,291
84,277,292
85,277,292
86,277,292
87,277,292
88,276,292
89,276,292
90,276,293
91,276,293
92,276,293
93,275,293
94,275,293
95,275,293
96,275,293
97,274,293
98,274,293
99,274,293
100,274,293
101,274,293
102,273,293
103,273,293
104,273,293
105,272,292
106,272,292
107,272,292
108,272,292
109,271,292
110,271,291
111,271,291
112,271,291
113,270,290
114,270,290
115,270,290
116,270,290
117,269,289
118,269,289
119,269,289
120,268,288
121,268,288
122,268,288
123,267,287
124,267,287
125,267,287
126,266,287
127,266,286
128,266,286
129,265,286
130,265,285
131,265,285
132,264,285
133,264,285
134,264,284
135,263,284
136,263,284
137,262,283
138,262,283
139,262,283
140,261,282
141,261,282
142,261,282
143,260,282
144,260,281
145,259,281
146,259,281
147,259,280
148,258,280
149,258,280
150,257,280
151,257,279
152,257,279
153,256,279
154,256,278
155,255,278
156,255,278
157,255,277
158,254,277
159,254,277
160,253,277
161,253,276
162,252,276
163,252,276
164,252,275
165,251,275
166,251,275
167,250,274
168,250,274
169,250,274
170,250,274
171,249,273
172,249,273
173,249,273
174,249,272
175,249,272
176,249,272
177,249,271
178,249,271
179,248,271
180,248,271
181,248,270
182,249,270
183,249,270
184,249,269
185,249,269
186,249,269
187,249,268
188,249,268
189,249,268
190,249,267
191,250,267
192,250,267
193,250,266
194,250,266
195,251,266
196,251,265
197,251,265
198,252,264
199,252,264
200,253,264
201,253,263
202,254,262
203,255,261
204,257,259
0,0
0,220
206,125,125
207,123,129
208,121,132
209,120,135
210,119,137
211,119,139
212,119,141
213,119,142
214,120,144
215,120,145
216,120,147
217,120,148
218,121,149
219,121,150
220,121,151
221,122,152
222,122,153
223,123,154
224,123,155
225,124,156
226,124,156
227,125,157
228,125,157
229,126,158
230,126,158
231,127,158
232,127,158
233,127,158
234,128,157
235,128,157
236,128,157
237,129,157
238,129,157
239,129,157
240,129,156
241,130,156
242,130,156
243,130,156
244,130,156
245,130,156
246,131,156
247,131,156
248,131,156
249,131,156
250,131,156
251,131,156
252,132,156
253,132,156
254,132,156
255,132,156
256,132,155
257,132,155
258,132,155
259,132,155
260,132,155
261,132,155
262,132,155
263,133,155
264,133,155
265,133,155
266,133,155
267,133,155
268,133,155
269,133,155
270,133,155
271,133,155
272,133,155
273,133,156
274,133,156
275,133,155
276,133,155
277,133,155
278,133,155
279,133,155
280,133,155
281,133,155
282,133,155
283,133,155
284,133,155
285,133,155
286,133,155
287,133,155
288,133,155
289,133,155
290,133,155
291,133,155
292,133,155
293,133,155
294,133,155
295,133,155
296,133,155
297,133,155
298,133,155
299,133,155
300,133,155
301,133,155
302,133,155
303,133,155
304,133,155
305,133,155
306,133,155
307,133,155
308,133,155
309,132,154
310,132,154
311,132,154
312,132,154
313,132,154
314,132,154
315,132,154
316,132,154
317,132,154
318,132,154
319,132,154
320,132,154
321,132,154
322,131,154
323,131,154
324,131,153
325,131,153
326,131,153
327,131,153
328,131,153
329,131,153
330,131,153
331,131,153
332,131,153
333,130,153
334,130,153
335,130,153
336,130,153
337,130,152
338,130,152
339,130,152
340,130,152
341,130,152
342,129,152
343,129,152
344,129,152
345,129,152
346,129,152
347,129,152
348,129,151
349,129,151
350,128,151
351,128,151
352,128,151
353,128,151
354,128,151
355,127,151
356,127,151
357,127,151
358,127,151
359,126,151
360,126,151
361,126,151
361,126,151
361,156,156
362,125,152
362,152,156
362,125,156
363,125,155
364,125,155
365,124,154
366,124,154
367,123,153
368,123,153
369,122,153
370,122,152
371,121,152
372,121,151
373,120,151
374,119,150
375,119,150
376,118,149
377,117,149
378,117,148
379,116,148
380,115,147
381,114,147
382,114,146
383,113,146
384,112,146
385,112,145
386,111,145
387,111,144
388,110,144
389,110,143
390,109,143
391,109,142
392,109,142
393,108,141
394,108,141
395,108,140
396,108,140
397,108,139
398,108,139
399,108,139
400,108,138
401,108,138
402,108,137
403,108,137
404,109,136
405,109,136
406,110,135
407,110,135
408,110,134
409,111,134
410,111,133
411,112,133
412,112,133
413,113,132
414,114,132
415,114,131
416,115,131
417,116,130
418,117,129
419,118,128
420,119,127
421,121,125
0,84
416,130,131
415,131,131
414,131,132
413,132,133
412,132,133
411,133,134
410,133,135
409,134,136
408,134,137
407,135,138
406,135,139
405,136,140
404,136,141
403,137,142
402,137,143
401,137,144
400,138,145
399,138,146
398,139,147
397,139,148
396,140,149
395,140,150
394,141,151
393,141,152
392,142,153
391,142,154
390,143,156
389,143,157
388,144,158
387,144,159
386,144,160
385,145,161
384,145,162
383,146,163
382,146,164
381,147,166
380,147,167
379,148,168
378,148,169
377,149,170
376,149,171
375,150,173
374,150,174
373,150,175
372,151,176
371,151,177
370,152,178
369,152,180
368,153,181
367,153,182
366,154,183
365,154,184
364,155,186
363,155,187
362,156,188
361,156,189
360,158,190
359,160,192
358,162,193
357,163,194
356,165,195
355,167,196
354,169,198
353,171,199
352,173,200
351,175,201
350,177,202
349,179,204
348,181,205
347,182,206
346,184,208
345,186,209
344,188,210
343,190,211
342,192,213
341,194,214
340,196,214
339,198,215
338,200,216
337,202,217
336,204,217
335,206,217
334,208,217
333,211,216
0,0
0,125
38,295,301
39,293,304
40,293,306
41,292,308
42,292,310
43,292,311
44,292,312
45,292,314
46,292,315
47,293,316
48,293,317
49,293,318
50,294,319
51,294,320
52,294,321
53,294,322
54,294,323
55,294,324
56,293,324
57,293,325
58,293,326
59,293,326
60,293,327
61,292,328
62,292,328
63,292,328
64,291,328
65,291,329
66,291,329
67,290,328
68,290,328
69,289,328
70,289,327
71,288,327
72,288,326
73,287,325
74,287,323
75,286,322
76,286,321
77,285,320
78,284,319
79,284,318
80,283,317
81,283,316
82,282,315
83,281,314
84,281,314
85,280,313
86,280,312
87,279,311
88,278,310
89,278,309
90,277,308
91,276,308
92,276,307
93,275,306
94,274,305
95,274,304
96,273,304
97,272,303
98,272,302
99,271,301
100,270,300
101,269,299
102,269,299
103,268,298
104,267,297
105,267,296
106,266,295
107,265,294
108,264,293
109,264,292
110,263,291
111,262,290
112,261,290
113,260,289
114,260,288
115,259,287
116,258,286
117,257,285
118,256,284
119,256,283
120,255,282
121,254,281
122,253,280
123,252,279
124,251,278
125,251,277
126,250,276
127,249,275
128,248,274
129,247,273
130,246,272
131,245,270
132,245,269
133,244,268
134,243,267
135,242,266
136,241,265
137,240,264
138,239,262
139,238,261
140,238,260
141,237,259
142,236,257
143,235,256
144,234,255
145,233,254
146,232,252
147,231,251
148,230,250
149,229,248
150,229,247
151,228,245
152,227,244
153,225,242
154,224,241
155,223,239
156,223,238
157,222,236
158,221,235
159,221,233
160,220,231
161,220,229
162,222,225
0,0
1,68
287,108,109
288,108,111
289,107,112
290,107,113
291,106,113
292,106,114
293,106,114
294,106,115
295,106,115
296,105,115
297,105,116
298,105,116
299,105,116
300,104,116
301,104,116
302,104,116
303,104,116
304,103,117
305,103,117
306,103,117
307,102,116
308,102,116
309,102,116
310,102,116
311,101,116
312,101,115
313,100,115
314,100,115
315,100,115
316,99,114
317,99,114
318,99,114
319,98,114
320,98,113
321,98,113
322,97,113
323,97,113
324,96,112
325,96,112
326,96,112
327,95,111
328,95,111
329,94,111
330,94,110
331,94,110
332,93,110
333,93,110
334,92,109
335,92,109
336,92,109
337,91,108
338,91,108
339,90,108
340,90,108
341,89,107
342,89,107
343,89,107
344,88,107
345,88,107
346,103,107
346,87,108
347,87,104
348,86,101
349,86,98
350,85,95
351,85,91
352,84,88
353,84,85
0,109
81,361,362
82,356,368
83,354,371
84,353,373
85,353,376
86,352,378
87,352,380
88,352,382
89,351,384
90,351,385
91,351,387
92,351,388
93,350,390
94,350,391
95,350,393
96,349,394
97,349,395
98,349,395
99,348,396
100,348,396
101,348,396
102,347,396
103,347,395
104,347,395
105,346,394
106,346,392
107,346,391
108,346,390
109,346,388
110,346,387
111,346,386
112,345,385
113,345,384
114,345,382
115,344,381
116,344,380
117,344,379
118,343,378
119,343,377
120,343,376
121,342,375
122,342,374
123,341,373
124,341,372
125,341,371
126,340,370
127,340,369
128,339,368
129,339,368
130,339,367
131,338,366
132,338,365
133,337,364
134,337,363
135,336,362
136,336,361
137,335,361
138,335,360
139,335,359
140,334,358
141,334,357
142,333,356
143,333,355
144,332,355
145,332,354
146,331,353
147,331,352
148,330,351
149,330,351
150,329,350
151,329,349
152,328,348
153,328,348
154,327,347
155,327,346
156,326,345
157,326,344
158,325,344
159,325,343
160,324,342
161,324,341
162,323,340
163,323,340
164,322,339
165,322,338
166,321,337
167,321,336
168,320,336
169,320,335
170,319,334
171,318,333
172,318,332
173,317,331
174,317,331
175,316,330
176,316,329
177,315,328
178,315,327
179,314,326
180,314,325
181,313,324
182,313,323
183,313,323
184,312,321
185,312,320
186,312,319
187,312,318
188,312,316
189,313,313
0,0
1,139
237,197,199
238,196,200
239,196,201
240,196,202
241,195,203
242,195,203
243,195,204
244,194,204
245,194,205
246,194,205
247,194,206
248,194,206
249,194,207
250,194,207
251,193,207
252,193,207
253,193,207
254,193,208
255,193,208
256,193,208
257,193,208
258,192,208
259,192,208
260,192,208
261,192,208
262,192,208
263,192,207
264,191,207
265,191,207
266,191,207
267,191,207
268,191,206
269,191,206
270,191,206
271,190,206
272,190,205
273,190,205
274,190,205
275,190,204
276,189,204
277,189,204
278,189,204
279,189,203
280,189,203
281,189,203
282,188,203
283,188,202
284,188,202
285,188,202
286,188,202
287,187,202
288,187,201
289,187,201
290,187,201
291,187,201
292,186,200
293,186,200
294,186,200
295,186,200
296,185,200
297,185,199
298,185,199
299,185,199
300,185,199
301,184,198
302,184,198
303,184,198
304,184,198
305,183,197
306,183,197
307,183,197
308,183,197
309,182,197
310,182,196
311,182,196
312,182,196
313,181,196
314,181,196
315,181,195
316,181,195
317,180,195
318,180,195
319,180,194
320,179,194
321,179,194
322,179,194
323,179,193
324,178,193
325,178,193
326,178,193
327,177,192
328,177,192
329,177,192
330,176,192
331,176,191
332,176,191
333,176,191
334,175,191
335,175,191
336,175,190
337,174,190
338,174,190
339,174,190
340,173,189
341,173,189
342,172,189
343,172,189
344,172,188
345,171,188
346,171,188
347,171,188
348,170,187
349,170,187
350,170,187
351,169,187
352,169,187
353,168,186
354,168,186
355,168,186
356,167,186
357,167,186
358,166,186
359,166,185
360,166,185
361,165,185
362,165,185
363,164,185
364,164,185
365,164,185
366,163,185
367,163,185
368,162,185
369,162,185
370,166,185
371,170,185
372,174,186
373,178,186
374,182,186
375,187,187
0,131
160,376,381
161,371,387
162,369,390
163,369,393
164,369,396
165,369,398
166,370,401
167,370,403
168,370,405
169,370,407
170,371,409
171,371,411
172,371,413
173,371,415
174,372,416
175,372,418
176,372,419
177,372,420
178,372,421
179,373,422
180,373,424
181,373,424
182,373,425
183,374,425
184,374,425
185,374,426
186,374,426
187,375,426
188,375,426
189,376,425
190,377,425
191,377,425
192,378,424
193,378,423
194,378,423
195,378,422
196,378,421
197,379,420
198,379,419
199,379,418
200,379,418
201,379,417
202,379,416
203,379,415
204,379,415
205,379,414
206,379,413
207,379,413
208,379,412
209,379,411
210,379,411
211,379,410
212,379,410
213,379,409
214,379,409
215,379,408
216,379,408
217,379,407
218,379,407
219,379,406
220,378,406
221,378,405
222,378,405
223,378,405
224,378,404
225,378,404
226,378,404
227,378,403
228,378,403
229,377,403
230,377,402
231,377,402
232,377,402
233,377,401
234,377,401
235,377,401
236,377,401
237,376,400
238,376,400
239,376,400
240,376,400
241,376,399
242,376,399
243,375,399
244,375,399
245,375,399
246,375,398
247,375,398
248,375,398
249,374,398
250,374,397
251,374,397
252,374,397
253,374,397
254,374,396
255,373,396
256,373,396
257,373,396
258,373,396
259,373,395
260,372,395
261,372,395
262,372,395
263,372,395
264,372,395
265,371,394
266,371,394
267,371,394
268,371,394
269,370,394
270,370,393
271,370,393
272,370,393
273,370,393
274,369,393
275,369,393
276,369,392
277,369,392
278,368,392
279,368,392
280,368,392
281,368,392
282,367,391
283,367,391
284,367,391
285,367,391
286,366,391
287,366,387
288,366,381
289,366,374
290,365,368
0,0
1,255
219,255,257
220,254,259
221,254,260
222,253,261
223,253,261
224,253,262
225,253,263
226,253,264
227,253,264
228,252,265
229,252,265
230,252,266
231,252,266
232,252,267
233,252,267
234,251,267
235,251,267
236,251,268
237,251,268
238,251,268
239,251,268
240,251,268
241,250,268
242,250,268
243,250,269
244,250,268
245,250,268
246,250,268
247,249,268
248,249,268
249,249,267
250,249,267
251,249,267
252,249,267
253,249,266
254,248,266
255,248,266
256,248,265
257,248,265
258,248,265
259,248,265
260,247,264
261,247,264
262,247,264
263,247,264
264,247,263
265,247,263
266,246,263
267,246,262
268,246,262
269,246,262
270,246,262
271,246,261
272,245,261
273,245,261
274,245,261
275,245,260
276,245,260
277,245,260
278,245,260
279,244,259
280,244,259
281,244,259
282,244,259
283,244,258
284,244,258
285,243,258
286,243,258
287,243,257
288,243,257
289,243,257
290,243,257
291,242,257
292,242,256
293,242,256
294,242,256
295,242,256
296,242,255
297,241,255
298,241,255
299,241,255
300,241,255
301,241,254
302,241,254
303,240,254
304,240,254
305,240,254
306,240,253
307,240,253
308,240,253
309,239,253
310,239,253
311,239,253
312,239,252
313,239,252
314,239,252
315,238,252
316,238,252
317,238,251
318,238,251
319,238,251
320,238,251
321,237,251
322,237,250
323,237,250
324,237,250
325,237,250
326,237,250
327,236,250
328,236,250
329,236,249
330,236,249
331,236,249
332,236,249
333,235,249
334,235,249
335,235,248
336,235,248
337,235,248
338,235,248
339,234,248
340,234,248
341,234,247
342,234,247
343,234,247
344,234,247
345,233,247
346,233,247
347,233,247
348,233,246
349,233,246
350,232,246
351,232,246
352,232,246
353,232,246
354,232,246
355,232,246
356,231,246
357,231,245
358,231,245
359,231,245
360,231,245
361,230,245
362,230,245
363,230,245
364,230,245
365,230,245
366,230,244
367,229,244
368,229,244
369,229,244
370,229,244
371,229,244
372,228,244
373,228,244
374,228,244
375,228,244
376,228,243
377,227,243
378,227,243
379,227,243
380,227,243
381,227,243
382,227,243
383,226,243
384,226,243
385,226,243
386,226,243
387,226,243
388,225,243
389,225,242
390,225,242
391,225,242
392,225,242
393,224,242
394,224,242
395,224,242
396,224,242
397,224,242
398,223,242
399,223,242
400,223,242
401,223,242
402,223,242
403,222,242
404,222,242
405,222,242
406,222,242
407,221,242
408,221,242
409,221,242
410,221,242
411,221,241
412,220,241
413,220,241
414,220,241
415,220,241
416,219,241
417,219,241
418,219,241
419,219,241
420,219,241
421,218,241
422,218,241
423,218,241
424,218,241
425,217,241
426,217,241
427,217,241
428,217,241
429,216,241
430,216,241
431,216,241
432,216,241
433,216,241
434,216,241
435,215,241
436,215,241
437,215,241
438,215,241
439,215,241
440,215,241
441,215,241
442,215,241
443,215,241
444,216,241
445,216,240
446,216,240
447,216,240
448,216,240
449,217,240
450,217,240
451,217,240
452,218,240
453,218,240
454,219,240
455,219,240
456,220,240
457,220,240
458,221,240
459,221,240
460,222,240
461,222,240
462,223,240
463,224,240
464,224,240
465,225,240
466,226,239
467,226,239
468,227,239
469,228,239
470,229,239
471,230,238
472,231,237
473,233,236
0,0
1,164
245,307,311
246,307,312
247,306,313
248,306,315
249,306,316
250,305,317
251,305,317
252,305,318
253,305,319
254,305,319
255,305,320
256,304,320
257,304,320
258,304,320
259,304,321
260,304,321
261,304,321
262,304,321
263,303,321
264,303,321
265,303,321
266,303,321
267,303,320
268,303,320
269,303,320
270,302,320
271,302,320
272,302,320
273,302,319
274,302,319
275,302,319
276,301,319
277,301,318
278,301,318
279,301,318
280,301,318
281,301,317
282,300,317
283,300,317
284,300,317
285,300,317
286,300,316
287,300,316
288,299,316
289,299,316
290,299,316
291,299,315
292,299,315
293,298,315
294,298,315
295,298,315
296,298,315
297,298,314
298,297,314
299,297,314
300,297,314
301,297,314
302,297,313
303,297,313
304,296,313
305,296,313
306,296,313
307,296,313
308,296,312
309,295,312
310,295,312
311,295,312
312,295,312
313,295,312
314,294,311
315,294,311
316,294,311
317,294,311
318,293,311
319,293,311
320,293,311
321,293,310
322,293,310
323,292,310
324,292,310
325,292,310
326,292,310
327,291,310
328,291,309
329,291,309
330,291,309
331,291,309
332,290,309
333,290,309
334,290,309
335,290,308
336,289,308
337,289,308
338,289,308
339,289,308
340,288,308
341,288,308
342,288,307
343,288,307
344,287,307
345,287,307
346,287,307
347,287,307
348,287,307
349,286,307
350,286,306
351,286,306
352,286,306
353,285,306
354,285,306
355,285,306
356,285,306
357,284,306
358,284,305
359,284,305
360,284,305
361,283,305
362,283,305
363,283,305
364,282,305
365,282,305
366,282,304
367,282,304
368,282,304
369,281,304
370,281,304
371,281,304
372,281,304
373,280,304
374,280,304
375,280,303
376,280,303
377,280,303
378,280,303
379,280,303
380,279,303
381,280,303
382,280,303
383,280,303
384,280,302
385,280,302
386,281,302
387,281,302
388,281,302
389,281,302
390,282,302
391,282,302
392,282,302
393,283,301
394,283,301
395,284,301
396,284,301
397,285,301
398,285,301
399,286,301
400,287,301
401,287,301
402,288,301
403,289,300
404,290,300
405,290,300
406,291,299
407,293,299
408,294,298
0,0
0,271
193,299,299
194,296,304
195,294,307
196,293,310
197,293,311
198,292,313
199,292,315
200,292,317
201,292,319
202,293,320
203,293,322
204,293,323
205,293,324
206,294,325
207,294,327
208,295,328
209,295,328
210,296,329
211,296,330
212,297,330
213,297,330
214,298,330
215,298,330
216,298,331
217,299,331
218,299,331
219,299,331
220,299,331
221,300,330
222,300,330
223,300,330
224,300,330
225,300,330
226,300,330
227,301,330
228,301,329
229,301,329
230,301,329
231,301,329
232,301,329
233,301,329
234,301,329
235,301,329
236,301,329
237,301,329
238,301,329
239,301,329
240,301,329
241,301,329
242,301,329
243,301,329
244,301,328
245,301,328
246,301,328
247,301,328
248,301,328
249,301,328
250,301,328
251,301,328
252,301,328
253,301,328
254,301,328
255,301,328
256,301,328
257,301,328
258,301,328
259,301,328
260,301,328
261,302,328
262,302,328
263,302,328
264,302,328
265,302,328
266,302,328
267,302,328
268,302,328
269,302,328
270,302,328
271,302,327
272,302,327
273,302,327
274,302,327
275,302,327
276,302,327
277,302,327
278,302,327
279,302,327
280,302,327
281,302,327
282,302,327
283,302,327
284,302,327
285,302,327
286,302,327
287,302,327
288,302,327
289,302,327
290,302,327
291,302,327
292,302,327
293,302,327
294,302,327
295,302,327
296,302,327
297,302,327
298,302,327
299,302,327
300,302,327
301,302,327
302,302,327
303,302,327
304,302,327
305,302,327
306,302,327
307,302,327
308,302,327
309,302,328
310,302,328
311,302,328
312,302,328
313,302,328
314,302,328
315,302,328
316,302,328
317,302,328
318,302,328
319,302,328
320,302,328
321,302,328
322,302,328
323,302,328
324,302,328
325,302,328
326,302,328
327,302,328
328,302,328
329,302,328
330,302,328
331,302,328
332,302,328
333,302,328
334,302,328
335,302,328
336,302,328
337,302,328
338,302,328
339,302,328
340,302,329
341,302,329
342,302,329
343,302,329
344,302,329
345,302,329
346,302,329
347,302,329
348,302,329
349,302,329
350,302,329
351,302,329
352,302,329
353,302,329
354,302,329
355,302,329
356,302,329
357,302,329
358,302,329
359,302,329
360,302,329
361,302,329
362,302,329
363,302,329
364,302,329
365,302,329
366,302,330
367,302,330
368,302,330
369,302,330
370,302,330
371,302,330
372,302,330
373,302,330
374,302,330
375,302,330
376,302,330
377,302,330
378,302,330
379,302,330
380,302,330
381,302,330
382,302,330
383,302,330
384,302,330
385,302,330
386,302,330
387,302,330
388,302,331
389,302,331
390,302,331
391,302,331
392,302,331
393,302,331
394,302,331
395,302,331
396,302,331
397,302,331
398,302,331
399,302,331
400,301,331
401,301,331
402,301,331
403,301,331
404,301,331
405,300,331
406,300,331
407,299,331
408,299,331
409,298,331
410,298,331
411,297,331
412,295,331
412,279,281
412,295,331
413,280,287
413,287,331
413,280,331
414,280,330
415,281,330
416,281,330
417,282,330
418,282,330
419,283,330
420,283,329
421,284,329
422,284,329
423,285,329
424,285,329
425,286,328
426,287,328
427,287,328
428,288,327
429,288,327
430,289,327
431,289,326
432,290,326
433,290,326
434,291,325
435,291,325
436,292,324
437,292,324
438,293,323
439,294,323
440,294,323
441,295,322
442,295,322
443,296,321
444,296,321
445,297,320
446,297,320
447,298,319
448,298,319
449,299,318
450,299,318
451,300,317
452,301,316
453,301,316
454,302,315
455,302,314
456,303,313
457,303,312
458,305,310
459,308,308
1,57
303,456,457
302,454,456
301,452,455
300,450,454
299,448,453
298,447,452
297,445,451
296,443,450
295,441,449
294,439,448
293,437,447
292,435,447
291,434,446
290,432,445
289,430,444
288,428,443
287,426,442
286,424,441
285,422,441
284,421,440
283,419,439
282,417,438
281,415,437
280,413,436
279,412,436
278,412,435
277,411,434
276,411,433
275,411,432
274,410,431
273,410,430
272,410,430
271,410,429
270,409,428
269,409,427
268,409,427
267,409,426
266,408,425
265,408,424
264,408,423
263,408,423
262,407,422
261,407,421
260,407,420
259,407,420
258,406,419
257,406,418
256,406,417
255,406,417
254,405,416
253,405,415
252,405,414
251,405,413
250,404,412
249,404,411
248,405,410
247,405,409
0,0
