0,221
39,122,129
40,119,134
41,118,136
42,118,138
43,117,140
44,117,142
45,117,144
46,117,145
47,118,147
48,118,149
49,118,150
50,119,151
51,119,153
52,120,154
53,120,155
54,121,156
55,121,158
56,121,159
57,121,160
58,122,160
59,122,161
60,122,162
61,122,162
62,122,163
63,122,163
64,122,163
65,122,164
66,122,164
67,122,164
68,122,164
69,122,163
70,122,163
71,122,163
72,122,162
73,122,161
74,122,161
75,122,160
76,121,159
77,121,158
78,121,157
79,121,157
80,121,156
81,120,155
82,120,154
83,120,154
84,120,153
85,119,152
86,119,152
87,119,151
88,118,151
89,118,150
90,118,149
91,117,149
92,117,148
93,117,148
94,117,147
95,116,146
96,116,146
97,115,145
98,115,145
99,115,144
100,114,144
101,114,143
102,113,142
103,113,142
104,113,141
105,112,141
106,112,140
107,111,140
108,111,139
109,111,139
110,110,138
111,110,138
112,109,137
113,109,137
114,108,136
115,108,135
116,108,135
117,107,134
118,107,134
119,106,133
120,106,133
121,105,133
122,105,132
123,104,131
124,104,131
125,103,130
126,103,130
127,102,129
128,102,129
129,101,128
130,101,128
131,100,127
132,100,127
133,99,126
134,99,126
135,98,125
136,98,125
137,97,124
138,97,123
139,96,123
140,96,122
141,95,122
142,95,121
143,94,121
144,94,120
145,93,120
146,92,119
147,92,118
148,91,118
149,91,117
150,90,117
151,90,116
152,89,116
153,89,115
154,88,114
155,87,114
156,87,113
157,86,113
158,86,112
159,85,111
160,85,111
161,84,110
162,84,110
163,83,109
164,82,108
165,82,108
166,81,107
167,81,106
168,80,106
169,79,105
170,79,104
171,78,104
172,78,103
173,77,103
174,76,102
175,76,101
176,75,101
177,75,100
178,74,99
179,73,98
180,73,98
181,72,97
182,71,96
183,71,96
184,70,95
185,70,94
186,69,94
187,68,93
188,68,92
189,67,92
190,66,91
191,66,90
192,65,90
193,65,89
194,64,88
195,63,87
196,63,87
197,62,86
198,61,85
199,61,85
200,60,84
201,59,83
202,59,82
203,58,82
204,57,81
205,57,80
206,56,79
207,55,78
208,55,78
209,54,77
210,53,76
211,53,75
212,52,75
213,51,74
214,51,73
215,50,72
216,49,71
217,49,71
218,48,70
219,47,69
220,47,68
221,46,67
222,45,67
223,45,66
224,44,65
225,43,64
226,42,63
227,42,62
228,41,62
229,40,61
230,40,60
231,39,59
232,38,58
233,38,57
234,37,56
235,36,55
236,36,55
237,35,54
238,34,53
239,33,52
240,33,51
241,32,50
242,31,49
243,31,48
244,30,47
245,29,46
246,28,45
247,28,44
248,27,43
249,26,42
250,25,40
251,25,40
252,24,38
253,23,37
254,23,36
255,22,35
256,22,33
257,22,32
258,22,30
259,23,27
0,0
1,99
112,132,134
113,132,135
114,131,136
115,130,136
116,130,137
117,130,137
118,129,138
119,129,138
120,129,138
121,128,139
122,128,139
123,128,139
124,128,140
125,128,140
126,128,140
127,127,141
128,127,141
129,127,141
130,127,141
131,127,142
132,127,142
133,126,142
134,126,142
135,126,142
136,126,142
137,125,142
138,125,142
139,125,142
140,125,143
141,125,143
142,124,143
143,124,143
144,124,143
145,124,142
146,123,142
147,123,142
148,123,142
149,122,142
150,122,142
151,122,142
152,121,142
153,121,141
154,121,141
155,121,141
156,120,141
157,120,140
158,119,140
159,119,140
160,119,139
161,118,139
162,118,139
163,118,139
164,117,138
165,117,138
166,116,138
167,116,137
168,115,137
169,115,137
170,115,137
171,114,136
172,114,136
173,114,136
174,113,136
175,113,135
176,113,135
177,113,135
178,112,135
179,112,134
180,112,134
181,112,134
182,112,133
183,112,133
184,112,133
185,111,133
186,112,132
187,112,132
188,112,132
189,112,132
190,112,131
191,112,131
192,112,131
193,112,130
194,112,130
195,113,130
196,113,130
197,113,129
198,113,129
199,113,129
200,114,128
201,114,128
202,114,128
203,115,128
204,115,127
205,115,127
206,116,127
207,116,126
208,117,126
209,119,124
210,120,122
0,0
1,117
90,202,204
91,201,205
92,200,206
93,200,206
94,199,207
95,199,207
96,199,207
97,198,208
98,198,208
99,198,209
100,197,209
101,197,209
102,197,210
103,197,210
104,197,210
105,196,210
106,196,210
107,196,211
108,196,211
109,196,211
110,195,211
111,195,211
112,195,212
113,195,212
114,194,212
115,194,212
116,194,212
117,194,212
118,193,212
119,193,212
120,193,213
121,193,212
122,192,212
123,192,212
124,192,212
125,191,212
126,191,212
127,191,212
128,191,212
129,190,211
130,190,211
131,190,211
132,189,211
133,189,211
134,189,210
135,188,210
136,188,210
137,188,209
138,187,209
139,187,209
140,187,209
141,186,208
142,186,208
143,185,208
144,185,207
145,185,207
146,184,207
147,184,206
148,183,206
149,183,206
150,183,205
151,182,205
152,182,205
153,181,204
154,181,204
155,181,204
156,180,203
157,180,203
158,179,203
159,179,202
160,178,202
161,178,202
162,177,201
163,177,201
164,176,201
165,176,201
166,176,200
167,175,200
168,175,200
169,175,199
170,174,199
171,174,199
172,174,198
173,174,198
174,174,198
175,173,197
176,173,197
177,173,197
178,173,196
179,173,196
180,172,196
181,173,195
182,173,195
183,173,195
184,173,195
185,173,194
186,173,194
187,173,194
188,173,193
189,173,193
190,173,193
191,174,192
192,174,192
193,174,192
194,174,191
195,174,191
196,174,191
197,175,190
198,175,190
199,175,190
200,176,189
201,176,189
202,176,188
203,177,188
204,178,187
205,179,187
206,180,185
0,0
1,138
63,279,280
64,278,281
65,278,282
66,277,283
67,277,283
68,276,284
69,276,284
70,276,285
71,275,285
72,275,285
73,275,286
74,275,286
75,275,286
76,274,287
77,274,287
78,274,287
79,274,288
80,274,288
81,273,288
82,273,288
83,273,288
84,273,289
85,273,289
86,273,289
87,272,289
88,272,289
89,272,289
90,272,289
91,271,289
92,271,289
93,271,289
94,271,290
95,271,289
96,270,289
97,270,289
98,270,289
99,270,289
100,269,289
101,269,289
102,269,289
103,269,289
104,268,288
105,268,288
106,268,288
107,268,288
108,267,287
109,267,287
110,267,287
111,267,287
112,266,286
113,266,286
114,266,286
115,265,285
116,265,285
117,265,285
118,265,285
119,264,284
120,264,284
121,264,284
122,263,283
123,263,283
124,263,283
125,262,283
126,262,282
127,262,282
128,261,282
129,261,282
130,261,281
131,260,281
132,260,281
133,260,280
134,259,280
135,259,280
136,259,280
137,258,279
138,258,279
139,258,279
140,257,278
141,257,278
142,256,278
143,256,278
144,256,277
145,255,277
146,255,277
147,255,276
148,254,276
149,254,276
150,253,276
151,253,275
152,252,275
153,252,275
154,252,274
155,251,274
156,251,274
157,250,274
158,250,273
159,249,273
160,249,273
161,249,272
162,248,272
163,248,272
164,248,272
165,248,271
166,247,271
167,247,271
168,247,270
169,247,270
170,247,270
171,246,270
172,246,269
173,246,269
174,246,269
175,246,268
176,246,268
177,246,268
178,246,268
179,246,267
180,246,267
181,247,267
182,247,266
183,247,266
184,247,266
185,247,265
186,247,265
187,247,265
188,248,264
189,248,264
190,248,264
191,248,263
192,249,263
193,249,263
194,249,262
195,250,262
196,250,261
197,251,261
198,252,260
199,253,259
200,255,258
0,0
0,218
205,119,125
206,117,128
207,116,131
208,116,133
209,115,135
210,115,137
211,116,138
212,116,140
213,116,141
214,116,143
215,116,144
216,117,145
217,117,146
218,118,147
219,118,148
220,119,149
221,119,150
222,119,151
223,120,152
224,121,152
225,121,153
226,121,153
227,122,154
228,122,154
229,123,154
230,123,154
231,123,154
232,124,154
233,124,153
234,124,153
235,125,153
236,125,153
237,125,153
238,125,153
239,126,152
240,126,152
241,126,152
242,126,152
243,126,152
244,127,152
245,127,152
246,127,152
247,127,152
248,127,152
249,127,152
250,128,152
251,128,152
252,128,152
253,128,152
254,128,152
255,128,152
256,128,152
257,128,152
258,128,152
259,128,152
260,128,151
261,129,151
262,129,151
263,129,151
264,129,151
265,129,151
266,129,151
267,129,152
268,129,152
269,129,152
270,129,152
271,129,152
272,129,152
273,129,152
274,129,152
275,129,152
276,129,152
277,129,152
278,129,152
279,129,152
280,129,151
281,129,151
282,129,151
283,129,151
284,129,151
285,129,151
286,129,151
287,129,151
288,129,151
289,129,151
290,129,151
291,129,151
292,129,151
293,129,151
294,129,151
295,129,151
296,129,151
297,129,151
298,129,151
299,129,151
300,129,151
301,129,151
302,129,151
303,129,151
304,129,151
305,129,151
306,129,151
307,128,150
308,128,150
309,128,150
310,128,150
311,128,150
312,128,150
313,128,150
314,128,150
315,128,150
316,128,150
317,128,150
318,128,150
319,127,150
320,127,150
321,127,149
322,127,149
323,127,149
324,127,149
325,127,149
326,127,149
327,127,149
328,127,149
329,126,149
330,126,149
331,126,149
332,126,149
333,126,149
334,126,148
335,126,148
336,126,148
337,126,148
338,126,148
339,126,148
340,125,148
341,125,148
342,125,148
343,125,148
344,125,148
345,125,147
346,125,147
347,125,147
348,125,147
349,124,147
350,124,147
351,124,147
352,124,147
353,124,147
354,123,147
355,123,147
356,123,147
356,123,147
356,149,150
357,122,148
357,148,149
357,122,149
358,122,149
359,122,149
360,121,148
361,121,148
362,121,148
363,120,147
364,120,147
365,119,147
366,119,146
367,118,146
368,118,145
369,117,145
370,117,145
371,116,144
372,115,144
373,115,144
374,114,143
375,113,143
376,113,143
377,112,142
378,111,142
379,111,141
380,110,141
381,110,141
382,109,140
383,109,140
384,108,140
385,108,139
386,107,139
387,107,138
388,107,138
389,106,138
390,106,137
391,106,137
392,106,137
393,106,136
394,106,136
395,106,136
396,106,135
397,106,135
398,106,134
399,106,134
400,106,134
401,107,133
402,107,133
403,108,133
404,108,132
405,109,132
406,109,131
407,110,131
408,110,131
409,111,130
410,111,130
411,112,130
412,113,129
413,114,129
414,115,128
415,116,127
416,117,126
417,119,125
418,122,122
0,77
413,129,129
412,129,129
411,130,130
410,130,130
409,130,131
408,131,131
407,131,132
406,131,133
405,132,134
404,132,134
403,132,135
402,133,136
401,133,136
400,134,137
399,134,138
398,134,139
397,135,140
396,135,140
395,135,141
394,136,142
393,136,143
392,137,144
391,137,145
390,137,145
389,138,146
388,138,147
387,138,148
386,139,149
385,139,150
384,139,151
383,140,151
382,140,152
381,141,153
380,141,154
379,141,155
378,142,156
377,142,157
376,142,158
375,143,159
374,143,160
373,143,160
372,144,161
371,144,162
370,145,163
369,145,164
368,145,165
367,146,166
366,146,167
365,146,168
364,147,169
363,147,170
362,148,170
361,148,171
360,148,172
359,149,173
358,149,174
357,149,175
356,150,176
355,151,177
354,153,178
353,155,179
352,157,180
351,158,181
350,161,182
349,163,183
348,164,184
347,167,185
346,169,186
345,171,187
344,172,188
343,173,189
342,175,189
341,176,190
340,178,190
339,180,190
338,182,190
337,185,189
0,0
0,45
103,257,257
104,255,263
105,254,268
106,253,272
107,253,275
108,253,278
109,253,282
110,253,284
111,253,287
112,254,289
113,254,291
114,254,292
115,255,294
116,256,295
117,257,297
118,257,298
119,258,299
120,259,299
121,260,300
122,261,301
123,262,301
124,263,302
125,264,302
126,265,302
127,266,303
128,267,303
129,268,303
130,269,304
131,269,304
132,270,304
133,271,304
134,272,304
135,273,304
136,274,304
137,275,304
138,276,304
139,277,304
140,279,304
141,280,303
142,281,303
143,283,302
144,284,302
145,286,301
146,289,299
147,294,295
0,0
0,253
150,221,221
151,215,224
152,214,227
153,214,229
154,213,231
155,213,233
156,213,235
157,213,237
158,214,238
159,214,240
160,215,241
161,215,243
162,216,244
163,216,245
164,216,246
165,217,247
166,217,247
167,218,248
168,218,249
169,218,249
170,218,249
171,219,250
172,219,250
173,219,250
174,220,250
175,220,250
176,220,250
177,221,250
178,221,250
179,221,249
180,221,249
181,222,249
182,222,249
183,222,249
184,222,249
185,222,248
186,222,248
187,223,248
188,223,248
189,223,248
190,223,248
191,223,248
192,223,247
193,223,247
194,223,247
195,223,247
196,223,247
197,223,247
198,223,247
199,224,247
200,224,247
201,224,247
202,224,247
203,224,246
204,224,246
205,224,246
206,224,246
207,224,246
208,224,246
209,224,246
210,224,246
211,224,246
212,224,246
213,224,246
214,224,245
215,224,245
216,224,245
217,224,245
218,224,245
219,224,245
220,224,245
221,224,245
222,224,245
223,224,245
224,224,245
225,224,245
226,224,245
227,224,245
228,224,245
229,224,245
230,224,244
231,224,244
232,224,244
233,224,244
234,224,244
235,224,244
236,224,244
237,224,244
238,224,244
239,224,244
240,224,244
241,224,244
242,224,244
243,224,244
244,224,244
245,224,244
246,224,244
247,224,244
248,224,244
249,224,244
250,224,243
251,223,243
252,223,243
253,223,243
254,223,243
255,223,243
256,223,243
257,223,243
258,223,243
259,223,243
260,223,243
261,223,243
262,223,243
263,223,243
264,223,243
265,223,243
266,223,243
267,223,243
268,223,243
269,223,243
270,223,243
271,223,243
272,222,243
273,222,242
274,222,242
275,222,242
276,222,242
277,222,242
278,222,242
279,222,242
280,222,242
281,222,242
282,222,242
283,222,242
284,221,242
285,221,242
286,221,242
287,221,242
288,221,242
289,221,242
290,221,242
291,221,242
292,221,242
293,221,242
294,221,242
295,221,241
296,220,241
297,220,241
298,220,241
299,220,241
300,220,241
301,220,241
302,220,241
303,219,241
304,219,241
305,219,241
306,219,241
307,219,241
308,219,241
309,219,241
310,218,241
311,218,241
312,218,241
313,218,241
314,218,241
315,217,241
316,217,241
317,217,240
318,217,240
319,217,240
320,216,240
321,216,240
322,216,240
323,216,240
324,216,240
325,215,240
326,215,240
327,215,240
328,215,240
329,214,240
330,214,240
331,214,240
332,214,240
333,213,240
334,213,240
335,213,240
336,213,240
337,212,239
338,212,239
339,212,239
340,211,239
341,211,239
342,211,239
343,211,239
344,210,239
345,210,239
346,210,239
347,209,239
348,209,238
349,209,238
350,208,238
351,208,238
352,208,238
353,207,238
354,207,238
355,207,238
356,206,237
357,206,237
358,206,237
359,206,237
360,205,237
361,205,237
362,205,236
363,205,236
364,205,236
365,205,236
366,204,236
367,204,235
368,204,235
369,204,235
370,204,235
371,204,235
372,204,234
373,205,234
374,205,234
375,205,234
376,205,233
377,205,233
378,205,233
379,205,233
380,206,233
381,206,232
382,206,232
383,206,232
384,207,231
385,207,231
386,207,231
387,208,231
388,208,230
389,208,230
390,209,229
391,209,229
392,210,228
393,210,228
394,211,227
395,211,227
396,212,226
397,212,226
398,213,225
399,214,224
400,215,223
401,216,221
402,219,219
0,0
1,91
323,113,117
324,113,118
325,112,119
326,112,121
327,112,121
328,112,122
329,112,123
330,112,124
331,112,124
332,112,125
333,112,125
334,111,126
335,111,126
336,111,127
337,111,127
338,111,128
339,111,128
340,111,128
341,111,128
342,110,128
343,110,128
344,110,128
345,110,128
346,110,128
347,110,129
348,110,128
349,109,128
350,109,128
351,109,128
352,109,128
353,109,128
354,109,127
355,108,127
356,108,127
357,108,126
358,108,126
359,108,126
360,107,125
361,107,125
362,107,125
363,107,124
364,107,124
365,107,124
366,106,123
367,106,123
368,106,123
369,106,123
370,106,122
371,105,122
372,105,122
373,105,121
374,105,121
375,105,121
376,104,121
377,104,120
378,104,120
379,104,120
380,103,119
381,103,119
382,103,119
383,103,119
384,103,118
385,102,118
386,102,118
387,102,118
388,102,117
389,101,117
390,101,117
391,101,117
392,101,117
393,100,116
394,100,116
395,100,116
396,100,116
397,99,115
398,99,115
399,99,115
400,99,115
401,98,115
402,98,113
403,98,111
404,97,110
405,97,108
406,97,106
407,96,105
408,96,103
409,96,101
410,96,99
411,95,98
412,95,96
413,94,94
0,359
94,417,417
95,412,423
96,412,427
97,411,429
98,410,432
99,410,434
100,409,435
101,409,437
102,408,439
103,408,441
104,407,443
105,406,444
106,406,446
107,405,447
108,405,449
109,404,450
110,404,451
111,403,453
112,402,454
113,402,454
114,401,455
115,401,456
116,410,457
117,412,457
118,413,457
119,414,458
120,415,458
121,416,458
122,416,458
123,417,457
124,417,457
125,418,457
126,418,457
127,418,456
128,418,456
129,419,455
130,419,455
131,419,454
132,419,454
133,420,453
134,420,453
135,420,452
136,420,452
137,420,452
138,420,451
139,421,451
140,421,451
141,421,451
142,421,450
143,421,450
144,421,450
145,421,450
146,422,450
147,422,450
148,422,449
149,422,449
150,422,449
151,422,449
152,422,449
153,422,449
154,423,449
155,423,449
156,423,449
157,423,449
158,423,448
159,423,448
160,423,448
161,423,448
162,423,448
163,423,448
164,424,448
165,424,448
166,424,448
167,424,448
168,424,448
169,424,448
170,424,448
171,424,448
172,424,448
173,424,448
174,424,448
175,425,448
176,425,448
177,425,448
178,425,448
179,425,448
180,425,448
181,425,448
182,425,448
183,425,448
184,425,448
185,425,448
186,425,448
187,425,448
188,425,448
189,425,448
190,426,448
191,426,448
192,426,448
193,426,448
194,426,448
195,426,448
196,426,448
197,426,448
198,426,448
199,426,448
200,426,448
201,426,448
202,426,448
203,426,448
204,426,448
205,426,448
206,426,448
207,426,448
208,427,448
209,427,448
210,427,448
211,427,448
212,427,448
213,427,448
214,427,448
215,427,448
216,427,448
217,427,448
218,427,448
219,427,448
220,427,448
221,427,448
222,427,448
223,427,448
224,427,448
225,427,448
226,427,448
227,427,448
228,427,448
229,427,448
230,427,448
231,427,448
232,427,448
233,427,448
234,427,448
235,427,448
236,427,448
237,428,448
238,428,448
239,428,448
240,428,448
241,428,448
242,428,448
243,428,448
244,428,448
245,428,448
246,428,448
247,428,448
248,428,448
249,428,448
250,428,448
251,428,448
252,428,448
253,428,448
254,428,448
255,428,448
256,428,448
257,428,448
258,428,448
259,428,448
260,428,449
261,428,449
262,428,449
263,428,449
264,428,449
265,428,449
266,428,449
267,428,449
268,428,449
269,428,449
270,428,449
271,428,449
272,428,449
273,428,449
274,428,449
275,428,449
276,428,449
277,428,449
278,428,449
279,428,449
280,428,449
281,428,449
282,428,449
283,428,449
284,428,449
285,428,449
286,428,449
287,428,449
288,428,449
289,428,449
290,428,449
291,428,449
292,428,449
293,428,449
294,427,449
295,427,449
296,427,449
297,427,449
298,427,449
299,427,449
300,427,450
301,427,450
302,427,450
303,427,450
304,427,450
305,427,450
306,427,450
307,427,450
308,427,450
309,427,450
310,427,450
311,427,450
312,427,450
313,427,450
314,427,450
315,427,450
316,427,450
317,427,450
318,427,450
319,427,450
320,426,450
321,426,450
322,426,450
323,426,450
324,426,450
325,426,450
326,426,450
327,426,450
328,426,450
329,426,450
330,426,450
331,426,450
332,426,450
333,426,450
334,426,450
335,426,451
336,426,451
337,425,451
338,425,451
339,425,451
340,425,451
341,425,451
342,425,451
343,425,451
344,425,451
345,425,451
346,425,451
347,425,451
348,425,451
349,425,451
350,425,451
351,424,451
352,424,451
353,424,451
354,424,451
355,424,451
356,424,451
357,424,451
358,424,451
359,424,451
360,424,451
361,424,451
362,424,451
363,423,451
364,423,451
365,423,451
366,423,452
367,423,452
368,423,452
369,423,452
370,423,452
371,423,452
372,423,452
373,422,452
374,422,452
375,422,452
376,422,452
377,422,452
378,422,452
379,422,452
380,422,452
381,421,452
382,421,452
383,421,452
384,421,452
385,421,452
386,421,452
387,420,452
388,420,452
389,420,452
390,420,452
391,419,452
392,419,452
393,419,452
394,419,452
395,418,452
396,418,452
397,418,452
398,417,452
399,417,452
400,416,452
401,416,452
402,416,451
403,416,451
404,416,451
405,416,451
406,416,451
407,416,451
408,416,451
409,416,451
410,416,451
411,416,451
412,416,450
413,416,450
414,416,450
415,416,450
416,416,450
417,416,450
418,416,449
419,416,449
420,416,449
421,416,449
422,416,449
423,416,448
424,417,448
425,417,448
426,417,448
427,417,447
428,417,447
429,417,447
430,417,446
431,417,446
432,417,446
433,417,445
434,417,445
435,417,445
436,417,444
437,417,444
438,417,443
439,417,443
440,417,442
441,417,442
442,417,441
443,417,441
444,418,440
445,419,440
446,420,439
447,421,438
448,423,437
449,424,437
450,426,436
451,428,434
452,431,431
1,40
417,421,443
416,401,442
415,401,440
414,401,439
413,402,438
412,402,437
411,402,435
410,402,434
409,402,433
408,402,432
407,402,430
406,402,429
405,402,428
404,401,427
403,401,426
402,401,425
401,401,424
400,401,423
399,401,421
398,400,420
397,400,419
396,400,418
395,400,417
394,399,416
393,399,415
392,399,414
391,399,413
390,398,412
389,398,411
388,398,410
387,398,409
386,397,408
385,397,407
384,397,406
383,396,405
382,396,405
381,396,404
380,396,403
379,397,402
378,397,401
0,0
1,129
264,213,215
265,212,216
266,212,217
267,211,217
268,211,218
269,211,218
270,210,219
271,210,219
272,210,220
273,210,220
274,210,221
275,210,221
276,209,222
277,209,222
278,209,222
279,209,223
280,209,223
281,209,223
282,209,223
283,209,224
284,209,224
285,209,224
286,208,224
287,208,224
288,208,225
289,208,225
290,208,225
291,208,225
292,208,225
293,208,225
294,207,225
295,207,225
296,207,225
297,207,225
298,207,225
299,207,225
300,206,225
301,206,224
302,206,224
303,206,224
304,206,224
305,206,224
306,205,224
307,205,223
308,205,223
309,205,223
310,205,223
311,204,223
312,204,222
313,204,222
314,204,222
315,204,222
316,203,222
317,203,221
318,203,221
319,203,221
320,202,221
321,202,221
322,202,220
323,202,220
324,201,220
325,201,220
326,201,220
327,201,219
328,200,219
329,200,219
330,200,219
331,199,219
332,199,218
333,199,218
334,199,218
335,198,218
336,198,218
337,198,217
338,198,217
339,197,217
340,197,217
341,197,217
342,196,216
343,196,216
344,196,216
345,195,216
346,195,215
347,195,215
348,194,215
349,194,215
350,194,215
351,194,214
352,193,214
353,193,214
354,192,214
355,192,214
356,192,213
357,191,213
358,191,213
359,191,213
360,191,213
361,191,212
362,191,212
363,190,212
364,190,212
365,190,212
366,190,211
367,190,211
368,190,211
369,190,211
370,189,210
371,190,210
372,190,210
373,190,210
374,190,210
375,191,209
376,191,209
377,191,209
378,191,209
379,191,208
380,192,208
381,192,208
382,192,208
383,193,207
384,193,207
385,193,207
386,194,207
387,194,206
388,195,206
389,195,206
390,196,205
391,197,205
392,198,203
0,0
1,161
250,284,286
251,284,287
252,283,288
253,283,288
254,282,289
255,282,290
256,282,291
257,282,291
258,282,292
259,281,293
260,281,293
261,281,294
262,281,294
263,281,295
264,280,296
265,280,296
266,280,297
267,280,297
268,280,297
269,280,298
270,280,298
271,279,298
272,279,299
273,279,298
274,279,298
275,279,298
276,279,298
277,279,297
278,278,297
279,278,297
280,278,297
281,278,297
282,278,296
283,278,296
284,278,296
285,277,296
286,277,295
287,277,295
288,277,295
289,277,295
290,277,295
291,277,294
292,276,294
293,276,294
294,276,294
295,276,293
296,276,293
297,276,293
298,275,293
299,275,292
300,275,292
301,275,292
302,275,292
303,275,292
304,275,291
305,274,291
306,274,291
307,274,291
308,274,290
309,274,290
310,273,290
311,273,290
312,273,290
313,273,289
314,273,289
315,272,289
316,272,289
317,272,289
318,272,288
319,272,288
320,271,288
321,271,288
322,271,287
323,271,287
324,270,287
325,270,287
326,270,287
327,270,287
328,269,286
329,269,286
330,269,286
331,269,286
332,269,285
333,268,285
334,268,285
335,268,285
336,267,285
337,267,285
338,267,284
339,267,284
340,266,284
341,266,284
342,266,284
343,266,283
344,265,283
345,265,283
346,265,283
347,265,283
348,264,283
349,264,282
350,264,282
351,264,282
352,263,282
353,263,282
354,263,281
355,262,281
356,262,281
357,262,281
358,262,281
359,261,281
360,261,280
361,261,280
362,261,280
363,260,280
364,260,280
365,260,279
366,259,279
367,259,279
368,259,279
369,259,279
370,258,279
371,258,278
372,258,278
373,257,278
374,257,278
375,257,278
376,257,278
377,256,277
378,256,277
379,256,277
380,256,277
381,256,277
382,256,277
383,256,276
384,255,276
385,255,276
386,255,276
387,256,276
388,256,276
389,256,275
390,256,275
391,256,275
392,256,275
393,257,275
394,257,275
395,257,274
396,258,274
397,258,274
398,258,274
399,259,274
400,259,274
401,259,274
402,260,274
403,260,274
404,261,273
405,261,273
406,262,273
407,262,273
408,263,272
409,264,271
410,265,269
0,0
0,158
218,288,293
219,285,297
220,284,299
221,284,302
222,283,304
223,283,306
224,283,307
225,284,309
226,284,310
227,285,311
228,286,312
229,287,313
230,287,314
231,288,315
232,288,315
233,289,315
234,289,316
235,289,316
236,289,316
237,290,315
238,290,315
239,290,315
240,290,315
241,290,314
242,290,314
243,290,314
244,290,314
245,290,314
246,290,314
247,290,314
248,290,314
249,290,314
250,291,313
251,291,313
252,291,313
253,291,313
254,291,313
255,291,313
256,291,313
257,291,313
258,291,313
259,291,313
260,291,313
261,291,313
262,291,313
263,291,313
264,291,313
265,291,313
266,291,313
267,291,313
268,291,313
269,291,313
270,291,312
271,291,312
272,291,312
273,291,312
274,291,312
275,291,312
276,291,312
277,291,312
278,291,312
279,291,312
280,291,311
281,291,311
282,291,311
283,291,311
284,291,311
285,291,311
286,291,311
287,291,310
288,291,310
289,291,310
290,291,310
291,290,310
292,290,310
293,290,309
294,290,309
295,290,309
296,290,309
297,290,309
298,290,309
299,290,308
300,289,308
301,289,308
302,289,308
303,289,308
304,289,307
305,289,307
306,289,307
307,288,307
308,288,306
309,288,306
310,288,306
311,288,306
312,287,305
313,287,305
314,287,305
315,287,304
316,287,304
317,286,304
318,286,304
319,286,303
320,286,303
321,285,303
322,285,302
323,285,302
324,285,302
325,284,301
326,284,301
327,284,301
328,283,300
329,283,300
330,283,300
331,283,299
332,282,299
333,282,298
334,282,298
335,281,298
336,281,297
337,281,297
338,280,296
339,280,296
340,280,295
341,279,295
342,279,295
343,278,294
344,278,294
345,278,293
346,277,293
347,277,292
348,276,292
349,276,291
350,275,291
351,275,290
352,274,289
353,274,289
354,274,288
355,273,287
356,273,287
357,272,286
358,272,285
359,271,284
360,271,283
361,270,283
362,270,282
363,269,281
364,269,280
365,269,279
366,268,278
367,268,278
368,267,277
369,266,276
370,266,275
371,266,274
372,265,273
373,265,272
374,265,271
375,266,269
0,0
0,181
209,346,346
210,343,351
211,342,353
212,341,355
213,341,357
214,341,359
215,342,360
216,342,362
217,343,363
218,344,364
219,344,365
220,344,366
221,345,367
222,345,368
223,345,368
224,345,369
225,346,369
226,346,369
227,346,369
228,346,369
229,346,369
230,346,369
231,347,369
232,347,368
233,347,368
234,347,368
235,347,368
236,347,368
237,347,368
238,347,368
239,347,368
240,347,368
241,347,368
242,347,368
243,347,368
244,347,368
245,347,368
246,348,368
247,348,368
248,348,368
249,348,368
250,348,368
251,348,368
252,348,368
253,348,368
254,348,368
255,348,368
256,348,368
257,348,368
258,348,368
259,348,368
260,348,368
261,348,368
262,348,368
263,348,368
264,348,368
265,348,368
266,348,368
267,348,368
268,348,368
269,348,368
270,348,368
271,348,368
272,348,368
273,348,368
274,348,368
275,348,368
276,348,368
277,348,368
278,348,368
279,348,368
280,348,368
281,348,368
282,348,368
283,348,368
284,348,368
285,348,368
286,348,368
287,348,368
288,348,368
289,348,368
290,348,368
291,348,368
292,347,368
293,347,368
294,347,368
295,347,368
296,347,368
297,347,368
298,347,368
299,347,368
300,347,368
301,347,368
302,347,368
303,347,368
304,347,368
305,347,368
306,347,368
307,347,368
308,347,368
309,347,368
310,347,368
311,347,368
312,347,368
313,347,369
314,347,369
315,347,369
316,347,369
317,347,369
318,346,369
319,346,369
320,346,369
321,346,369
322,346,369
323,346,369
324,346,369
325,346,369
326,346,369
327,346,369
328,346,369
329,346,369
330,346,369
331,346,369
332,345,369
333,345,369
334,345,369
335,345,369
336,345,369
337,345,369
338,345,369
339,344,369
340,344,369
341,344,370
342,344,370
343,344,370
344,344,370
345,343,370
346,343,370
347,343,370
348,343,370
349,343,370
350,343,370
351,343,370
352,343,370
353,343,370
354,343,370
355,343,370
356,343,370
357,343,370
358,343,370
359,344,370
360,344,370
361,344,371
362,344,371
363,345,371
364,345,371
365,345,371
366,345,371
367,346,371
368,346,371
369,347,371
370,347,371
371,347,371
372,348,371
373,348,371
374,349,371
375,349,370
376,350,370
377,350,370
378,351,370
379,352,370
380,352,369
381,353,369
382,354,369
383,355,368
384,355,368
385,356,367
386,357,367
387,358,366
388,359,365
389,361,364
0,0
