0,223
43,120,126
44,117,130
45,116,133
46,116,135
47,115,137
48,115,139
49,115,140
50,116,142
51,116,144
52,116,145
53,117,146
54,117,148
55,118,149
56,118,150
57,118,151
58,119,153
59,119,154
60,119,155
61,119,156
62,120,156
63,120,157
64,120,157
65,120,158
66,120,158
67,120,159
68,120,159
69,120,159
70,120,159
71,120,158
72,120,158
73,120,158
74,120,157
75,120,157
76,120,156
77,119,155
78,119,154
79,119,153
80,119,153
81,119,152
82,118,151
83,118,150
84,118,150
85,118,149
86,117,148
87,117,148
88,117,147
89,117,146
90,116,146
91,116,145
92,116,145
93,115,144
94,115,143
95,115,143
96,114,142
97,114,141
98,114,141
99,113,140
100,113,140
101,113,139
102,112,139
103,112,138
104,111,138
105,111,137
106,111,136
107,110,136
108,110,135
109,109,135
110,109,134
111,108,134
112,108,133
113,108,133
114,107,132
115,107,131
116,106,131
117,106,130
118,105,130
119,105,129
120,104,129
121,104,128
122,103,128
123,103,127
124,102,127
125,102,126
126,102,126
127,101,125
128,100,125
129,100,124
130,100,124
131,99,123
132,98,123
133,98,122
134,98,122
135,97,121
136,96,121
137,96,120
138,95,119
139,95,119
140,94,118
141,94,118
142,93,117
143,93,117
144,92,116
145,91,116
146,91,115
147,91,114
148,90,114
149,89,113
150,89,113
151,88,112
152,88,112
153,87,111
154,86,110
155,86,110
156,85,109
157,85,109
158,84,108
159,84,108
160,83,107
161,82,106
162,82,106
163,81,105
164,81,104
165,80,104
166,80,103
167,79,103
168,78,102
169,78,101
170,77,101
171,77,100
172,76,100
173,75,99
174,75,98
175,74,98
176,73,97
177,73,96
178,72,96
179,72,95
180,71,94
181,70,94
182,70,93
183,69,92
184,68,92
185,68,91
186,67,90
187,66,90
188,66,89
189,65,88
190,65,88
191,64,87
192,63,86
193,63,85
194,62,85
195,61,84
196,61,83
197,60,83
198,59,82
199,59,81
200,58,80
201,57,80
202,57,79
203,56,78
204,55,78
205,55,77
206,54,76
207,53,75
208,53,75
209,52,74
210,51,73
211,51,72
212,50,71
213,49,71
214,48,70
215,48,69
216,47,68
217,46,68
218,46,67
219,45,66
220,44,65
221,44,64
222,43,64
223,42,63
224,41,62
225,41,61
226,40,60
227,39,60
228,39,59
229,38,58
230,37,57
231,36,56
232,36,55
233,35,55
234,34,54
235,34,53
236,33,52
237,32,51
238,31,50
239,31,49
240,30,48
241,29,48
242,28,47
243,28,46
244,27,45
245,26,44
246,25,43
247,25,42
248,24,41
249,23,40
250,23,39
251,22,38
252,21,37
253,20,36
254,20,35
255,19,34
256,18,33
257,17,32
258,17,30
259,16,29
260,15,28
261,15,27
262,15,25
263,14,24
264,14,22
265,15,20
0,0
1,84
98,149,151
99,148,151
100,147,152
101,147,153
102,146,153
103,146,153
104,146,154
105,145,154
106,145,154
107,145,155
108,144,155
109,144,155
110,144,155
111,144,156
112,144,156
113,143,156
114,143,156
115,143,156
116,143,156
117,142,156
118,142,157
119,142,157
120,142,157
121,141,157
122,141,158
123,141,157
124,140,157
125,140,157
126,140,157
127,139,157
128,139,157
129,139,157
130,138,156
131,138,156
132,138,156
133,137,156
134,137,156
135,136,156
136,136,155
137,135,155
138,135,155
139,135,154
140,134,154
141,133,154
142,133,153
143,132,153
144,132,153
145,132,152
146,131,152
147,131,152
148,130,151
149,130,151
150,130,151
151,130,150
152,130,150
153,129,150
154,129,149
155,129,149
156,129,149
157,129,148
158,129,148
159,129,148
160,128,147
161,129,147
162,129,147
163,129,146
164,129,146
165,129,146
166,129,145
167,129,145
168,129,145
169,129,144
170,130,144
171,130,144
172,130,143
173,130,143
174,130,143
175,131,142
176,131,142
177,131,141
178,132,141
179,133,141
180,134,140
181,136,138
0,0
1,93
80,220,223
81,219,223
82,219,224
83,218,224
84,218,225
85,217,225
86,217,225
87,216,226
88,216,226
89,216,226
90,215,226
91,215,227
92,215,227
93,215,227
94,214,227
95,214,227
96,214,227
97,213,228
98,213,228
99,213,228
100,212,228
101,212,228
102,212,228
103,211,228
104,211,228
105,211,229
106,210,228
107,210,228
108,210,228
109,209,228
110,209,228
111,209,227
112,208,227
113,208,227
114,207,227
115,207,227
116,206,227
117,206,227
118,206,227
119,205,226
120,205,226
121,204,226
122,204,225
123,203,225
124,203,224
125,202,224
126,202,224
127,201,223
128,201,223
129,200,222
130,199,222
131,199,222
132,198,221
133,198,221
134,197,220
135,197,220
136,197,220
137,196,219
138,196,219
139,196,218
140,195,218
141,195,218
142,195,217
143,195,217
144,194,216
145,194,216
146,194,216
147,194,215
148,194,215
149,194,215
150,194,214
151,194,214
152,194,213
153,193,213
154,194,213
155,194,212
156,194,212
157,194,211
158,194,211
159,194,211
160,194,210
161,195,210
162,195,209
163,195,209
164,195,209
165,195,208
166,196,208
167,196,207
168,196,207
169,197,206
170,198,206
171,199,205
172,201,203
0,0
1,129
45,295,296
46,294,297
47,293,298
48,293,298
49,292,299
50,292,299
51,291,300
52,291,300
53,291,300
54,290,301
55,290,301
56,290,301
57,289,302
58,289,302
59,289,302
60,289,302
61,288,302
62,288,303
63,288,303
64,288,303
65,288,303
66,287,303
67,287,303
68,287,303
69,286,303
70,286,304
71,286,304
72,286,304
73,285,304
74,285,303
75,285,303
76,285,303
77,284,303
78,284,303
79,284,303
80,283,303
81,283,303
82,283,303
83,282,302
84,282,302
85,282,302
86,281,302
87,281,301
88,281,301
89,280,301
90,280,301
91,280,300
92,279,300
93,279,299
94,278,299
95,278,299
96,278,298
97,277,298
98,277,298
99,277,297
100,276,297
101,276,296
102,275,296
103,275,296
104,275,295
105,274,295
106,274,295
107,273,294
108,273,294
109,272,294
110,272,293
111,272,293
112,271,293
113,271,292
114,270,292
115,270,292
116,269,291
117,269,291
118,268,291
119,268,290
120,268,290
121,267,289
122,267,289
123,266,289
124,266,288
125,265,288
126,265,288
127,264,287
128,264,287
129,263,287
130,263,286
131,262,286
132,262,286
133,261,285
134,261,285
135,260,285
136,260,284
137,260,284
138,259,283
139,259,283
140,259,283
141,258,282
142,258,282
143,258,282
144,258,281
145,258,281
146,258,281
147,258,280
148,257,280
149,257,280
150,257,279
151,257,279
152,257,278
153,257,278
154,257,278
155,257,277
156,258,277
157,258,277
158,258,276
159,258,276
160,258,275
161,258,275
162,258,275
163,259,274
164,259,274
165,259,273
166,259,273
167,260,273
168,260,272
169,260,272
170,261,271
171,262,270
172,263,270
173,264,268
0,0
0,186
219,100,103
220,98,107
221,97,110
222,96,112
223,96,114
224,96,116
225,96,117
226,97,119
227,97,120
228,97,121
229,97,122
230,98,124
231,98,125
232,99,126
233,99,127
234,99,128
235,100,128
236,100,129
237,101,130
238,101,130
239,102,130
240,102,131
241,103,131
242,103,131
243,103,131
244,104,130
245,104,130
246,104,130
247,104,130
248,105,130
249,105,130
250,105,129
251,105,129
252,106,129
253,106,129
254,106,129
255,106,129
256,106,129
257,107,129
258,107,129
259,107,129
260,107,129
261,107,129
262,107,129
263,107,129
264,107,129
265,107,129
266,108,129
267,108,129
268,108,129
269,108,128
270,108,128
271,108,128
272,108,128
273,108,128
274,108,128
275,108,129
276,108,129
277,108,128
278,108,128
279,108,128
280,108,128
281,108,128
282,108,128
283,108,128
284,108,128
285,108,128
286,108,128
287,108,128
288,108,128
289,108,128
290,108,128
291,108,128
292,108,128
293,108,128
294,108,128
295,108,128
296,108,128
297,108,128
298,108,128
299,108,128
300,108,128
301,108,128
302,108,128
303,108,128
304,107,127
305,107,127
306,107,127
307,107,127
308,107,127
309,107,127
310,107,127
311,107,127
312,107,127
313,107,127
314,107,127
315,106,127
316,106,126
317,106,126
318,106,126
319,106,126
320,106,126
321,106,126
322,106,126
323,106,126
324,106,126
325,105,126
326,105,126
327,105,126
328,105,125
329,105,125
330,105,125
331,105,125
332,105,125
333,105,125
334,105,125
335,104,125
336,104,125
337,104,125
338,104,124
339,104,124
340,103,124
341,103,124
342,103,124
343,103,124
344,102,124
345,102,124
345,102,124
345,128,128
346,102,125
346,125,127
346,102,127
347,101,127
348,101,127
349,101,126
350,100,126
351,100,125
352,99,125
353,99,125
354,98,124
355,98,124
356,97,123
357,96,123
358,96,122
359,95,122
360,95,122
361,94,121
362,93,121
363,92,120
364,92,120
365,91,120
366,90,119
367,90,119
368,89,118
369,89,118
370,88,117
371,88,117
372,87,117
373,87,116
374,87,116
375,86,115
376,86,115
377,86,114
378,86,114
379,86,114
380,86,113
381,86,113
382,86,112
383,86,112
384,87,112
385,87,111
386,87,111
387,88,110
388,88,110
389,89,109
390,89,109
391,90,109
392,90,108
393,91,108
394,91,107
395,92,107
396,93,107
397,94,106
398,95,105
399,96,104
400,98,102
0,70
396,107,107
395,107,107
394,107,108
393,108,108
392,108,109
391,109,110
390,109,110
389,109,111
388,110,112
387,110,113
386,111,114
385,111,114
384,112,115
383,112,116
382,112,117
381,113,118
380,113,119
379,114,120
378,114,121
377,114,122
376,115,123
375,115,124
374,116,125
373,116,125
372,117,126
371,117,127
370,117,128
369,118,129
368,118,130
367,119,131
366,119,132
365,119,133
364,120,134
363,120,135
362,121,136
361,121,138
360,122,139
359,122,139
358,122,140
357,123,141
356,123,143
355,124,144
354,124,145
353,124,146
352,125,147
351,125,148
350,126,149
349,126,150
348,127,151
347,127,152
346,127,153
345,128,154
344,130,155
343,132,156
342,134,157
341,136,158
340,138,159
339,140,160
338,142,162
337,144,163
336,146,164
335,148,165
334,150,166
333,152,167
332,153,167
331,155,168
330,157,168
329,159,169
328,161,168
327,165,167
0,0
0,78
95,262,262
96,259,267
97,257,270
98,256,272
99,256,274
100,256,275
101,255,277
102,255,278
103,256,279
104,256,280
105,255,281
106,255,282
107,255,283
108,255,283
109,255,284
110,255,285
111,254,286
112,254,287
113,253,287
114,253,288
115,253,289
116,252,289
117,252,290
118,251,290
119,250,291
120,249,291
121,248,291
122,248,291
123,247,291
124,246,291
125,245,290
126,245,289
127,244,287
128,243,285
129,242,283
130,241,281
131,240,279
132,239,277
133,239,275
134,238,274
135,237,272
136,236,270
137,235,269
138,234,267
139,234,265
140,233,264
141,232,262
142,231,260
143,230,259
144,229,257
145,228,256
146,227,254
147,226,252
148,226,251
149,225,249
150,224,248
151,223,246
152,222,245
153,221,243
154,220,241
155,219,240
156,218,238
157,217,237
158,216,235
159,215,234
160,214,232
161,214,231
162,213,229
163,212,228
164,211,227
165,210,225
166,209,223
167,208,222
168,208,221
169,208,219
170,208,218
171,209,216
172,211,214
0,0
0,248
150,187,191
151,184,196
152,183,199
153,182,202
154,181,204
155,181,206
156,181,208
157,181,209
158,182,211
159,182,212
160,183,213
161,184,214
162,185,215
163,185,216
164,186,217
165,187,218
166,187,218
167,188,218
168,189,218
169,189,218
170,190,218
171,190,218
172,190,218
173,190,218
174,191,217
175,191,217
176,191,217
177,191,217
178,191,217
179,191,217
180,191,217
181,191,217
182,191,217
183,192,216
184,192,216
185,192,216
186,192,216
187,192,216
188,192,216
189,192,216
190,192,216
191,192,216
192,192,216
193,192,216
194,192,216
195,192,216
196,192,216
197,193,216
198,193,216
199,193,216
200,193,216
201,193,216
202,193,216
203,193,216
204,193,216
205,193,216
206,193,216
207,193,216
208,193,216
209,193,216
210,193,216
211,193,216
212,194,216
213,194,216
214,194,216
215,194,216
216,194,216
217,194,216
218,194,216
219,194,216
220,194,216
221,194,216
222,194,216
223,194,216
224,194,216
225,194,216
226,194,216
227,194,216
228,194,216
229,194,216
230,194,216
231,194,216
232,194,216
233,194,216
234,194,216
235,194,216
236,194,216
237,194,216
238,194,216
239,194,216
240,194,216
241,194,216
242,194,216
243,194,216
244,194,215
245,194,215
246,194,215
247,194,215
248,194,215
249,194,215
250,194,215
251,194,215
252,193,215
253,193,215
254,193,215
255,193,214
256,193,214
257,193,214
258,193,214
259,193,214
260,193,214
261,193,214
262,193,214
263,193,214
264,193,213
265,193,213
266,192,213
267,192,213
268,192,213
269,192,213
270,192,213
271,192,213
272,192,212
273,192,212
274,192,212
275,192,212
276,192,212
277,191,212
278,191,212
279,191,211
280,191,211
281,191,211
282,191,211
283,190,211
284,190,210
285,190,210
286,190,210
287,190,210
288,190,210
289,190,209
290,189,209
291,189,209
292,189,209
293,189,209
294,189,209
295,189,208
296,188,208
297,188,208
298,188,208
299,188,207
300,188,207
301,187,207
302,187,207
303,187,206
304,187,206
305,187,206
306,186,206
307,186,205
308,186,205
309,186,205
310,185,205
311,185,204
312,185,204
313,185,204
314,184,204
315,184,203
316,184,203
317,184,203
318,183,202
319,183,202
320,183,202
321,183,202
322,182,201
323,182,201
324,182,201
325,182,200
326,181,200
327,181,200
328,181,199
329,180,199
330,180,199
331,180,198
332,179,198
333,179,198
334,179,197
335,178,197
336,178,197
337,178,196
338,177,196
339,177,195
340,177,195
341,176,195
342,176,194
343,176,194
344,175,193
345,175,193
346,174,193
347,174,192
348,174,192
349,173,191
350,173,191
351,172,190
352,172,190
353,172,190
354,171,189
355,171,189
356,170,188
357,170,188
358,169,187
359,169,187
360,168,186
361,168,186
362,168,185
363,167,184
364,167,184
365,166,183
366,166,182
367,165,182
368,165,181
369,164,180
370,164,180
371,164,179
372,163,178
373,163,177
374,162,177
375,162,176
376,161,175
377,161,175
378,160,174
379,160,173
380,159,172
381,159,172
382,158,171
383,158,170
384,158,169
385,157,169
386,157,168
387,156,167
388,156,166
389,155,166
390,155,165
391,154,164
392,154,163
393,154,162
394,154,161
395,154,160
396,154,158
397,155,155
0,0
1,104
206,220,221
207,219,222
208,218,223
209,218,223
210,218,224
211,217,224
212,217,225
213,217,225
214,216,225
215,216,226
216,216,226
217,216,226
218,215,227
219,215,227
220,215,227
221,215,227
222,215,227
223,214,227
224,214,228
225,214,228
226,214,228
227,213,228
228,213,228
229,213,228
230,213,228
231,213,228
232,212,228
233,212,229
234,212,228
235,211,228
236,211,228
237,211,228
238,211,228
239,210,228
240,210,228
241,210,227
242,210,227
243,209,227
244,209,227
245,209,227
246,208,226
247,208,226
248,208,226
249,207,225
250,207,225
251,207,225
252,206,224
253,206,224
254,205,224
255,205,223
256,205,223
257,204,223
258,204,222
259,204,222
260,203,222
261,203,222
262,202,221
263,202,221
264,202,221
265,201,220
266,201,220
267,200,220
268,200,219
269,199,219
270,199,219
271,199,219
272,198,218
273,198,218
274,197,218
275,197,217
276,196,217
277,196,217
278,196,216
279,195,216
280,195,216
281,195,215
282,195,215
283,195,215
284,195,214
285,194,214
286,194,214
287,194,214
288,194,213
289,194,213
290,194,213
291,194,212
292,194,212
293,195,212
294,195,211
295,195,211
296,195,211
297,195,210
298,195,210
299,196,210
300,196,209
301,196,209
302,196,209
303,196,208
304,197,208
305,197,207
306,198,207
307,198,206
308,199,206
309,201,204
0,0
0,176
220,248,248
221,246,251
222,244,254
223,243,256
224,243,258
225,243,260
226,244,261
227,244,263
228,245,264
229,245,265
230,246,267
231,246,267
232,246,268
233,247,269
234,247,270
235,247,270
236,247,271
237,248,271
238,248,271
239,248,271
240,248,271
241,248,271
242,248,271
243,248,270
244,248,270
245,248,270
246,248,270
247,249,270
248,249,270
249,249,270
250,249,270
251,249,270
252,249,270
253,249,270
254,249,270
255,249,270
256,249,269
257,249,269
258,249,269
259,249,269
260,249,269
261,249,269
262,249,269
263,249,269
264,249,269
265,249,269
266,249,269
267,249,269
268,249,269
269,249,269
270,249,269
271,249,269
272,249,269
273,249,269
274,249,269
275,249,269
276,249,269
277,249,269
278,249,269
279,249,269
280,248,269
281,248,269
282,248,269
283,248,269
284,248,269
285,248,269
286,248,269
287,248,269
288,248,269
289,248,269
290,248,269
291,248,269
292,248,269
293,248,269
294,248,269
295,248,269
296,248,268
297,248,268
298,248,268
299,248,268
300,248,268
301,248,268
302,248,268
303,248,268
304,247,268
305,247,268
306,247,268
307,247,268
308,247,268
309,247,268
310,247,268
311,247,268
312,247,268
313,247,268
314,247,268
315,247,268
316,247,268
317,247,269
318,247,269
319,247,269
320,247,269
321,247,269
322,246,269
323,246,269
324,246,269
325,246,269
326,246,269
327,246,269
328,246,269
329,246,269
330,246,269
331,246,269
332,246,269
333,245,269
334,245,269
335,245,269
336,245,269
337,245,269
338,245,269
339,245,269
340,245,269
341,245,269
342,244,269
343,244,269
344,244,269
345,244,269
346,244,269
347,243,269
348,243,269
349,243,269
350,243,269
351,242,269
352,242,269
353,242,269
354,242,269
355,242,269
356,242,269
357,242,269
358,242,269
359,242,269
360,242,269
361,242,269
362,242,269
363,242,269
364,243,269
365,243,269
366,243,269
367,243,270
368,243,270
369,244,270
370,244,270
371,244,270
372,244,270
373,245,270
374,245,270
375,245,270
376,246,270
377,246,270
378,247,270
379,247,269
380,248,269
381,248,269
382,249,269
383,249,269
384,250,269
385,251,268
386,251,268
387,252,268
388,253,267
389,253,267
390,254,266
391,255,266
392,256,265
393,257,264
394,258,264
395,260,262
0,0
0,183
72,340,340
73,336,346
74,334,351
75,332,354
76,331,357
77,331,359
78,331,362
79,331,364
80,331,366
81,331,368
82,332,369
83,332,371
84,333,372
85,334,373
86,334,375
87,335,375
88,335,376
89,336,377
90,336,377
91,337,377
92,337,377
93,337,378
94,338,378
95,338,377
96,338,377
97,338,377
98,339,377
99,339,376
100,339,375
101,339,375
102,339,374
103,339,374
104,339,373
105,339,373
106,339,372
107,339,372
108,339,371
109,339,371
110,339,371
111,339,370
112,339,370
113,339,369
114,339,369
115,339,369
116,339,368
117,338,368
118,338,368
119,338,367
120,338,367
121,338,367
122,338,366
123,338,366
124,337,366
125,337,365
126,337,365
127,337,365
128,337,364
129,336,364
130,336,364
131,336,363
132,336,363
133,336,363
134,335,362
135,335,362
136,335,362
137,335,361
138,335,361
139,334,361
140,334,360
141,334,360
142,334,360
143,333,360
144,333,359
145,333,359
146,333,359
147,332,358
148,332,358
149,332,358
150,332,357
151,331,357
152,331,356
153,331,356
154,331,356
155,330,355
156,330,355
157,330,355
158,329,354
159,329,354
160,329,354
161,328,353
162,328,353
163,328,352
164,328,352
165,327,352
166,327,351
167,327,351
168,326,351
169,326,350
170,326,350
171,325,349
172,325,349
173,325,349
174,324,348
175,324,348
176,324,347
177,323,347
178,323,346
179,323,346
180,322,346
181,322,345
182,322,345
183,321,344
184,321,344
185,321,343
186,320,343
187,320,342
188,320,342
189,319,342
190,319,341
191,319,341
192,318,340
193,318,340
194,318,339
195,317,339
196,317,338
197,316,338
198,316,337
199,316,337
200,315,336
201,315,336
202,315,335
203,314,335
204,314,334
205,314,334
206,313,333
207,313,333
208,312,332
209,312,332
210,311,331
211,311,330
212,311,330
213,310,329
214,310,329
215,309,328
216,309,328
217,309,327
218,308,327
219,308,326
220,308,325
221,307,325
222,307,324
223,306,324
224,306,323
225,305,322
226,305,322
227,305,321
228,304,321
229,304,320
230,303,319
231,303,319
232,302,318
233,302,317
234,302,317
235,301,316
236,301,315
237,300,315
238,300,314
239,300,313
240,299,312
241,299,312
242,298,311
243,298,310
244,297,310
245,297,309
246,296,308
247,296,307
248,295,306
249,295,305
250,295,304
251,295,303
252,295,302
253,295,300
254,296,298
0,0
1,81
323,201,203
324,200,204
325,200,206
326,200,207
327,199,208
328,199,209
329,199,209
330,199,210
331,198,211
332,198,211
333,198,211
334,198,212
335,197,212
336,197,212
337,197,213
338,197,212
339,197,212
340,196,212
341,196,212
342,196,212
343,196,211
344,195,211
345,195,211
346,195,211
347,195,210
348,194,210
349,194,209
350,194,209
351,194,208
352,193,208
353,193,207
354,193,207
355,192,207
356,192,206
357,192,206
358,192,205
359,191,205
360,191,204
361,191,204
362,190,204
363,190,203
364,190,203
365,189,203
366,189,202
367,189,202
368,189,201
369,188,201
370,188,201
371,188,200
372,187,200
373,187,200
374,187,199
375,186,199
376,186,199
377,186,199
378,185,198
379,185,198
380,185,198
381,184,197
382,184,197
383,183,197
384,183,196
385,183,196
386,182,196
387,182,196
388,182,195
389,181,195
390,181,195
391,180,195
392,180,195
393,180,195
394,179,195
395,179,195
396,178,195
397,178,195
398,177,195
399,177,191
400,177,188
401,176,184
402,176,181
403,175,178
0,69
173,409,409
174,405,413
175,404,416
176,403,419
177,403,421
178,403,423
179,402,425
180,402,427
181,402,429
182,401,431
183,401,433
184,401,435
185,401,437
186,400,439
187,400,441
188,400,443
189,399,445
190,399,446
191,399,447
192,398,449
193,398,450
194,398,450
195,398,451
196,398,451
197,399,452
198,400,452
199,400,451
200,400,450
201,400,449
202,400,448
203,400,446
204,399,444
205,399,441
206,399,439
207,399,437
208,399,435
209,398,433
210,398,432
211,398,430
212,397,429
213,397,427
214,396,426
215,396,424
216,395,423
217,395,421
218,395,420
219,394,418
220,394,417
221,393,415
222,393,414
223,392,413
224,392,411
225,391,410
226,391,408
227,391,407
228,390,406
229,390,404
230,389,403
231,389,402
232,388,400
233,388,399
234,387,398
235,387,396
236,386,395
237,386,394
238,386,393
239,386,392
240,387,390
241,388,388
0,0
0,186
243,338,340
244,333,345
245,331,347
246,330,349
247,329,351
248,329,353
249,328,355
250,328,357
251,328,359
252,329,360
253,329,362
254,330,364
255,330,365
256,331,366
257,331,367
258,332,368
259,332,368
260,333,369
261,333,369
262,333,369
263,333,369
264,334,369
265,334,369
266,334,368
267,334,368
268,334,367
269,335,367
270,335,366
271,335,366
272,335,366
273,335,365
274,335,365
275,335,364
276,335,364
277,335,364
278,335,363
279,335,363
280,335,363
281,335,362
282,335,362
283,335,362
284,335,362
285,335,361
286,335,361
287,335,361
288,335,361
289,335,361
290,335,361
291,335,360
292,335,360
293,335,360
294,335,360
295,335,360
296,335,360
297,335,359
298,334,359
299,334,359
300,334,359
301,334,359
302,334,359
303,334,358
304,334,358
305,334,358
306,334,358
307,333,358
308,333,358
309,333,357
310,333,357
311,333,357
312,333,357
313,332,357
314,332,357
315,332,356
316,332,356
317,331,356
318,331,356
319,331,356
320,331,356
321,331,355
322,330,355
323,330,355
324,330,355
325,330,355
326,329,354
327,329,354
328,329,354
329,328,354
330,328,354
331,328,353
332,328,353
333,327,353
334,327,353
335,327,352
336,326,352
337,326,352
338,326,351
339,325,351
340,325,351
341,325,350
342,324,350
343,324,349
344,324,349
345,323,349
346,323,348
347,323,348
348,322,347
349,322,347
350,322,346
351,321,346
352,321,345
353,320,345
354,320,344
355,319,344
356,319,343
357,318,343
358,318,342
359,318,342
360,317,341
361,317,341
362,316,340
363,316,340
364,315,339
365,315,339
366,314,338
367,313,338
368,313,337
369,312,337
370,312,336
371,311,336
372,310,335
373,310,335
374,309,334
375,308,334
376,308,333
377,307,333
378,306,332
379,306,331
380,305,331
381,304,330
382,304,329
383,303,329
384,302,328
385,301,327
386,300,326
387,300,325
388,299,324
389,298,324
390,297,323
391,296,322
392,295,321
393,294,320
394,293,319
395,292,318
396,291,317
397,290,316
398,289,315
399,288,314
400,287,313
401,286,311
402,284,310
403,283,309
404,282,308
405,281,307
406,280,305
407,278,304
408,277,302
409,276,301
410,275,300
411,273,298
412,272,297
413,271,295
414,269,294
415,268,292
416,267,290
417,265,288
418,264,287
419,263,285
420,261,283
421,260,281
422,259,279
423,258,276
424,256,274
425,255,271
426,255,268
427,256,264
428,258,258
0,0
1,131
345,301,307
346,298,310
347,297,312
348,297,314
349,296,316
350,297,318
351,298,320
352,299,322
353,301,325
354,303,327
355,304,329
356,306,330
357,307,332
358,309,334
359,310,336
360,312,338
361,313,340
362,315,342
363,316,344
364,318,346
365,319,348
366,321,350
367,322,352
368,323,353
369,325,355
370,326,357
371,328,359
372,329,361
373,330,363
374,332,364
375,333,366
376,334,368
377,336,370
378,337,372
379,338,373
380,340,375
381,341,377
382,342,379
383,343,381
384,345,383
385,346,384
386,347,386
387,348,388
388,350,389
389,351,391
390,352,393
391,353,394
392,355,396
393,356,398
394,357,399
395,358,401
396,360,403
397,361,404
398,362,406
399,363,407
400,364,409
401,366,410
402,367,412
403,368,413
404,369,415
405,370,416
406,371,418
407,372,419
408,373,420
409,374,421
410,375,422
411,376,423
412,377,424
413,378,425
414,379,426
415,380,427
416,381,428
417,382,428
418,383,429
419,384,429
420,385,430
421,386,430
422,387,430
423,388,430
424,389,431
425,389,430
426,390,430
427,391,430
428,392,430
429,392,430
430,393,430
431,394,430
432,395,430
433,395,430
434,396,430
435,397,430
436,397,429
437,398,429
438,399,429
439,399,429
440,400,429
441,401,429
442,401,429
443,402,429
444,402,429
445,403,429
446,404,429
447,404,429
448,405,429
449,406,429
450,406,428
451,407,428
452,407,428
453,408,428
454,409,428
455,409,428
456,410,428
457,411,428
458,411,428
459,412,428
460,413,428
461,413,428
462,414,428
463,414,428
464,415,427
465,416,427
466,416,427
467,417,427
468,418,427
469,419,427
470,419,427
471,420,427
472,421,427
473,422,426
474,423,426
475,424,425
0,0
