0,225
41,118,118
42,113,124
43,111,127
44,110,130
45,110,132
46,109,134
47,109,136
48,110,137
49,110,139
50,110,141
51,110,142
52,111,144
53,111,145
54,112,146
55,112,148
56,113,149
57,113,150
58,113,151
59,114,152
60,114,153
61,114,154
62,114,155
63,115,155
64,115,155
65,115,156
66,115,156
67,115,156
68,115,156
69,115,156
70,115,156
71,115,156
72,115,156
73,115,155
74,115,155
75,115,154
76,115,153
77,114,152
78,114,152
79,114,151
80,114,150
81,114,149
82,114,149
83,114,148
84,113,147
85,113,147
86,113,146
87,113,145
88,112,145
89,112,144
90,112,144
91,111,143
92,111,143
93,111,142
94,111,141
95,110,141
96,110,140
97,110,140
98,109,139
99,109,139
100,109,138
101,108,138
102,108,137
103,108,136
104,107,136
105,107,135
106,106,135
107,106,134
108,106,134
109,105,133
110,105,133
111,105,132
112,104,132
113,104,131
114,103,131
115,103,130
116,102,130
117,102,129
118,102,129
119,101,128
120,101,128
121,100,127
122,100,127
123,99,126
124,99,126
125,99,125
126,98,125
127,98,124
128,97,124
129,97,124
130,96,123
131,96,122
132,95,122
133,95,122
134,94,121
135,94,120
136,93,120
137,93,119
138,93,119
139,92,118
140,92,118
141,91,117
142,91,117
143,90,116
144,90,116
145,89,115
146,89,115
147,88,114
148,88,114
149,87,113
150,87,113
151,86,112
152,85,112
153,85,111
154,84,110
155,84,110
156,83,109
157,83,109
158,82,108
159,82,108
160,81,107
161,81,107
162,80,106
163,80,105
164,79,105
165,79,104
166,78,104
167,78,103
168,77,102
169,76,102
170,76,101
171,75,101
172,75,100
173,74,99
174,73,99
175,73,98
176,72,97
177,72,97
178,71,96
179,71,96
180,70,95
181,69,94
182,69,94
183,68,93
184,68,93
185,67,92
186,67,91
187,66,91
188,65,90
189,65,89
190,64,89
191,64,88
192,63,87
193,62,87
194,62,86
195,61,85
196,60,85
197,60,84
198,59,83
199,59,83
200,58,82
201,57,81
202,57,80
203,56,80
204,56,79
205,55,78
206,54,78
207,54,77
208,53,76
209,53,75
210,52,75
211,51,74
212,51,73
213,50,73
214,49,72
215,49,71
216,48,70
217,47,70
218,47,69
219,46,68
220,45,67
221,45,67
222,44,66
223,43,65
224,43,64
225,42,63
226,41,63
227,41,62
228,40,61
229,40,60
230,39,60
231,38,59
232,38,58
233,37,57
234,36,56
235,36,55
236,35,55
237,34,54
238,34,53
239,33,52
240,32,51
241,31,50
242,31,49
243,30,48
244,29,48
245,29,47
246,28,46
247,27,45
248,27,44
249,26,43
250,25,42
251,25,41
252,24,40
253,23,39
254,22,38
255,22,37
256,21,36
257,20,35
258,20,34
259,19,33
260,19,31
261,18,30
262,18,29
263,18,27
264,18,25
265,19,23
0,0
1,96
107,143,143
108,142,145
109,141,145
110,140,146
111,140,146
112,139,147
113,139,147
114,139,147
115,138,148
116,138,148
117,138,148
118,138,149
119,137,149
120,137,149
121,137,150
122,137,150
123,136,150
124,136,150
125,136,150
126,136,150
127,136,150
128,135,151
129,135,151
130,135,151
131,135,151
132,134,151
133,134,152
134,134,151
135,133,151
136,133,151
137,133,151
138,132,151
139,132,151
140,132,151
141,131,151
142,131,151
143,131,150
144,130,150
145,130,150
146,130,150
147,129,150
148,129,149
149,129,149
150,128,149
151,128,149
152,127,148
153,127,148
154,126,148
155,126,147
156,126,147
157,125,147
158,125,146
159,124,146
160,124,146
161,123,145
162,123,145
163,122,145
164,122,144
165,121,144
166,121,144
167,121,143
168,120,143
169,120,143
170,120,142
171,120,142
172,120,142
173,119,141
174,119,141
175,119,141
176,119,140
177,119,140
178,119,140
179,119,139
180,119,139
181,118,139
182,119,138
183,119,138
184,119,138
185,119,137
186,119,137
187,119,137
188,119,136
189,119,136
190,119,136
191,120,135
192,120,135
193,120,135
194,120,134
195,120,134
196,121,134
197,121,133
198,122,133
199,122,132
200,123,132
201,124,131
202,125,130
0,0
1,117
80,212,212
81,211,214
82,210,215
83,210,215
84,209,216
85,209,217
86,209,217
87,208,217
88,208,218
89,208,218
90,208,219
91,207,219
92,207,219
93,207,220
94,207,220
95,207,220
96,206,221
97,206,221
98,206,221
99,206,221
100,206,221
101,206,222
102,205,222
103,205,222
104,205,222
105,205,222
106,205,222
107,204,222
108,204,222
109,204,222
110,204,223
111,203,223
112,203,223
113,203,223
114,203,223
115,203,223
116,202,222
117,202,222
118,202,222
119,201,222
120,201,222
121,201,222
122,201,222
123,200,221
124,200,221
125,200,221
126,199,221
127,199,221
128,199,220
129,198,220
130,198,220
131,198,219
132,197,219
133,197,219
134,197,219
135,196,218
136,196,218
137,196,218
138,195,217
139,195,217
140,195,217
141,194,217
142,194,216
143,194,216
144,193,216
145,193,215
146,192,215
147,192,215
148,192,215
149,191,214
150,191,214
151,190,214
152,190,214
153,189,213
154,189,213
155,189,213
156,188,212
157,188,212
158,188,212
159,187,212
160,187,211
161,187,211
162,187,211
163,186,210
164,186,210
165,186,210
166,186,210
167,186,209
168,186,209
169,186,209
170,185,209
171,186,208
172,186,208
173,186,208
174,186,207
175,186,207
176,186,207
177,186,207
178,186,206
179,186,206
180,187,206
181,187,205
182,187,205
183,187,205
184,187,204
185,187,204
186,188,204
187,188,203
188,188,203
189,189,203
190,189,203
191,190,202
192,190,202
193,191,201
194,191,201
195,192,200
196,194,199
0,0
1,138
57,287,288
58,286,289
59,285,290
60,285,290
61,284,291
62,284,291
63,284,292
64,283,292
65,283,293
66,283,293
67,282,293
68,282,294
69,282,294
70,282,294
71,282,295
72,281,295
73,281,295
74,281,295
75,281,295
76,281,296
77,280,296
78,280,296
79,280,296
80,280,296
81,279,296
82,279,297
83,279,297
84,279,297
85,279,297
86,278,297
87,278,297
88,278,297
89,278,297
90,277,296
91,277,296
92,277,296
93,276,296
94,276,296
95,276,296
96,276,296
97,275,295
98,275,295
99,275,295
100,275,295
101,274,295
102,274,294
103,274,294
104,273,294
105,273,293
106,273,293
107,272,293
108,272,292
109,272,292
110,272,292
111,271,291
112,271,291
113,271,291
114,270,291
115,270,290
116,269,290
117,269,290
118,269,289
119,268,289
120,268,289
121,268,288
122,267,288
123,267,288
124,267,287
125,266,287
126,266,287
127,265,286
128,265,286
129,265,286
130,264,285
131,264,285
132,264,285
133,263,285
134,263,284
135,262,284
136,262,284
137,261,283
138,261,283
139,261,283
140,260,282
141,260,282
142,259,282
143,259,281
144,259,281
145,258,281
146,258,280
147,257,280
148,257,280
149,256,280
150,256,279
151,255,279
152,255,279
153,254,278
154,254,278
155,254,278
156,253,277
157,253,277
158,253,277
159,252,276
160,252,276
161,252,276
162,252,276
163,251,275
164,251,275
165,251,275
166,251,274
167,251,274
168,251,274
169,251,273
170,250,273
171,251,273
172,251,272
173,251,272
174,251,272
175,251,271
176,251,271
177,251,271
178,251,270
179,251,270
180,251,270
181,252,269
182,252,269
183,252,268
184,252,268
185,253,268
186,253,267
187,253,267
188,253,267
189,254,266
190,254,266
191,255,265
192,256,265
193,256,264
194,258,262
0,0
0,213
207,116,116
208,113,119
209,111,123
210,110,125
211,110,127
212,110,128
213,110,130
214,110,132
215,110,133
216,110,134
217,110,136
218,111,137
219,111,138
220,111,139
221,112,140
222,112,141
223,112,142
224,113,143
225,113,144
226,114,145
227,114,145
228,115,146
229,115,146
230,115,147
231,116,147
232,116,147
233,116,147
234,117,147
235,117,147
236,117,147
237,117,147
238,118,147
239,118,146
240,118,146
241,118,146
242,118,146
243,119,145
244,119,145
245,119,145
246,119,145
247,119,145
248,119,145
249,120,145
250,120,145
251,120,144
252,120,144
253,120,144
254,120,144
255,120,144
256,120,144
257,120,144
258,120,144
259,120,144
260,120,144
261,120,144
262,120,144
263,120,143
264,120,143
265,120,143
266,120,143
267,120,143
268,120,143
269,120,143
270,120,143
271,120,143
272,120,143
273,120,143
274,120,143
275,120,143
276,120,143
277,120,143
278,120,143
279,120,143
280,120,143
281,120,143
282,120,143
283,120,142
284,120,142
285,120,142
286,120,142
287,120,142
288,120,142
289,120,142
290,120,142
291,120,142
292,120,142
293,120,142
294,120,142
295,119,142
296,119,141
297,119,141
298,119,141
299,119,141
300,119,141
301,119,141
302,119,141
303,119,141
304,119,141
305,118,141
306,118,140
307,118,140
308,118,140
309,118,140
310,118,140
311,118,140
312,118,140
313,118,140
314,117,140
315,117,139
316,117,139
317,117,139
318,117,139
319,117,139
320,117,139
321,116,139
322,116,139
323,116,138
324,116,138
325,116,138
326,116,138
327,116,138
328,115,138
329,115,138
330,115,138
331,115,137
332,115,137
333,115,137
334,114,137
335,114,137
336,114,137
337,114,137
338,114,136
339,114,136
340,114,136
341,114,136
342,113,136
343,113,136
344,113,136
345,113,136
346,113,135
347,112,135
348,112,135
349,112,135
350,112,135
351,111,135
352,111,135
353,111,134
354,110,134
354,110,134
354,138,138
355,110,135
355,135,137
355,110,137
356,110,137
357,109,136
358,109,136
359,108,136
360,108,135
361,107,135
362,107,134
363,106,134
364,106,134
365,105,133
366,105,133
367,104,132
368,104,132
369,103,131
370,102,131
371,101,131
372,100,130
373,100,130
374,99,129
375,98,129
376,97,129
377,97,128
378,96,128
379,95,127
380,95,127
381,94,126
382,94,126
383,93,126
384,93,125
385,93,125
386,92,124
387,92,124
388,92,124
389,92,123
390,92,123
391,92,122
392,92,122
393,92,121
394,92,121
395,92,121
396,92,120
397,92,120
398,92,119
399,93,119
400,93,119
401,94,118
402,94,118
403,95,117
404,95,117
405,96,116
406,96,116
407,97,116
408,97,115
409,98,115
410,99,114
411,100,114
412,100,113
413,101,112
414,103,111
415,104,109
0,87
411,114,114
410,114,114
409,115,115
408,115,116
407,116,116
406,116,117
405,116,118
404,117,119
403,117,119
402,118,120
401,118,121
400,118,122
399,119,123
398,119,124
397,120,124
396,120,125
395,121,126
394,121,127
393,121,128
392,122,129
391,122,130
390,123,131
389,123,132
388,123,133
387,124,134
386,124,135
385,125,136
384,125,137
383,126,138
382,126,139
381,126,140
380,127,141
379,127,142
378,128,143
377,128,144
376,129,145
375,129,146
374,129,148
373,130,149
372,130,150
371,131,151
370,131,152
369,131,153
368,132,154
367,132,155
366,133,156
365,133,157
364,134,158
363,134,159
362,134,160
361,135,161
360,135,163
359,136,164
358,136,165
357,136,166
356,137,167
355,137,168
354,138,169
353,140,170
352,142,171
351,143,172
350,145,174
349,147,175
348,149,176
347,150,177
346,152,178
345,154,179
344,155,180
343,157,181
342,159,183
341,161,184
340,162,185
339,164,186
338,166,187
337,168,188
336,170,190
335,172,191
334,173,192
333,175,193
332,177,193
331,178,194
330,180,195
329,182,195
328,183,196
327,185,196
326,188,196
325,191,195
0,0
1,136
376,61,65
375,59,66
374,58,67
373,57,67
372,56,68
371,55,68
370,55,69
369,54,69
368,53,69
367,53,70
366,52,70
365,51,70
364,51,70
363,50,70
362,50,71
361,49,71
360,49,71
359,48,71
358,48,71
357,47,72
356,47,72
355,46,72
354,46,72
353,45,73
352,45,73
351,44,73
350,44,74
349,44,74
348,43,74
347,43,75
346,42,75
345,42,75
344,42,76
343,41,76
342,41,76
341,41,77
340,41,77
339,40,77
338,40,78
337,40,78
336,40,79
335,40,79
334,40,80
333,39,80
332,40,80
331,40,81
330,40,81
329,40,82
328,41,82
327,42,83
326,44,83
325,50,84
324,53,84
323,54,84
322,55,85
321,56,85
320,57,86
319,58,86
318,59,87
317,60,87
316,60,87
315,61,88
314,62,88
313,63,89
312,64,89
311,64,90
310,65,90
309,66,90
308,67,91
307,67,91
306,68,91
305,69,92
304,70,92
303,70,93
302,71,93
301,72,93
300,72,94
299,73,94
298,74,94
297,74,95
296,75,95
295,76,95
294,76,96
293,77,96
292,78,96
291,78,97
290,79,97
289,79,97
288,80,98
287,81,98
286,81,98
285,82,99
284,82,99
283,83,99
282,84,99
281,84,100
280,85,100
279,85,100
278,86,101
277,86,101
276,87,101
275,88,102
274,88,102
273,89,102
272,89,102
271,90,103
270,90,103
269,91,103
268,91,103
267,92,104
266,92,104
265,93,104
264,94,104
263,94,105
262,95,105
261,95,105
260,96,105
259,96,106
258,97,106
257,97,106
256,98,106
255,98,106
254,99,107
253,99,107
252,100,107
251,100,107
250,101,107
249,101,108
248,102,108
247,102,108
246,103,108
245,103,109
244,104,109
243,104,109
242,105,108
241,107,107
0,0
0,52
126,230,230
127,228,234
128,227,236
129,226,238
130,226,240
131,226,242
132,226,243
133,226,245
134,226,247
135,227,248
136,227,250
137,227,252
138,228,253
139,228,254
140,229,256
141,229,257
142,230,259
143,231,260
144,231,261
145,232,262
146,233,263
147,234,264
148,234,265
149,235,265
150,236,266
151,236,266
152,237,267
153,238,267
154,238,267
155,239,267
156,239,268
157,240,268
158,240,268
159,241,268
160,242,268
161,242,268
162,243,268
163,243,267
164,244,267
165,245,267
166,245,267
167,246,267
168,246,267
169,247,266
170,247,266
171,248,266
172,249,265
173,250,265
174,251,264
175,252,263
176,254,261
177,258,259
0,0
0,52
107,290,292
108,288,294
109,288,296
110,287,297
111,287,299
112,287,300
113,286,302
114,286,303
115,286,304
116,287,306
117,287,307
118,287,308
119,288,309
120,288,311
121,288,312
122,289,313
123,289,314
124,290,315
125,290,316
126,291,317
127,291,318
128,291,319
129,292,319
130,292,320
131,293,321
132,293,321
133,294,322
134,294,322
135,295,323
136,295,323
137,296,324
138,296,324
139,297,324
140,297,324
141,298,324
142,298,324
143,298,324
144,299,324
145,299,324
146,300,324
147,301,324
148,301,323
149,302,323
150,303,323
151,303,322
152,304,322
153,305,321
154,306,321
155,307,320
156,309,319
157,311,318
158,314,314
0,0
0,75
90,391,391
91,388,396
92,387,399
93,386,400
94,386,402
95,386,404
96,386,405
97,386,407
98,386,408
99,386,410
100,386,411
101,386,412
102,386,413
103,386,414
104,385,415
105,385,416
106,385,417
107,384,418
108,383,419
109,383,420
110,382,420
111,381,421
112,380,422
113,379,422
114,379,423
115,378,423
116,377,423
117,376,423
118,376,423
119,375,423
120,374,423
121,373,422
122,372,421
123,371,419
124,371,417
125,370,414
126,369,412
127,368,409
128,367,407
129,366,405
130,365,403
131,364,401
132,363,400
133,362,398
134,361,397
135,360,395
136,359,393
137,358,391
138,357,389
139,356,388
140,355,386
141,354,384
142,353,382
143,352,381
144,351,379
145,349,377
146,348,375
147,347,374
148,346,372
149,345,370
150,344,368
151,343,366
152,342,364
153,341,362
154,340,361
155,339,358
156,338,356
157,337,354
158,336,352
159,335,350
160,334,348
161,334,346
162,334,344
163,334,341
164,335,339
0,0
1,158
232,199,200
233,198,201
234,197,202
235,197,203
236,197,203
237,196,204
238,196,204
239,196,205
240,196,205
241,195,206
242,195,206
243,195,207
244,195,207
245,195,208
246,195,208
247,195,209
248,195,209
249,195,209
250,195,210
251,194,210
252,194,210
253,194,210
254,194,211
255,194,211
256,194,211
257,194,211
258,194,211
259,194,211
260,194,212
261,193,212
262,193,212
263,193,212
264,193,212
265,193,212
266,193,212
267,193,212
268,193,212
269,193,212
270,192,212
271,192,212
272,192,212
273,192,211
274,192,211
275,192,211
276,192,211
277,191,211
278,191,211
279,191,210
280,191,210
281,191,210
282,191,210
283,190,210
284,190,210
285,190,209
286,190,209
287,190,209
288,190,209
289,189,209
290,189,208
291,189,208
292,189,208
293,189,208
294,188,208
295,188,207
296,188,207
297,188,207
298,188,207
299,187,207
300,187,206
301,187,206
302,187,206
303,186,206
304,186,206
305,186,206
306,186,205
307,185,205
308,185,205
309,185,205
310,185,205
311,185,204
312,184,204
313,184,204
314,184,204
315,184,204
316,183,203
317,183,203
318,183,203
319,183,203
320,182,203
321,182,203
322,182,202
323,181,202
324,181,202
325,181,202
326,181,202
327,180,201
328,180,201
329,180,201
330,179,201
331,179,201
332,179,200
333,179,200
334,178,200
335,178,200
336,178,200
337,177,200
338,177,199
339,177,199
340,176,199
341,176,199
342,176,199
343,175,198
344,175,198
345,175,198
346,175,198
347,174,198
348,174,197
349,174,197
350,173,197
351,173,197
352,173,197
353,173,196
354,173,196
355,172,196
356,172,196
357,172,196
358,172,195
359,172,195
360,172,195
361,172,195
362,172,195
363,172,194
364,172,194
365,171,194
366,172,194
367,172,194
368,172,193
369,172,193
370,173,193
371,173,193
372,173,192
373,173,192
374,173,192
375,174,192
376,174,191
377,174,191
378,175,191
379,175,191
380,175,190
381,176,190
382,176,190
383,177,190
384,177,189
385,178,189
386,178,188
387,179,188
388,181,186
389,184,184
0,0
1,226
211,258,260
212,257,262
213,257,263
214,257,264
215,257,265
216,256,266
217,256,267
218,256,267
219,256,268
220,256,269
221,256,269
222,256,270
223,255,270
224,255,271
225,255,271
226,255,271
227,255,272
228,255,272
229,255,272
230,254,272
231,254,273
232,254,273
233,254,273
234,254,273
235,254,273
236,253,273
237,253,274
238,253,273
239,253,273
240,253,273
241,253,273
242,253,273
243,252,273
244,252,272
245,252,272
246,252,272
247,252,272
248,252,271
249,251,271
250,251,271
251,251,271
252,251,270
253,251,270
254,251,270
255,251,270
256,250,269
257,250,269
258,250,269
259,250,269
260,250,268
261,250,268
262,250,268
263,249,268
264,249,267
265,249,267
266,249,267
267,249,267
268,249,266
269,248,266
270,248,266
271,248,266
272,248,265
273,248,265
274,248,265
275,247,265
276,247,265
277,247,265
278,247,264
279,247,264
280,247,264
281,247,264
282,246,263
283,246,263
284,246,263
285,246,263
286,246,263
287,246,263
288,245,262
289,245,262
290,245,262
291,245,262
292,245,262
293,245,262
294,245,261
295,244,261
296,244,261
297,244,261
298,244,261
299,244,261
300,244,260
301,243,260
302,243,260
303,243,260
304,243,260
305,243,260
306,243,259
307,242,259
308,242,259
309,242,259
310,242,259
311,242,259
312,242,259
313,241,258
314,241,258
315,241,258
316,241,258
317,241,258
318,241,258
319,241,258
320,240,258
321,240,257
322,240,257
323,240,257
324,240,257
325,239,257
326,239,257
327,239,257
328,239,257
329,239,257
330,239,256
331,238,256
332,238,256
333,238,256
334,238,256
335,238,256
336,238,256
337,237,256
338,237,256
339,237,256
340,237,256
341,237,255
342,237,255
343,236,255
344,236,255
345,236,255
346,236,255
347,236,255
348,235,255
349,235,255
350,235,255
351,235,255
352,235,255
353,234,255
354,234,255
355,234,255
356,234,255
357,234,255
358,234,254
359,233,254
360,233,254
361,233,254
362,233,254
363,233,254
364,232,254
365,232,254
366,232,254
367,232,254
368,232,254
369,231,254
370,231,254
371,231,254
372,231,254
373,230,254
374,230,254
375,230,254
376,230,254
377,230,254
378,229,254
379,229,254
380,229,254
381,229,254
382,229,254
383,228,254
384,228,254
385,228,254
386,228,254
387,227,254
388,227,254
389,227,254
390,227,254
391,227,254
392,226,254
393,226,254
394,226,254
395,226,254
396,226,254
397,226,254
398,226,254
399,226,254
400,225,254
401,226,254
402,226,254
403,226,254
404,226,254
405,227,253
406,227,253
407,227,253
408,227,253
409,227,253
410,228,253
411,228,253
412,228,253
413,229,253
414,229,253
415,230,253
416,230,253
417,231,253
418,231,253
419,232,253
420,232,253
421,233,253
422,233,253
423,234,253
424,235,253
425,235,253
426,236,253
427,237,253
428,237,253
429,238,253
430,239,252
431,240,252
432,241,252
433,242,252
434,243,251
435,244,250
436,246,249
0,0
0,240
198,274,274
199,270,279
200,268,282
201,268,285
202,267,287
203,267,289
204,267,291
205,267,293
206,267,295
207,267,297
208,267,298
209,267,300
210,268,301
211,268,302
212,268,303
213,268,304
214,268,304
215,268,304
216,268,304
217,268,304
218,269,304
219,269,304
220,269,304
221,269,303
222,269,302
223,269,302
224,269,301
225,269,301
226,269,301
227,269,300
228,269,300
229,269,299
230,269,299
231,269,299
232,269,298
233,269,298
234,269,298
235,269,297
236,269,297
237,269,297
238,269,296
239,269,296
240,269,296
241,269,295
242,269,295
243,268,294
244,268,294
245,268,294
246,268,293
247,268,293
248,268,293
249,268,292
250,267,292
251,267,292
252,267,291
253,267,291
254,267,291
255,267,290
256,266,290
257,266,290
258,266,290
259,266,289
260,266,289
261,265,289
262,265,288
263,265,288
264,264,288
265,264,287
266,264,287
267,264,287
268,263,287
269,263,286
270,263,286
271,262,286
272,262,285
273,262,285
274,261,285
275,261,284
276,261,284
277,260,284
278,260,284
279,260,283
280,259,283
281,259,282
282,259,282
283,258,282
284,258,282
285,258,281
286,257,281
287,257,280
288,256,280
289,256,280
290,256,279
291,255,279
292,255,279
293,255,278
294,254,278
295,254,278
296,253,277
297,253,277
298,252,276
299,252,276
300,252,276
301,251,275
302,251,275
303,250,274
304,250,274
305,249,273
306,249,273
307,249,273
308,248,272
309,248,272
310,247,271
311,247,271
312,246,270
313,246,270
314,245,270
315,245,269
316,244,269
317,244,268
318,243,268
319,242,267
320,242,267
321,241,266
322,241,266
323,240,265
324,240,265
325,239,264
326,239,264
327,238,263
328,237,263
329,237,262
330,236,262
331,236,261
332,235,261
333,235,260
334,234,260
335,233,259
336,233,259
337,232,258
338,231,257
339,231,257
340,230,256
341,230,256
342,229,255
343,228,254
344,228,254
345,227,253
346,226,253
347,226,252
348,225,251
349,224,251
350,224,250
351,223,249
352,222,249
353,222,248
354,221,247
355,220,247
356,219,246
357,219,245
358,218,245
359,217,244
360,217,243
361,216,243
362,215,242
363,214,241
364,213,240
365,213,239
366,212,239
367,211,238
368,210,237
369,209,236
370,208,235
371,208,235
372,207,234
373,206,233
374,205,232
375,204,231
376,203,230
377,203,229
378,202,228
379,201,228
380,200,227
381,199,226
382,198,225
383,197,224
384,196,223
385,195,222
386,194,221
387,193,220
388,192,219
389,191,218
390,191,217
391,190,216
392,189,215
393,188,214
394,187,213
395,186,212
396,185,210
397,184,209
398,183,208
399,182,207
400,181,206
401,180,205
402,179,204
403,178,203
404,177,201
405,176,200
406,175,199
407,174,198
408,173,196
409,172,195
410,171,194
411,170,192
412,168,191
413,167,190
414,166,188
415,165,187
416,164,186
417,163,184
418,162,183
419,161,181
420,160,180
421,159,179
422,158,177
423,157,175
424,156,174
425,155,172
426,154,171
427,153,169
428,152,168
429,151,166
430,150,164
431,149,163
432,148,161
433,147,159
434,146,157
435,146,156
436,147,153
437,150,150
0,0
1,94
250,302,304
251,301,305
252,300,306
253,300,306
254,299,307
255,299,308
256,299,308
257,299,309
258,298,309
259,298,310
260,298,310
261,298,310
262,298,311
263,298,311
264,298,311
265,298,311
266,297,311
267,297,311
268,297,311
269,297,312
270,297,311
271,297,311
272,297,311
273,297,311
274,297,311
275,297,311
276,296,311
277,296,311
278,296,311
279,296,310
280,296,310
281,296,310
282,296,310
283,296,310
284,295,309
285,295,309
286,295,309
287,295,309
288,295,308
289,295,308
290,295,308
291,294,308
292,294,308
293,294,308
294,294,307
295,294,307
296,294,307
297,293,307
298,293,307
299,293,306
300,293,306
301,293,306
302,292,306
303,292,306
304,292,306
305,292,305
306,292,305
307,291,305
308,291,305
309,291,305
310,291,304
311,290,304
312,290,304
313,290,304
314,290,304
315,289,304
316,289,303
317,289,303
318,288,303
319,288,303
320,288,303
321,288,303
322,287,302
323,287,302
324,287,302
325,286,302
326,286,302
327,286,302
328,285,301
329,285,301
330,285,301
331,284,301
332,284,301
333,284,300
334,283,300
335,283,300
336,282,300
337,282,300
338,282,300
339,281,299
340,281,296
341,280,292
342,280,287
343,279,282
0,173
277,354,354
278,346,360
279,344,363
280,343,365
281,343,367
282,342,369
283,342,371
284,342,373
285,342,375
286,342,376
287,341,378
288,341,379
289,341,381
290,341,382
291,341,383
292,340,385
293,340,386
294,340,387
295,340,388
296,340,388
297,339,389
298,339,390
299,339,390
299,339,343
299,343,390
300,339,339
300,344,390
300,344,390
301,346,390
302,347,390
303,347,390
304,347,389
305,347,389
306,348,388
307,348,387
308,348,386
309,348,385
310,348,384
311,347,383
312,347,382
313,347,381
314,347,380
315,347,380
316,347,379
317,347,378
318,346,378
319,346,377
320,346,377
321,346,376
322,346,376
323,345,375
324,345,375
325,345,375
326,345,374
327,345,374
328,344,374
329,344,373
330,344,373
331,343,373
332,343,372
333,343,372
334,343,371
335,342,371
336,342,371
337,342,370
338,341,370
339,341,370
340,341,369
341,340,369
342,340,369
343,340,368
344,339,368
345,339,367
346,339,367
347,338,367
348,338,366
349,338,366
350,337,365
351,337,365
352,337,365
353,336,364
354,336,364
355,335,363
356,335,363
357,334,362
358,334,362
359,334,361
360,333,361
361,332,360
362,332,360
363,332,359
364,331,359
365,330,358
366,330,358
367,329,357
368,329,357
369,328,356
370,328,356
371,327,355
372,326,355
373,326,354
374,325,353
375,324,353
376,324,352
377,323,352
378,322,351
379,321,351
380,320,350
381,320,349
382,319,349
383,318,348
384,317,347
385,316,347
386,315,346
387,315,345
388,313,344
389,312,344
390,312,343
391,310,342
392,310,342
393,309,341
394,308,340
395,306,339
396,305,338
397,304,337
398,303,337
399,302,336
400,301,335
401,299,334
402,298,333
403,297,332
404,295,331
405,294,330
406,292,329
407,291,328
408,289,327
409,288,326
410,286,325
411,284,323
412,282,322
413,280,321
414,278,320
415,276,319
416,274,317
417,272,316
418,269,314
419,267,313
420,265,311
421,262,310
422,260,308
423,257,307
424,254,305
425,251,303
426,249,301
427,246,299
428,243,297
429,240,295
430,237,292
431,233,290
432,230,287
433,227,284
434,223,281
435,220,277
436,216,274
437,212,270
438,209,266
439,207,261
440,207,257
441,207,251
442,208,245
443,210,238
444,213,230
445,219,219
0,0
1,228
247,323,324
248,322,326
249,322,327
250,322,328
251,321,328
252,321,329
253,321,330
254,321,331
255,321,331
256,321,332
257,321,333
258,321,333
259,321,334
260,320,335
261,321,336
262,321,336
263,321,337
264,322,338
265,322,339
266,322,340
267,322,340
268,323,341
269,323,342
270,323,343
271,324,344
272,325,345
273,325,346
274,326,347
275,327,348
276,327,349
277,328,350
278,329,351
279,330,352
280,330,353
281,331,354
282,332,355
283,333,356
284,334,357
285,335,358
286,336,359
287,337,360
288,338,361
289,339,362
290,340,364
291,341,365
292,342,366
293,343,367
294,344,368
295,345,369
296,346,370
297,347,371
298,348,372
299,349,374
300,351,375
301,351,376
302,352,377
303,353,378
304,354,379
305,355,380
306,356,382
307,357,383
308,358,384
309,359,385
310,360,386
311,361,387
312,362,389
313,363,390
314,364,391
315,365,392
316,366,393
317,367,395
318,368,396
319,369,397
320,370,398
321,371,399
322,372,401
323,373,402
324,373,403
325,374,404
326,375,405
327,376,406
328,377,407
329,378,408
330,379,410
331,380,411
332,381,412
333,381,413
334,382,414
335,383,415
336,384,416
337,385,417
338,386,418
339,386,419
340,387,420
341,388,421
342,389,422
343,390,423
344,390,424
345,391,425
346,392,426
347,393,427
348,393,428
349,394,429
350,395,430
351,395,431
352,396,432
353,397,433
354,398,434
355,398,435
356,399,436
357,400,437
358,400,438
359,401,439
360,401,440
361,402,441
362,403,442
363,403,443
364,404,444
365,405,445
366,405,446
367,406,447
368,406,448
369,407,448
370,407,449
371,408,450
372,409,451
373,409,452
374,410,452
375,410,453
376,411,453
377,411,454
378,412,454
379,412,454
380,413,455
381,413,455
382,414,455
383,414,455
384,415,456
385,415,456
386,416,456
387,416,456
388,417,456
389,417,457
390,417,457
391,418,457
392,418,457
393,419,457
394,419,457
395,420,457
396,420,457
397,420,457
398,421,457
399,421,457
400,421,457
401,422,457
402,422,458
403,422,458
404,423,458
405,423,458
406,423,458
407,424,458
408,424,458
409,424,458
410,425,458
411,425,458
412,425,458
413,426,458
414,426,458
415,426,458
416,427,458
417,427,457
418,427,457
419,428,457
420,428,457
421,428,457
422,429,457
423,429,457
424,429,457
425,430,457
426,430,457
427,430,457
428,431,457
429,431,457
430,431,457
431,432,457
432,432,457
433,432,457
434,433,457
435,433,456
436,433,456
437,434,456
438,434,456
439,434,456
440,435,456
441,435,456
442,435,456
443,436,456
444,436,456
445,436,456
446,437,455
447,437,455
448,437,455
449,438,455
450,438,455
451,438,455
452,439,455
453,439,455
454,439,454
455,439,454
456,440,454
457,440,454
458,440,454
459,441,454
460,441,453
461,442,453
462,442,453
463,442,453
464,443,453
465,443,452
466,443,452
467,444,452
468,444,452
469,444,451
470,445,451
471,445,451
472,446,450
473,447,450
474,447,449
0,0
