0,221
43,133,133
44,129,137
45,126,140
46,125,143
47,124,145
48,124,147
49,124,149
50,124,150
51,124,152
52,124,153
53,125,155
54,125,156
55,126,158
56,126,159
57,126,160
58,127,161
59,127,163
60,127,164
61,128,165
62,128,166
63,128,167
64,128,168
65,128,168
66,129,169
67,129,170
68,129,170
69,129,171
70,129,171
71,129,171
72,129,171
73,129,171
74,128,171
75,128,171
76,128,171
77,128,170
78,128,170
79,128,169
80,128,169
81,127,168
82,127,167
83,127,166
84,127,165
85,127,164
86,126,163
87,126,163
88,126,162
89,125,161
90,125,160
91,125,160
92,124,159
93,124,158
94,124,158
95,123,157
96,123,156
97,123,156
98,122,155
99,122,155
100,122,154
101,121,153
102,121,153
103,120,152
104,120,151
105,120,151
106,119,150
107,119,150
108,118,149
109,118,148
110,117,148
111,117,147
112,117,147
113,116,146
114,116,145
115,115,145
116,115,144
117,114,144
118,114,143
119,113,143
120,113,142
121,112,141
122,112,141
123,111,140
124,111,140
125,110,139
126,110,139
127,109,138
128,109,138
129,108,137
130,108,136
131,107,136
132,107,135
133,106,135
134,106,134
135,105,134
136,105,133
137,104,133
138,104,132
139,103,131
140,102,131
141,102,130
142,101,130
143,101,129
144,100,128
145,100,128
146,99,127
147,98,127
148,98,126
149,97,125
150,97,125
151,96,124
152,96,124
153,95,123
154,94,122
155,94,122
156,93,121
157,93,120
158,92,120
159,91,119
160,91,119
161,90,118
162,90,117
163,89,117
164,89,116
165,88,115
166,87,115
167,87,114
168,86,113
169,85,113
170,85,112
171,84,111
172,84,111
173,83,110
174,82,109
175,82,109
176,81,108
177,80,107
178,80,106
179,79,106
180,78,105
181,78,105
182,77,104
183,76,103
184,76,102
185,75,102
186,75,101
187,74,100
188,73,99
189,73,99
190,72,98
191,71,97
192,70,97
193,70,96
194,69,95
195,69,94
196,68,94
197,67,93
198,66,92
199,66,91
200,65,90
201,64,90
202,64,89
203,63,88
204,62,87
205,62,87
206,61,86
207,60,85
208,60,84
209,59,83
210,58,83
211,57,82
212,57,81
213,56,80
214,55,79
215,55,79
216,54,78
217,53,77
218,52,76
219,52,75
220,51,74
221,50,73
222,49,73
223,49,72
224,48,71
225,47,70
226,47,69
227,46,68
228,45,67
229,44,66
230,44,65
231,43,65
232,42,64
233,41,63
234,41,62
235,40,61
236,39,60
237,38,59
238,38,58
239,37,57
240,36,56
241,35,55
242,35,54
243,34,53
244,33,52
245,32,51
246,32,50
247,31,49
248,30,48
249,29,47
250,29,46
251,28,45
252,27,44
253,26,43
254,25,41
255,25,40
256,24,39
257,23,38
258,23,36
259,23,35
260,22,34
261,22,32
262,22,30
263,23,28
0,0
1,97
114,136,138
115,135,139
116,135,140
117,134,140
118,134,141
119,133,141
120,133,142
121,133,142
122,133,142
123,132,143
124,132,143
125,132,144
126,132,144
127,132,144
128,131,144
129,131,145
130,131,145
131,131,145
132,131,145
133,131,145
134,130,146
135,130,146
136,130,146
137,130,146
138,130,146
139,129,146
140,129,146
141,129,146
142,129,146
143,128,146
144,128,146
145,128,147
146,128,146
147,127,146
148,127,146
149,127,146
150,126,146
151,126,146
152,126,146
153,125,145
154,125,145
155,125,145
156,124,145
157,124,145
158,124,144
159,123,144
160,123,144
161,123,143
162,122,143
163,122,143
164,121,143
165,121,142
166,121,142
167,120,142
168,120,141
169,119,141
170,119,141
171,118,141
172,118,140
173,118,140
174,118,140
175,117,139
176,117,139
177,117,139
178,117,139
179,116,138
180,116,138
181,116,138
182,116,138
183,116,137
184,116,137
185,115,137
186,116,136
187,116,136
188,116,136
189,116,136
190,116,135
191,116,135
192,116,135
193,116,135
194,116,134
195,117,134
196,117,134
197,117,133
198,117,133
199,117,133
200,118,132
201,118,132
202,118,132
203,118,132
204,119,131
205,119,131
206,120,131
207,120,130
208,121,130
209,122,129
210,124,127
0,0
1,117
88,210,212
89,209,213
90,208,213
91,208,214
92,207,214
93,207,215
94,206,215
95,206,216
96,206,216
97,205,216
98,205,217
99,205,217
100,205,217
101,204,217
102,204,218
103,204,218
104,204,218
105,204,218
106,203,219
107,203,219
108,203,219
109,203,219
110,202,219
111,202,219
112,202,219
113,202,219
114,201,220
115,201,220
116,201,220
117,200,220
118,200,220
119,200,220
120,200,220
121,199,220
122,199,219
123,199,219
124,198,219
125,198,219
126,198,219
127,197,219
128,197,219
129,197,218
130,197,218
131,196,218
132,196,218
133,195,217
134,195,217
135,195,217
136,194,216
137,194,216
138,194,216
139,193,215
140,193,215
141,192,215
142,192,214
143,192,214
144,191,214
145,191,213
146,190,213
147,190,213
148,189,212
149,189,212
150,189,212
151,188,211
152,188,211
153,187,211
154,187,210
155,186,210
156,186,210
157,185,209
158,185,209
159,184,209
160,184,208
161,183,208
162,183,208
163,182,207
164,182,207
165,182,207
166,181,206
167,181,206
168,181,206
169,181,205
170,180,205
171,180,205
172,180,204
173,180,204
174,180,204
175,179,203
176,179,203
177,179,203
178,179,202
179,179,202
180,179,202
181,178,201
182,179,201
183,179,201
184,179,200
185,179,200
186,179,200
187,179,199
188,179,199
189,180,198
190,180,198
191,180,198
192,180,197
193,180,197
194,180,197
195,181,196
196,181,196
197,181,196
198,182,195
199,182,195
200,182,194
201,183,194
202,184,193
203,185,193
204,186,191
0,0
1,142
57,290,292
58,289,293
59,288,293
60,288,294
61,287,294
62,287,295
63,286,295
64,286,296
65,286,296
66,286,296
67,285,297
68,285,297
69,285,297
70,285,298
71,284,298
72,284,298
73,284,299
74,284,299
75,284,299
76,283,299
77,283,299
78,283,300
79,283,300
80,283,300
81,282,300
82,282,300
83,282,300
84,282,300
85,281,300
86,281,300
87,281,300
88,281,300
89,280,300
90,280,301
91,280,300
92,280,300
93,279,300
94,279,300
95,279,300
96,279,300
97,278,300
98,278,299
99,278,299
100,277,299
101,277,299
102,277,298
103,277,298
104,276,298
105,276,298
106,276,297
107,275,297
108,275,297
109,275,296
110,274,296
111,274,296
112,274,295
113,273,295
114,273,295
115,273,294
116,272,294
117,272,294
118,272,293
119,271,293
120,271,293
121,271,293
122,270,292
123,270,292
124,270,292
125,269,291
126,269,291
127,268,291
128,268,290
129,268,290
130,267,290
131,267,289
132,267,289
133,266,289
134,266,288
135,265,288
136,265,288
137,264,287
138,264,287
139,264,287
140,263,287
141,263,286
142,262,286
143,262,286
144,262,285
145,261,285
146,261,285
147,260,284
148,260,284
149,259,284
150,259,283
151,259,283
152,258,283
153,257,282
154,257,282
155,256,282
156,256,282
157,256,281
158,255,281
159,255,281
160,255,280
161,254,280
162,254,280
163,254,279
164,254,279
165,253,279
166,253,278
167,253,278
168,253,278
169,253,277
170,253,277
171,253,277
172,252,276
173,253,276
174,253,276
175,253,275
176,253,275
177,253,275
178,253,274
179,253,274
180,253,274
181,253,273
182,253,273
183,253,273
184,254,272
185,254,272
186,254,272
187,254,271
188,254,271
189,255,271
190,255,270
191,255,270
192,256,269
193,256,269
194,256,269
195,257,268
196,258,267
197,259,267
198,260,265
0,0
0,212
214,117,117
215,115,122
216,113,125
217,112,127
218,112,130
219,112,132
220,112,133
221,112,135
222,112,137
223,112,138
224,112,139
225,113,140
226,113,142
227,113,143
228,114,144
229,114,145
230,115,146
231,115,147
232,116,148
233,116,148
234,117,149
235,117,149
236,118,150
237,118,150
238,118,150
239,119,150
240,119,150
241,120,150
242,120,150
243,120,150
244,121,149
245,121,149
246,121,149
247,121,149
248,122,149
249,122,149
250,122,149
251,123,149
252,123,149
253,123,148
254,123,148
255,123,148
256,123,148
257,124,148
258,124,148
259,124,148
260,124,148
261,124,148
262,124,148
263,124,148
264,125,148
265,125,148
266,125,148
267,125,148
268,125,148
269,125,148
270,125,148
271,125,148
272,125,148
273,125,148
274,125,148
275,125,148
276,125,148
277,126,148
278,126,148
279,126,148
280,126,148
281,126,148
282,126,148
283,126,148
284,126,148
285,126,148
286,126,148
287,126,148
288,126,148
289,126,148
290,126,148
291,126,148
292,126,148
293,126,148
294,126,148
295,126,148
296,126,148
297,126,148
298,126,148
299,126,148
300,126,148
301,126,148
302,126,148
303,126,148
304,126,148
305,126,148
306,126,148
307,126,148
308,126,148
309,126,148
310,126,148
311,126,148
312,126,148
313,125,148
314,125,148
315,125,147
316,125,147
317,125,147
318,125,147
319,125,147
320,125,147
321,125,147
322,125,147
323,125,147
324,125,147
325,125,147
326,125,147
327,125,147
328,124,147
329,124,147
330,124,147
331,124,146
332,124,146
333,124,146
334,124,146
335,124,146
336,124,146
337,124,146
338,124,146
339,123,146
340,123,146
341,123,146
342,123,146
343,123,146
344,123,146
345,123,145
346,123,145
347,123,145
348,123,145
349,122,145
350,122,145
351,122,145
352,122,145
353,122,145
354,121,145
355,121,145
356,121,145
357,121,145
358,120,145
359,120,144
360,120,145
361,120,145
361,120,145
361,150,150
362,119,147
362,147,149
362,119,149
363,119,149
364,118,149
365,118,148
366,118,148
367,117,147
368,117,147
369,116,146
370,116,146
371,115,145
372,115,145
373,114,145
374,113,144
375,113,144
376,112,143
377,111,143
378,111,142
379,110,142
380,109,141
381,108,141
382,108,140
383,107,140
384,106,140
385,106,139
386,105,139
387,105,138
388,104,138
389,104,137
390,104,137
391,103,136
392,103,136
393,103,136
394,102,135
395,102,135
396,102,134
397,102,134
398,102,133
399,102,133
400,102,132
401,102,132
402,103,132
403,103,131
404,103,131
405,103,130
406,104,130
407,104,129
408,105,129
409,105,128
410,106,128
411,106,127
412,107,127
413,107,127
414,108,126
415,109,126
416,109,125
417,110,125
418,111,124
419,112,123
420,114,122
421,116,120
0,80
416,125,125
415,126,126
414,126,126
413,127,127
412,127,128
411,127,129
410,128,130
409,128,130
408,129,131
407,129,132
406,130,133
405,130,134
404,131,135
403,131,136
402,131,137
401,132,138
400,132,139
399,133,140
398,133,141
397,134,142
396,134,143
395,135,144
394,135,145
393,136,146
392,136,147
391,136,148
390,137,149
389,137,150
388,138,151
387,138,152
386,139,153
385,139,155
384,140,156
383,140,157
382,140,158
381,141,159
380,141,160
379,142,161
378,142,162
377,143,163
376,143,164
375,144,165
374,144,167
373,145,168
372,145,169
371,145,170
370,146,171
369,146,172
368,147,173
367,147,174
366,148,176
365,148,177
364,149,178
363,149,179
362,149,180
361,150,181
360,151,182
359,153,184
358,155,185
357,157,186
356,159,187
355,161,188
354,163,189
353,165,191
352,167,192
351,169,193
350,171,194
349,173,195
348,175,197
347,177,198
346,179,199
345,181,200
344,183,201
343,185,202
342,187,202
341,188,203
340,190,204
339,192,204
338,195,204
337,197,203
0,0
0,48
25,272,272
26,267,280
27,265,286
28,265,291
29,265,296
30,265,300
31,265,304
32,265,307
33,265,310
34,266,312
35,266,314
36,267,316
37,268,318
38,269,319
39,270,320
40,271,321
41,272,322
42,273,323
43,275,324
44,276,324
45,278,325
46,279,325
47,281,326
48,282,326
49,284,326
50,285,327
51,287,327
52,288,327
53,290,328
54,291,328
55,292,328
56,294,328
57,295,329
58,296,329
59,298,329
60,299,329
61,300,329
62,302,329
63,303,329
64,304,329
65,306,328
66,307,328
67,308,328
68,310,327
69,311,326
70,313,325
71,315,323
72,319,319
0,0
1,198
216,106,109
217,105,110
218,105,111
219,104,111
220,104,112
221,104,113
222,104,114
223,103,114
224,103,115
225,103,116
226,103,117
227,103,117
228,103,118
229,103,118
230,102,119
231,102,120
232,102,120
233,102,121
234,102,122
235,102,122
236,102,122
237,101,123
238,101,123
239,101,123
240,101,124
241,101,124
242,101,124
243,101,124
244,100,124
245,100,124
246,100,124
247,100,124
248,100,124
249,100,123
250,100,123
251,99,123
252,99,123
253,99,122
254,99,122
255,99,122
256,99,122
257,99,122
258,99,121
259,98,121
260,98,121
261,98,121
262,98,120
263,98,120
264,98,120
265,98,120
266,98,119
267,97,119
268,97,119
269,97,119
270,97,119
271,97,118
272,97,118
273,97,118
274,96,118
275,96,118
276,96,117
277,96,117
278,96,117
279,96,117
280,96,116
281,95,116
282,95,116
283,95,116
284,95,116
285,95,115
286,95,115
287,94,115
288,94,115
289,94,115
290,94,114
291,94,114
292,94,114
293,93,114
294,93,114
295,93,113
296,93,113
297,92,113
298,92,113
299,92,113
300,92,112
301,92,112
302,91,112
303,91,112
304,91,112
305,91,111
306,91,111
307,90,111
308,90,111
309,90,111
310,90,111
311,90,110
312,89,110
313,89,110
314,89,110
315,89,110
316,88,109
317,88,109
318,88,109
319,88,109
320,88,109
321,87,108
322,87,108
323,87,108
324,87,108
325,86,108
326,86,108
327,86,107
328,85,107
329,85,107
330,85,107
331,85,107
332,84,107
333,84,106
334,84,106
335,84,106
336,83,106
337,83,106
338,83,106
339,83,105
340,83,105
341,82,105
342,82,105
343,82,105
344,81,104
345,81,104
346,81,104
347,81,104
348,80,104
349,80,104
350,80,104
351,80,103
352,79,103
353,79,103
354,79,103
355,79,103
356,78,103
357,78,102
358,78,102
359,78,102
360,77,102
361,77,102
362,77,102
363,76,101
364,76,101
365,76,101
366,76,101
367,75,101
368,75,101
369,75,101
370,75,100
371,74,100
372,74,100
373,74,100
374,74,100
375,74,100
376,73,99
377,73,99
378,73,99
379,73,99
380,73,99
381,73,99
382,73,98
383,72,98
384,73,98
385,73,98
386,73,98
387,73,98
388,73,98
389,74,97
390,74,97
391,74,97
392,74,97
393,74,97
394,75,97
395,75,97
396,75,96
397,76,96
398,76,96
399,77,96
400,77,96
401,77,96
402,78,96
403,78,96
404,79,96
405,79,96
406,80,96
407,80,95
408,81,95
409,81,95
410,82,94
411,82,93
412,83,92
413,85,90
0,0
0,96
152,236,236
153,230,241
154,228,245
155,228,250
156,228,253
157,228,255
158,228,256
159,228,258
160,228,258
161,229,259
162,229,259
163,230,259
164,231,260
165,231,260
166,232,260
167,232,260
168,233,260
169,233,260
170,234,260
171,234,260
172,234,261
173,235,261
174,235,261
175,236,261
176,236,261
177,237,261
178,237,261
179,238,262
180,238,262
181,238,262
182,239,262
183,239,262
184,240,262
185,240,263
186,240,263
187,241,263
188,241,263
189,241,263
190,242,263
191,242,263
192,242,264
193,243,264
194,243,264
195,243,264
196,243,264
197,244,265
198,244,265
199,244,265
200,245,265
201,245,265
202,245,265
203,245,266
204,246,266
205,246,266
206,246,266
207,246,266
208,247,267
209,247,267
210,247,267
211,247,267
212,247,267
213,248,268
214,248,268
215,248,268
216,248,268
217,248,268
218,249,268
219,249,268
220,249,269
221,249,269
222,250,269
223,250,269
224,250,269
225,251,269
226,251,269
227,251,269
228,252,269
229,252,270
230,252,270
231,253,270
232,253,270
233,254,270
234,254,270
235,254,270
236,255,270
237,255,270
238,256,270
239,257,270
240,257,269
241,258,269
242,259,269
243,260,269
244,261,269
245,262,268
246,264,268
247,266,266
0,0
1,108
234,160,162
235,159,164
236,159,165
237,159,166
238,158,166
239,158,167
240,158,167
241,158,168
242,158,168
243,158,169
244,157,169
245,157,169
246,157,170
247,157,170
248,157,170
249,157,170
250,157,170
251,156,171
252,156,171
253,156,171
254,156,171
255,156,171
256,156,171
257,155,170
258,155,170
259,155,170
260,155,170
261,155,170
262,155,170
263,154,169
264,154,169
265,154,169
266,154,169
267,154,168
268,154,168
269,153,168
270,153,167
271,153,167
272,153,167
273,153,167
274,152,167
275,152,166
276,152,166
277,152,166
278,151,166
279,151,165
280,151,165
281,151,165
282,151,165
283,150,165
284,150,164
285,150,164
286,150,164
287,149,164
288,149,164
289,149,163
290,149,163
291,148,163
292,148,163
293,148,163
294,148,162
295,147,162
296,147,162
297,147,162
298,146,162
299,146,161
300,146,161
301,146,161
302,145,161
303,145,161
304,145,160
305,144,160
306,144,160
307,144,160
308,143,160
309,143,159
310,143,159
311,142,159
312,142,159
313,142,158
314,141,158
315,141,158
316,141,158
317,140,158
318,140,157
319,140,157
320,139,157
321,139,157
322,138,157
323,138,156
324,138,156
325,137,156
326,137,156
327,136,156
328,136,156
329,136,155
330,135,155
331,135,155
332,134,155
333,134,155
334,134,155
335,133,155
336,135,155
337,140,155
338,144,155
339,148,156
340,153,156
341,157,157
0,80
132,339,346
133,335,351
134,335,354
135,335,357
136,336,359
137,336,361
138,336,363
139,336,365
140,337,367
141,337,369
142,337,371
143,337,372
144,338,374
145,338,375
146,338,377
147,338,378
148,338,379
149,339,381
150,339,382
151,339,383
152,339,384
153,340,384
154,340,385
155,340,386
156,340,386
157,341,386
158,341,386
159,342,386
160,342,386
161,342,386
162,342,385
163,342,385
164,342,384
165,342,383
166,342,382
167,342,381
168,342,379
169,342,378
170,342,377
171,342,376
172,342,375
173,341,374
174,341,373
175,341,373
176,341,372
177,341,371
178,340,370
179,340,369
180,340,369
181,340,368
182,340,368
183,339,367
184,339,366
185,339,366
186,339,365
187,338,365
188,338,364
189,338,364
190,338,363
191,337,363
192,337,363
193,337,362
194,337,362
195,336,361
196,336,361
197,336,360
198,335,360
199,335,359
200,335,359
201,334,358
202,334,358
203,334,358
204,334,357
205,333,357
206,333,357
207,333,356
208,332,356
209,332,355
210,332,355
211,331,331
0,0
1,107
260,222,225
261,221,226
262,221,227
263,220,228
264,220,229
265,220,230
266,220,231
267,219,232
268,219,232
269,219,233
270,219,233
271,219,233
272,218,234
273,218,234
274,218,234
275,218,234
276,218,234
277,217,234
278,217,234
279,217,234
280,217,234
281,216,233
282,216,233
283,216,233
284,216,233
285,215,233
286,215,232
287,215,232
288,215,232
289,215,231
290,214,231
291,214,231
292,214,231
293,214,230
294,213,230
295,213,230
296,213,230
297,212,230
298,212,229
299,212,229
300,212,229
301,211,229
302,211,229
303,211,228
304,211,228
305,210,228
306,210,228
307,210,228
308,209,227
309,209,227
310,209,227
311,209,227
312,208,227
313,208,227
314,208,226
315,207,226
316,207,226
317,207,226
318,206,226
319,206,226
320,206,225
321,206,225
322,205,225
323,205,225
324,205,225
325,204,225
326,204,224
327,204,224
328,203,224
329,203,224
330,203,224
331,202,224
332,202,223
333,202,223
334,202,223
335,202,223
336,202,223
337,202,223
338,201,223
339,202,223
340,202,222
341,202,222
342,202,222
343,202,222
344,202,222
345,202,222
346,202,222
347,202,221
348,203,221
349,203,221
350,203,221
351,204,221
352,204,221
353,204,221
354,205,221
355,205,220
356,206,220
357,207,220
358,207,220
359,208,220
360,208,220
361,209,220
362,210,219
363,211,219
364,212,218
365,213,218
366,215,216
0,0
0,92
237,259,261
238,255,266
239,254,269
240,253,272
241,253,274
242,252,276
243,252,278
244,252,280
245,251,282
246,251,283
247,251,284
248,250,285
249,250,285
250,249,286
251,249,286
252,248,286
253,248,286
254,247,286
255,247,285
256,246,285
257,246,284
258,245,284
259,244,283
260,244,282
261,243,281
262,243,280
263,242,278
264,241,277
265,240,276
266,239,275
267,239,274
268,238,273
269,237,272
270,236,271
271,236,270
272,235,269
273,234,268
274,233,267
275,232,266
276,231,265
277,230,263
278,230,262
279,229,262
280,228,260
281,227,259
282,226,258
283,225,257
284,224,256
285,223,255
286,222,254
287,221,253
288,220,252
289,219,250
290,218,249
291,217,248
292,216,247
293,214,246
294,213,244
295,212,243
296,211,242
297,210,241
298,208,239
299,207,238
300,206,237
301,205,235
302,204,234
303,202,233
304,201,231
305,200,230
306,199,228
307,197,227
308,196,225
309,195,224
310,193,223
311,192,221
312,191,219
313,190,218
314,188,216
315,187,215
316,186,213
317,184,211
318,183,209
319,182,207
320,180,206
321,179,203
322,178,201
323,176,199
324,175,196
325,174,194
326,173,190
327,172,187
328,173,181
0,0
0,155
290,245,245
291,239,249
292,237,252
293,236,254
294,235,256
295,235,258
296,235,259
297,236,260
298,236,262
299,236,263
300,236,264
301,237,265
302,237,266
303,238,267
304,238,268
305,239,269
306,239,269
307,240,270
308,241,270
309,241,271
310,242,271
311,242,272
312,243,272
313,243,272
314,243,273
315,244,273
316,244,273
317,244,273
318,245,273
319,245,272
320,245,272
321,246,272
322,246,272
323,246,271
324,246,271
325,246,271
326,246,271
327,246,271
328,247,271
329,247,270
330,247,270
331,247,270
332,247,270
333,247,270
334,247,270
335,247,270
336,247,270
337,247,269
338,247,269
339,247,269
340,247,269
341,247,269
342,247,269
343,247,269
344,247,269
345,246,268
346,246,268
347,246,268
348,246,268
349,246,268
350,246,268
351,246,268
352,246,268
353,246,268
354,246,268
355,246,268
356,246,267
357,246,267
358,246,267
359,246,267
360,246,267
361,246,267
362,246,267
363,245,267
364,245,267
365,245,267
366,245,267
367,245,267
368,245,267
369,245,267
370,244,267
371,244,267
372,244,267
373,244,267
373,244,267
373,282,282
374,244,268
374,281,282
375,243,269
375,279,281
376,243,270
376,276,281
377,243,272
377,272,281
377,243,281
378,243,280
379,242,280
380,242,279
381,242,279
382,241,279
383,241,278
384,241,278
385,240,277
386,240,277
387,240,277
388,239,276
389,239,276
390,238,275
391,238,275
392,237,274
393,236,274
394,236,274
395,235,273
396,234,273
397,234,272
398,234,272
399,233,272
400,233,271
401,232,271
402,232,270
403,232,270
404,232,270
405,232,269
406,232,269
407,232,268
408,232,268
409,232,268
410,232,267
411,232,267
412,232,266
413,233,266
414,233,265
415,233,265
416,234,265
417,234,264
418,234,264
419,235,263
420,235,263
421,235,263
422,236,262
423,236,262
424,237,261
425,237,261
426,238,261
427,239,260
428,239,260
429,240,259
430,241,259
431,241,258
432,242,258
433,243,257
434,244,256
435,245,255
436,247,253
437,251,251
0,81
431,259,259
430,259,259
429,259,260
428,260,261
427,260,261
426,261,262
425,261,263
424,261,264
423,262,264
422,262,265
421,263,266
420,263,267
419,264,268
418,264,268
417,264,269
416,265,270
415,265,271
414,266,272
413,266,273
412,266,274
411,267,274
410,267,275
409,268,276
408,268,277
407,268,278
406,269,279
405,269,280
404,270,281
403,270,282
402,271,282
401,271,283
400,271,284
399,272,285
398,272,286
397,273,287
396,273,288
395,273,289
394,274,290
393,274,291
392,275,292
391,275,293
390,275,293
389,276,294
388,276,295
387,277,296
386,277,297
385,277,298
384,278,299
383,278,300
382,279,301
381,279,302
380,280,303
379,280,304
378,280,305
377,281,306
376,281,307
375,282,308
374,282,309
373,282,310
372,284,311
371,286,312
370,288,313
369,289,314
368,291,315
367,293,316
366,295,317
365,297,318
364,298,319
363,300,320
362,302,321
361,304,321
360,305,322
359,307,323
358,309,324
357,311,324
356,313,325
355,315,325
354,316,326
353,318,326
352,320,326
351,323,326
0,0
0,77
231,389,389
232,384,394
233,383,396
234,383,398
235,383,400
236,383,402
237,383,403
238,383,405
239,383,406
240,383,408
241,383,409
242,383,410
243,383,411
244,383,413
245,382,414
246,382,415
247,382,416
248,381,417
249,381,417
250,380,418
251,380,419
252,379,420
253,378,420
254,377,421
255,377,421
256,376,422
257,375,422
258,374,422
259,374,422
260,373,422
261,372,422
262,371,421
263,371,420
264,370,419
265,369,417
266,368,415
267,367,412
268,367,410
269,366,407
270,365,405
271,364,404
272,363,402
273,362,400
274,361,399
275,360,397
276,359,396
277,359,394
278,358,392
279,356,391
280,355,389
281,355,387
282,354,385
283,353,384
284,352,382
285,351,380
286,350,379
287,349,377
288,348,375
289,347,374
290,346,372
291,345,370
292,344,368
293,343,366
294,342,365
295,341,363
296,340,361
297,339,359
298,338,357
299,337,355
300,336,353
301,335,351
302,335,348
303,334,346
304,334,344
305,334,342
306,334,340
307,337,337
0,0
1,201
276,251,251
277,250,253
278,250,254
279,249,255
280,249,256
281,249,257
282,248,257
283,248,258
284,248,259
285,248,260
286,248,261
287,249,262
288,249,263
289,249,263
290,249,265
291,249,265
292,249,266
293,250,267
294,250,268
295,250,269
296,250,271
297,251,272
298,251,273
299,252,274
300,253,275
301,253,276
302,254,277
303,255,278
304,255,280
305,256,281
306,257,282
307,258,283
308,259,285
309,260,286
310,261,287
311,262,288
312,263,290
313,264,291
314,265,292
315,266,294
316,268,295
317,269,296
318,270,298
319,271,299
320,273,300
321,274,302
322,275,303
323,276,305
324,277,306
325,278,307
326,280,309
327,281,310
328,282,311
329,283,313
330,284,314
331,285,316
332,286,317
333,287,318
334,289,320
335,290,321
336,291,323
337,292,324
338,293,325
339,294,327
340,295,328
341,296,330
342,297,331
343,298,332
344,299,333
345,300,335
346,301,336
347,302,337
348,303,339
349,304,340
350,305,341
351,306,342
352,307,344
353,308,345
354,309,346
355,310,347
356,311,349
357,312,350
358,313,351
359,314,352
360,314,353
361,315,354
362,316,356
363,317,357
364,318,358
365,319,359
366,320,360
367,320,361
368,321,362
369,322,363
370,323,365
371,324,366
372,324,367
373,325,368
374,326,369
375,327,370
376,327,371
377,328,372
378,329,373
379,329,374
380,330,375
381,331,375
382,331,376
383,332,376
384,333,377
385,333,377
386,334,377
387,335,378
388,335,378
389,336,379
390,336,379
391,337,379
392,338,379
393,338,380
394,339,380
395,339,380
396,340,380
397,340,380
398,341,381
399,341,381
400,342,381
401,342,381
402,343,381
403,343,381
404,344,381
405,344,382
406,345,382
407,345,382
408,346,382
409,346,382
410,347,382
411,347,382
412,348,382
413,348,382
414,348,382
415,349,382
416,349,382
417,350,382
418,350,382
419,351,382
420,351,383
421,352,383
422,352,383
423,352,383
424,353,383
425,353,383
426,354,383
427,354,383
428,355,383
429,355,383
430,356,383
431,356,383
432,356,383
433,357,383
434,357,383
435,358,383
436,358,383
437,359,383
438,359,383
439,359,383
440,360,383
441,360,383
442,361,383
443,361,384
444,362,383
445,362,383
446,363,383
447,363,383
448,363,383
449,364,383
450,364,383
451,365,383
452,365,383
453,366,383
454,366,383
455,366,383
456,367,383
457,367,382
458,368,382
459,368,382
460,369,382
461,369,382
462,370,382
463,370,382
464,371,382
465,371,382
466,371,382
467,372,381
468,372,381
469,373,381
470,373,381
471,374,381
472,375,380
473,375,380
474,376,380
475,376,379
476,378,378
0,0
