0,64
51,150,150
52,147,154
53,146,156
54,146,159
55,145,161
56,145,163
57,145,165
58,145,167
59,145,169
60,145,171
61,145,173
62,146,174
63,146,176
64,146,178
65,147,180
66,148,181
67,148,183
68,149,184
69,150,186
70,150,187
71,151,189
72,152,190
73,152,191
74,153,192
75,154,193
76,155,195
77,155,196
78,156,196
79,157,197
80,158,198
81,158,199
82,159,200
83,160,200
84,160,201
85,161,201
86,162,202
87,163,202
88,164,203
89,164,203
90,165,203
91,166,203
92,167,204
93,167,204
94,168,204
95,169,204
96,170,204
97,170,204
98,171,204
99,172,204
100,173,204
101,174,204
102,174,204
103,175,204
104,176,204
105,177,204
106,178,203
107,179,203
108,180,203
109,181,202
110,182,202
111,184,201
112,186,200
113,188,199
114,191,196
0,0
0,334
92,92,93
93,86,96
94,85,99
95,84,102
96,84,104
97,84,106
98,84,108
99,84,110
100,84,111
101,84,113
102,85,114
103,85,116
104,86,117
105,87,118
106,87,119
107,87,120
108,88,121
109,88,122
110,88,123
111,89,124
112,89,124
113,90,124
114,90,125
115,90,125
116,91,125
117,91,126
118,91,126
119,92,126
120,92,126
121,92,126
122,93,125
123,93,125
124,93,125
125,94,125
126,94,125
127,94,125
128,94,124
129,95,124
130,95,124
131,95,124
132,95,124
133,96,124
134,96,124
135,96,124
136,96,123
137,96,123
138,97,123
139,97,123
140,97,123
141,97,123
142,97,123
143,97,123
144,97,123
145,97,123
146,98,123
147,98,122
148,98,122
149,98,122
150,98,122
151,98,122
152,98,122
153,98,122
154,98,122
155,98,122
156,98,122
157,98,122
158,98,122
159,99,122
160,99,122
161,99,121
162,99,121
163,99,121
164,99,121
165,99,121
166,99,121
167,99,121
168,99,121
169,99,121
170,99,121
171,99,121
172,99,121
173,99,121
174,99,121
175,99,121
176,99,121
177,99,121
178,99,121
179,99,120
180,99,120
181,99,120
182,99,120
183,99,120
184,99,120
185,99,120
186,100,120
187,100,120
188,100,120
189,100,120
190,100,120
191,100,120
192,100,120
193,100,120
194,100,120
195,100,120
196,100,120
197,100,120
198,100,120
199,100,120
200,100,120
201,100,120
202,100,120
203,100,120
204,100,120
205,100,120
206,100,120
207,100,120
208,100,120
209,100,119
210,100,119
211,100,119
212,100,119
213,100,119
214,100,119
215,100,119
216,100,119
217,100,119
218,100,119
219,100,119
220,100,119
221,100,119
222,100,119
223,100,119
224,100,119
225,100,119
226,100,119
227,100,119
228,100,119
229,100,119
230,100,119
231,100,119
232,100,119
233,100,119
234,100,119
235,100,119
236,99,119
237,99,119
238,99,119
239,99,119
240,99,119
241,99,119
242,99,119
243,99,119
244,99,119
245,99,119
246,99,119
247,99,119
248,99,119
249,99,119
250,99,119
251,99,119
252,99,119
253,99,119
254,99,118
255,99,118
256,99,118
257,99,118
258,99,118
259,99,118
260,99,118
261,98,118
262,98,118
263,98,118
264,98,118
265,98,118
266,98,118
267,98,118
268,98,118
269,98,118
270,98,118
271,98,118
272,98,118
273,98,118
274,98,118
275,98,118
276,98,118
277,97,118
278,97,118
279,97,118
280,97,118
281,97,118
282,97,118
283,97,118
284,97,118
285,97,118
286,97,118
287,97,118
288,97,118
289,97,118
290,96,118
291,96,118
292,96,118
293,96,118
294,96,118
295,96,118
296,96,118
297,96,118
298,96,118
299,95,117
300,95,117
301,95,117
302,95,117
303,95,117
304,95,117
305,95,117
306,95,117
307,94,117
308,94,117
309,94,117
310,94,117
311,94,117
312,94,117
313,94,117
314,93,117
315,93,117
316,93,117
317,93,117
318,93,117
319,92,117
320,92,117
321,92,117
322,92,117
323,92,117
324,92,117
325,91,117
326,91,117
327,91,117
328,91,117
329,91,117
330,90,117
331,90,117
332,90,117
333,90,117
334,89,117
335,89,117
336,89,117
337,89,117
338,89,117
339,88,117
340,88,117
341,88,117
342,88,116
343,87,116
344,87,116
345,87,116
346,87,116
347,86,116
348,86,116
349,86,116
350,86,116
351,85,116
352,85,116
353,85,116
354,85,116
355,84,116
356,84,116
357,84,115
358,83,115
359,83,115
360,83,115
361,82,115
362,82,115
363,82,115
364,81,115
365,81,115
366,81,114
367,81,114
368,80,114
369,80,114
370,80,114
371,79,114
372,79,114
373,79,114
374,78,113
375,78,113
376,78,113
377,78,113
378,77,113
379,77,113
380,77,113
381,77,112
382,77,112
383,77,112
384,77,112
385,77,112
386,77,111
387,77,111
388,77,111
389,77,111
390,77,111
391,77,110
392,77,110
393,77,110
394,77,110
395,77,110
396,77,109
397,77,109
398,77,109
399,78,109
400,78,109
401,78,108
402,78,108
403,79,108
404,79,108
405,79,107
406,80,107
407,80,107
408,80,106
409,81,106
410,81,106
411,82,106
412,82,105
413,82,105
414,83,104
415,83,104
416,84,103
417,84,103
418,85,102
419,86,102
420,86,101
421,87,100
422,88,99
423,89,98
424,90,97
425,93,94
0,0
1,122
246,73,77
247,72,78
248,72,80
249,72,81
250,72,82
251,72,83
252,71,83
253,71,84
254,71,85
255,71,86
256,71,86
257,71,87
258,71,87
259,71,88
260,71,88
261,71,89
262,71,89
263,71,89
264,71,89
265,71,90
266,70,90
267,70,90
268,70,90
269,70,90
270,70,90
271,70,90
272,70,90
273,70,91
274,70,90
275,69,90
276,69,90
277,69,90
278,69,90
279,69,89
280,69,89
281,69,89
282,69,89
283,68,88
284,68,88
285,68,88
286,68,87
287,68,87
288,68,87
289,68,87
290,68,86
291,67,86
292,67,86
293,67,86
294,67,86
295,67,85
296,67,85
297,66,85
298,66,85
299,66,84
300,66,84
301,66,84
302,66,84
303,65,83
304,65,83
305,65,83
306,65,83
307,65,82
308,65,82
309,64,82
310,64,82
311,64,82
312,64,81
313,64,81
314,64,81
315,63,81
316,63,80
317,63,80
318,63,80
319,63,80
320,62,80
321,62,79
322,62,79
323,62,79
324,62,79
325,61,79
326,61,78
327,61,78
328,61,78
329,61,78
330,60,78
331,60,77
332,60,77
333,60,77
334,60,77
335,59,77
336,59,76
337,59,76
338,59,76
339,58,76
340,58,76
341,58,76
342,58,75
343,58,75
344,57,75
345,57,75
346,57,75
347,57,74
348,56,74
349,56,74
350,56,74
351,56,74
352,55,74
353,55,73
354,55,73
355,55,72
356,54,70
357,54,68
358,54,67
359,54,65
360,53,63
361,53,61
362,53,60
363,53,58
364,52,56
365,52,55
366,52,53
367,51,51
0,413
51,367,376
52,366,381
53,366,384
54,365,386
55,365,389
56,364,391
57,363,393
58,363,395
59,362,396
60,362,398
61,361,400
62,360,402
63,360,403
64,359,405
65,359,406
66,358,408
67,357,409
68,357,410
69,356,411
70,356,412
71,355,413
72,355,414
73,354,415
74,354,416
75,364,416
76,366,417
77,367,417
78,368,417
79,369,417
80,370,417
81,371,417
82,372,417
83,372,417
84,373,417
85,373,417
86,373,416
87,373,416
88,374,416
89,374,415
90,374,415
91,375,414
92,375,413
93,375,413
94,375,413
95,376,412
96,376,412
97,376,411
98,376,411
99,376,411
100,376,410
101,377,410
102,377,410
103,377,410
104,377,409
105,377,409
106,377,409
107,378,409
108,378,409
109,378,408
110,378,408
111,378,408
112,378,408
113,378,408
114,379,408
115,379,408
116,379,408
117,379,408
118,379,408
119,379,408
120,379,407
121,379,407
122,379,407
123,380,407
124,380,407
125,380,407
126,380,407
127,380,407
128,380,407
129,380,407
130,380,407
131,380,407
132,381,407
133,381,407
134,381,407
135,381,407
136,381,407
137,381,407
138,381,407
139,381,407
140,381,407
141,381,407
142,381,407
143,382,407
144,382,407
145,382,407
146,382,407
147,382,407
148,382,407
149,382,407
150,382,407
151,382,407
152,382,407
153,382,407
154,382,407
155,382,407
156,383,407
157,383,407
158,383,407
159,383,407
160,383,407
161,383,407
162,383,407
163,383,407
164,383,407
165,383,407
166,383,407
167,383,407
168,383,407
169,383,407
170,384,407
171,384,407
172,384,407
173,384,407
174,384,407
175,384,407
176,384,407
177,384,407
178,384,407
179,384,407
180,384,407
181,384,407
182,384,407
183,384,407
184,384,407
185,384,407
186,384,407
187,385,407
188,385,407
189,385,408
190,385,408
191,385,408
192,385,408
193,385,408
194,385,408
195,385,408
196,385,408
197,385,408
198,385,408
199,385,408
200,385,408
201,385,408
202,385,408
203,385,408
204,385,408
205,385,408
206,385,408
207,385,408
208,385,408
209,385,408
210,385,408
211,385,408
212,386,408
213,386,408
214,386,408
215,386,408
216,386,408
217,386,408
218,386,408
219,386,408
220,386,408
221,386,408
222,386,408
223,386,408
224,386,408
225,386,408
226,386,408
227,386,408
228,386,408
229,386,409
230,386,409
231,386,409
232,386,409
233,386,409
234,386,409
235,386,409
236,386,409
237,386,409
238,386,409
239,386,409
240,386,409
241,386,409
242,386,409
243,386,409
244,386,409
245,386,409
246,386,409
247,386,409
248,386,409
249,386,409
250,386,409
251,386,409
252,386,409
253,386,409
254,386,409
255,386,409
256,386,409
257,386,409
258,386,409
259,386,409
260,386,410
261,386,410
262,386,410
263,386,410
264,386,410
265,386,410
266,386,410
267,386,410
268,386,410
269,386,410
270,386,410
271,386,410
272,386,410
273,386,410
274,386,410
275,386,410
276,386,410
277,386,410
278,386,410
279,386,410
280,386,410
281,386,410
282,386,410
283,386,410
284,386,410
285,386,410
286,386,410
287,386,410
288,386,411
289,386,411
290,386,411
291,386,411
292,386,411
293,386,411
294,386,411
295,386,411
296,386,411
297,386,411
298,386,411
299,386,411
300,386,411
301,386,411
302,386,411
303,385,411
304,385,411
305,385,411
306,385,411
307,385,411
308,385,411
309,385,411
310,385,411
311,385,411
312,385,411
313,385,412
314,385,412
315,385,412
316,385,412
317,385,412
318,385,412
319,385,412
320,385,412
321,385,412
322,385,412
323,385,412
324,385,412
325,385,412
326,385,412
327,384,412
328,384,412
329,384,412
330,384,412
331,384,412
332,384,412
333,384,412
334,384,412
335,384,412
336,384,412
337,384,413
338,384,413
339,384,413
340,384,413
341,384,413
342,384,413
343,384,413
344,383,413
345,383,413
346,383,413
347,383,413
348,383,413
349,383,413
350,383,413
351,383,413
352,383,413
353,383,413
354,383,413
355,383,413
356,383,413
357,383,413
358,382,413
359,382,414
360,382,414
361,382,414
362,382,414
363,382,414
364,382,414
365,382,414
366,382,414
367,382,414
368,382,414
369,381,414
370,381,414
371,381,414
372,381,414
373,381,414
374,381,414
375,381,414
376,381,414
377,381,414
378,381,414
379,380,414
380,380,414
381,380,414
382,380,415
383,380,415
384,380,415
385,380,415
386,379,415
387,379,415
388,379,415
389,379,415
390,379,415
391,379,415
392,378,415
393,378,415
394,378,415
395,378,415
396,378,415
397,377,415
398,377,415
399,377,415
400,377,415
401,376,415
402,376,415
403,375,415
404,375,415
405,374,415
406,374,415
407,373,415
408,373,415
409,374,415
410,374,415
411,374,415
412,374,415
413,374,414
414,374,414
415,374,414
416,374,414
417,374,414
418,375,414
419,375,414
420,375,414
421,375,414
422,375,414
423,375,413
424,375,413
425,375,413
426,375,413
427,375,413
428,376,413
429,376,412
430,376,412
431,376,412
432,376,412
433,376,412
434,376,411
435,376,411
436,376,411
437,377,411
438,377,410
439,377,410
440,377,410
441,377,409
442,377,409
443,377,409
444,377,408
445,377,408
446,377,408
447,378,407
448,378,407
449,378,406
450,378,406
451,378,405
452,378,405
453,378,404
454,378,404
455,379,403
456,380,403
457,381,402
458,383,401
459,384,401
460,385,400
461,387,399
462,390,398
463,394,394
1,56
378,445,454
377,436,453
376,426,452
375,417,451
374,407,450
373,406,449
372,407,448
371,408,447
370,408,446
369,408,445
368,408,444
367,408,443
366,408,442
365,408,441
364,408,440
363,408,439
362,408,439
361,408,438
360,408,437
359,408,436
358,408,435
357,408,434
356,408,433
355,408,432
354,408,432
353,408,431
352,408,430
351,408,429
350,408,428
349,407,428
348,407,427
347,407,426
346,407,425
345,407,425
344,407,424
343,406,423
342,406,422
341,406,421
340,406,421
339,406,420
338,405,419
337,405,418
336,405,418
335,405,417
334,405,416
333,404,415
332,404,415
331,404,414
330,404,413
329,404,413
328,403,412
327,403,412
326,404,411
325,404,410
324,404,409
323,405,407
0,0
1,140
172,187,189
173,186,190
174,185,191
175,185,191
176,185,192
177,184,192
178,184,193
179,184,193
180,184,194
181,184,194
182,183,195
183,183,195
184,183,196
185,183,196
186,183,197
187,183,197
188,183,197
189,183,197
190,183,198
191,183,198
192,182,198
193,182,198
194,182,199
195,182,199
196,182,199
197,182,199
198,182,199
199,182,199
200,181,200
201,181,200
202,181,200
203,181,200
204,181,200
205,181,200
206,181,200
207,181,200
208,180,200
209,180,200
210,180,199
211,180,199
212,180,199
213,180,199
214,179,199
215,179,199
216,179,199
217,179,198
218,179,198
219,178,198
220,178,198
221,178,198
222,178,197
223,178,197
224,177,197
225,177,197
226,177,197
227,177,196
228,177,196
229,176,196
230,176,196
231,176,195
232,176,195
233,175,195
234,175,195
235,175,195
236,175,195
237,174,194
238,174,194
239,174,194
240,174,194
241,173,193
242,173,193
243,173,193
244,173,193
245,172,193
246,172,193
247,172,192
248,172,192
249,171,192
250,171,192
251,171,192
252,170,191
253,170,191
254,170,191
255,170,191
256,169,191
257,169,190
258,169,190
259,168,190
260,168,190
261,168,190
262,167,189
263,167,189
264,167,189
265,166,189
266,166,188
267,166,188
268,165,188
269,165,188
270,165,188
271,164,188
272,164,187
273,164,187
274,164,187
275,163,187
276,163,186
277,163,186
278,163,186
279,163,186
280,163,186
281,163,186
282,162,185
283,162,185
284,162,185
285,162,185
286,162,184
287,162,184
288,162,184
289,162,184
290,162,184
291,163,183
292,163,183
293,163,183
294,163,183
295,164,182
296,164,182
297,164,182
298,165,182
299,165,181
300,165,181
301,165,181
302,166,181
303,166,180
304,167,180
305,167,180
306,168,179
307,168,179
308,169,179
309,170,178
310,171,177
311,174,174
0,0
1,135
172,236,238
173,235,239
174,235,240
175,235,241
176,234,241
177,234,242
178,234,242
179,234,243
180,233,243
181,233,244
182,233,244
183,233,245
184,233,245
185,233,245
186,233,246
187,233,246
188,232,246
189,232,246
190,232,247
191,232,247
192,232,247
193,232,248
194,232,248
195,232,248
196,232,248
197,231,248
198,231,248
199,231,248
200,231,248
201,231,248
202,231,249
203,231,248
204,230,248
205,230,248
206,230,248
207,230,248
208,230,248
209,230,248
210,229,248
211,229,248
212,229,248
213,229,247
214,229,247
215,229,247
216,228,247
217,228,246
218,228,246
219,228,246
220,227,246
221,227,246
222,227,245
223,227,245
224,227,245
225,226,245
226,226,245
227,226,244
228,226,244
229,225,244
230,225,244
231,225,244
232,225,243
233,224,243
234,224,243
235,224,243
236,224,242
237,223,242
238,223,242
239,223,242
240,223,242
241,222,241
242,222,241
243,222,241
244,222,241
245,221,241
246,221,240
247,221,240
248,220,240
249,220,240
250,220,240
251,219,239
252,219,239
253,219,239
254,219,239
255,218,238
256,218,238
257,218,238
258,217,238
259,217,238
260,217,237
261,216,237
262,216,237
263,216,237
264,215,237
265,215,236
266,215,236
267,214,236
268,214,236
269,214,236
270,213,235
271,213,235
272,213,235
273,213,235
274,212,234
275,212,234
276,212,234
277,212,234
278,212,234
279,212,233
280,212,233
281,212,233
282,211,233
283,211,232
284,211,232
285,211,232
286,211,232
287,211,232
288,212,231
289,212,231
290,212,231
291,213,231
292,213,230
293,213,230
294,213,230
295,214,230
296,214,229
297,214,229
298,214,229
299,215,228
300,215,228
301,216,228
302,216,228
303,217,227
304,217,227
305,218,226
306,219,225
0,0
1,220
148,296,297
149,294,299
150,294,300
151,293,301
152,292,302
153,292,302
154,292,303
155,291,304
156,291,304
157,291,305
158,291,305
159,291,306
160,290,307
161,290,307
162,290,307
163,290,308
164,289,308
165,289,308
166,289,309
167,289,309
168,289,309
169,289,309
170,288,309
171,288,309
172,288,310
173,288,309
174,287,309
175,287,309
176,287,309
177,287,309
178,286,309
179,286,309
180,286,308
181,286,308
182,285,308
183,285,307
184,285,307
185,285,307
186,284,306
187,284,306
188,284,305
189,283,305
190,283,305
191,283,304
192,283,304
193,282,303
194,282,303
195,282,303
196,281,302
197,281,302
198,281,302
199,281,301
200,280,301
201,280,300
202,280,300
203,280,300
204,279,299
205,279,299
206,279,299
207,279,298
208,279,298
209,278,298
210,278,297
211,278,297
212,278,297
213,277,296
214,277,296
215,277,296
216,277,296
217,277,295
218,277,295
219,276,295
220,276,294
221,276,294
222,276,294
223,275,294
224,275,293
225,275,293
226,275,293
227,275,292
228,274,292
229,274,292
230,274,292
231,274,291
232,274,291
233,274,291
234,273,291
235,273,290
236,273,290
237,273,290
238,273,290
239,272,289
240,272,289
241,272,289
242,272,289
243,272,288
244,272,288
245,271,288
246,271,288
247,271,287
248,271,287
249,271,287
250,270,287
251,270,287
252,270,286
253,270,286
254,270,286
255,270,286
256,269,286
257,269,285
258,269,285
259,269,285
260,269,285
261,269,285
262,268,284
263,268,284
264,268,284
265,268,284
266,268,284
267,268,283
268,267,283
269,267,283
270,267,283
271,267,283
272,267,283
273,267,282
274,266,282
275,266,282
276,266,282
277,266,282
278,266,282
279,266,282
280,265,281
281,265,281
282,265,281
283,265,281
284,265,281
285,264,281
286,264,280
287,264,280
288,264,280
289,264,280
290,263,280
291,263,280
292,263,280
293,263,280
294,263,279
295,262,279
296,262,279
297,262,279
298,262,279
299,261,279
300,261,279
301,261,279
302,261,279
303,260,279
304,260,279
305,260,279
306,259,279
307,259,279
308,259,279
309,258,279
310,258,279
311,258,279
312,258,279
313,279,279
313,257,280
314,279,279
314,257,280
315,279,279
315,257,281
316,279,279
316,257,282
317,279,279
317,257,283
318,279,279
318,258,287
319,279,279
319,258,290
320,279,279
320,258,290
321,279,279
321,258,290
322,279,279
322,258,291
323,259,291
324,259,291
325,259,291
326,260,291
327,260,291
328,261,291
329,261,292
330,262,292
331,262,292
332,263,292
333,263,292
334,264,292
335,265,293
336,265,293
337,266,293
338,267,293
339,267,293
340,268,293
341,269,293
342,269,294
343,270,294
344,271,294
345,271,294
346,272,294
347,273,294
348,274,294
349,274,295
350,275,295
351,276,295
352,277,295
353,278,293
354,279,292
355,280,290
356,281,288
356,288,288
0,87
291,318,322
292,318,329
293,318,336
294,318,342
295,318,349
296,318,351
297,318,350
298,318,349
299,317,349
300,317,348
301,317,347
302,317,347
303,317,346
304,317,346
305,317,346
306,317,345
307,316,345
308,316,344
309,316,344
310,316,344
311,316,343
312,316,343
313,315,343
314,315,342
315,315,342
316,315,342
317,315,341
318,315,341
319,315,341
320,314,340
321,314,340
322,314,340
323,314,339
324,313,339
325,313,339
326,313,339
327,313,338
328,312,338
329,312,338
330,312,338
331,312,337
332,312,337
333,312,337
334,312,337
335,312,336
336,312,336
337,311,336
338,311,336
339,311,335
340,311,335
341,311,335
342,311,334
343,311,334
344,311,334
345,311,334
346,311,333
347,311,333
348,311,333
349,311,332
350,311,332
351,311,332
352,311,331
353,311,331
354,311,331
355,310,331
356,310,330
357,310,330
358,310,329
359,310,329
360,310,329
361,310,328
362,310,328
363,310,327
364,310,327
365,310,326
366,310,326
367,310,325
368,310,325
369,310,324
370,310,323
371,310,322
372,310,321
373,310,320
374,309,319
375,310,317
376,311,316
377,313,313
1,40
312,329,334
311,330,353
310,330,371
309,331,374
308,331,372
307,331,370
306,331,368
305,331,367
304,331,365
303,331,364
302,330,362
301,330,361
300,330,359
299,330,358
298,329,356
297,329,355
296,329,354
295,328,352
294,328,351
293,328,350
292,328,349
291,327,347
290,327,346
289,327,345
288,327,344
287,326,343
286,326,342
285,326,340
284,325,339
283,325,338
282,325,337
281,325,336
280,324,335
279,324,334
278,324,332
277,324,331
276,323,330
275,324,329
274,324,328
273,325,326
0,0
0,291
119,229,231
120,225,234
121,223,237
122,221,239
123,220,241
124,219,243
125,218,245
126,218,247
127,218,248
128,218,250
129,218,251
130,219,252
131,219,254
132,220,255
133,220,256
134,221,256
135,222,257
136,222,258
137,223,258
138,223,259
139,224,259
140,224,259
141,225,259
142,225,259
143,226,259
144,226,259
145,227,259
146,227,258
147,227,258
148,227,258
149,227,258
150,228,258
151,228,257
152,228,257
153,228,257
154,228,257
155,228,257
156,228,257
157,229,256
158,229,256
159,229,256
160,229,256
161,229,256
162,229,256
163,229,256
164,229,255
165,229,255
166,229,255
167,229,255
168,229,255
169,229,255
170,229,255
171,229,255
172,229,255
173,230,255
174,230,255
175,230,255
176,230,255
177,230,255
178,230,255
179,230,255
180,230,255
181,230,255
182,230,255
183,230,255
184,230,255
185,230,255
186,230,254
187,230,254
188,230,254
189,230,254
190,230,254
191,230,254
192,230,254
193,230,254
194,230,254
195,230,254
196,230,254
197,230,254
198,230,254
199,230,254
200,230,254
201,230,254
202,230,254
203,230,254
204,230,254
205,230,254
206,230,254
207,230,254
208,230,254
209,230,254
210,230,254
211,230,254
212,230,254
213,230,254
214,230,254
215,230,254
216,230,254
217,230,254
218,230,254
219,230,254
220,230,254
221,230,254
222,230,254
223,230,254
224,230,254
225,230,254
226,230,254
227,230,254
228,230,253
229,230,253
230,230,253
231,230,253
232,230,253
233,230,253
234,230,253
235,230,253
236,230,253
237,230,253
238,230,253
239,230,253
240,230,253
241,230,253
242,230,253
243,230,253
244,230,253
245,230,253
246,230,253
247,230,253
248,230,253
249,230,253
250,230,253
251,230,253
252,230,253
253,230,253
254,230,253
255,230,253
256,230,253
257,230,253
258,230,253
259,230,253
260,230,253
261,230,253
262,230,253
263,230,253
264,230,253
265,230,253
266,230,253
267,230,253
268,230,253
269,230,253
270,230,253
271,230,253
272,230,253
273,230,253
274,230,253
275,230,253
276,230,253
277,230,253
278,230,253
279,230,253
280,230,253
281,230,253
282,230,253
283,230,253
284,230,253
285,230,253
286,230,253
287,230,253
288,230,253
289,230,253
290,230,253
291,230,253
292,230,253
293,229,253
294,229,253
295,229,253
296,229,253
297,229,253
298,229,253
299,229,253
300,229,253
301,229,253
302,229,253
303,229,253
304,229,253
305,229,253
306,229,253
307,229,253
308,229,253
309,229,253
310,229,253
311,229,253
312,229,253
313,229,253
314,229,254
315,229,254
316,229,254
317,229,254
318,229,254
319,229,254
320,229,254
321,229,254
322,229,254
323,229,254
324,229,254
325,229,254
326,229,254
327,229,254
328,229,254
329,229,254
330,229,254
331,229,254
332,229,254
333,229,254
334,229,254
335,229,254
336,229,254
337,229,254
338,229,254
339,229,254
340,229,254
341,229,254
342,229,254
343,229,254
344,229,254
345,229,254
346,229,254
347,229,254
348,229,253
349,229,253
350,229,253
351,229,253
352,229,253
353,229,253
354,229,253
355,229,253
356,229,253
357,229,253
358,229,253
359,229,253
360,229,253
361,229,253
362,229,253
363,229,253
364,229,252
365,229,252
366,229,252
367,229,252
368,229,252
369,229,252
370,229,252
371,229,252
372,229,252
373,229,252
374,229,252
375,229,251
376,229,251
377,229,251
378,229,251
379,229,251
380,229,251
381,229,251
382,230,251
383,230,251
384,230,251
385,230,251
386,230,251
387,230,250
388,230,250
389,230,250
390,230,250
391,230,250
392,230,250
393,231,250
394,231,249
395,231,249
396,231,249
397,232,249
398,232,248
399,232,248
400,233,248
401,233,247
402,233,247
403,234,247
404,234,246
405,235,246
406,235,245
407,236,244
408,237,243
409,238,241
0,0
