0,90
12,234,234
13,230,240
14,228,244
15,227,246
16,227,249
17,227,251
18,227,253
19,227,255
20,227,257
21,227,258
22,228,260
23,228,261
24,228,263
25,228,264
26,228,265
27,228,266
28,228,267
29,228,268
30,228,269
31,227,270
32,227,270
33,227,271
34,226,271
35,226,271
36,225,271
37,225,271
38,224,271
39,224,270
40,223,269
41,223,268
42,222,267
43,222,265
44,221,264
45,221,262
46,220,261
47,220,259
48,219,257
49,219,256
50,218,255
51,218,254
52,217,252
53,216,251
54,216,250
55,215,249
56,215,248
57,214,247
58,213,246
59,213,245
60,212,244
61,211,242
62,211,241
63,210,240
64,210,239
65,209,237
66,208,236
67,207,235
68,207,234
69,206,233
70,205,232
71,205,231
72,204,229
73,203,228
74,203,227
75,202,226
76,201,225
77,200,224
78,200,223
79,199,221
80,198,220
81,198,219
82,197,218
83,196,216
84,196,215
85,195,214
86,194,213
87,194,211
88,193,210
89,192,209
90,191,207
91,191,206
92,190,204
93,189,203
94,189,202
95,188,200
96,188,199
97,187,198
98,187,196
99,187,195
100,187,194
101,188,191
0,0
0,200
84,159,159
85,155,162
86,153,165
87,152,168
88,152,171
89,152,173
90,152,175
91,152,176
92,153,178
93,153,180
94,154,181
95,154,182
96,155,184
97,155,185
98,156,185
99,156,186
100,156,187
101,157,187
102,157,188
103,158,188
104,158,188
105,158,188
106,159,188
107,159,188
108,159,188
109,160,188
110,160,188
111,160,188
112,161,188
113,161,188
114,161,188
115,161,188
116,161,187
117,161,187
118,162,187
119,162,187
120,162,187
121,162,187
122,162,187
123,162,187
124,162,187
125,162,187
126,163,187
127,163,187
128,163,187
129,163,187
130,163,187
131,163,187
132,163,187
133,163,187
134,163,187
135,163,187
136,163,187
137,163,187
138,164,187
139,164,187
140,164,187
141,164,187
142,164,187
143,164,187
144,164,187
145,164,187
146,164,187
147,164,187
148,164,187
149,164,187
150,164,187
151,164,187
152,164,187
153,164,187
154,164,187
155,165,187
156,165,187
157,165,187
158,165,187
159,165,187
160,165,187
161,165,187
162,165,187
163,165,187
164,165,187
165,165,187
166,165,187
167,165,187
168,165,187
169,165,187
170,165,187
171,165,187
172,165,187
173,165,187
174,165,187
175,165,187
176,165,187
177,165,187
178,165,187
179,165,187
180,165,187
181,165,187
182,165,187
183,165,187
184,165,187
185,165,187
186,165,187
187,165,187
188,165,187
189,165,187
190,165,187
191,165,187
192,165,187
193,165,187
194,165,187
195,165,187
196,165,187
197,165,187
198,165,187
199,165,187
200,164,187
201,164,187
202,164,187
203,164,187
204,164,187
205,164,187
206,164,187
207,164,187
208,164,187
209,164,187
210,163,187
211,163,187
212,163,187
213,163,187
214,163,187
215,163,187
216,163,187
217,162,187
218,162,187
219,162,187
220,162,187
221,162,187
222,162,187
223,161,187
224,161,187
225,161,187
226,161,187
227,161,187
228,160,187
229,160,187
230,160,187
231,160,187
232,159,187
233,159,187
234,159,187
235,159,187
236,158,187
237,158,187
238,158,187
239,158,187
240,157,187
241,157,187
242,157,186
243,157,186
244,157,186
245,156,186
246,156,186
247,156,186
248,156,186
249,156,186
250,156,186
251,156,185
252,156,185
253,156,185
254,156,185
255,156,185
256,157,185
257,157,184
258,157,184
259,157,184
260,157,184
261,158,184
262,158,184
263,158,184
264,159,183
265,159,183
266,159,183
267,160,183
268,160,182
269,160,182
270,161,182
271,161,181
272,162,181
273,162,181
274,163,180
275,163,180
276,164,179
277,164,179
278,165,178
279,166,177
280,167,177
281,168,176
282,169,174
283,172,172
0,0
1,137
159,99,101
160,98,103
161,98,104
162,98,105
163,97,105
164,97,106
165,97,106
166,97,107
167,97,107
168,96,108
169,96,108
170,96,109
171,96,109
172,96,109
173,96,109
174,96,110
175,96,110
176,95,110
177,95,110
178,95,110
179,95,111
180,95,110
181,95,110
182,95,110
183,94,110
184,94,110
185,94,110
186,94,110
187,94,109
188,94,109
189,94,109
190,93,109
191,93,109
192,93,108
193,93,108
194,93,108
195,93,108
196,92,107
197,92,107
198,92,107
199,92,107
200,92,106
201,92,106
202,91,106
203,91,106
204,91,105
205,91,105
206,91,105
207,90,105
208,90,105
209,90,104
210,90,104
211,90,104
212,89,104
213,89,103
214,89,103
215,89,103
216,89,103
217,88,103
218,88,102
219,88,102
220,88,102
221,88,102
222,87,102
223,87,101
224,87,101
225,87,101
226,86,101
227,86,100
228,86,100
229,86,100
230,86,100
231,85,100
232,85,99
233,85,99
234,85,99
235,84,99
236,84,99
237,84,98
238,83,98
239,83,98
240,83,98
241,83,97
242,82,97
243,82,97
244,82,97
245,82,96
246,81,96
247,81,96
248,81,96
249,80,96
250,80,95
251,80,95
252,79,95
253,79,95
254,79,94
255,79,94
256,78,94
257,78,94
258,78,94
259,77,93
260,77,93
261,77,93
262,76,93
263,76,92
264,76,92
265,75,92
266,75,92
267,75,92
268,74,91
269,74,91
270,73,91
271,73,91
272,73,90
273,72,90
274,72,90
275,72,90
276,71,90
277,71,90
278,70,90
279,70,89
280,70,89
281,69,89
282,69,89
283,68,89
284,68,89
285,68,89
286,67,89
287,67,89
288,66,89
289,66,89
290,70,89
291,74,89
292,79,89
293,83,90
294,88,91
294,90,91
0,67
65,293,300
66,289,304
67,289,308
68,289,310
69,289,313
70,290,315
71,290,317
72,290,319
73,290,320
74,290,322
75,291,324
76,291,326
77,291,327
78,291,329
79,292,330
80,292,332
81,292,333
82,292,334
83,292,336
84,293,337
85,293,338
86,293,339
87,293,340
88,294,341
89,294,341
90,294,342
91,294,342
92,295,342
93,295,343
94,295,343
95,295,343
96,296,342
97,296,342
98,295,342
99,295,341
100,295,340
101,295,340
102,295,339
103,295,338
104,295,335
105,295,334
106,294,333
107,294,331
108,294,330
109,294,329
110,293,328
111,293,327
112,293,326
113,293,325
114,292,324
115,292,323
116,292,323
117,292,322
118,291,321
119,291,321
120,291,320
121,290,319
122,290,319
123,290,318
124,289,317
125,289,317
126,289,316
127,289,315
128,288,315
129,288,314
130,287,314
131,313,313
0,0
1,153
170,153,154
171,152,156
172,151,157
173,151,158
174,151,159
175,151,160
176,150,161
177,150,162
178,150,162
179,150,163
180,150,163
181,150,163
182,149,164
183,149,164
184,149,164
185,149,164
186,149,165
187,149,164
188,149,164
189,148,164
190,148,164
191,148,163
192,148,163
193,148,163
194,148,163
195,148,163
196,147,162
197,147,162
198,147,162
199,147,162
200,147,161
201,147,161
202,146,161
203,146,161
204,146,161
205,146,160
206,146,160
207,146,160
208,145,160
209,145,159
210,145,159
211,145,159
212,145,159
213,144,159
214,144,158
215,144,158
216,144,158
217,144,158
218,144,158
219,143,158
220,143,157
221,143,157
222,143,157
223,143,157
224,142,157
225,142,156
226,142,156
227,142,156
228,142,156
229,141,156
230,141,156
231,141,155
232,141,155
233,141,155
234,140,155
235,140,155
236,140,155
237,140,154
238,140,154
239,139,154
240,139,154
241,139,154
242,139,154
243,138,154
244,138,153
245,138,153
246,138,153
247,138,153
248,137,153
249,137,153
250,137,152
251,137,152
252,136,152
253,136,152
254,136,152
255,136,152
256,136,152
257,135,151
258,135,151
259,135,151
260,135,151
261,134,151
262,134,151
263,134,151
264,134,150
265,133,150
266,133,150
267,133,150
268,133,150
269,132,150
270,132,150
271,132,150
272,132,149
273,131,149
274,131,149
275,131,149
276,131,149
277,130,149
278,130,149
279,130,149
280,130,148
281,129,148
282,129,148
283,129,148
284,129,148
285,128,148
286,128,148
287,128,148
288,128,147
289,128,147
290,127,147
291,127,147
292,127,147
293,127,147
294,127,147
295,127,147
296,126,147
297,126,146
298,126,146
299,126,146
300,127,146
301,127,146
302,127,146
303,127,146
304,127,146
305,127,146
306,128,145
307,128,145
308,128,145
309,129,145
310,129,145
311,130,145
312,130,145
313,131,145
314,132,145
315,132,144
316,133,144
317,133,144
318,134,144
319,135,144
320,136,143
321,137,143
322,138,142
0,0
1,141
165,203,205
166,202,206
167,201,207
168,201,208
169,201,209
170,201,209
171,200,210
172,200,210
173,200,211
174,200,211
175,200,212
176,200,212
177,200,213
178,199,213
179,199,213
180,199,213
181,199,213
182,199,214
183,199,214
184,199,214
185,199,214
186,198,214
187,198,214
188,198,214
189,198,214
190,198,213
191,198,213
192,198,213
193,197,213
194,197,213
195,197,213
196,197,213
197,197,212
198,197,212
199,197,212
200,196,211
201,196,211
202,196,211
203,196,211
204,196,210
205,196,210
206,196,210
207,195,210
208,195,209
209,195,209
210,195,209
211,195,209
212,194,209
213,194,208
214,194,208
215,194,208
216,194,208
217,194,208
218,193,207
219,193,207
220,193,207
221,193,207
222,193,206
223,192,206
224,192,206
225,192,206
226,192,206
227,192,205
228,191,205
229,191,205
230,191,205
231,191,205
232,191,204
233,190,204
234,190,204
235,190,204
236,190,203
237,189,203
238,189,203
239,189,203
240,189,203
241,188,202
242,188,202
243,188,202
244,188,202
245,187,202
246,187,201
247,187,201
248,187,201
249,186,201
250,186,200
251,186,200
252,186,200
253,185,200
254,185,200
255,185,199
256,184,199
257,184,199
258,184,199
259,184,199
260,183,198
261,183,198
262,183,198
263,182,198
264,182,197
265,182,197
266,181,197
267,181,197
268,181,197
269,181,196
270,180,196
271,180,196
272,180,196
273,179,195
274,179,195
275,178,195
276,178,195
277,178,195
278,177,194
279,177,194
280,177,194
281,176,194
282,176,194
283,176,193
284,175,193
285,175,193
286,175,193
287,174,193
288,174,193
289,173,193
290,173,193
291,173,192
292,172,192
293,172,192
294,171,192
295,171,192
296,171,192
297,170,192
298,170,192
299,169,192
300,174,192
301,179,193
302,183,193
303,188,194
304,192,194
304,193,194
0,75
168,305,308
169,300,314
170,299,317
171,299,320
172,299,323
173,299,325
174,299,327
175,300,329
176,300,331
177,300,333
178,300,334
179,301,336
180,301,338
181,301,339
182,301,341
183,301,342
184,302,344
185,302,345
186,302,346
187,302,348
188,303,349
189,303,350
190,303,351
191,303,351
192,303,352
193,304,352
194,304,353
195,304,353
196,305,353
197,305,353
198,305,353
199,306,353
200,306,352
201,306,352
202,306,352
203,306,351
204,306,350
205,306,349
206,305,348
207,305,346
208,305,345
209,305,344
210,305,343
211,305,342
212,305,340
213,304,340
214,304,339
215,304,338
216,304,337
217,304,336
218,304,336
219,303,335
220,303,334
221,303,334
222,303,333
223,302,332
224,302,332
225,302,331
226,302,331
227,301,330
228,301,330
229,301,329
230,301,328
231,300,328
232,300,327
233,300,327
234,300,326
235,299,326
236,299,325
237,299,325
238,298,324
239,298,324
240,298,323
241,297,323
242,297,302
0,0
1,173
167,253,257
168,253,258
169,252,259
170,252,261
171,252,262
172,252,263
173,252,263
174,251,264
175,251,265
176,251,265
177,251,266
178,251,266
179,251,266
180,251,266
181,251,267
182,251,267
183,251,267
184,250,267
185,250,267
186,250,267
187,250,266
188,250,266
189,250,266
190,250,266
191,250,266
192,250,266
193,250,266
194,249,265
195,249,265
196,249,265
197,249,265
198,249,265
199,249,264
200,249,264
201,249,264
202,249,264
203,248,264
204,248,263
205,248,263
206,248,263
207,248,263
208,248,263
209,248,263
210,248,262
211,247,262
212,247,262
213,247,262
214,247,262
215,247,262
216,247,262
217,247,261
218,246,261
219,246,261
220,246,261
221,246,261
222,246,261
223,246,261
224,246,260
225,245,260
226,245,260
227,245,260
228,245,260
229,245,260
230,245,260
231,245,260
232,244,259
233,244,259
234,244,259
235,244,259
236,244,259
237,244,259
238,243,259
239,243,259
240,243,258
241,243,258
242,243,258
243,243,258
244,242,258
245,242,258
246,242,258
247,242,258
248,242,258
249,242,257
250,241,257
251,241,257
252,241,257
253,241,257
254,241,257
255,241,257
256,240,257
257,240,257
258,240,256
259,240,256
260,240,256
261,240,256
262,239,256
263,239,256
264,239,256
265,239,256
266,239,256
267,238,256
268,238,255
269,238,255
270,238,255
271,238,255
272,237,255
273,237,255
274,237,255
275,237,255
276,237,255
277,237,255
278,236,255
279,236,254
280,236,254
281,236,254
282,235,254
283,235,254
284,235,254
285,235,254
286,235,254
287,235,254
288,234,254
289,234,254
290,234,254
291,234,253
292,234,253
293,233,253
294,233,253
295,233,253
296,233,253
297,232,253
298,232,253
299,232,253
300,232,253
301,232,253
302,231,253
303,231,252
304,231,252
305,231,252
306,231,252
307,231,252
308,231,252
309,230,252
310,230,252
311,230,252
312,230,252
313,230,252
314,230,252
315,230,252
316,231,252
317,231,251
318,231,251
319,231,251
320,231,251
321,232,251
322,232,251
323,232,251
324,233,251
325,233,251
326,234,251
327,234,251
328,235,251
329,235,251
330,236,251
331,237,251
332,237,250
333,238,250
334,239,250
335,240,250
336,240,250
337,242,249
338,243,249
339,244,248
0,0
1,205
41,324,330
42,322,332
43,322,333
44,322,334
45,321,335
46,321,336
47,321,337
48,321,338
49,321,339
50,321,339
51,321,340
52,321,341
53,321,341
54,321,342
55,321,343
56,321,343
57,321,344
58,321,344
59,321,345
60,321,345
61,321,346
62,321,346
63,321,347
64,321,347
65,321,348
66,321,348
67,320,349
68,320,349
69,320,349
70,320,349
71,320,350
72,320,350
73,320,350
74,320,350
75,320,350
76,320,351
77,320,351
78,320,351
79,320,351
80,320,350
81,320,350
82,320,350
83,320,350
84,320,350
85,320,349
86,320,349
87,320,349
88,320,348
89,320,348
90,320,348
91,320,347
92,320,347
93,320,347
94,319,347
95,319,346
96,319,346
97,319,346
98,319,346
99,319,345
100,319,345
101,319,345
102,319,345
103,319,344
104,319,344
105,319,344
106,319,344
107,319,343
108,318,343
109,318,343
110,318,343
111,318,343
112,318,342
113,318,342
114,318,342
115,318,342
116,318,342
117,318,341
118,318,341
119,318,341
120,317,341
121,317,341
122,317,340
123,317,340
124,317,340
125,317,340
126,317,339
127,317,339
128,317,339
129,316,339
130,316,339
131,316,338
132,316,338
133,316,338
134,316,338
135,316,338
136,316,337
137,315,337
138,315,337
139,315,337
140,315,337
141,315,336
142,315,336
143,314,336
144,314,336
145,314,336
146,314,335
147,314,335
148,314,335
149,314,335
150,314,335
151,313,334
152,313,334
153,313,334
154,313,334
155,313,334
156,313,334
157,313,333
158,312,333
159,312,333
160,312,333
161,312,333
162,312,333
163,312,332
164,312,332
165,312,332
166,312,332
167,311,332
168,311,332
169,311,331
170,311,331
171,311,331
172,311,331
173,311,331
174,311,331
175,310,330
176,310,330
177,310,330
178,310,330
179,310,330
180,310,330
181,310,329
182,310,329
183,310,329
184,309,329
185,309,329
186,309,329
187,309,329
188,309,329
189,309,328
190,309,328
191,309,328
192,309,328
193,308,328
194,308,328
195,308,328
196,308,327
197,308,327
198,308,327
199,308,327
200,308,327
201,308,327
202,307,327
203,307,327
204,307,326
205,307,326
206,307,326
207,307,326
208,307,326
209,307,326
210,307,326
211,307,326
212,306,325
213,306,325
214,306,325
215,306,325
216,306,325
217,306,325
218,306,325
219,306,325
220,306,325
221,305,324
222,305,324
223,305,324
224,305,324
225,305,324
226,305,324
227,305,324
228,305,324
229,305,324
230,305,324
231,304,323
232,304,323
233,304,323
234,304,323
235,304,323
236,306,323
237,308,323
238,310,323
239,312,323
240,314,323
241,315,322
242,317,322
243,319,322
244,321,322
244,321,321
1,227
235,304,305
236,304,307
237,304,309
238,304,311
239,304,313
240,303,315
241,303,317
242,303,318
243,303,320
244,303,323
245,303,322
246,303,322
247,303,322
248,303,322
249,302,322
250,302,322
251,302,322
252,302,322
253,302,322
254,302,321
255,302,321
256,302,321
257,301,321
258,301,321
259,301,321
260,301,321
261,301,321
262,301,321
263,301,321
264,301,321
265,301,321
266,300,321
267,300,320
268,300,320
269,300,320
270,300,320
271,300,320
272,300,320
273,300,320
274,300,320
275,299,320
276,299,320
277,299,320
278,299,320
279,299,319
280,299,319
281,299,319
282,299,319
283,298,319
284,298,319
285,298,319
286,298,319
287,298,319
288,298,319
289,298,319
290,298,318
291,298,318
292,297,318
293,297,318
294,297,318
295,297,318
296,297,318
297,297,318
298,297,318
299,297,318
300,296,317
301,296,317
302,296,317
303,296,317
304,296,317
305,296,317
306,296,317
307,296,317
308,296,317
309,295,317
310,295,317
311,295,317
312,295,316
313,295,316
314,295,316
315,295,316
316,295,316
317,294,316
318,294,316
319,294,316
320,294,316
321,294,316
322,294,316
323,294,316
324,294,316
325,293,316
326,293,316
327,293,316
328,293,316
329,293,315
330,293,315
331,293,315
332,293,315
333,292,315
334,292,315
335,292,315
336,292,315
337,292,315
338,292,315
339,292,315
340,292,315
341,291,315
342,291,315
343,291,315
344,291,315
345,291,315
346,291,315
347,290,315
348,290,315
349,290,315
350,290,315
351,290,315
352,290,315
353,290,315
354,289,315
355,289,315
356,289,315
357,289,315
358,289,315
359,289,315
360,289,315
361,288,315
362,288,315
363,288,315
364,288,315
365,288,315
366,288,315
367,287,315
368,287,315
369,287,315
370,287,315
371,287,315
372,287,315
373,286,315
374,286,315
375,286,315
376,286,315
377,286,315
378,286,315
379,285,315
380,285,315
381,285,315
382,285,315
383,285,315
384,284,315
385,284,315
386,284,315
387,284,315
388,284,315
389,283,315
390,283,315
391,283,315
392,283,315
393,283,315
394,282,315
395,282,315
396,282,315
397,282,315
398,282,315
399,281,315
400,281,315
401,281,315
402,281,315
403,281,315
404,280,315
405,280,315
406,280,315
407,280,315
408,280,315
409,280,315
410,279,315
411,279,315
412,279,315
413,279,315
414,279,315
415,280,316
416,280,316
417,280,316
418,280,316
419,280,316
420,280,316
421,281,316
422,281,316
423,281,316
424,282,316
425,282,316
426,282,316
427,283,316
428,283,316
429,283,316
430,284,316
431,284,316
432,285,316
433,285,317
434,286,317
435,286,317
436,287,317
437,288,317
438,288,317
439,289,317
440,289,317
441,290,317
442,291,317
443,291,317
444,292,318
445,293,318
446,293,318
447,294,318
448,295,318
449,296,318
450,297,318
451,297,318
452,298,318
453,299,318
454,300,317
455,301,317
456,302,317
457,303,316
458,305,316
459,306,315
460,308,314
461,311,311
0,0
0,228
251,238,238
252,234,241
253,231,244
254,229,246
255,228,248
256,226,250
257,225,252
258,225,254
259,224,255
260,224,257
261,224,258
262,225,260
263,225,261
264,226,262
265,226,264
266,227,265
267,227,266
268,228,267
269,228,267
270,229,268
271,230,269
272,230,269
273,231,269
274,231,270
275,231,270
276,232,270
277,232,270
278,232,270
279,232,270
280,232,270
281,232,270
282,233,269
283,233,269
284,233,269
285,233,269
286,233,268
287,233,268
288,233,268
289,233,268
290,233,267
291,233,267
292,233,267
293,233,267
294,234,267
295,234,267
296,234,267
297,234,267
298,234,267
299,234,266
300,234,266
301,234,266
302,234,266
303,234,266
304,234,266
305,234,266
306,234,266
307,234,266
308,234,266
309,234,266
310,234,266
311,234,266
312,234,266
313,234,265
314,234,265
315,234,265
316,234,265
317,234,265
318,234,265
319,234,265
320,234,265
321,234,265
322,234,265
323,234,265
324,234,265
325,234,265
326,234,265
327,234,265
328,234,265
329,234,265
330,234,265
331,234,264
332,234,264
333,234,264
334,234,264
335,234,264
336,234,264
337,234,264
338,234,264
339,234,264
340,234,264
341,234,264
342,234,264
343,234,264
344,234,264
345,234,264
346,234,264
347,234,264
348,234,264
349,234,264
350,234,263
351,234,263
352,234,263
353,234,263
354,234,263
355,234,263
356,234,263
357,234,263
358,234,263
359,234,263
360,234,263
361,234,263
362,234,263
363,234,263
364,234,263
365,234,263
366,234,263
367,234,263
368,234,263
369,234,263
370,234,263
371,234,263
372,234,263
373,234,263
374,234,263
375,234,263
376,234,263
377,234,262
378,234,262
379,234,262
380,234,262
381,234,262
382,234,262
383,234,262
384,234,262
385,234,262
386,234,262
387,234,262
388,234,262
389,234,262
390,234,262
391,234,262
392,234,262
393,234,262
394,234,262
395,234,262
396,234,262
397,234,262
398,234,262
399,234,262
400,234,262
401,234,262
402,234,262
403,234,262
404,234,262
405,234,262
406,234,262
407,234,262
408,234,262
409,234,262
410,234,262
411,234,262
412,234,262
413,234,262
414,234,262
415,234,262
416,234,262
417,234,262
418,234,262
419,234,262
420,234,261
421,234,261
422,234,261
423,234,261
424,234,261
425,234,261
426,234,261
427,234,261
428,234,261
429,234,261
430,234,261
431,234,261
432,234,260
433,234,260
434,234,260
435,234,260
436,234,260
437,234,260
438,234,260
439,234,260
440,234,259
441,234,259
442,234,259
443,234,259
444,234,259
445,234,259
446,234,259
447,235,259
448,235,259
449,235,258
450,235,258
451,235,258
452,235,258
453,235,258
454,235,258
455,235,258
456,235,258
457,235,257
458,235,257
459,236,257
460,236,257
461,236,257
462,236,256
463,237,256
464,237,256
465,237,256
466,237,255
467,238,255
468,238,255
469,238,254
470,239,254
471,239,253
472,239,253
473,240,252
474,240,252
475,241,251
476,242,250
477,243,248
478,246,246
0,0
