1,80
81,98,101
82,97,102
83,97,104
84,97,105
85,97,106
86,97,107
87,97,108
88,97,109
89,97,109
90,97,110
91,97,110
92,96,110
93,96,110
94,96,111
95,96,111
96,96,111
97,96,111
98,96,110
99,96,110
100,96,110
101,96,110
102,96,110
103,96,110
104,96,110
105,96,110
106,95,110
107,95,109
108,95,109
109,95,109
110,95,109
111,95,109
112,94,109
113,94,109
114,94,108
115,94,108
116,94,108
117,93,108
118,93,108
119,93,107
120,93,107
121,92,107
122,92,107
123,92,107
124,92,106
125,91,106
126,91,106
127,91,105
128,90,105
129,90,105
130,89,104
131,89,104
132,89,104
133,88,103
134,88,103
135,87,103
136,87,102
137,86,102
138,86,101
139,85,101
140,85,101
141,84,100
142,84,100
143,83,100
144,83,100
145,82,100
146,81,100
147,81,100
148,80,100
149,80,100
150,79,100
151,78,100
152,78,100
153,96,100
153,77,101
154,96,100
154,76,102
155,76,99
156,75,89
157,74,78
157,74,75
0,83
72,163,163
73,159,169
74,157,172
75,157,175
76,157,177
77,157,179
78,157,181
79,156,182
80,156,184
81,156,186
82,156,187
83,156,188
84,156,190
85,156,191
86,156,192
87,156,193
88,156,194
89,155,195
90,155,195
91,155,196
92,155,197
93,155,197
94,155,198
95,155,198
96,155,198
97,155,198
98,155,198
99,155,197
100,154,196
101,154,196
102,154,194
103,155,193
104,155,192
105,155,190
106,155,189
107,155,188
108,155,186
109,154,185
110,154,184
111,154,183
112,153,182
113,153,181
114,153,180
115,152,179
116,152,179
117,152,178
118,151,177
119,151,176
120,151,175
121,150,175
122,150,174
123,149,173
124,149,172
125,149,171
126,148,171
127,148,170
128,148,169
129,147,169
130,147,168
131,147,167
132,146,167
133,146,166
134,146,165
135,146,165
136,145,164
137,145,164
138,144,163
139,144,162
140,144,162
141,144,161
142,143,161
143,143,160
144,143,160
145,145,159
146,146,159
147,148,158
148,149,158
149,150,158
150,152,157
151,153,157
152,155,157
153,156,157
154,157,157
0,109
144,143,144
145,142,145
146,142,146
147,141,148
148,141,149
149,140,150
150,140,152
151,140,153
152,140,155
153,140,156
154,140,157
155,140,158
156,140,158
157,140,158
158,140,159
159,140,159
160,141,160
161,141,160
162,142,161
163,142,162
164,143,162
165,144,163
166,144,164
167,145,164
168,145,165
169,146,166
170,146,167
171,147,167
172,147,168
173,148,169
174,148,169
175,149,170
176,149,171
177,150,171
178,150,172
179,151,173
180,151,173
181,152,174
182,152,174
183,152,175
184,153,175
185,153,176
186,154,176
187,154,177
188,155,177
189,155,178
190,155,178
191,156,179
192,156,179
193,156,179
194,157,180
195,157,180
196,157,180
197,158,181
198,158,181
199,158,181
200,158,182
201,159,182
202,159,182
203,159,183
204,159,183
205,159,183
206,159,184
207,159,184
208,159,184
209,158,184
210,158,185
211,158,185
212,157,185
213,157,185
214,157,185
215,157,185
216,157,186
217,158,186
218,158,186
219,158,186
220,158,186
221,158,186
222,158,186
223,158,186
224,159,186
225,159,186
226,159,186
227,159,186
228,159,186
229,159,186
230,159,186
231,160,186
232,160,186
233,160,185
234,160,185
235,160,185
236,160,184
237,160,184
238,160,184
239,161,183
240,161,183
241,161,182
242,161,182
243,161,181
244,161,180
245,161,180
246,162,179
247,162,178
248,162,177
249,163,176
250,164,174
251,166,172
252,170,170
1,50
162,244,248
161,237,247
160,230,247
159,223,246
158,216,245
157,212,244
156,213,244
155,214,243
154,215,242
153,215,242
152,216,241
151,216,240
150,216,240
149,216,239
148,216,238
147,216,237
146,216,237
145,216,236
144,216,236
143,216,235
142,216,234
141,216,234
140,216,233
139,216,232
138,216,232
137,216,231
136,216,230
135,216,230
134,216,229
133,215,229
132,215,228
131,215,227
130,215,227
129,215,226
128,215,226
127,215,225
126,215,225
125,215,224
124,215,223
123,215,223
122,215,222
121,215,222
120,215,221
119,215,221
118,216,220
117,216,220
116,216,219
115,216,218
114,216,217
114,216,216
0,0
0,341
79,71,76
80,68,80
81,67,83
82,67,86
83,66,88
84,66,90
85,66,92
86,66,94
87,67,95
88,67,97
89,68,98
90,68,100
91,69,101
92,69,102
93,70,103
94,70,104
95,71,105
96,71,106
97,71,107
98,72,107
99,72,108
100,73,108
101,73,108
102,73,109
103,74,109
104,74,109
105,74,109
106,75,109
107,75,109
108,76,109
109,76,108
110,76,108
111,77,108
112,77,108
113,77,108
114,77,108
115,78,108
116,78,108
117,78,107
118,79,107
119,79,107
120,79,107
121,80,107
122,80,107
123,80,107
124,80,107
125,80,107
126,80,107
127,81,107
128,81,107
129,81,107
130,81,106
131,81,106
132,81,106
133,82,106
134,82,106
135,82,106
136,82,106
137,82,106
138,82,106
139,82,106
140,82,106
141,82,106
142,83,106
143,83,106
144,83,106
145,83,106
146,83,106
147,83,106
148,83,106
149,83,106
150,83,106
151,83,105
152,83,105
153,83,105
154,83,105
155,84,105
156,84,105
157,84,105
158,84,105
159,84,105
160,84,105
161,84,105
162,84,105
163,84,105
164,84,105
165,84,105
166,84,105
167,84,105
168,84,105
169,84,105
170,84,105
171,84,105
172,84,105
173,85,105
174,85,105
175,85,105
176,85,105
177,85,105
178,85,105
179,85,105
180,85,105
181,85,105
182,85,105
183,85,105
184,85,105
185,85,105
186,85,105
187,85,105
188,85,105
189,85,105
190,85,105
191,85,105
192,85,105
193,85,105
194,85,105
195,85,105
196,85,105
197,85,105
198,85,105
199,85,105
200,85,105
201,85,105
202,85,105
203,86,105
204,86,105
205,86,105
206,86,105
207,86,105
208,86,105
209,86,105
210,86,105
211,86,105
212,86,105
213,86,105
214,86,105
215,86,105
216,86,105
217,86,105
218,86,105
219,86,105
220,86,105
221,86,105
222,86,105
223,86,105
224,86,105
225,86,105
226,86,105
227,86,105
228,86,105
229,86,105
230,86,105
231,86,105
232,86,105
233,86,105
234,86,105
235,86,105
236,86,105
237,86,105
238,86,105
239,86,105
240,86,105
241,86,105
242,86,105
243,86,105
244,86,105
245,86,105
246,86,105
247,86,105
248,85,105
249,85,105
250,85,105
251,85,105
252,85,105
253,85,105
254,85,105
255,85,105
256,85,105
257,85,105
258,85,105
259,85,105
260,85,105
261,85,105
262,85,105
263,85,105
264,85,105
265,85,105
266,85,105
267,85,105
268,85,105
269,85,105
270,85,105
271,85,105
272,84,105
273,84,105
274,84,105
275,84,105
276,84,105
277,84,105
278,84,105
279,84,105
280,84,105
281,84,105
282,84,105
283,84,105
284,84,105
285,84,105
286,84,105
287,84,105
288,83,105
289,83,105
290,83,105
291,83,105
292,83,105
293,83,105
294,83,105
295,83,105
296,83,105
297,83,105
298,82,105
299,82,105
300,82,105
301,82,105
302,82,105
303,82,105
304,82,105
305,82,105
306,81,105
307,81,105
308,81,105
309,81,105
310,81,105
311,81,105
312,81,105
313,80,105
314,80,105
315,80,105
316,80,105
317,80,105
318,80,105
319,79,105
320,79,105
321,79,105
322,79,105
323,79,105
324,79,105
325,78,105
326,78,105
327,78,105
328,78,105
329,77,105
330,77,105
331,77,105
332,77,105
333,77,105
334,76,105
335,76,105
336,76,105
337,76,105
338,76,105
339,75,105
340,75,105
341,75,105
342,75,105
343,74,105
344,74,105
345,74,105
346,74,104
347,73,104
348,73,104
349,73,104
350,73,104
351,72,104
352,72,104
353,72,104
354,72,104
355,71,104
356,71,104
357,71,104
358,71,104
359,70,103
360,70,103
361,70,103
362,69,103
363,69,103
364,69,103
365,68,103
366,68,103
367,68,103
368,68,102
369,67,102
370,67,102
371,67,102
372,67,102
373,67,102
374,66,102
375,66,102
376,66,101
377,66,101
378,66,101
379,66,101
380,66,101
381,66,101
382,66,100
383,66,100
384,66,100
385,66,100
386,66,100
387,66,100
388,66,99
389,66,99
390,67,99
391,67,99
392,67,99
393,67,98
394,68,98
395,68,98
396,68,98
397,68,98
398,69,97
399,69,97
400,69,97
401,70,97
402,70,96
403,70,96
404,71,96
405,71,95
406,72,95
407,72,95
408,73,94
409,73,94
410,74,93
411,74,93
412,75,92
413,75,92
414,76,91
415,77,90
416,78,90
417,79,89
418,80,87
419,83,85
0,0
0,137
34,266,269
35,262,273
36,261,276
37,260,279
38,260,280
39,260,282
40,260,284
41,260,285
42,260,287
43,261,288
44,261,289
45,261,291
46,262,292
47,262,293
48,263,294
49,263,295
50,263,296
51,263,297
52,263,298
53,263,299
54,263,300
55,263,301
56,263,301
57,263,302
58,263,302
59,263,302
60,263,302
61,263,303
62,262,303
63,262,302
64,262,302
65,262,302
66,261,301
67,261,301
68,261,300
69,260,299
70,260,298
71,260,297
72,259,296
73,259,295
74,258,294
75,258,294
76,258,293
77,257,292
78,257,292
79,257,291
80,256,290
81,256,289
82,255,288
83,255,288
84,254,287
85,254,287
86,253,286
87,253,285
88,253,285
89,252,284
90,251,283
91,251,283
92,250,282
93,250,281
94,249,281
95,249,280
96,248,279
97,248,279
98,247,278
99,247,277
100,246,277
101,246,276
102,245,275
103,245,275
104,244,274
105,244,273
106,243,273
107,243,272
108,242,271
109,242,270
110,241,270
111,240,269
112,240,268
113,239,268
114,239,267
115,238,266
116,237,265
117,237,265
118,236,264
119,236,263
120,235,262
121,234,261
122,234,261
123,233,260
124,233,259
125,232,258
126,231,257
127,231,257
128,230,256
129,229,255
130,229,254
131,228,253
132,228,252
133,227,251
134,226,250
135,226,250
136,225,249
137,224,248
138,224,247
139,223,246
140,222,245
141,222,244
142,221,243
143,220,242
144,220,241
145,219,240
146,218,239
147,218,238
148,217,237
149,216,236
150,215,235
151,215,234
152,214,233
153,213,232
154,213,231
155,212,229
156,211,228
157,211,227
158,210,226
159,209,225
160,208,224
161,207,222
162,207,221
163,206,220
164,205,219
165,205,217
166,204,216
167,204,214
168,204,213
169,204,210
170,206,206
0,0
1,143
236,137,141
237,137,141
238,136,142
239,136,143
240,136,143
241,136,144
242,135,144
243,135,144
244,135,145
245,135,145
246,135,145
247,135,145
248,135,146
249,135,146
250,135,146
251,134,146
252,134,146
253,134,146
254,134,147
255,134,147
256,134,147
257,134,147
258,134,147
259,133,147
260,133,147
261,133,147
262,133,147
263,133,147
264,133,147
265,132,147
266,132,146
267,132,146
268,132,146
269,132,146
270,132,146
271,131,146
272,131,146
273,131,146
274,131,145
275,131,145
276,131,145
277,130,145
278,130,145
279,130,144
280,130,144
281,130,144
282,129,144
283,129,144
284,129,144
285,129,144
286,129,143
287,128,143
288,128,143
289,128,143
290,128,143
291,128,143
292,127,142
293,127,142
294,127,142
295,127,142
296,127,142
297,126,142
298,126,141
299,126,141
300,126,141
301,126,141
302,125,141
303,125,141
304,125,141
305,125,140
306,124,140
307,124,140
308,124,140
309,124,140
310,123,140
311,123,139
312,123,139
313,123,139
314,122,139
315,122,139
316,122,139
317,122,139
318,121,138
319,121,138
320,121,138
321,121,138
322,120,138
323,120,138
324,120,137
325,120,137
326,119,137
327,119,137
328,119,137
329,119,137
330,118,136
331,118,136
332,118,136
333,118,136
334,117,136
335,117,136
336,117,135
337,117,135
338,116,135
339,116,135
340,116,135
341,115,135
342,115,134
343,115,134
344,115,134
345,114,134
346,114,134
347,114,134
348,114,133
349,113,133
350,113,133
351,113,133
352,112,133
353,112,133
354,112,132
355,111,132
356,111,132
357,111,132
358,111,132
359,110,132
360,110,132
361,110,132
362,109,132
363,109,132
364,109,132
365,108,132
366,108,132
367,108,132
368,107,132
369,110,132
370,112,132
371,115,132
372,118,132
373,120,132
374,123,132
375,126,132
376,129,133
377,131,134
378,134,134
0,348
105,374,382
106,370,388
107,368,392
108,368,395
109,368,398
110,369,401
111,369,403
112,369,405
113,370,408
114,370,410
115,370,411
116,371,413
117,371,415
118,372,416
119,372,418
120,372,419
121,373,421
122,373,422
123,373,423
124,374,424
125,374,425
126,375,427
127,375,428
128,375,428
129,376,429
130,376,430
131,376,430
132,377,430
133,377,430
134,377,430
135,378,429
136,378,429
137,379,428
138,379,427
139,379,427
140,380,426
141,380,425
142,380,424
143,380,423
144,380,423
145,380,422
146,381,422
147,381,421
148,381,421
149,381,420
150,381,420
151,381,420
152,381,419
153,382,419
154,382,419
155,382,418
156,382,418
157,382,418
158,382,418
159,382,417
160,382,417
161,382,417
162,382,417
163,383,417
164,383,416
165,383,416
166,383,416
167,383,416
168,383,416
169,383,416
170,383,415
171,383,415
172,383,415
173,383,415
174,383,415
175,384,415
176,384,415
177,384,415
178,384,415
179,384,415
180,384,414
181,384,414
182,384,414
183,384,414
184,384,414
185,384,414
186,384,414
187,384,414
188,384,414
189,385,414
190,385,414
191,385,414
192,385,414
193,385,414
194,385,414
195,385,414
196,385,414
197,385,414
198,385,414
199,385,414
200,385,414
201,385,414
202,385,414
203,385,414
204,385,414
205,386,414
206,386,414
207,386,414
208,386,414
209,386,414
210,386,414
211,386,414
212,386,414
213,386,414
214,386,414
215,386,414
216,386,414
217,386,414
218,386,414
219,386,414
220,386,414
221,386,414
222,386,414
223,386,414
224,386,414
225,386,414
226,386,414
227,386,414
228,386,414
229,386,414
230,386,414
231,386,414
232,386,414
233,386,414
234,386,414
235,386,414
236,386,414
237,386,414
238,386,414
239,386,414
240,386,414
241,386,414
242,386,414
243,386,414
244,386,414
245,386,414
246,386,414
247,386,414
248,386,413
249,386,413
250,386,413
251,386,413
252,386,413
253,386,413
254,386,413
255,386,413
256,386,413
257,386,413
258,386,413
259,386,413
260,386,413
261,386,413
262,386,413
263,386,413
264,386,413
265,386,413
266,386,413
267,386,413
268,386,413
269,386,413
270,386,413
271,386,413
272,386,413
273,385,413
274,385,412
275,385,412
276,385,412
277,385,412
278,385,412
279,385,412
280,385,412
281,385,412
282,385,412
283,385,412
284,385,412
285,385,412
286,384,412
287,384,412
288,384,412
289,384,412
290,384,412
291,384,412
292,384,412
293,384,411
294,384,411
295,383,411
296,383,411
297,383,411
298,383,411
299,383,411
300,383,411
301,383,411
302,383,411
303,383,411
304,382,411
305,382,411
306,382,410
307,382,410
308,382,410
309,382,410
310,382,410
311,382,410
312,381,410
313,381,410
314,381,410
315,381,410
316,381,410
317,381,410
318,381,409
319,380,409
320,380,409
321,380,409
322,380,409
323,380,409
324,380,409
325,379,409
326,379,409
327,379,409
328,379,409
329,379,409
330,378,408
331,378,408
332,378,408
333,378,408
334,377,408
335,377,408
336,377,408
337,377,408
338,377,408
339,376,408
340,376,407
341,376,407
342,375,407
343,375,407
344,375,407
345,375,407
346,374,407
347,374,406
348,374,406
349,374,406
350,373,406
351,373,406
352,373,406
353,372,405
354,372,405
355,372,405
356,372,405
357,371,405
358,371,405
359,371,404
360,370,404
361,370,404
362,370,404
363,370,404
364,369,403
365,369,403
366,369,403
367,368,403
368,368,402
369,367,402
370,367,402
371,367,402
372,366,401
373,366,401
374,366,401
375,365,401
376,365,400
377,365,400
378,364,400
379,364,399
380,364,399
381,363,399
382,363,399
383,362,398
384,362,398
385,361,397
386,361,397
387,360,397
388,360,396
389,360,396
390,359,396
391,359,395
392,358,395
393,357,394
394,357,394
395,356,394
396,356,393
397,355,393
398,354,392
399,353,392
400,353,391
401,352,391
402,351,390
403,350,390
404,348,390
405,347,389
406,345,389
407,342,388
408,340,388
409,340,387
410,340,387
411,340,386
412,341,386
413,341,385
414,341,384
415,341,384
416,341,383
417,341,383
418,341,382
419,341,382
420,341,381
421,341,380
422,341,380
423,341,379
424,341,378
425,341,378
426,341,377
427,341,376
428,341,376
429,341,375
430,341,374
431,341,374
432,341,373
433,342,372
434,342,371
435,342,370
436,342,369
437,342,369
438,342,368
439,342,367
440,342,366
441,342,365
442,342,363
443,342,362
444,342,361
445,342,360
446,342,358
447,342,357
448,342,355
449,342,353
450,342,350
451,342,347
452,343,343
1,61
343,451,452
342,429,451
341,408,451
340,408,451
339,408,451
338,408,451
337,408,450
336,407,450
335,407,449
334,407,448
333,407,447
332,406,446
331,406,445
330,406,444
329,405,443
328,405,441
327,405,440
326,404,439
325,404,437
324,403,436
323,403,434
322,403,432
321,402,431
320,402,429
319,401,428
318,401,427
317,400,426
316,400,424
315,399,423
314,399,422
313,399,421
312,398,419
311,398,418
310,397,417
309,397,416
308,396,415
307,396,414
306,395,413
305,395,412
304,394,410
303,394,409
302,393,408
301,393,407
300,392,406
299,392,405
298,391,404
297,391,403
296,390,402
295,390,401
294,389,400
293,389,399
292,388,398
291,388,397
290,387,396
289,387,395
288,386,394
287,386,393
286,385,392
285,386,391
284,386,390
283,386,389
0,0
0,68
165,226,232
166,224,236
167,223,239
168,222,242
169,222,245
170,223,247
171,223,248
172,223,250
173,224,251
174,224,252
175,224,253
176,224,254
177,224,254
178,224,255
179,224,255
180,224,254
181,223,254
182,223,253
183,223,252
184,222,251
185,222,249
186,222,248
187,221,247
188,221,246
189,220,245
190,220,244
191,220,243
192,219,242
193,219,241
194,218,240
195,218,240
196,218,239
197,217,238
198,217,237
199,216,236
200,216,235
201,215,234
202,215,233
203,214,232
204,214,231
205,213,230
206,213,230
207,212,229
208,211,228
209,211,227
210,210,226
211,210,225
212,209,224
213,209,223
214,208,222
215,208,221
216,207,220
217,207,219
218,206,218
219,206,218
220,205,216
221,205,215
222,204,214
223,203,213
224,203,212
225,202,211
226,202,210
227,201,209
228,201,208
229,201,207
230,200,206
231,201,205
232,202,202
0,0
1,117
224,203,203
225,202,204
226,201,205
227,201,206
228,200,206
229,200,207
230,200,207
231,199,208
232,199,208
233,199,209
234,199,209
235,199,209
236,199,210
237,198,210
238,198,210
239,198,211
240,198,211
241,198,211
242,198,211
243,198,211
244,198,212
245,197,212
246,197,212
247,197,212
248,197,212
249,197,212
250,197,212
251,196,213
252,196,212
253,196,212
254,196,212
255,196,212
256,195,212
257,195,212
258,195,212
259,195,212
260,195,212
261,194,212
262,194,212
263,194,211
264,194,211
265,194,211
266,193,211
267,193,210
268,193,210
269,193,210
270,192,210
271,192,209
272,192,209
273,192,209
274,191,209
275,191,209
276,191,208
277,190,208
278,190,208
279,190,208
280,190,207
281,189,207
282,189,207
283,189,207
284,188,206
285,188,206
286,188,206
287,188,206
288,187,205
289,187,205
290,186,205
291,186,205
292,186,205
293,186,204
294,185,204
295,185,204
296,184,204
297,184,203
298,184,203
299,183,203
300,183,203
301,183,202
302,182,202
303,182,202
304,182,202
305,181,202
306,181,201
307,181,201
308,180,201
309,180,201
310,180,200
311,180,200
312,180,200
313,179,200
314,179,199
315,179,199
316,179,199
317,179,199
318,179,198
319,179,198
320,179,198
321,179,198
322,179,197
323,180,197
324,180,197
325,180,197
326,180,196
327,180,196
328,181,196
329,181,196
330,181,195
331,181,195
332,182,195
333,182,194
334,182,194
335,183,194
336,183,193
337,184,193
338,185,193
339,186,192
340,187,190
0,0
1,180
190,262,265
191,261,266
192,261,267
193,261,268
194,261,268
195,261,269
196,260,270
197,260,270
198,260,271
199,260,271
200,260,272
201,260,272
202,260,272
203,259,272
204,259,273
205,259,273
206,259,273
207,259,273
208,259,273
209,259,274
210,258,273
211,258,273
212,258,273
213,258,273
214,258,273
215,258,273
216,258,272
217,257,272
218,257,272
219,257,271
220,257,271
221,257,271
222,257,271
223,257,270
224,256,270
225,256,270
226,256,270
227,256,269
228,256,269
229,256,269
230,256,269
231,255,269
232,255,268
233,255,268
234,255,268
235,255,268
236,255,267
237,255,267
238,254,267
239,254,267
240,254,267
241,254,266
242,254,266
243,254,266
244,254,266
245,253,266
246,253,265
247,253,265
248,253,265
249,253,265
250,253,265
251,252,264
252,252,264
253,252,264
254,252,264
255,252,264
256,252,264
257,252,264
258,251,263
259,251,263
260,251,263
261,251,263
262,251,263
263,251,263
264,250,262
265,250,262
266,250,262
267,250,262
268,250,262
269,250,262
270,250,262
271,249,261
272,249,261
273,249,261
274,249,261
275,249,261
276,249,261
277,248,261
278,248,261
279,248,260
280,248,260
281,248,260
282,248,260
283,247,260
284,247,260
285,247,260
286,247,260
287,247,260
288,247,260
289,247,260
290,246,259
291,246,259
292,246,259
293,246,259
294,246,259
295,245,259
296,245,259
297,245,259
298,245,259
299,245,259
300,245,259
301,244,259
302,244,259
303,244,259
304,244,259
305,244,259
306,243,259
307,243,258
308,243,258
309,243,258
310,243,258
311,243,258
312,242,258
313,242,258
314,242,258
315,242,258
316,242,258
317,241,258
318,241,258
319,241,258
320,241,258
321,241,258
322,240,258
323,240,258
324,240,258
325,240,258
326,240,258
327,239,258
328,239,258
329,239,258
330,239,258
331,238,258
332,238,258
333,238,258
334,238,258
335,238,258
336,238,258
337,237,258
338,237,258
339,237,258
340,237,258
341,237,258
342,237,258
343,237,258
344,237,258
345,238,258
346,238,258
347,238,258
348,238,258
349,238,258
350,239,258
351,239,258
352,240,258
353,240,258
354,240,258
355,241,258
356,241,258
357,242,258
358,243,258
359,243,258
360,244,258
361,245,258
362,245,258
363,246,257
364,247,257
365,248,257
366,248,257
367,250,256
368,251,256
369,252,255
0,0
0,135
204,258,261
205,255,265
206,254,268
207,254,270
208,253,272
209,253,273
210,253,275
211,254,276
212,254,277
213,255,278
214,255,280
215,255,281
216,256,282
217,256,283
218,257,283
219,257,284
220,258,285
221,258,285
222,258,286
223,259,286
224,259,287
225,259,287
226,259,287
227,260,287
228,260,287
229,260,287
230,260,287
231,260,286
232,260,286
233,260,286
234,260,286
235,260,286
236,260,286
237,260,286
238,260,286
239,260,285
240,260,285
241,260,285
242,260,285
243,260,285
244,260,285
245,260,285
246,260,285
247,260,285
248,260,285
249,260,285
250,260,285
251,260,285
252,260,285
253,260,285
254,260,285
255,260,284
256,260,284
257,260,284
258,260,284
259,260,284
260,260,284
261,260,284
262,260,284
263,260,284
264,260,284
265,261,284
266,261,284
267,261,284
268,261,284
269,261,284
270,261,284
271,261,283
272,261,283
273,261,283
274,261,283
275,261,283
276,261,283
277,261,283
278,261,283
279,261,283
280,261,283
281,261,283
282,261,283
283,261,283
284,261,283
285,261,283
286,261,283
287,261,283
288,261,282
289,261,282
290,261,282
291,261,282
292,261,282
293,261,282
294,261,282
295,261,282
296,260,282
297,260,282
298,260,282
299,260,282
300,260,282
301,260,282
302,260,282
303,260,282
304,260,282
305,260,281
306,260,281
307,260,281
308,260,281
309,260,281
310,260,281
311,260,281
312,260,281
313,260,281
314,260,281
315,260,281
316,260,281
317,260,281
318,260,281
319,260,281
320,260,281
321,260,281
322,260,281
323,260,280
324,260,280
325,260,280
326,260,280
327,260,280
328,260,280
329,260,280
330,260,280
331,260,280
332,260,280
333,260,280
334,260,280
335,260,280
336,260,280
337,265,280
338,280,280
0,0
0,83
289,195,199
290,193,201
291,193,203
292,193,205
293,193,206
294,193,208
295,193,209
296,193,210
297,193,211
298,193,212
299,194,213
300,194,213
301,194,214
302,194,215
303,194,216
304,195,216
305,195,217
306,195,217
307,195,218
308,195,218
309,195,218
310,195,219
311,195,219
312,195,219
313,195,219
314,195,219
315,195,219
316,195,219
317,195,219
318,195,219
319,195,218
320,195,218
321,195,218
322,195,217
323,194,217
324,194,217
325,194,217
326,194,216
327,194,216
328,193,216
329,193,215
330,192,215
331,192,215
332,192,214
333,191,214
334,191,214
335,190,213
336,190,213
337,190,213
338,189,212
339,189,212
340,188,213
341,187,216
342,187,216
343,186,216
344,185,216
345,184,216
346,183,216
347,182,216
348,181,216
349,180,216
350,179,216
351,178,216
352,178,216
353,178,216
354,177,216
355,177,216
356,177,216
357,178,216
358,178,216
359,179,216
360,179,216
361,180,213
362,181,211
363,181,208
364,182,206
365,183,204
366,184,202
367,185,200
368,187,199
369,188,198
370,190,196
371,193,193
1,135
216,342,360
217,341,360
218,341,359
219,341,359
220,340,358
221,340,358
222,340,358
223,339,357
224,339,357
225,339,357
226,339,356
227,338,356
228,338,355
229,338,355
230,337,355
231,337,354
232,337,354
233,337,354
234,336,353
235,336,353
236,336,353
237,336,352
238,335,352
239,335,352
240,335,351
241,335,351
242,334,351
243,334,350
244,334,350
245,334,350
246,333,349
247,333,349
248,333,349
249,333,349
250,332,348
251,332,348
252,332,348
253,332,347
254,331,347
255,331,347
256,331,347
257,331,346
258,331,346
259,330,346
260,330,345
261,330,345
262,330,345
263,330,344
264,329,344
265,329,344
266,329,344
267,329,343
268,328,343
269,328,343
270,328,343
271,328,342
272,328,342
273,327,342
274,327,342
275,327,341
276,327,341
277,327,341
278,326,341
279,326,340
280,326,340
281,326,340
282,326,340
283,326,340
284,325,339
285,325,339
286,325,339
287,325,339
288,325,338
289,324,338
290,324,338
291,324,338
292,324,337
293,324,337
294,324,337
295,323,337
296,323,337
297,323,336
298,323,336
299,323,336
300,323,336
301,322,336
302,322,335
303,322,335
304,322,335
305,322,335
306,322,335
307,321,335
308,321,334
309,321,334
310,321,334
311,321,334
312,321,334
313,321,334
314,320,334
315,320,334
316,320,333
317,320,333
318,320,333
319,320,333
320,320,333
321,319,333
322,319,333
323,319,333
324,319,333
325,319,333
326,333,333
326,319,334
327,333,333
327,319,334
328,333,333
328,318,334
329,318,333
330,318,333
331,318,333
332,318,332
333,318,332
334,318,332
335,318,331
336,317,331
337,317,330
338,317,330
339,317,329
340,317,328
341,316,328
342,316,327
343,316,326
344,317,324
345,317,323
346,318,321
346,318,318
0,0
0,81
275,327,327
276,323,331
277,322,334
278,321,337
279,321,339
280,321,341
281,321,343
282,321,345
283,322,346
284,323,348
285,324,349
286,324,350
287,325,351
288,326,351
289,326,351
290,326,352
291,327,352
292,327,351
293,327,351
294,328,351
295,328,350
296,328,350
297,328,350
298,329,350
299,329,349
300,329,349
301,329,349
302,330,349
303,330,349
304,330,349
305,330,349
306,330,349
307,331,349
308,331,349
309,331,349
310,331,348
311,331,348
312,331,348
313,331,348
314,331,348
315,331,348
316,331,348
317,331,348
318,331,348
319,331,348
320,331,349
321,330,349
322,330,349
323,330,349
324,330,349
325,330,349
326,330,349
327,329,349
328,329,349
329,329,349
330,329,349
331,329,349
332,329,349
333,329,350
334,329,350
335,330,350
336,330,350
337,330,349
338,330,349
339,331,349
340,331,349
341,332,349
342,332,349
343,332,349
344,333,349
345,333,348
346,334,348
347,334,348
348,335,347
349,336,347
350,336,346
351,337,346
352,338,345
353,339,344
354,340,343
355,341,341
0,0
