1,167
60,143,144
61,143,146
62,142,147
63,141,147
64,141,148
65,141,149
66,141,149
67,141,150
68,140,151
69,140,151
70,140,152
71,140,153
72,140,153
73,140,154
74,139,155
75,139,155
76,139,156
77,139,156
78,139,157
79,139,157
80,138,157
81,138,157
82,138,158
83,138,158
84,138,158
85,138,158
86,137,158
87,137,157
88,137,157
89,137,157
90,137,157
91,137,157
92,137,156
93,136,156
94,136,156
95,136,156
96,136,155
97,136,155
98,136,155
99,136,155
100,135,154
101,135,154
102,135,154
103,135,154
104,135,153
105,135,153
106,135,153
107,134,153
108,134,153
109,134,152
110,134,152
111,134,152
112,134,152
113,133,151
114,133,151
115,133,151
116,133,151
117,133,151
118,133,150
119,132,150
120,132,150
121,132,150
122,132,149
123,132,149
124,131,149
125,131,149
126,131,149
127,131,148
128,131,148
129,130,148
130,130,148
131,130,148
132,130,147
133,129,147
134,129,147
135,129,147
136,129,146
137,128,146
138,128,146
139,128,146
140,128,146
141,128,145
142,127,145
143,127,145
144,127,145
145,127,145
146,126,144
147,126,144
148,126,144
149,126,144
150,125,144
151,125,143
152,125,143
153,125,143
154,124,143
155,124,143
156,124,142
157,123,142
158,123,142
159,123,142
160,123,142
161,122,142
162,122,141
163,122,141
164,122,141
165,121,141
166,121,141
167,121,140
168,120,140
169,120,140
170,120,140
171,120,140
172,119,140
173,119,139
174,119,139
175,118,139
176,118,139
177,118,139
178,118,138
179,117,138
180,117,138
181,117,138
182,117,138
183,116,138
184,116,137
185,116,137
186,115,137
187,115,137
188,115,137
189,115,137
190,114,136
191,114,136
192,114,136
193,114,136
194,113,136
195,113,135
196,113,135
197,113,135
198,113,135
199,113,135
200,112,135
201,113,134
202,113,134
203,113,134
204,113,134
205,113,134
206,114,134
207,114,133
208,114,133
209,114,133
210,114,133
211,115,133
212,115,133
213,116,133
214,116,132
215,116,132
216,117,132
217,117,132
218,117,132
219,118,132
220,118,132
221,119,132
222,119,131
223,120,131
224,120,130
225,121,129
226,122,128
0,0
0,124
84,105,105
85,98,107
86,95,110
87,93,113
88,92,116
89,91,118
90,90,120
91,90,122
92,90,123
93,90,125
94,91,126
95,92,127
96,93,128
97,94,129
98,95,129
99,95,129
100,96,129
101,97,129
102,98,129
103,98,129
104,99,129
105,99,129
106,100,129
107,100,128
108,100,128
109,100,128
110,101,128
111,101,128
112,101,128
113,102,128
114,102,128
115,102,128
116,103,128
117,103,128
118,103,128
119,103,128
120,103,128
121,104,128
122,104,128
123,104,128
124,104,128
125,105,128
126,105,128
127,105,128
128,105,128
129,105,128
130,106,128
131,106,128
132,106,128
133,106,128
134,106,128
135,107,128
136,107,128
137,107,128
138,107,128
139,107,128
140,107,128
141,108,128
142,108,128
143,108,128
144,108,128
145,108,128
146,108,128
147,108,128
148,109,128
149,109,128
150,109,128
151,109,128
152,109,128
153,109,128
154,109,128
155,110,128
156,110,128
157,110,128
158,110,128
159,110,128
160,110,128
161,110,128
162,110,128
163,111,128
164,111,128
165,111,128
166,111,128
167,111,128
168,111,128
169,111,128
170,111,129
171,111,129
172,112,129
173,112,129
174,112,129
175,112,129
176,112,129
177,112,129
178,112,129
179,112,129
180,112,129
181,113,129
182,113,129
183,113,129
184,113,129
185,113,129
186,113,129
187,113,129
188,113,129
189,113,129
190,114,129
191,114,128
192,114,128
193,114,128
194,114,128
195,115,128
196,115,128
197,115,127
198,116,127
199,116,127
200,116,127
201,117,127
202,117,126
203,118,126
204,118,125
205,119,125
206,120,124
207,121,123
0,0
0,134
45,176,179
46,173,185
47,172,187
48,171,189
49,171,191
50,171,193
51,171,195
52,171,196
53,171,198
54,171,199
55,172,201
56,172,202
57,173,203
58,173,204
59,174,205
60,174,207
61,174,207
62,175,208
63,175,209
64,175,210
65,175,210
66,176,211
67,176,211
68,176,210
69,176,210
70,176,210
71,176,209
72,176,209
73,177,209
74,177,208
75,177,208
76,177,207
77,177,207
78,177,207
79,177,206
80,177,206
81,177,206
82,177,205
83,177,205
84,177,205
85,177,204
86,177,204
87,177,204
88,177,204
89,177,203
90,177,203
91,177,203
92,177,203
93,177,202
94,177,202
95,177,202
96,177,202
97,177,202
98,177,201
99,177,201
100,177,201
101,177,201
102,177,201
103,176,200
104,176,200
105,176,200
106,176,200
107,176,200
108,176,199
109,176,199
110,176,199
111,176,199
112,176,198
113,176,198
114,176,198
115,175,198
116,175,198
117,175,197
118,175,197
119,175,197
120,175,197
121,175,197
122,175,196
123,175,196
124,175,196
125,175,196
126,174,196
127,174,195
128,174,195
129,174,195
130,174,195
131,174,194
132,174,194
133,174,194
134,174,194
135,173,194
136,173,193
137,173,193
138,173,193
139,173,193
140,173,193
141,173,192
142,173,192
143,173,192
144,172,192
145,172,191
146,172,191
147,172,191
148,172,191
149,172,191
150,172,191
151,172,190
152,172,190
153,171,190
154,171,190
155,171,189
156,171,189
157,171,189
158,171,189
159,171,189
160,170,188
161,170,188
162,170,188
163,170,188
164,170,188
165,170,187
166,170,187
167,170,187
168,169,187
169,169,186
170,169,186
171,169,186
172,169,186
173,169,186
174,169,185
175,168,185
176,168,184
177,168,177
178,168,170
0,0
1,87
117,188,189
118,187,191
119,186,192
120,186,193
121,186,194
122,185,195
123,185,196
124,185,196
125,185,197
126,184,197
127,184,198
128,184,198
129,184,198
130,183,198
131,183,198
132,183,198
133,183,199
134,182,198
135,182,198
136,182,198
137,182,198
138,181,198
139,181,197
140,181,197
141,181,197
142,180,197
143,180,196
144,180,196
145,179,196
146,179,196
147,179,195
148,179,195
149,178,195
150,178,195
151,178,195
152,177,194
153,177,194
154,177,194
155,176,194
156,176,194
157,176,193
158,175,193
159,175,193
160,175,193
161,174,193
162,174,192
163,174,192
164,173,192
165,173,192
166,173,192
167,173,192
168,172,191
169,172,191
170,172,191
171,172,191
172,171,191
173,171,191
174,171,191
175,171,190
176,170,190
177,171,190
178,171,190
179,171,190
180,171,190
181,171,190
182,171,189
183,171,189
184,172,189
185,172,189
186,172,189
187,172,189
188,173,189
189,173,188
190,174,188
191,174,188
192,175,188
193,175,188
194,176,188
195,176,188
196,177,188
197,178,187
198,178,187
199,179,187
200,180,186
201,181,186
202,183,184
202,183,183
0,0
0,88
234,77,77
235,70,80
236,69,85
237,69,89
238,68,92
239,68,94
240,69,96
241,69,97
242,69,97
243,70,98
244,71,98
245,71,98
246,71,98
247,72,99
248,73,99
249,73,99
250,74,99
251,74,99
252,74,99
253,75,99
254,75,99
255,76,99
256,76,100
257,77,100
258,77,100
259,77,100
260,78,100
261,78,100
262,79,100
263,79,101
264,80,101
265,80,101
266,80,101
267,81,101
268,81,101
269,81,102
270,82,102
271,82,102
272,82,102
273,83,102
274,83,103
275,83,103
276,83,103
277,84,103
278,84,103
279,84,104
280,85,104
281,85,104
282,85,104
283,85,104
284,86,104
285,86,104
286,86,105
287,86,105
288,86,105
289,87,105
290,87,105
291,87,105
292,87,106
293,87,106
294,88,106
295,88,106
296,88,106
297,89,106
298,89,106
299,89,107
300,89,107
301,90,107
302,90,107
303,90,107
304,91,107
305,91,107
306,91,107
307,92,107
308,92,107
309,93,107
310,93,107
311,94,107
312,94,107
313,95,107
314,95,107
315,96,107
316,97,107
317,98,107
318,99,107
319,100,106
320,102,106
321,104,104
0,0
1,115
77,243,246
78,242,247
79,242,248
80,242,248
81,241,249
82,241,250
83,241,250
84,241,250
85,241,251
86,241,251
87,241,252
88,240,252
89,240,252
90,240,252
91,240,252
92,240,252
93,240,252
94,240,253
95,239,252
96,239,252
97,239,252
98,239,252
99,239,252
100,239,252
101,238,252
102,238,252
103,238,251
104,238,251
105,238,251
106,238,251
107,238,250
108,237,250
109,237,250
110,237,249
111,237,249
112,237,249
113,236,249
114,236,248
115,236,248
116,236,248
117,236,248
118,235,248
119,235,247
120,235,247
121,235,247
122,235,247
123,234,246
124,234,246
125,234,246
126,234,246
127,234,246
128,233,245
129,233,245
130,233,245
131,233,245
132,232,244
133,232,244
134,232,244
135,232,244
136,232,243
137,231,243
138,231,243
139,231,243
140,230,243
141,230,242
142,230,242
143,230,242
144,229,242
145,229,241
146,229,241
147,229,241
148,228,241
149,228,241
150,228,240
151,227,240
152,227,240
153,227,240
154,226,239
155,226,239
156,226,239
157,225,239
158,225,239
159,225,238
160,224,238
161,224,238
162,224,238
163,223,237
164,223,237
165,223,237
166,222,237
167,222,236
168,222,236
169,221,236
170,221,236
171,220,236
172,220,235
173,220,235
174,219,235
175,219,235
176,219,235
177,218,234
178,218,234
179,217,234
180,217,234
181,217,234
182,216,234
183,216,234
184,215,234
185,215,234
186,214,234
187,219,234
188,223,234
189,227,235
190,231,235
191,236,236
0,74
213,191,194
214,187,200
215,186,203
216,186,206
217,186,209
218,186,211
219,187,213
220,187,215
221,187,217
222,187,219
223,187,221
224,188,222
225,188,224
226,188,225
227,188,226
228,189,227
229,189,229
230,189,230
231,189,230
232,190,231
233,190,231
234,190,231
235,190,231
236,191,231
237,191,231
238,192,231
239,192,230
240,192,230
241,193,229
242,193,228
243,193,227
244,193,226
245,193,225
246,193,224
247,193,223
248,193,222
249,193,221
250,193,220
251,193,220
252,193,219
253,192,218
254,192,218
255,192,217
256,192,217
257,192,216
258,192,216
259,192,215
260,192,215
261,191,214
262,191,214
263,191,213
264,191,213
265,191,213
266,191,212
267,190,212
268,190,212
269,190,211
270,190,211
271,190,210
272,190,210
273,189,210
274,189,210
275,189,209
276,189,209
277,188,208
278,188,208
279,188,208
280,188,207
281,188,207
282,187,207
283,187,207
284,187,206
285,187,198
286,186,187
0,0
1,126
94,299,302
95,299,303
96,298,304
97,298,305
98,298,306
99,297,307
100,297,308
101,297,308
102,297,309
103,297,309
104,296,309
105,296,309
106,296,309
107,296,310
108,296,310
109,296,310
110,295,309
111,295,309
112,295,309
113,295,309
114,295,309
115,294,309
116,294,308
117,294,308
118,294,308
119,294,307
120,293,307
121,293,307
122,293,307
123,293,306
124,292,306
125,292,306
126,292,306
127,292,305
128,292,305
129,291,305
130,291,305
131,291,304
132,291,304
133,290,304
134,290,304
135,290,304
136,290,303
137,289,303
138,289,303
139,289,303
140,289,302
141,288,302
142,288,302
143,288,302
144,288,302
145,287,301
146,287,301
147,287,301
148,287,301
149,286,301
150,286,300
151,286,300
152,286,300
153,285,300
154,285,300
155,285,299
156,285,299
157,284,299
158,284,299
159,284,299
160,283,298
161,283,298
162,283,298
163,283,298
164,282,298
165,282,298
166,282,297
167,281,297
168,281,297
169,281,297
170,281,297
171,280,296
172,280,296
173,280,296
174,280,296
175,279,296
176,279,296
177,279,295
178,278,295
179,278,295
180,278,295
181,277,295
182,277,295
183,277,295
184,277,294
185,276,294
186,276,294
187,276,294
188,275,294
189,275,293
190,275,293
191,275,293
192,275,293
193,274,293
194,274,293
195,274,293
196,274,292
197,274,292
198,274,292
199,274,292
200,274,292
201,275,292
202,275,292
203,275,291
204,275,291
205,275,291
206,276,291
207,276,291
208,277,291
209,277,291
210,278,290
211,278,290
212,279,290
213,279,290
214,280,290
215,281,290
216,281,289
217,282,289
218,283,288
219,284,287
0,0
1,191
38,359,364
39,358,366
40,357,367
41,357,368
42,356,368
43,356,369
44,356,370
45,356,371
46,356,371
47,356,372
48,355,372
49,355,373
50,355,373
51,355,374
52,355,374
53,355,375
54,355,375
55,355,375
56,355,376
57,354,376
58,354,376
59,354,376
60,354,377
61,354,377
62,354,377
63,354,377
64,354,377
65,353,377
66,353,378
67,353,378
68,353,378
69,353,378
70,353,378
71,353,378
72,352,377
73,352,377
74,352,377
75,352,377
76,352,377
77,352,377
78,352,376
79,352,376
80,351,376
81,351,375
82,351,375
83,351,375
84,351,374
85,351,374
86,350,374
87,350,373
88,350,373
89,350,372
90,350,372
91,349,372
92,349,371
93,349,371
94,349,371
95,349,370
96,349,370
97,348,370
98,348,370
99,348,369
100,348,369
101,347,369
102,347,368
103,347,368
104,347,368
105,347,367
106,346,367
107,346,367
108,346,366
109,346,366
110,345,366
111,345,365
112,345,365
113,345,365
114,345,364
115,344,364
116,344,364
117,344,364
118,344,363
119,343,363
120,343,363
121,343,362
122,343,362
123,343,362
124,342,361
125,342,361
126,342,361
127,342,361
128,341,360
129,341,360
130,341,360
131,341,359
132,340,359
133,340,359
134,340,359
135,340,358
136,339,358
137,339,358
138,339,358
139,339,357
140,339,357
141,338,357
142,338,356
143,338,356
144,338,356
145,337,356
146,337,355
147,337,355
148,337,355
149,336,355
150,336,354
151,336,354
152,336,354
153,335,354
154,335,354
155,335,353
156,335,353
157,334,353
158,334,353
159,334,352
160,334,352
161,333,352
162,333,352
163,333,351
164,333,351
165,333,351
166,332,351
167,332,351
168,332,350
169,332,350
170,331,350
171,331,350
172,331,350
173,331,349
174,330,349
175,330,349
176,330,349
177,330,349
178,329,348
179,329,348
180,329,348
181,329,348
182,328,348
183,328,347
184,328,347
185,328,347
186,327,347
187,327,347
188,327,347
189,327,346
190,327,346
191,326,346
192,326,346
193,326,346
194,326,345
195,325,345
196,325,345
197,325,345
198,325,345
199,325,345
200,324,344
201,324,344
202,324,344
203,324,344
204,324,344
205,324,344
206,324,343
207,324,343
208,324,343
209,324,343
210,325,343
211,325,343
212,325,342
213,325,342
214,325,342
215,326,342
216,326,342
217,326,342
218,327,341
219,327,341
220,328,341
221,328,341
222,329,341
223,329,340
224,330,340
225,331,340
226,332,339
227,333,338
228,335,336
0,0
0,254
191,138,138
192,134,141
193,133,145
194,132,146
195,132,148
196,132,150
197,132,152
198,133,153
199,134,154
200,134,156
201,135,157
202,135,158
203,135,159
204,136,160
205,136,161
206,136,161
207,137,162
208,137,162
209,137,162
210,137,163
211,138,163
212,138,163
213,138,162
214,138,162
215,138,162
216,138,162
217,138,162
218,139,162
219,139,161
220,139,161
221,139,161
222,139,161
223,139,161
224,139,161
225,139,161
226,139,161
227,139,161
228,139,161
229,140,161
230,140,160
231,140,160
232,140,160
233,140,160
234,140,160
235,140,160
236,140,160
237,140,160
238,140,160
239,140,160
240,140,160
241,140,160
242,140,160
243,140,160
244,140,160
245,140,160
246,140,160
247,140,160
248,140,160
249,140,159
250,140,159
251,140,159
252,140,159
253,140,159
254,140,159
255,140,159
256,140,159
257,140,159
258,140,159
259,140,159
260,140,159
261,140,159
262,140,159
263,140,159
264,140,159
265,140,159
266,140,159
267,140,159
268,140,159
269,140,159
270,140,159
271,140,159
272,140,159
273,140,159
274,140,159
275,140,159
276,140,159
277,140,159
278,140,159
279,140,159
280,139,159
281,139,159
282,139,159
283,139,159
284,139,159
285,139,159
286,139,159
287,139,159
288,139,159
289,139,159
290,139,158
291,139,158
292,139,158
293,139,158
294,139,158
295,139,158
296,139,158
297,139,158
298,139,158
299,139,158
300,139,158
301,139,158
302,139,158
303,139,158
304,139,158
305,138,158
306,138,158
307,138,158
308,138,158
309,138,158
310,138,158
311,138,158
312,138,158
313,138,158
314,138,158
315,138,158
316,138,158
317,138,158
318,138,158
319,138,158
320,138,158
321,138,158
322,138,158
323,138,158
324,138,158
325,138,158
326,137,158
327,137,158
328,137,158
329,137,158
330,137,158
331,137,158
332,137,158
333,137,158
334,137,158
335,137,158
336,137,158
337,137,158
338,137,158
339,137,158
340,137,158
341,137,158
342,137,158
343,136,158
344,136,158
345,136,158
346,136,158
347,136,158
348,136,158
349,136,158
350,136,158
351,136,158
352,136,158
353,136,158
354,136,158
355,136,158
356,135,158
357,135,158
358,135,158
359,135,158
360,135,158
361,135,158
362,135,158
363,135,158
364,135,158
365,135,158
366,135,158
367,134,158
368,134,159
369,134,159
370,134,159
371,134,159
372,134,159
373,134,159
374,134,159
375,133,159
376,133,159
377,133,159
378,133,159
379,133,159
380,133,159
381,133,159
382,132,159
383,132,159
384,132,159
385,132,159
386,132,159
387,132,159
388,131,159
389,131,159
390,131,159
391,131,159
392,131,159
393,130,159
394,130,159
395,130,159
396,129,159
397,129,159
398,129,159
399,129,159
400,129,159
401,129,159
402,129,159
403,129,159
404,129,159
405,129,159
406,129,159
407,129,159
408,129,159
409,129,159
410,130,159
411,130,159
412,130,159
413,130,159
414,131,160
415,131,160
416,131,160
417,131,160
418,132,160
419,132,160
420,132,160
421,133,160
422,133,160
423,133,160
424,134,160
425,134,160
426,135,159
427,135,159
428,136,159
429,136,159
430,137,159
431,137,158
432,138,158
433,139,158
434,139,157
435,140,157
436,141,157
437,141,156
438,142,156
439,143,155
440,144,155
441,145,154
442,146,153
443,147,152
444,149,151
0,0
1,170
241,135,138
242,135,138
243,134,139
244,134,140
245,134,140
246,133,141
247,133,141
248,133,142
249,133,142
250,133,143
251,133,143
252,133,144
253,132,144
254,132,144
255,132,145
256,132,145
257,132,145
258,132,146
259,132,146
260,132,146
261,132,146
262,132,146
263,131,147
264,131,147
265,131,147
266,131,147
267,131,147
268,131,147
269,131,147
270,131,147
271,130,147
272,130,148
273,130,147
274,130,147
275,130,147
276,130,147
277,130,147
278,130,147
279,129,146
280,129,146
281,129,146
282,129,146
283,129,146
284,129,145
285,129,145
286,128,145
287,128,145
288,128,145
289,128,144
290,128,144
291,127,144
292,127,144
293,127,144
294,127,143
295,127,143
296,127,143
297,126,143
298,126,143
299,126,142
300,126,142
301,126,142
302,125,142
303,125,142
304,125,141
305,125,141
306,125,141
307,125,141
308,124,141
309,124,140
310,124,140
311,124,140
312,123,140
313,123,140
314,123,139
315,123,139
316,123,139
317,122,139
318,122,139
319,122,138
320,122,138
321,121,138
322,121,138
323,121,138
324,121,137
325,120,137
326,120,137
327,120,137
328,120,137
329,119,136
330,119,136
331,119,136
332,119,136
333,118,136
334,118,135
335,118,135
336,118,135
337,117,135
338,117,135
339,117,134
340,116,134
341,116,134
342,116,134
343,116,134
344,115,133
345,115,133
346,115,133
347,114,133
348,114,133
349,114,132
350,114,132
351,113,132
352,113,132
353,113,132
354,112,131
355,112,131
356,112,131
357,112,131
358,111,131
359,111,130
360,111,130
361,110,130
362,110,130
363,110,130
364,109,129
365,109,129
366,109,129
367,108,129
368,108,128
369,108,128
370,107,128
371,107,128
372,107,128
373,106,127
374,106,127
375,106,127
376,105,127
377,105,127
378,105,126
379,105,126
380,105,126
381,104,126
382,104,125
383,104,125
384,104,125
385,104,125
386,104,125
387,104,124
388,104,124
389,103,124
390,104,124
391,104,123
392,104,123
393,104,123
394,105,123
395,105,122
396,105,122
397,105,122
398,106,122
399,106,121
400,106,121
401,107,121
402,107,120
403,107,120
404,108,120
405,108,120
406,109,119
407,109,119
408,110,118
409,111,117
410,113,116
0,0
0,120
74,269,273
75,266,277
76,265,280
77,264,282
78,264,284
79,264,286
80,264,288
81,264,289
82,264,291
83,265,292
84,265,294
85,266,295
86,266,296
87,267,297
88,267,298
89,268,298
90,268,299
91,269,300
92,269,300
93,269,301
94,270,301
95,270,301
96,271,301
97,271,301
98,271,301
99,272,301
100,272,301
101,272,301
102,273,301
103,273,301
104,273,301
105,274,301
106,274,301
107,274,301
108,274,300
109,275,300
110,275,300
111,275,300
112,275,300
113,276,300
114,276,300
115,276,300
116,276,300
117,276,300
118,276,300
119,277,300
120,277,300
121,277,300
122,277,300
123,277,300
124,277,300
125,277,300
126,277,300
127,278,300
128,278,300
129,278,300
130,278,300
131,278,300
132,278,300
133,278,300
134,278,300
135,279,300
136,279,300
137,279,300
138,279,300
139,279,300
140,279,300
141,279,300
142,279,300
143,279,300
144,279,300
145,279,300
146,280,300
147,280,300
148,280,300
149,280,300
150,280,300
151,280,300
152,280,300
153,280,300
154,280,300
155,280,300
156,280,300
157,281,300
158,281,300
159,281,300
160,281,300
161,281,300
162,281,300
163,281,300
164,281,300
165,281,300
166,281,300
167,281,300
168,282,300
169,282,300
170,282,300
171,282,300
172,282,300
173,282,300
174,282,300
175,282,300
176,282,300
177,282,300
178,282,300
179,282,300
180,282,300
181,283,300
182,283,300
183,283,300
184,283,300
185,283,300
186,283,300
187,283,301
188,283,301
189,283,301
190,283,301
191,283,301
192,283,300
193,283,285
0,0
0,144
49,343,348
50,340,351
51,339,354
52,338,356
53,337,359
54,337,360
55,337,362
56,337,364
57,337,365
58,337,367
59,337,368
60,338,370
61,338,371
62,339,372
63,339,374
64,340,375
65,340,376
66,340,377
67,341,378
68,341,379
69,341,379
70,342,380
71,342,380
72,342,380
73,342,380
74,343,380
75,343,379
76,343,379
77,343,379
78,343,378
79,343,378
80,344,377
81,344,377
82,344,377
83,344,376
84,344,376
85,344,376
86,344,375
87,344,375
88,344,375
89,344,375
90,344,374
91,344,374
92,344,374
93,344,374
94,344,373
95,345,373
96,345,373
97,345,373
98,345,373
99,345,372
100,345,372
101,345,372
102,345,372
103,345,372
104,344,371
105,344,371
106,344,371
107,344,371
108,344,371
109,344,370
110,344,370
111,344,370
112,344,370
113,344,370
114,344,369
115,344,369
116,344,369
117,344,369
118,344,369
119,344,368
120,344,368
121,344,368
122,344,368
123,344,368
124,344,368
125,343,367
126,343,367
127,343,367
128,343,367
129,343,367
130,343,366
131,343,366
132,343,366
133,343,366
134,343,366
135,343,366
136,343,365
137,343,365
138,343,365
139,343,365
140,342,365
141,342,364
142,342,364
143,342,364
144,342,364
145,342,364
146,342,363
147,342,363
148,342,363
149,342,363
150,342,363
151,341,363
152,341,362
153,341,362
154,341,362
155,341,362
156,341,362
157,341,361
158,341,361
159,341,361
160,341,361
161,340,361
162,340,361
163,340,360
164,340,360
165,340,360
166,340,360
167,340,360
168,340,359
169,340,359
170,339,359
171,339,359
172,339,359
173,339,358
174,339,358
175,339,358
176,339,358
177,339,358
178,339,358
179,339,357
180,338,357
181,338,357
182,338,357
183,338,357
184,338,356
185,338,356
186,338,356
187,338,356
188,338,356
189,337,355
190,337,349
191,337,344
192,337,338
0,0
1,236
217,204,207
218,203,208
219,203,209
220,203,210
221,203,211
222,202,211
223,202,212
224,202,213
225,202,213
226,202,214
227,202,214
228,201,215
229,201,215
230,201,216
231,201,216
232,201,216
233,201,217
234,201,217
235,200,217
236,200,217
237,200,217
238,200,217
239,200,217
240,200,218
241,199,218
242,199,218
243,199,217
244,199,217
245,199,217
246,199,217
247,199,217
248,198,217
249,198,216
250,198,216
251,198,216
252,198,215
253,198,215
254,197,215
255,197,215
256,197,214
257,197,214
258,197,214
259,197,213
260,196,213
261,196,213
262,196,213
263,196,212
264,196,212
265,196,212
266,195,212
267,195,211
268,195,211
269,195,211
270,195,211
271,195,210
272,195,210
273,194,210
274,194,210
275,194,209
276,194,209
277,194,209
278,194,209
279,193,208
280,193,208
281,193,208
282,193,208
283,193,208
284,193,207
285,192,207
286,192,207
287,192,207
288,192,207
289,192,206
290,192,206
291,191,206
292,191,206
293,191,206
294,191,205
295,191,205
296,191,205
297,190,205
298,190,204
299,190,204
300,190,204
301,190,204
302,190,204
303,189,204
304,189,203
305,189,203
306,189,203
307,189,203
308,189,203
309,188,203
310,188,202
311,188,202
312,188,202
313,188,202
314,188,202
315,187,202
316,187,201
317,187,201
318,187,201
319,187,201
320,187,201
321,186,201
322,186,200
323,186,200
324,186,200
325,186,200
326,186,200
327,185,200
328,185,200
329,185,199
330,185,199
331,185,199
332,185,199
333,184,199
334,184,199
335,184,199
336,184,199
337,184,198
338,183,198
339,183,198
340,183,198
341,183,198
342,183,198
343,183,198
344,182,198
345,182,197
346,182,197
347,182,197
348,182,197
349,181,197
350,181,197
351,181,197
352,181,197
353,181,197
354,181,196
355,180,196
356,180,196
357,180,196
358,180,196
359,180,196
360,179,196
361,179,196
362,179,196
363,179,196
364,179,196
365,178,196
366,178,196
367,178,195
368,178,195
369,178,195
370,178,195
371,177,195
372,177,195
373,177,195
374,177,195
375,177,195
376,176,195
377,176,195
378,176,195
379,176,195
380,176,195
381,175,195
382,175,195
383,175,195
384,175,194
385,174,194
386,174,194
387,174,194
388,174,194
389,174,194
390,173,194
391,173,194
392,173,194
393,173,194
394,173,194
395,172,194
396,172,194
397,172,194
398,172,194
399,171,194
400,171,194
401,171,194
402,171,194
403,170,194
404,170,194
405,170,194
406,170,194
407,170,194
408,169,194
409,169,194
410,169,194
411,169,194
412,169,194
413,169,194
414,168,194
415,168,194
416,168,194
417,168,194
418,168,194
419,168,194
420,168,194
421,168,194
422,169,193
423,169,193
424,169,193
425,169,193
426,169,193
427,169,193
428,170,193
429,170,193
430,171,193
431,171,193
432,171,193
433,172,193
434,172,193
435,173,193
436,173,193
437,174,193
438,174,193
439,175,193
440,176,193
441,176,193
442,177,193
443,178,193
444,178,193
445,179,192
446,180,192
447,181,192
448,182,192
449,182,191
450,183,191
451,185,190
452,187,188
0,0
0,108
198,265,270
199,263,274
200,263,276
201,262,278
202,262,279
203,263,281
204,263,282
205,263,284
206,264,285
207,264,286
208,264,287
209,264,288
210,265,289
211,265,290
212,265,291
213,265,292
214,265,292
215,265,293
216,264,293
217,264,293
218,264,293
219,264,293
220,263,293
221,263,293
222,263,292
223,263,291
224,262,290
225,262,289
226,262,289
227,261,288
228,261,287
229,260,286
230,260,285
231,260,285
232,259,284
233,259,283
234,258,282
235,258,282
236,257,281
237,257,280
238,256,280
239,256,279
240,255,278
241,255,278
242,254,277
243,254,276
244,253,276
245,253,275
246,252,275
247,252,274
248,251,273
249,250,273
250,250,272
251,249,271
252,249,271
253,248,270
254,248,269
255,247,269
256,246,268
257,246,267
258,245,266
259,245,266
260,244,265
261,243,264
262,243,263
263,242,262
264,242,262
265,241,261
266,240,260
267,240,259
268,239,258
269,238,258
270,238,257
271,237,256
272,236,255
273,236,254
274,235,254
275,234,253
276,234,252
277,233,251
278,232,250
279,232,249
280,231,248
281,230,247
282,230,246
283,229,245
284,228,244
285,227,243
286,227,242
287,226,241
288,225,240
289,224,239
290,224,238
291,223,237
292,222,236
293,222,235
294,221,234
295,220,233
296,219,231
297,218,230
298,218,229
299,217,228
300,216,227
301,215,225
302,215,224
303,215,222
304,215,221
305,215,217
0,0
0,184
248,253,258
249,252,263
250,252,265
251,251,267
252,251,269
253,251,271
254,251,272
255,252,274
256,252,275
257,253,277
258,253,278
259,254,279
260,254,280
261,254,281
262,255,281
263,255,282
264,255,282
265,256,283
266,256,283
267,256,283
268,257,283
269,257,283
270,257,283
271,257,283
272,258,283
273,258,283
274,258,282
275,258,282
276,258,282
277,258,282
278,258,282
279,258,282
280,258,281
281,259,281
282,259,281
283,259,281
284,259,281
285,259,281
286,259,281
287,259,281
288,259,281
289,259,281
290,259,280
291,259,280
292,259,280
293,259,280
294,259,280
295,259,280
296,259,280
297,259,280
298,259,280
299,259,280
300,259,280
301,259,280
302,259,279
303,259,279
304,259,279
305,259,279
306,259,279
307,259,279
308,259,279
309,259,279
310,259,279
311,259,279
312,259,279
313,259,279
314,259,279
315,259,279
316,259,279
317,259,279
318,259,279
319,259,278
320,259,278
321,259,278
322,259,278
323,259,278
324,259,278
325,259,278
326,259,278
327,259,278
328,258,278
329,258,278
330,258,278
331,258,278
332,258,278
333,258,278
334,258,278
335,258,278
336,258,278
337,258,278
338,258,277
339,258,277
340,258,277
341,258,277
342,257,277
343,257,277
344,257,277
345,257,277
346,257,277
347,257,277
348,257,277
349,257,277
350,257,277
351,257,277
352,256,277
353,256,277
354,256,277
355,256,277
356,256,277
357,256,276
358,256,276
359,256,276
360,255,276
361,255,276
362,255,276
363,255,276
364,255,276
365,254,276
366,254,276
367,254,276
368,254,276
369,254,276
370,253,276
371,253,276
372,253,276
373,253,276
374,252,276
375,252,276
376,252,276
377,252,275
378,251,275
379,251,275
380,251,275
381,250,275
382,250,275
383,250,275
384,250,275
385,249,275
386,249,275
387,249,275
388,248,275
389,248,274
390,248,274
391,247,274
392,247,274
393,247,274
394,247,274
395,246,274
396,246,273
397,246,273
398,246,273
399,246,273
400,246,273
401,246,273
402,246,272
403,246,272
404,246,272
405,246,272
406,246,271
407,246,271
408,246,271
409,246,271
410,246,271
411,246,270
412,247,270
413,247,270
414,247,270
415,247,269
416,248,269
417,248,269
418,248,268
419,249,268
420,249,268
421,249,267
422,250,267
423,250,266
424,251,266
425,251,265
426,252,265
427,253,264
428,253,263
429,254,262
430,255,261
431,257,259
0,0
1,131
258,258,261
259,258,262
260,258,263
261,257,265
262,257,266
263,256,266
264,256,267
265,256,268
266,256,268
267,256,269
268,256,270
269,256,270
270,256,271
271,256,271
272,256,271
273,256,272
274,256,272
275,255,272
276,255,272
277,255,272
278,255,273
279,255,273
280,255,273
281,255,273
282,255,273
283,255,273
284,254,272
285,254,272
286,254,272
287,254,272
288,254,272
289,254,272
290,254,271
291,253,271
292,253,271
293,253,270
294,253,270
295,253,270
296,253,270
297,253,269
298,252,269
299,252,269
300,252,268
301,252,268
302,252,268
303,252,268
304,251,267
305,251,267
306,251,267
307,251,267
308,251,266
309,251,266
310,251,266
311,250,266
312,250,265
313,250,265
314,250,265
315,250,265
316,249,264
317,249,264
318,249,264
319,249,264
320,249,264
321,249,263
322,248,263
323,248,263
324,248,263
325,248,262
326,248,262
327,247,262
328,247,262
329,247,262
330,247,261
331,247,261
332,246,261
333,246,261
334,246,260
335,246,260
336,246,260
337,245,260
338,245,260
339,245,259
340,245,259
341,244,259
342,244,259
343,244,259
344,244,258
345,244,258
346,243,258
347,243,258
348,243,258
349,243,257
350,242,257
351,242,257
352,242,257
353,242,257
354,242,256
355,241,256
356,241,256
357,241,256
358,240,256
359,240,255
360,240,255
361,240,255
362,240,255
363,239,255
364,239,254
365,239,254
366,239,254
367,238,254
368,238,254
369,238,254
370,238,253
371,237,253
372,237,253
373,237,253
374,236,253
375,236,253
376,236,252
377,236,252
378,235,251
379,235,250
380,235,248
381,234,246
382,234,244
383,234,242
384,234,240
385,233,239
386,233,237
387,233,235
388,232,233
0,238
231,393,393
232,388,399
233,388,402
234,387,405
235,387,407
236,386,410
237,386,412
238,385,414
239,385,415
240,384,417
241,383,419
242,383,421
243,382,422
244,382,424
245,381,425
246,381,426
247,380,427
248,380,428
249,379,429
250,379,430
251,378,430
251,378,382
251,382,430
252,377,380
252,386,431
253,377,377
253,389,431
253,389,431
254,391,431
255,393,431
256,393,431
257,394,431
258,395,431
259,395,431
260,395,431
261,396,430
262,396,430
263,396,429
264,396,429
265,396,428
266,397,428
267,397,428
268,397,427
269,397,427
270,397,426
271,397,426
272,397,426
273,398,426
274,398,425
275,398,425
276,398,425
277,398,425
278,398,425
279,398,424
280,398,424
281,399,424
282,399,424
283,399,424
284,399,424
285,399,424
286,399,424
287,399,424
288,399,424
289,399,424
290,399,424
291,399,424
292,400,424
293,400,424
294,400,424
295,400,424
296,400,424
297,400,424
298,400,424
299,400,424
300,400,424
301,400,424
302,400,424
303,400,424
304,400,424
305,400,424
306,400,424
307,401,424
308,401,424
309,401,424
310,401,424
311,401,424
312,401,424
313,401,424
314,401,424
315,401,424
316,401,424
317,401,424
318,401,424
319,401,424
320,401,424
321,401,424
322,401,424
323,401,424
324,401,424
325,401,424
326,401,424
327,401,424
328,401,425
329,401,425
330,401,425
331,401,425
332,401,425
333,401,425
334,401,425
335,401,425
336,401,425
337,402,425
338,402,425
339,402,425
340,402,425
341,402,425
342,402,425
343,402,425
344,402,425
345,402,425
346,401,425
347,401,425
348,401,425
349,401,425
350,401,425
351,401,426
352,401,426
353,401,426
354,401,426
355,401,426
356,401,426
357,401,426
358,401,426
359,401,426
360,401,426
361,401,426
362,401,426
363,401,426
364,401,426
365,401,426
366,401,426
367,401,426
368,401,426
369,401,426
370,401,427
371,401,427
372,401,427
373,401,427
374,401,427
375,401,427
376,401,427
377,401,427
378,401,427
379,400,427
380,400,427
381,400,427
382,400,427
383,400,427
384,400,427
385,400,427
386,400,427
387,400,428
388,400,428
389,400,428
390,400,428
391,400,428
392,400,428
393,400,428
394,399,428
395,399,428
396,399,428
397,399,428
398,399,428
399,399,428
400,399,428
401,399,428
402,399,428
403,399,428
404,398,429
405,398,429
406,398,429
407,398,429
408,398,429
409,398,428
410,398,428
411,397,428
412,397,428
413,397,428
414,397,428
415,396,428
416,396,428
417,395,428
418,395,428
419,395,428
420,395,428
421,395,428
422,395,428
423,395,428
424,396,428
425,396,428
426,396,427
427,396,427
428,396,427
429,396,427
430,396,427
431,396,427
432,396,427
433,396,427
434,396,426
435,396,426
436,396,426
437,397,426
438,397,425
439,397,425
440,397,425
441,397,425
442,397,424
443,397,424
444,397,424
445,397,424
446,397,423
447,397,423
448,397,423
449,397,422
450,397,422
451,398,421
452,398,421
453,398,420
454,398,420
455,398,419
456,398,419
457,399,418
458,400,418
459,401,417
460,403,416
461,404,415
462,406,414
463,408,413
1,43
398,449,456
397,436,455
396,422,454
395,417,453
394,418,452
393,418,451
392,419,449
391,419,448
390,419,447
389,419,446
388,419,445
387,419,444
386,419,443
385,419,442
384,419,441
383,419,441
382,419,440
381,418,439
380,418,438
379,418,437
378,418,436
377,418,435
376,418,434
375,417,433
374,417,432
373,417,431
372,417,431
371,416,430
370,416,429
369,416,428
368,416,427
367,415,426
366,415,426
365,415,425
364,415,424
363,415,423
362,414,422
361,414,422
360,413,421
359,414,420
358,414,420
357,414,419
356,415,417
0,0
1,93
287,311,313
288,310,314
289,310,315
290,309,315
291,309,316
292,309,316
293,308,317
294,308,317
295,307,318
296,307,317
297,307,317
298,306,317
299,306,317
300,306,317
301,305,317
302,305,317
303,305,317
304,304,316
305,304,316
306,304,316
307,303,316
308,303,316
309,302,316
310,302,315
311,302,315
312,301,315
313,301,315
314,301,315
315,300,314
316,300,314
317,299,314
318,299,314
319,299,313
320,298,313
321,298,313
322,298,313
323,297,313
324,297,312
325,296,312
326,296,312
327,296,312
328,295,311
329,295,311
330,295,311
331,294,311
332,294,310
333,294,310
334,293,310
335,293,310
336,293,309
337,292,309
338,292,309
339,291,309
340,291,308
341,291,308
342,291,308
343,290,308
344,290,307
345,290,307
346,290,307
347,289,307
348,289,307
349,289,306
350,289,306
351,289,306
352,288,306
353,288,305
354,288,305
355,288,305
356,288,305
357,288,305
358,288,304
359,287,304
360,288,304
361,288,304
362,288,304
363,288,303
364,288,303
365,288,303
366,288,303
367,289,303
368,289,302
369,289,302
370,289,302
371,290,302
372,290,302
373,291,301
374,291,301
375,292,301
376,293,300
377,294,300
378,295,299
379,296,298
0,0
1,98
285,355,357
286,355,359
287,354,359
288,354,360
289,354,361
290,353,362
291,353,362
292,353,362
293,353,363
294,352,363
295,352,363
296,352,363
297,351,363
298,351,363
299,351,363
300,351,363
301,350,363
302,350,362
303,350,362
304,349,362
305,349,362
306,349,362
307,348,362
308,348,362
309,348,362
310,348,361
311,347,361
312,347,361
313,347,361
314,346,361
315,346,361
316,346,361
317,345,360
318,345,360
319,345,360
320,344,360
321,344,360
322,344,359
323,344,359
324,343,359
325,343,359
326,343,359
327,342,359
328,342,358
329,342,358
330,341,358
331,341,358
332,341,358
333,340,358
334,340,357
335,340,357
336,339,357
337,339,357
338,339,357
339,339,356
340,338,356
341,338,356
342,338,356
343,338,356
344,337,356
345,337,355
346,337,355
347,337,355
348,337,355
349,336,355
350,336,355
351,336,354
352,336,354
353,336,354
354,336,354
355,336,354
356,336,354
357,335,353
358,335,353
359,335,353
360,335,353
361,335,353
362,336,353
363,336,353
364,336,352
365,336,352
366,336,352
367,336,352
368,336,352
369,336,352
370,337,351
371,337,351
372,337,351
373,338,351
374,338,351
375,338,351
376,339,351
377,339,350
378,340,350
379,341,350
380,342,349
381,343,349
382,344,348
0,0
0,177
252,321,324
253,317,327
254,316,329
255,315,332
256,314,333
257,313,335
258,313,337
259,313,338
260,313,340
261,314,341
262,314,342
263,315,343
264,315,344
265,316,345
266,317,345
267,317,346
268,318,346
269,318,346
270,318,346
271,319,346
272,319,346
273,319,346
274,319,345
275,320,345
276,320,345
277,320,345
278,320,345
279,320,344
280,320,344
281,320,344
282,320,344
283,320,344
284,320,344
285,320,344
286,321,344
287,321,344
288,321,344
289,321,344
290,321,343
291,321,343
292,321,343
293,321,343
294,321,343
295,321,343
296,321,343
297,321,343
298,321,343
299,321,343
300,321,343
301,321,343
302,321,343
303,321,343
304,321,343
305,321,343
306,321,343
307,321,343
308,321,343
309,321,343
310,321,343
311,322,343
312,322,343
313,322,343
314,322,343
315,322,343
316,322,343
317,322,343
318,322,343
319,322,343
320,322,343
321,322,343
322,322,342
323,322,342
324,322,342
325,322,342
326,322,342
327,322,342
328,322,342
329,322,342
330,322,342
331,322,342
332,322,342
333,322,342
334,322,342
335,322,342
336,322,342
337,322,342
338,322,342
339,322,342
340,322,342
341,322,342
342,322,342
343,322,342
344,322,342
345,322,342
346,322,342
347,322,342
348,322,342
349,322,342
350,322,342
351,322,342
352,322,342
353,322,342
354,322,342
355,322,342
356,322,342
357,322,342
358,322,342
359,322,342
360,322,342
361,322,342
362,322,342
363,322,342
364,322,342
365,322,342
366,322,342
367,322,342
368,322,342
369,322,342
370,322,342
371,322,342
372,322,342
373,322,342
374,322,342
375,322,342
376,322,342
377,322,342
378,322,342
379,322,342
380,322,342
381,322,342
382,322,342
383,322,342
384,322,342
385,322,342
386,322,342
387,322,342
388,323,342
389,323,342
390,323,342
391,323,342
392,323,342
393,323,342
394,323,342
395,323,342
396,323,341
397,323,341
398,323,341
399,323,341
400,323,341
401,323,341
402,323,341
403,323,341
404,323,341
405,323,341
406,323,341
407,323,340
408,323,340
409,323,340
410,324,340
411,324,340
412,324,340
413,324,340
414,324,340
415,324,340
416,324,339
417,325,339
418,325,339
419,325,339
420,325,338
421,326,338
422,326,338
423,327,337
424,327,337
425,327,336
426,328,336
427,329,335
428,330,334
0,0
