1,103
51,86,88
52,86,89
53,85,90
54,85,91
55,85,91
56,85,92
57,84,93
58,84,93
59,84,94
60,84,94
61,84,95
62,83,95
63,83,96
64,83,96
65,83,96
66,83,97
67,82,97
68,82,97
69,82,97
70,82,98
71,81,98
72,81,98
73,81,98
74,81,98
75,80,99
76,80,98
77,80,98
78,80,98
79,79,98
80,79,97
81,79,97
82,78,97
83,78,97
84,78,96
85,78,96
86,77,96
87,77,95
88,77,95
89,76,94
90,76,94
91,76,94
92,75,93
93,75,93
94,75,93
95,75,92
96,74,92
97,74,92
98,74,91
99,73,91
100,73,91
101,73,91
102,72,90
103,72,90
104,72,90
105,72,90
106,71,89
107,71,89
108,71,89
109,70,89
110,70,88
111,70,88
112,70,88
113,69,88
114,69,87
115,69,87
116,69,87
117,68,87
118,68,86
119,68,86
120,68,86
121,67,86
122,67,86
123,67,85
124,67,85
125,66,85
126,66,85
127,66,85
128,66,85
129,65,84
130,65,84
131,65,84
132,65,84
133,64,84
134,64,83
135,64,83
136,64,83
137,63,83
138,63,83
139,63,83
140,63,83
141,62,82
142,62,82
143,62,82
144,61,82
145,61,82
146,61,82
147,60,82
148,60,82
149,60,82
150,66,82
151,72,82
152,77,82
152,77,79
0,196
58,154,160
59,150,165
60,148,169
61,149,171
62,149,174
63,149,176
64,149,179
65,149,181
66,149,183
67,150,185
68,150,187
69,150,189
70,150,191
71,150,192
72,151,194
73,151,195
74,151,197
75,151,198
76,151,200
77,151,201
78,152,202
79,152,203
80,152,203
81,152,203
82,152,203
83,153,203
84,154,203
85,155,203
86,155,203
87,155,202
88,156,202
89,156,201
90,156,201
91,156,200
92,157,199
93,157,198
94,157,198
95,157,197
96,157,196
97,157,195
98,157,194
99,157,193
100,157,192
101,157,192
102,157,191
103,157,190
104,157,190
105,157,189
106,158,188
107,158,188
108,158,187
109,158,187
110,158,186
111,157,186
112,157,185
113,157,185
114,157,185
115,157,184
116,157,184
117,157,183
118,157,183
119,157,183
120,157,182
121,157,182
122,157,182
123,157,181
124,157,181
125,157,181
126,157,181
127,157,180
128,157,180
129,157,180
130,157,180
131,157,180
132,156,179
133,156,179
134,156,179
135,156,179
136,156,179
137,156,179
138,156,179
139,156,179
140,156,179
141,156,178
142,156,178
143,156,178
144,155,178
145,155,178
146,155,178
147,155,178
148,155,178
149,155,178
150,155,178
151,155,178
152,155,178
153,155,177
154,154,177
155,154,177
156,154,177
157,154,177
158,154,177
159,154,177
160,154,177
161,154,177
162,154,177
163,154,176
164,154,176
165,153,176
166,153,176
167,153,176
168,153,176
169,153,176
170,153,176
171,153,176
172,153,176
173,152,175
174,152,175
175,152,175
176,152,175
177,152,175
178,152,175
179,152,175
180,152,175
181,151,175
182,151,174
183,151,174
184,151,174
185,151,174
186,151,174
187,151,174
188,151,174
189,150,174
190,150,173
191,150,173
192,150,173
193,150,173
194,150,173
195,150,173
196,149,173
197,149,172
198,149,172
199,149,172
200,149,172
201,149,172
202,149,172
203,148,172
204,148,172
205,148,171
206,148,171
207,148,171
208,148,171
209,147,171
210,147,171
211,147,170
212,147,170
213,147,170
214,146,170
215,146,170
216,146,169
217,146,169
218,146,169
219,145,169
220,145,169
221,145,169
222,145,168
223,145,168
224,144,168
225,144,168
226,144,167
227,144,167
228,143,167
229,143,167
230,143,166
231,142,166
232,142,166
233,142,166
234,142,165
235,141,165
236,141,165
237,141,165
238,141,164
239,141,164
240,141,163
241,141,163
242,141,163
243,142,162
244,142,162
245,142,161
246,142,161
247,143,160
248,143,160
249,144,159
250,145,158
251,145,157
252,146,156
253,149,153
0,0
0,161
123,72,72
124,69,76
125,68,79
126,67,82
127,66,84
128,66,86
129,66,87
130,67,89
131,67,90
132,67,91
133,68,93
134,68,94
135,69,95
136,69,96
137,69,96
138,69,97
139,70,98
140,70,98
141,70,99
142,70,99
143,70,100
144,71,100
145,71,100
146,71,100
147,71,100
148,71,100
149,71,100
150,71,100
151,71,99
152,71,99
153,71,98
154,71,98
155,71,98
156,71,97
157,71,97
158,71,96
159,71,96
160,71,96
161,71,95
162,71,95
163,71,95
164,71,95
165,71,94
166,71,94
167,71,94
168,70,93
169,70,93
170,70,93
171,70,93
172,70,93
173,70,92
174,70,92
175,70,92
176,69,92
177,69,92
178,69,91
179,69,91
180,69,91
181,69,91
182,69,91
183,69,91
184,69,90
185,69,90
186,68,90
187,68,90
188,68,90
189,68,90
190,68,90
191,68,89
192,68,89
193,68,89
194,68,89
195,68,89
196,67,89
197,67,89
198,67,89
199,67,89
200,67,89
201,67,88
202,67,88
203,67,88
204,67,88
205,67,88
206,66,88
207,66,88
208,66,88
209,66,88
210,66,87
211,66,87
212,66,87
213,66,87
214,66,87
215,66,87
216,66,87
217,65,87
218,65,87
219,65,87
220,65,87
221,65,86
222,65,86
223,65,86
224,64,86
225,64,86
226,64,86
227,64,86
228,64,86
229,64,86
230,64,86
231,64,85
232,63,85
233,63,85
234,63,85
235,63,85
236,63,85
237,63,85
238,62,85
239,62,85
240,62,85
241,62,85
242,62,84
243,61,84
244,61,84
245,61,84
246,61,84
247,60,84
248,60,84
249,60,84
250,60,84
251,59,84
252,59,84
253,59,84
254,59,84
255,58,85
256,58,86
257,58,92
258,57,92
259,57,91
260,57,91
261,56,90
262,56,89
263,56,89
264,56,88
265,56,87
266,55,87
267,55,86
268,55,86
269,56,85
270,56,84
271,56,84
272,56,83
273,57,82
274,57,82
275,58,81
276,59,81
277,59,80
278,60,79
279,61,79
280,63,78
281,64,77
282,66,74
283,69,69
1,89
78,280,280
79,278,279
80,277,279
81,275,278
82,273,277
83,272,277
84,270,276
85,269,276
86,267,275
87,265,275
88,264,275
89,262,274
90,260,274
91,259,273
92,258,273
93,257,273
94,257,272
95,257,272
96,257,271
97,256,271
98,256,271
99,256,270
100,256,270
101,255,270
102,255,269
103,255,269
104,255,269
105,254,268
106,254,268
107,254,268
108,254,268
109,253,267
110,253,267
111,253,267
112,253,266
113,252,266
114,252,266
115,252,266
116,252,265
117,252,265
118,251,265
119,251,265
120,251,264
121,251,264
122,250,264
123,250,264
124,250,263
125,250,263
126,249,263
127,249,263
128,249,263
129,249,262
130,249,262
131,248,262
132,248,262
133,248,262
134,248,261
135,248,261
136,247,261
137,247,261
138,247,261
139,247,261
140,247,260
141,247,260
142,246,260
143,246,260
144,246,260
145,246,260
146,246,259
147,245,259
148,245,259
149,245,259
150,244,259
151,244,259
152,244,259
153,243,259
154,243,258
155,243,258
156,242,258
157,242,258
158,242,256
159,241,254
160,241,251
161,240,249
162,240,247
163,240,245
164,239,242
165,239,240
166,238,238
0,214
236,173,179
237,168,184
238,166,187
239,165,189
240,165,191
241,164,192
242,164,194
243,163,196
244,163,197
245,162,199
246,162,200
247,162,201
248,161,203
249,161,204
250,160,205
251,160,206
252,159,207
253,159,208
254,158,209
255,158,210
256,157,211
257,157,211
258,157,212
258,157,163
258,163,212
259,156,156
259,167,212
259,167,212
260,170,212
261,173,212
262,174,212
263,175,212
264,176,212
265,176,212
266,177,211
267,177,211
268,177,211
269,177,210
270,177,210
271,177,209
272,177,208
273,177,208
274,177,207
275,177,207
276,177,206
277,176,206
278,176,205
279,176,205
280,176,204
281,175,204
282,175,203
283,175,203
284,175,203
285,174,202
286,174,202
287,174,202
288,174,201
289,174,201
290,174,201
291,173,200
292,173,200
293,173,200
294,173,200
295,173,199
296,173,199
297,173,199
298,173,199
299,172,199
300,172,199
301,172,198
302,172,198
303,172,198
304,172,198
305,172,198
306,172,198
307,171,198
308,171,197
309,171,197
310,171,197
311,171,197
312,171,197
313,171,197
314,170,197
315,170,196
316,170,196
317,170,196
318,170,196
319,170,196
320,170,196
321,169,196
322,169,195
323,169,195
324,169,195
325,169,195
326,169,195
327,168,195
328,168,195
329,168,194
330,168,194
331,168,194
332,168,194
333,168,194
334,167,194
335,167,193
336,167,193
337,167,193
338,167,193
339,167,193
340,167,193
341,166,193
342,166,192
343,166,192
344,166,192
345,166,192
346,166,192
347,165,192
348,165,191
349,165,191
350,165,191
351,165,191
352,165,191
353,164,191
354,164,190
355,164,190
356,164,190
357,164,190
358,163,190
359,163,190
360,163,190
361,163,189
362,162,189
363,162,189
364,162,189
365,162,189
366,161,188
367,161,188
368,161,188
369,161,188
370,160,188
371,160,188
372,160,187
373,159,187
374,159,187
375,159,187
376,158,187
377,158,187
378,158,186
379,157,186
380,157,186
381,157,186
382,156,186
383,156,185
384,155,185
385,155,185
386,154,185
387,154,184
388,154,184
389,153,184
390,152,184
391,152,184
392,151,183
393,151,183
394,150,183
395,150,183
396,149,182
397,148,182
398,148,182
399,147,181
400,145,181
401,134,181
402,134,181
403,134,180
404,134,180
405,134,180
406,134,179
407,134,179
408,134,178
409,134,178
410,134,178
411,134,177
412,134,177
413,134,177
414,135,176
415,135,176
416,135,175
417,135,175
418,135,174
419,135,174
420,135,173
421,135,173
422,135,172
423,135,172
424,135,171
425,135,170
426,135,170
427,135,169
428,135,169
429,135,168
430,135,167
431,135,166
432,135,165
433,135,164
434,135,163
435,135,161
436,135,160
437,135,159
438,135,157
439,135,156
440,135,154
441,136,153
442,137,151
443,137,149
444,139,146
445,142,142
1,43
135,412,439
134,401,438
133,401,436
132,401,434
131,400,433
130,400,432
129,399,430
128,399,429
127,399,427
126,398,426
125,398,425
124,397,423
123,397,422
122,397,421
121,396,420
120,396,419
119,396,418
118,395,416
117,395,415
116,394,414
115,394,413
114,394,412
113,393,411
112,393,410
111,393,409
110,392,408
109,392,407
108,392,406
107,391,405
106,391,404
105,390,403
104,390,402
103,390,401
102,389,400
101,389,399
100,389,398
99,388,397
98,388,396
97,388,395
96,388,394
95,387,393
94,388,392
93,389,390
0,0
1,132
23,338,344
24,337,346
25,336,347
26,335,348
27,335,349
28,335,350
29,334,351
30,334,351
31,334,352
32,334,353
33,334,353
34,334,354
35,334,354
36,334,355
37,334,356
38,334,356
39,333,357
40,333,357
41,333,358
42,333,358
43,333,359
44,333,359
45,332,360
46,332,360
47,332,361
48,332,361
49,332,362
50,331,362
51,331,362
52,331,363
53,331,363
54,330,363
55,330,363
56,330,363
57,330,364
58,329,363
59,329,363
60,329,363
61,329,363
62,328,362
63,328,362
64,328,361
65,328,360
66,327,359
67,327,359
68,327,358
69,327,357
70,326,356
71,326,356
72,326,355
73,325,354
74,325,353
75,325,353
76,325,352
77,324,351
78,324,351
79,324,350
80,323,349
81,323,349
82,323,348
83,322,348
84,322,347
85,322,346
86,322,346
87,321,345
88,321,345
89,321,344
90,320,344
91,320,343
92,320,343
93,319,342
94,319,341
95,319,341
96,319,341
97,318,340
98,318,339
99,318,339
100,317,338
101,317,338
102,317,337
103,316,337
104,316,336
105,316,336
106,315,335
107,315,335
108,315,334
109,314,334
110,314,333
111,314,333
112,314,332
113,313,332
114,313,331
115,313,331
116,312,330
117,312,330
118,312,329
119,311,328
120,311,328
121,311,327
122,310,327
123,310,326
124,310,326
125,309,325
126,309,325
127,309,324
128,308,324
129,308,323
130,308,323
131,307,322
132,307,322
133,307,321
134,306,321
135,306,320
136,306,319
137,305,319
138,305,318
139,305,318
140,304,317
141,304,317
142,304,316
143,303,315
144,303,315
145,303,314
146,302,313
147,302,312
148,302,312
149,301,311
150,302,310
151,302,310
152,302,309
153,303,308
154,304,306
0,0
1,135
393,65,69
392,63,70
391,62,71
390,61,71
389,60,72
388,59,72
387,58,72
386,58,73
385,57,73
384,56,73
383,56,73
382,55,74
381,54,74
380,54,74
379,53,74
378,53,74
377,52,75
376,51,75
375,51,75
374,50,75
373,50,75
372,50,76
371,49,76
370,49,76
369,48,76
368,48,77
367,47,77
366,47,77
365,46,77
364,46,78
363,46,78
362,45,78
361,45,79
360,45,79
359,44,79
358,44,80
357,44,80
356,43,80
355,43,81
354,43,81
353,43,81
352,43,82
351,42,82
350,43,83
349,43,83
348,43,83
347,43,84
346,44,84
345,44,85
344,46,85
343,51,86
342,54,86
341,56,86
340,57,87
339,58,87
338,59,88
337,60,88
336,61,89
335,62,89
334,62,89
333,63,90
332,64,90
331,65,90
330,66,91
329,66,91
328,67,92
327,68,92
326,68,92
325,69,93
324,70,93
323,71,93
322,71,94
321,72,94
320,72,94
319,73,95
318,74,95
317,74,95
316,75,96
315,76,96
314,76,96
313,77,97
312,78,97
311,78,97
310,79,98
309,79,98
308,80,98
307,81,98
306,81,99
305,82,99
304,82,99
303,83,100
302,83,100
301,84,100
300,85,100
299,85,101
298,86,101
297,86,101
296,87,101
295,87,102
294,88,102
293,88,102
292,89,103
291,89,103
290,90,103
289,91,103
288,91,104
287,92,104
286,92,104
285,93,104
284,93,104
283,94,105
282,94,105
281,94,105
280,95,105
279,96,106
278,96,106
277,97,106
276,97,106
275,98,106
274,98,107
273,98,107
272,99,107
271,99,107
270,100,107
269,100,107
268,101,108
267,101,108
266,102,108
265,102,108
264,103,109
263,103,109
262,104,109
261,104,109
260,105,109
259,106,108
0,0
1,230
215,157,160
216,157,161
217,156,162
218,156,163
219,155,164
220,155,164
221,155,165
222,155,166
223,155,167
224,155,168
225,155,168
226,155,169
227,155,170
228,154,171
229,154,171
230,154,172
231,154,173
232,154,173
233,154,174
234,154,174
235,154,175
236,154,175
237,154,175
238,154,175
239,154,176
240,153,176
241,153,176
242,153,176
243,153,176
244,153,176
245,153,175
246,153,175
247,153,175
248,153,175
249,153,175
250,153,175
251,153,174
252,153,174
253,153,174
254,152,174
255,152,174
256,152,174
257,152,173
258,152,173
259,152,173
260,152,173
261,152,173
262,152,173
263,152,172
264,152,172
265,152,172
266,152,172
267,152,172
268,151,172
269,151,171
270,151,171
271,151,171
272,151,171
273,151,171
274,151,171
275,151,170
276,151,170
277,151,170
278,151,170
279,151,170
280,151,170
281,151,170
282,150,169
283,150,169
284,150,169
285,150,169
286,150,169
287,150,169
288,150,168
289,150,168
290,150,168
291,150,168
292,150,168
293,149,168
294,149,168
295,149,167
296,149,167
297,149,167
298,149,167
299,149,167
300,149,167
301,149,167
302,149,166
303,148,166
304,148,166
305,148,166
306,148,166
307,148,166
308,148,166
309,148,165
310,148,165
311,147,165
312,147,165
313,147,165
314,147,165
315,147,165
316,147,165
317,147,164
318,146,164
319,146,164
320,146,164
321,146,164
322,146,164
323,146,164
324,146,164
325,145,163
326,145,163
327,145,163
328,145,163
329,145,163
330,145,163
331,144,163
332,144,163
333,144,162
334,144,162
335,144,162
336,144,162
337,143,162
338,143,162
339,143,162
340,143,162
341,143,162
342,143,161
343,142,161
344,142,161
345,142,161
346,142,161
347,142,161
348,141,161
349,141,161
350,141,160
351,141,160
352,141,160
353,140,160
354,140,160
355,140,160
356,140,160
357,140,160
358,140,160
359,139,160
360,139,159
361,139,159
362,139,159
363,139,159
364,138,159
365,138,159
366,138,159
367,138,159
368,138,159
369,137,158
370,137,158
371,137,158
372,137,158
373,137,158
374,137,158
375,136,158
376,136,158
377,136,158
378,136,158
379,136,157
380,135,157
381,135,157
382,135,157
383,135,157
384,135,157
385,134,157
386,134,157
387,134,157
388,134,156
389,134,156
390,133,156
391,133,156
392,133,156
393,133,156
394,133,156
395,132,156
396,132,156
397,132,156
398,132,156
399,131,155
400,131,155
401,131,155
402,131,155
403,131,155
404,130,155
405,130,155
406,130,155
407,130,155
408,130,155
409,130,154
410,129,154
411,129,154
412,129,154
413,129,154
414,129,154
415,129,154
416,129,154
417,129,154
418,130,154
419,130,154
420,130,153
421,130,153
422,130,153
423,131,153
424,131,153
425,131,153
426,132,153
427,132,153
428,133,153
429,133,153
430,134,153
431,134,153
432,135,153
433,135,153
434,136,153
435,136,153
436,137,153
437,137,153
438,138,152
439,138,152
440,139,152
441,139,151
442,140,150
443,141,149
444,143,147
0,0
0,202
85,306,306
86,302,312
87,301,316
88,300,318
89,299,321
90,299,323
91,299,325
92,299,327
93,299,329
94,299,331
95,300,333
96,300,334
97,300,335
98,300,336
99,300,337
100,301,338
101,301,338
102,301,339
103,301,339
104,301,339
105,301,339
106,301,338
107,301,338
108,302,337
109,302,337
110,302,336
111,302,336
112,302,336
113,302,335
114,302,335
115,302,334
116,302,334
117,302,333
118,302,333
119,302,333
120,302,332
121,302,332
122,302,332
123,302,331
124,302,331
125,302,331
126,302,330
127,301,330
128,301,330
129,301,329
130,301,329
131,301,329
132,301,329
133,301,328
134,301,328
135,300,328
136,300,327
137,300,327
138,300,327
139,300,326
140,299,326
141,299,326
142,299,326
143,299,325
144,298,325
145,298,325
146,298,324
147,298,324
148,297,324
149,297,324
150,297,323
151,297,323
152,296,323
153,296,322
154,296,322
155,295,322
156,295,321
157,295,321
158,294,321
159,294,320
160,294,320
161,293,320
162,293,319
163,293,319
164,293,319
165,292,318
166,292,318
167,291,318
168,291,317
169,291,317
170,290,316
171,290,316
172,289,316
173,289,315
174,289,315
175,288,315
176,288,314
177,287,314
178,287,313
179,287,313
180,286,313
181,286,312
182,285,312
183,285,311
184,284,311
185,284,310
186,283,310
187,283,309
188,282,309
189,282,308
190,281,308
191,281,307
192,280,307
193,280,307
194,279,306
195,279,306
196,278,305
197,278,305
198,277,304
199,277,304
200,276,303
201,276,303
202,275,302
203,274,302
204,274,301
205,273,300
206,273,300
207,272,299
208,271,299
209,271,298
210,270,298
211,270,297
212,269,296
213,268,296
214,268,295
215,267,294
216,266,294
217,266,293
218,265,292
219,264,292
220,264,291
221,263,290
222,262,290
223,262,289
224,261,288
225,260,287
226,259,287
227,259,286
228,258,285
229,257,284
230,256,284
231,256,283
232,255,282
233,254,281
234,253,280
235,252,279
236,252,278
237,251,278
238,250,277
239,249,276
240,248,275
241,247,274
242,246,273
243,246,272
244,245,271
245,244,270
246,243,269
247,242,268
248,241,267
249,240,266
250,239,265
251,239,264
252,238,263
253,237,262
254,236,261
255,235,260
256,234,258
257,233,257
258,232,256
259,231,255
260,230,254
261,229,252
262,228,251
263,227,250
264,227,249
265,226,247
266,225,246
267,224,245
268,223,243
269,222,242
270,221,241
271,220,239
272,219,238
273,218,236
274,217,235
275,216,233
276,215,232
277,214,230
278,213,229
279,212,227
280,211,225
281,210,224
282,209,222
283,209,220
284,209,219
285,209,216
286,212,213
0,0
1,153
336,149,158
337,148,161
338,147,163
339,147,165
340,146,167
341,147,168
342,147,170
343,148,171
344,148,173
345,149,174
346,150,176
347,151,177
348,152,179
349,153,180
350,154,182
351,155,184
352,156,185
353,157,187
354,159,188
355,160,190
356,161,191
357,162,192
358,163,194
359,164,195
360,165,197
361,166,198
362,168,200
363,169,201
364,170,203
365,171,204
366,172,205
367,173,207
368,174,208
369,175,210
370,176,211
371,178,213
372,179,214
373,180,215
374,181,217
375,182,218
376,183,220
377,184,221
378,185,222
379,186,224
380,187,225
381,188,226
382,189,228
383,190,229
384,192,231
385,192,232
386,194,233
387,195,235
388,196,236
389,197,237
390,198,239
391,199,240
392,200,241
393,201,243
394,202,244
395,203,245
396,204,247
397,204,248
398,205,249
399,206,250
400,207,252
401,208,253
402,209,254
403,210,256
404,211,257
405,212,258
406,213,259
407,214,261
408,214,262
409,215,263
410,216,263
411,217,264
412,218,264
413,219,265
414,220,265
415,220,266
416,221,266
417,222,266
418,223,267
419,224,267
420,225,267
421,225,267
422,226,267
423,227,267
424,227,268
425,228,268
426,229,268
427,229,268
428,230,268
429,231,268
430,231,268
431,232,268
432,233,268
433,233,268
434,234,268
435,234,268
436,235,269
437,235,269
438,236,269
439,237,269
440,237,269
441,238,269
442,238,269
443,239,269
444,239,269
445,240,269
446,241,269
447,241,268
448,242,268
449,242,268
450,243,268
451,243,268
452,244,268
453,244,268
454,245,268
455,245,268
456,246,268
457,246,268
458,247,268
459,247,268
460,248,268
461,248,268
462,249,268
463,249,268
464,250,268
465,250,268
466,251,268
467,251,268
468,251,268
469,252,268
470,252,267
471,253,267
472,253,267
473,254,267
474,254,267
475,255,267
476,255,267
477,256,267
478,256,267
479,257,267
480,257,266
481,258,266
482,258,266
483,259,266
484,259,265
485,260,265
486,261,265
487,261,264
488,262,264
0,0
0,175
252,274,274
253,270,278
254,266,282
255,264,285
256,263,287
257,263,289
258,262,292
259,262,294
260,262,296
261,263,298
262,263,300
263,264,301
264,264,302
265,265,303
266,266,303
267,266,304
268,267,304
269,267,304
270,268,304
271,268,304
272,269,304
273,269,303
274,269,303
275,269,303
276,270,302
277,270,302
278,270,302
279,270,301
280,270,301
281,270,301
282,270,300
283,270,300
284,270,300
285,271,300
286,271,299
287,271,299
288,271,299
289,271,299
290,271,299
291,271,299
292,271,299
293,271,298
294,272,298
295,272,298
296,272,298
297,272,298
298,272,298
299,272,298
300,272,298
301,272,298
302,272,298
303,272,298
304,272,297
305,272,297
306,272,297
307,272,297
308,272,297
309,272,297
310,272,297
311,272,297
312,272,297
313,272,297
314,272,297
315,272,297
316,272,296
317,272,296
318,271,296
319,271,296
320,271,296
321,271,296
322,271,296
323,271,296
324,271,296
325,271,296
326,270,296
327,270,295
328,270,295
329,270,295
330,270,295
331,270,295
332,269,295
333,269,295
334,269,294
335,269,294
336,269,294
337,269,294
338,268,293
339,268,293
340,268,293
341,268,293
342,267,292
343,267,292
344,267,292
345,267,291
346,266,291
347,266,291
348,266,290
349,266,290
350,265,290
351,265,289
352,265,289
353,264,288
354,264,288
355,264,287
356,263,287
357,263,287
358,263,286
359,262,286
360,262,285
361,262,285
362,261,285
363,261,284
364,260,284
365,260,283
366,260,283
367,259,283
368,259,282
369,258,282
370,258,281
371,257,281
372,257,281
373,256,280
374,256,280
375,255,279
376,255,279
377,254,278
378,253,278
379,253,277
380,252,276
381,252,276
382,251,275
383,250,274
384,250,274
385,249,273
386,248,272
387,248,271
388,247,271
389,246,270
390,245,269
391,245,268
392,244,267
393,243,266
394,242,265
395,241,264
396,240,263
397,239,262
398,238,262
399,237,261
400,236,259
401,235,258
402,234,257
403,233,256
404,232,255
405,231,254
406,230,253
407,229,252
408,228,250
409,227,249
410,226,248
411,225,246
412,224,245
413,223,243
414,222,242
415,221,240
416,220,239
417,219,237
418,217,236
419,216,233
420,215,232
421,214,230
422,213,227
423,212,225
424,212,223
425,212,219
426,215,215
0,0
0,225
240,365,366
241,361,370
242,358,373
243,357,375
244,356,377
245,355,379
246,354,381
247,354,383
248,353,384
249,353,386
250,354,387
251,354,389
252,355,390
253,355,391
254,356,392
255,356,393
256,357,394
257,358,394
258,358,395
259,359,395
260,359,396
261,360,396
262,360,396
263,361,396
264,361,396
265,361,396
266,361,396
267,361,396
268,362,396
269,362,395
270,362,395
271,362,395
272,362,395
273,362,395
274,362,394
275,362,394
276,363,394
277,363,394
278,363,394
279,363,394
280,363,393
281,363,393
282,363,393
283,363,393
284,363,393
285,363,393
286,363,393
287,363,393
288,363,393
289,363,393
290,363,393
291,363,393
292,364,393
293,364,393
294,364,393
295,364,393
296,364,393
297,364,392
298,364,392
299,364,392
300,364,392
301,364,392
302,364,392
303,364,392
304,364,392
305,364,392
306,364,392
307,364,392
308,364,392
309,364,392
310,364,392
311,364,392
312,364,392
313,364,392
314,364,392
315,364,392
316,364,392
317,364,392
318,364,392
319,364,392
320,364,392
321,364,392
322,364,392
323,364,392
324,364,392
325,364,392
326,364,391
327,364,391
328,364,391
329,364,391
330,364,391
331,364,391
332,364,391
333,364,391
334,364,391
335,364,391
336,364,391
337,364,391
338,365,391
339,365,391
340,365,391
341,365,391
342,365,391
343,365,391
344,365,391
345,365,391
346,365,391
347,365,391
348,365,391
349,365,391
350,365,391
351,365,391
352,365,391
353,365,391
354,365,391
355,365,391
356,365,391
357,365,391
358,365,391
359,365,391
360,365,391
361,365,391
362,365,391
363,365,391
364,365,391
365,365,391
366,365,391
367,365,391
368,365,391
369,365,391
370,365,391
371,365,391
372,365,391
373,365,391
374,365,391
375,365,391
376,365,391
377,365,391
378,365,391
379,365,391
380,365,391
381,365,391
382,365,391
383,365,391
384,365,391
385,365,391
386,365,391
387,365,391
388,365,391
389,365,391
390,365,391
391,365,391
392,365,391
393,365,391
394,365,391
395,365,391
396,365,391
397,365,391
398,365,391
399,365,391
400,365,391
401,365,391
402,365,391
403,365,391
404,365,391
405,365,391
406,365,391
407,365,391
408,365,390
409,365,390
410,365,390
411,365,390
412,365,390
413,365,390
414,365,390
415,365,390
416,365,390
417,365,390
418,365,390
419,365,390
420,365,390
421,365,390
422,365,390
423,365,389
424,365,389
425,365,389
426,365,389
427,365,389
428,365,389
429,366,389
430,366,389
431,366,389
432,366,389
433,366,388
434,366,388
435,366,388
436,366,388
437,366,388
438,366,388
439,366,388
440,366,388
441,366,388
442,366,387
443,367,387
444,367,387
445,367,387
446,367,387
447,367,387
448,367,387
449,368,386
450,368,386
451,368,386
452,368,386
453,369,385
454,369,385
455,369,385
456,370,384
457,370,384
458,370,383
459,371,383
460,371,382
461,372,381
462,373,381
463,374,379
464,377,377
0,0
