0,146
61,118,118
62,111,123
63,107,130
64,105,135
65,104,138
66,103,141
67,102,143
68,102,145
69,102,146
70,102,148
71,103,149
72,103,150
73,104,150
74,105,151
75,105,151
76,106,151
77,106,151
78,107,150
79,107,150
80,107,149
81,107,149
82,107,148
83,108,147
84,108,146
85,107,145
86,107,144
87,107,143
88,107,143
89,107,142
90,107,141
91,106,140
92,106,140
93,106,139
94,106,138
95,106,138
96,105,137
97,105,136
98,105,136
99,105,135
100,105,135
101,104,134
102,104,134
103,104,133
104,104,133
105,103,132
106,103,132
107,103,131
108,103,131
109,103,130
110,102,130
111,102,129
112,102,129
113,102,128
114,101,127
115,101,127
116,101,126
117,101,126
118,100,125
119,100,125
120,100,124
121,99,124
122,99,123
123,99,123
124,99,122
125,98,122
126,98,121
127,98,121
128,97,120
129,97,120
130,97,119
131,96,119
132,96,118
133,96,118
134,95,117
135,95,117
136,95,116
137,94,116
138,94,115
139,94,115
140,93,114
141,93,114
142,92,113
143,92,113
144,92,112
145,91,112
146,91,111
147,91,111
148,90,110
149,90,110
150,89,109
151,89,109
152,89,108
153,88,108
154,88,107
155,88,107
156,87,106
157,87,106
158,86,105
159,86,104
160,86,104
161,85,103
162,85,103
163,85,102
164,84,102
165,84,101
166,84,100
167,83,100
168,83,99
169,82,99
170,82,98
171,82,98
172,81,97
173,81,96
174,81,96
175,80,95
176,80,95
177,79,94
178,79,93
179,79,93
180,78,92
181,78,91
182,78,91
183,77,90
184,77,90
185,77,89
186,76,88
187,76,88
188,75,87
189,75,87
190,75,86
191,74,85
192,74,85
193,74,84
194,73,83
195,73,83
196,72,82
197,72,82
198,72,81
199,71,80
200,71,80
201,71,79
202,71,78
203,71,78
204,71,77
205,71,76
206,72,74
0,0
0,184
184,51,55
185,48,58
186,48,61
187,47,64
188,47,66
189,47,68
190,47,69
191,48,71
192,49,72
193,49,74
194,50,75
195,50,76
196,51,77
197,51,77
198,52,78
199,52,78
200,52,79
201,53,79
202,53,79
203,53,79
204,54,79
205,54,79
206,54,78
207,55,78
208,55,78
209,55,78
210,55,78
211,56,78
212,56,78
213,56,78
214,56,78
215,56,78
216,56,78
217,56,78
218,57,78
219,57,78
220,57,77
221,57,77
222,57,77
223,57,77
224,57,77
225,57,77
226,57,77
227,57,77
228,58,77
229,58,77
230,58,77
231,58,77
232,58,77
233,58,77
234,58,77
235,58,77
236,58,77
237,58,77
238,58,77
239,58,77
240,58,77
241,58,77
242,59,77
243,59,77
244,59,77
245,59,77
246,59,77
247,59,77
248,59,77
249,59,77
250,59,77
251,59,77
252,59,77
253,59,77
254,59,77
255,59,77
256,59,77
257,59,77
258,59,77
259,59,77
260,59,77
261,59,77
262,59,77
263,59,77
264,59,77
265,59,77
266,59,77
267,59,77
268,59,77
269,59,77
270,59,77
271,59,78
272,59,78
273,59,78
274,59,78
275,59,78
276,59,78
277,59,78
278,59,78
279,59,78
280,59,78
281,59,78
282,59,78
283,59,78
284,59,78
285,59,78
286,59,78
287,59,78
288,59,78
289,59,78
290,59,78
291,59,78
292,59,78
293,59,78
294,59,78
295,58,78
296,58,78
297,58,78
298,58,78
299,58,78
300,58,78
301,58,78
302,58,78
303,58,78
304,57,78
305,57,78
306,57,78
307,57,78
308,57,78
309,57,78
310,57,78
311,56,78
312,56,78
313,56,78
314,56,78
315,56,78
316,55,78
317,55,78
318,55,78
319,55,78
320,54,78
321,54,78
322,54,78
323,54,78
324,53,78
325,53,78
326,53,78
327,53,78
328,52,78
329,52,78
330,52,78
331,52,77
332,51,77
333,51,77
334,51,77
335,51,77
336,51,77
337,51,77
338,51,77
339,51,76
340,51,76
341,51,76
342,51,76
343,51,76
344,51,76
345,52,75
346,52,75
347,52,75
348,52,75
349,53,75
350,53,75
351,53,74
352,53,74
353,54,74
354,54,74
355,55,73
356,55,73
357,56,73
358,56,72
359,56,72
360,57,72
361,58,71
362,58,71
363,59,70
364,60,69
365,61,68
366,62,67
367,65,65
0,0
1,80
55,195,196
56,194,197
57,194,198
58,194,199
59,193,199
60,193,200
61,193,200
62,193,201
63,193,201
64,193,202
65,192,202
66,192,202
67,192,203
68,192,203
69,192,203
70,191,203
71,191,203
72,191,203
73,191,203
74,190,204
75,190,203
76,190,203
77,190,203
78,190,203
79,189,203
80,189,202
81,189,202
82,188,202
83,188,202
84,188,202
85,188,201
86,187,201
87,187,201
88,187,200
89,187,200
90,186,200
91,186,199
92,186,199
93,185,198
94,185,198
95,185,198
96,184,197
97,184,197
98,184,197
99,183,196
100,183,196
101,183,196
102,182,195
103,182,195
104,182,195
105,181,195
106,181,194
107,180,194
108,180,194
109,180,193
110,179,193
111,179,193
112,178,193
113,178,192
114,178,192
115,177,192
116,177,192
117,176,192
118,176,191
119,175,191
120,175,191
121,176,191
122,177,191
123,179,191
124,180,191
125,181,191
126,182,191
127,183,191
128,185,191
129,186,191
130,187,191
131,188,191
132,189,191
133,190,191
134,192,192
0,209
171,141,141
172,130,145
173,125,146
174,122,148
175,120,150
176,121,152
177,121,154
178,122,156
179,123,157
180,124,159
181,125,160
182,126,162
183,127,163
184,127,164
185,128,165
186,129,165
187,130,166
188,131,166
189,132,166
190,132,166
191,133,166
192,134,166
193,135,166
194,135,166
195,136,166
196,136,165
197,136,165
198,136,165
199,137,164
200,137,164
201,137,164
202,137,163
203,137,163
204,137,163
205,137,163
206,138,163
207,138,162
208,138,162
209,138,162
210,138,162
211,138,162
212,138,162
213,138,162
214,138,162
215,138,162
216,138,162
217,138,162
218,138,162
219,138,162
220,138,162
221,138,162
222,138,162
223,138,162
224,138,162
225,138,162
226,138,162
227,138,162
228,138,162
229,138,162
230,138,162
231,138,162
232,138,162
233,138,162
234,138,162
235,138,162
236,138,162
237,138,162
238,138,162
239,138,162
240,138,162
241,138,162
242,138,162
243,138,162
244,138,162
245,138,162
246,138,162
247,138,162
248,138,162
249,138,162
250,138,162
251,138,162
252,138,162
253,138,162
254,138,162
255,138,162
256,138,162
257,138,162
258,138,162
259,138,162
260,138,162
261,138,162
262,138,163
263,138,163
264,138,163
265,138,163
266,138,163
267,138,163
268,138,163
269,138,163
270,138,163
271,138,163
272,138,163
273,138,163
274,138,163
275,138,163
276,138,163
277,138,163
278,138,163
279,138,163
280,138,163
281,138,163
282,138,163
283,138,163
284,138,163
285,138,163
286,138,163
287,138,163
288,138,163
289,138,163
290,138,163
291,138,163
292,138,163
293,138,163
294,138,163
295,138,163
296,138,163
297,138,163
298,138,163
299,138,163
300,137,163
301,137,163
302,137,163
303,137,163
304,137,163
305,137,163
306,137,163
307,137,163
308,137,163
309,137,163
310,137,163
311,137,164
312,137,164
313,137,164
314,137,164
315,137,164
316,137,164
317,136,164
318,136,164
319,136,164
320,136,164
321,136,164
322,136,164
323,136,164
324,135,164
325,135,164
326,135,164
327,135,164
328,134,164
329,134,164
330,133,164
331,132,164
332,122,164
333,122,164
334,122,164
335,122,164
336,122,164
337,122,164
338,123,164
339,123,164
340,124,164
341,124,164
342,125,164
343,126,164
344,126,164
345,127,164
346,128,163
347,128,163
348,129,163
349,129,163
350,130,163
351,130,163
352,131,163
353,132,162
354,132,162
355,133,162
356,133,162
357,134,162
358,134,161
359,135,161
360,135,161
361,136,160
362,136,160
363,137,160
364,137,159
365,138,159
366,138,159
367,139,158
368,139,158
369,140,157
370,140,157
371,141,156
372,142,156
373,142,155
374,143,155
375,144,154
376,145,153
377,146,152
378,147,151
379,149,149
0,0
1,59
66,272,273
67,271,275
68,270,275
69,270,276
70,269,277
71,268,277
72,268,277
73,267,278
74,266,278
75,265,278
76,265,278
77,264,278
78,263,277
79,263,277
80,263,277
81,262,277
82,262,277
83,261,277
84,261,276
85,261,276
86,261,276
87,260,276
88,260,276
89,260,276
90,259,275
91,259,275
92,259,275
93,259,275
94,258,275
95,258,274
96,258,274
97,258,274
98,258,274
99,257,274
100,257,273
101,257,273
102,257,273
103,257,273
104,257,273
105,257,272
106,257,272
107,257,272
108,257,272
109,257,272
110,258,272
111,258,271
112,258,271
113,258,271
114,258,271
115,259,271
116,259,271
117,259,270
118,260,270
119,261,270
120,261,269
121,262,269
122,263,268
123,264,267
123,264,266
0,0
1,87
57,339,341
58,338,342
59,337,344
60,337,345
61,337,346
62,337,346
63,337,347
64,336,348
65,336,348
66,336,349
67,336,349
68,336,349
69,336,349
70,336,349
71,335,350
72,335,349
73,335,349
74,335,349
75,335,349
76,335,349
77,334,349
78,334,349
79,334,348
80,334,348
81,334,348
82,334,348
83,333,348
84,333,348
85,333,347
86,333,347
87,332,347
88,332,347
89,332,347
90,332,347
91,332,346
92,331,346
93,331,346
94,331,346
95,331,346
96,330,346
97,330,346
98,330,346
99,330,345
100,330,345
101,329,345
102,329,345
103,329,345
104,329,345
105,328,345
106,328,345
107,328,345
108,328,345
109,327,344
110,327,344
111,327,344
112,327,344
113,327,344
114,326,344
115,326,344
116,326,344
117,326,344
118,326,344
119,326,344
120,325,343
121,326,343
122,326,343
123,326,343
124,326,343
125,326,343
126,327,343
127,327,343
128,327,343
129,328,343
130,328,343
131,328,343
132,329,343
133,329,343
134,330,343
135,331,342
136,331,342
137,332,342
138,333,342
139,333,342
140,334,342
141,335,341
142,337,340
142,337,337
0,0
0,117
24,270,270
25,265,276
26,261,282
27,260,286
28,259,290
29,259,292
30,259,295
31,259,297
32,259,299
33,259,300
34,260,302
35,260,303
36,261,305
37,261,306
38,262,306
39,262,307
40,262,308
41,262,308
42,262,308
43,263,308
44,263,308
45,262,307
46,262,307
47,262,306
48,262,305
49,262,304
50,261,303
51,261,302
52,261,301
53,260,300
54,260,299
55,260,298
56,260,297
57,259,296
58,259,295
59,259,294
60,258,293
61,258,292
62,258,292
63,257,291
64,257,290
65,257,289
66,256,289
67,256,288
68,256,287
69,255,287
70,255,286
71,255,285
72,254,284
73,254,284
74,254,283
75,253,282
76,253,281
77,252,280
78,252,280
79,252,279
80,251,278
81,251,278
82,250,277
83,250,276
84,249,275
85,249,275
86,249,274
87,248,273
88,248,272
89,247,272
90,247,271
91,246,270
92,246,270
93,245,269
94,245,268
95,244,267
96,244,267
97,243,266
98,243,265
99,242,265
100,242,264
101,242,263
102,241,262
103,240,262
104,240,261
105,240,260
106,239,259
107,239,258
108,238,258
109,238,257
110,237,256
111,237,255
112,236,255
113,236,254
114,235,253
115,235,252
116,234,251
117,234,250
118,233,250
119,233,249
120,232,248
121,232,247
122,231,246
123,231,245
124,230,244
125,230,244
126,229,243
127,229,242
128,229,241
129,228,240
130,227,239
131,227,238
132,227,237
133,226,237
134,226,236
135,226,235
136,225,234
137,225,233
138,225,232
139,226,231
140,227,229
0,0
0,141
130,182,182
131,180,187
132,177,192
133,177,196
134,177,199
135,177,202
136,177,204
137,177,205
138,178,206
139,178,207
140,178,207
141,179,208
142,179,208
143,180,208
144,180,208
145,181,208
146,181,208
147,181,209
148,182,209
149,182,209
150,183,209
151,183,209
152,183,209
153,184,209
154,184,209
155,184,209
156,185,210
157,185,210
158,185,210
159,186,210
160,186,210
161,187,210
162,187,210
163,187,211
164,188,211
165,188,211
166,188,211
167,188,211
168,189,211
169,189,211
170,189,212
171,190,212
172,190,212
173,190,212
174,190,212
175,191,212
176,191,213
177,191,213
178,192,213
179,192,213
180,192,213
181,192,213
182,193,214
183,193,214
184,193,214
185,193,214
186,194,214
187,194,214
188,194,215
189,194,215
190,194,215
191,195,215
192,195,215
193,195,216
194,195,216
195,195,216
196,196,216
197,196,216
198,196,216
199,196,217
200,196,217
201,197,217
202,197,217
203,197,217
204,197,218
205,197,218
206,197,218
207,197,218
208,198,218
209,198,218
210,198,219
211,198,219
212,198,219
213,198,219
214,198,219
215,198,220
216,199,220
217,199,220
218,199,220
219,199,220
220,199,220
221,199,220
222,199,221
223,199,221
224,200,221
225,200,221
226,200,221
227,200,221
228,200,221
229,200,222
230,200,222
231,201,222
232,201,222
233,201,222
234,201,222
235,201,222
236,202,222
237,202,223
238,202,223
239,202,223
240,202,223
241,203,223
242,203,223
243,203,223
244,203,223
245,204,223
246,204,223
247,204,223
248,204,223
249,205,223
250,205,223
251,205,223
252,206,224
253,206,224
254,206,224
255,207,224
256,207,224
257,208,223
258,208,223
259,209,223
260,209,223
261,210,223
262,210,223
263,211,223
264,212,223
265,212,223
266,213,222
267,214,222
268,215,222
269,216,221
270,218,220
0,0
1,159
184,140,141
185,139,142
186,139,143
187,138,143
188,138,144
189,138,145
190,138,145
191,138,146
192,138,147
193,138,147
194,137,148
195,137,148
196,137,149
197,137,149
198,137,149
199,137,150
200,137,150
201,136,150
202,136,151
203,136,151
204,136,151
205,136,151
206,136,151
207,135,152
208,135,151
209,135,151
210,135,151
211,135,151
212,135,151
213,134,151
214,134,150
215,134,150
216,134,150
217,134,149
218,134,149
219,133,149
220,133,148
221,133,148
222,133,148
223,133,148
224,132,147
225,132,147
226,132,147
227,132,146
228,132,146
229,131,146
230,131,145
231,131,145
232,131,145
233,130,145
234,130,144
235,130,144
236,130,144
237,130,144
238,129,143
239,129,143
240,129,143
241,129,143
242,128,142
243,128,142
244,128,142
245,128,142
246,127,141
247,127,141
248,127,141
249,127,141
250,127,140
251,126,140
252,126,140
253,126,140
254,126,140
255,125,139
256,125,139
257,125,139
258,125,139
259,125,139
260,124,138
261,124,138
262,124,138
263,124,138
264,123,138
265,123,137
266,123,137
267,123,137
268,123,137
269,122,137
270,122,136
271,122,136
272,122,136
273,122,136
274,121,136
275,121,136
276,121,135
277,121,135
278,121,135
279,120,135
280,120,135
281,120,135
282,120,134
283,120,134
284,120,134
285,119,134
286,119,134
287,119,134
288,119,134
289,119,133
290,118,133
291,118,133
292,118,133
293,118,133
294,118,133
295,118,133
296,117,132
297,117,132
298,117,132
299,117,132
300,117,132
301,117,132
302,116,132
303,116,132
304,116,131
305,116,131
306,116,131
307,116,131
308,115,131
309,115,131
310,115,131
311,115,131
312,115,130
313,114,130
314,114,130
315,114,130
316,114,130
317,114,130
318,114,130
319,113,130
320,113,130
321,113,129
322,113,129
323,113,129
324,112,129
325,112,129
326,112,129
327,112,129
328,112,129
329,111,129
330,111,129
331,111,129
332,111,129
333,111,129
334,110,129
335,110,129
336,110,129
337,110,129
338,109,129
339,109,129
340,109,129
341,119,129
342,130,130
0,149
107,347,347
108,342,353
109,340,356
110,340,359
111,340,361
112,340,363
113,340,365
114,340,367
115,340,369
116,340,371
117,340,373
118,340,375
119,340,376
120,341,378
121,341,380
122,341,381
123,341,383
124,341,384
125,341,385
126,341,387
127,341,388
128,341,389
129,341,390
130,342,391
131,343,391
132,343,392
133,343,392
134,344,392
135,344,392
136,344,392
137,344,392
138,344,391
139,344,391
140,344,390
141,344,389
142,344,389
143,344,388
144,344,387
145,344,386
146,344,385
147,344,384
148,344,383
149,344,382
150,344,381
151,344,380
152,344,379
153,344,378
154,344,377
155,344,377
156,344,376
157,343,375
158,343,375
159,343,374
160,343,374
161,343,373
162,343,373
163,343,372
164,343,372
165,342,371
166,342,371
167,342,370
168,342,370
169,342,369
170,342,369
171,342,369
172,342,368
173,341,368
174,341,367
175,341,367
176,341,367
177,341,367
178,341,366
179,341,366
180,340,366
181,340,365
182,340,365
183,340,365
184,340,365
185,340,364
186,339,364
187,339,364
188,339,364
189,339,364
190,339,363
191,339,363
192,338,363
193,338,363
194,338,363
195,338,363
196,338,362
197,338,362
198,337,362
199,337,362
200,337,361
201,337,361
202,337,361
203,336,361
204,336,361
205,336,360
206,336,360
207,336,360
208,336,360
209,335,360
210,335,359
211,335,359
212,335,359
213,335,359
214,334,358
215,334,358
216,334,358
217,334,358
218,333,357
219,333,357
220,333,357
221,333,357
222,332,356
223,332,356
224,332,356
225,332,356
226,331,355
227,331,355
228,331,355
229,331,355
230,330,354
231,330,354
232,330,354
233,329,353
234,329,353
235,329,353
236,328,352
237,328,352
238,328,352
239,328,351
240,328,351
241,328,351
242,328,350
243,328,350
244,328,349
245,328,349
246,328,348
247,328,348
248,329,347
249,329,347
250,330,346
251,330,345
252,331,344
253,331,343
254,332,342
255,334,339
0,0
1,99
228,198,199
229,197,200
230,197,201
231,196,202
232,196,203
233,196,203
234,195,204
235,195,204
236,195,204
237,194,204
238,194,204
239,194,204
240,193,205
241,193,204
242,193,204
243,193,204
244,192,204
245,192,204
246,192,204
247,191,204
248,191,203
249,191,203
250,190,203
251,190,203
252,190,203
253,189,203
254,189,203
255,189,202
256,189,202
257,188,202
258,188,202
259,188,202
260,187,201
261,187,201
262,187,201
263,186,201
264,186,201
265,186,200
266,185,200
267,185,200
268,185,200
269,184,200
270,184,199
271,184,199
272,183,199
273,183,199
274,183,199
275,182,198
276,182,198
277,182,198
278,181,198
279,181,197
280,181,197
281,180,197
282,180,197
283,180,197
284,179,197
285,179,196
286,179,196
287,179,196
288,178,196
289,178,196
290,178,195
291,178,195
292,178,195
293,177,195
294,177,195
295,177,194
296,177,194
297,177,194
298,176,194
299,176,194
300,176,193
301,176,193
302,176,193
303,176,193
304,175,193
305,176,193
306,176,192
307,176,192
308,176,192
309,176,192
310,176,192
311,176,191
312,176,191
313,177,191
314,177,191
315,177,191
316,177,191
317,178,190
318,178,190
319,178,190
320,179,190
321,180,189
322,180,189
323,181,189
324,182,188
325,183,188
326,185,186
0,0
1,131
209,249,250
210,248,252
211,248,253
212,248,254
213,248,254
214,247,255
215,247,255
216,247,256
217,247,256
218,247,256
219,247,256
220,246,256
221,246,256
222,246,256
223,246,256
224,246,256
225,245,256
226,245,256
227,245,257
228,245,256
229,245,256
230,245,256
231,244,256
232,244,256
233,244,256
234,244,256
235,244,256
236,243,256
237,243,256
238,243,256
239,243,256
240,243,255
241,243,255
242,242,255
243,242,255
244,242,255
245,242,255
246,242,255
247,241,255
248,241,254
249,241,254
250,241,254
251,241,254
252,241,254
253,240,254
254,240,254
255,240,254
256,240,253
257,240,253
258,239,253
259,239,253
260,239,253
261,239,253
262,239,252
263,238,252
264,238,252
265,238,252
266,238,252
267,238,252
268,237,252
269,237,251
270,237,251
271,237,251
272,237,251
273,236,251
274,236,251
275,236,251
276,236,250
277,236,250
278,235,250
279,235,250
280,235,250
281,235,250
282,235,250
283,235,249
284,234,249
285,234,249
286,234,249
287,234,249
288,233,249
289,233,249
290,233,249
291,233,248
292,233,248
293,232,248
294,232,248
295,232,248
296,232,248
297,232,248
298,231,248
299,231,247
300,231,247
301,231,247
302,231,247
303,230,247
304,230,247
305,230,247
306,230,247
307,230,246
308,230,246
309,230,246
310,230,246
311,229,246
312,229,246
313,229,246
314,229,246
315,229,245
316,229,245
317,229,245
318,229,245
319,229,245
320,229,245
321,229,245
322,229,245
323,230,245
324,230,244
325,230,244
326,230,244
327,230,244
328,231,244
329,231,244
330,231,244
331,232,244
332,232,244
333,233,243
334,233,243
335,234,243
336,235,243
337,236,242
338,237,242
339,239,241
0,0
0,299
132,261,261
133,258,267
134,257,270
135,257,272
136,256,274
137,257,276
138,257,278
139,257,280
140,257,281
141,258,283
142,258,284
143,259,286
144,259,287
145,260,288
146,260,289
147,260,290
148,261,291
149,261,292
150,261,293
151,262,293
152,262,294
153,262,294
154,262,295
155,263,295
156,263,294
157,263,294
158,263,294
159,263,293
160,263,293
161,264,293
162,264,292
163,264,292
164,264,292
165,264,291
166,264,291
167,264,290
168,264,290
169,264,290
170,264,289
171,264,289
172,264,289
173,264,289
174,264,288
175,264,288
176,264,288
177,264,288
178,264,288
179,264,288
180,264,287
181,264,287
182,264,287
183,264,287
184,264,287
185,264,287
186,264,287
187,264,286
188,264,286
189,263,286
190,263,286
191,263,286
192,263,286
193,263,285
194,263,285
195,263,285
196,263,285
197,262,285
198,262,285
199,262,284
200,262,284
201,262,284
202,262,284
203,262,284
204,261,283
205,261,283
206,261,283
207,261,283
208,261,283
209,261,283
210,260,282
211,260,282
212,260,282
213,260,282
214,260,282
215,260,281
216,259,281
217,259,281
218,259,281
219,259,281
220,259,281
221,258,280
222,258,280
223,258,280
224,258,280
225,258,280
226,257,279
227,257,279
228,257,279
229,257,279
230,257,279
231,256,278
232,256,278
233,256,278
234,256,278
235,256,278
236,256,277
237,255,277
238,255,277
239,255,277
240,255,277
241,254,276
242,254,276
243,254,276
244,254,276
245,254,275
246,253,275
247,253,275
248,253,275
249,253,275
250,253,274
251,252,274
252,252,274
253,252,274
254,252,273
255,251,273
256,251,273
257,251,273
258,251,272
259,250,272
260,250,272
261,250,272
262,250,271
263,250,271
264,249,271
265,249,271
266,249,270
267,248,270
268,248,270
269,248,270
270,248,269
271,247,269
272,247,269
273,247,269
274,247,268
275,246,268
276,246,268
277,246,267
278,245,267
279,245,267
280,245,267
281,245,266
282,244,266
283,244,266
284,244,265
285,243,265
286,243,265
287,243,265
288,242,264
289,242,264
290,242,264
291,241,263
292,241,263
293,241,263
294,240,262
295,240,262
296,239,262
297,239,261
298,239,261
299,238,261
300,238,260
301,238,260
302,237,260
303,237,259
304,236,259
305,236,258
306,236,258
307,235,258
308,235,257
309,234,257
310,234,257
311,234,256
312,233,256
313,233,256
314,232,255
315,232,255
316,231,254
317,231,254
318,230,254
319,230,253
320,229,253
321,229,252
322,229,252
323,228,252
324,228,251
325,227,251
326,226,250
327,226,250
328,225,249
329,225,249
330,224,248
331,224,248
332,223,247
333,223,247
334,222,246
335,222,246
336,221,246
337,221,245
338,220,244
339,220,244
340,219,244
341,218,243
342,218,242
343,217,242
344,216,241
345,216,241
346,215,240
347,215,240
348,214,239
349,213,238
350,213,238
351,212,237
352,211,237
353,211,236
354,210,235
355,209,235
356,209,234
357,208,233
358,207,233
359,207,232
360,206,231
361,205,231
362,204,230
363,204,229
364,203,229
365,202,228
366,202,227
367,201,226
368,200,226
369,199,225
370,198,224
371,198,223
372,197,222
373,196,222
374,195,221
375,194,220
376,194,219
377,193,218
378,192,217
379,191,217
380,190,216
381,189,215
382,188,214
383,187,213
384,186,212
385,185,211
386,184,210
387,183,209
388,182,208
389,181,207
390,180,206
391,179,205
392,177,203
393,176,202
394,175,201
395,174,200
396,172,199
397,171,197
398,170,196
399,168,195
400,167,194
401,166,192
402,164,191
403,163,190
404,162,188
405,160,187
406,159,186
407,158,184
408,156,183
409,155,181
410,154,180
411,152,178
412,151,177
413,149,175
414,148,174
415,147,172
416,145,170
417,144,169
418,143,167
419,141,165
420,140,163
421,138,161
422,137,160
423,136,158
424,135,156
425,134,154
426,133,152
427,133,150
428,133,147
429,136,144
430,138,138
0,0
0,157
245,285,290
246,283,293
247,283,295
248,282,297
249,282,298
250,282,300
251,282,301
252,282,303
253,282,304
254,282,305
255,282,306
256,283,307
257,283,309
258,284,310
259,284,311
260,284,312
261,285,312
262,285,313
263,285,314
264,286,315
265,286,315
266,286,316
267,286,316
268,287,317
269,287,317
270,287,317
271,287,317
272,287,318
273,287,318
274,287,318
275,288,318
276,288,318
277,288,318
278,288,317
279,288,317
280,288,317
281,288,316
282,288,316
283,288,315
284,288,315
285,287,315
286,287,314
287,287,314
288,287,314
289,287,313
290,287,313
291,287,313
292,287,312
293,287,312
294,287,312
295,286,311
296,286,311
297,286,311
298,286,311
299,286,310
300,286,310
301,286,310
302,286,310
303,286,309
304,286,309
305,286,309
306,285,309
307,285,309
308,285,308
309,285,308
310,285,308
311,285,308
312,285,308
313,285,307
314,285,307
315,285,307
316,285,307
317,285,307
318,285,307
319,285,306
320,284,306
321,284,306
322,284,306
323,284,306
324,284,306
325,284,306
326,284,305
327,284,305
328,284,305
329,284,305
330,284,305
331,284,305
332,284,305
333,284,305
334,284,305
335,283,304
336,283,304
337,283,304
338,283,304
339,283,304
340,283,304
341,283,304
342,283,304
343,283,304
344,283,304
345,283,304
346,283,303
347,283,303
348,283,303
349,283,303
350,283,303
351,283,303
352,282,303
353,282,303
354,282,303
355,282,303
356,282,303
357,282,303
358,282,303
359,282,302
360,282,302
361,282,302
362,282,302
363,282,302
364,282,302
365,282,302
366,282,302
367,282,302
368,282,302
369,282,302
370,282,302
371,282,302
372,282,302
373,282,302
374,282,302
375,282,302
376,282,302
377,282,302
378,282,302
379,282,302
380,282,302
381,282,302
382,282,302
383,282,302
384,282,302
385,282,303
386,282,303
387,282,303
388,282,303
389,282,303
390,282,303
391,282,303
392,282,303
393,282,303
394,282,304
395,283,304
396,283,304
397,283,304
398,283,304
399,283,305
400,283,305
401,284,295
1,269
284,402,404
285,402,406
286,402,409
287,402,411
288,402,413
289,402,414
290,402,416
291,402,417
292,402,418
293,402,420
294,401,421
295,401,422
296,401,423
297,401,424
298,401,424
299,401,425
300,401,426
301,401,427
302,401,427
303,401,428
304,401,428
305,401,429
306,402,429
307,404,430
308,406,430
309,407,431
310,408,431
311,408,432
312,409,432
313,410,432
314,411,433
315,411,433
316,412,433
317,412,433
318,413,434
319,413,434
320,414,434
321,414,435
322,415,435
323,415,435
324,415,435
325,416,435
326,416,436
327,416,436
328,416,436
329,417,436
330,417,436
331,417,437
332,417,437
333,417,437
334,417,437
335,418,437
336,418,437
337,418,438
338,418,438
339,418,438
340,418,438
341,418,438
342,418,438
343,418,438
344,418,438
345,418,420
345,418,438
346,418,420
346,418,439
347,418,420
347,418,439
348,418,420
348,418,439
349,418,420
349,418,439
350,418,420
350,418,439
351,418,420
351,418,439
352,418,420
352,418,439
353,418,420
353,418,439
354,418,420
354,418,439
355,418,420
355,418,439
356,418,420
356,418,439
357,418,420
357,418,439
358,418,420
358,418,439
359,418,420
359,418,439
360,418,420
360,418,439
361,418,420
361,418,439
362,418,420
362,418,440
363,418,420
363,418,440
364,418,420
364,418,440
365,418,420
365,418,440
366,418,420
366,418,440
367,418,420
367,418,440
368,418,420
368,418,440
369,418,420
369,418,440
370,418,420
370,418,440
371,418,420
371,418,440
372,418,420
372,418,440
373,418,420
373,418,440
374,418,420
374,418,440
375,418,420
375,418,440
376,418,420
376,418,440
377,418,420
377,418,440
378,418,420
378,418,440
379,418,420
379,418,440
380,418,420
380,418,440
381,418,420
381,418,440
382,418,420
382,418,440
383,418,420
383,418,440
384,418,420
384,418,440
385,418,420
385,417,440
386,418,420
386,417,440
387,418,420
387,417,439
388,418,420
388,417,439
389,418,420
389,417,439
390,418,420
390,417,439
391,418,420
391,417,439
392,418,420
392,417,439
393,418,420
393,417,439
394,418,420
394,416,439
395,418,420
395,416,439
396,418,420
396,416,439
397,418,420
397,416,439
398,418,420
398,416,439
399,418,420
399,416,439
400,418,420
400,416,439
401,418,420
401,415,439
402,418,420
402,415,439
403,418,420
403,415,439
404,418,420
404,415,439
405,418,420
405,415,439
406,418,420
406,414,439
407,418,420
407,414,439
408,418,420
408,414,438
409,418,420
409,414,438
410,418,420
410,413,438
411,418,420
411,413,438
412,418,420
412,413,438
413,418,420
413,413,438
414,418,420
414,412,438
415,418,420
415,412,438
416,418,420
416,412,438
417,418,420
417,411,438
418,418,420
418,411,438
419,418,420
419,411,438
420,410,437
421,410,437
422,410,437
423,409,437
424,409,437
425,409,437
426,408,437
427,408,437
428,407,437
429,407,436
430,406,436
431,405,436
432,405,436
433,404,436
434,404,436
435,403,436
436,402,435
437,401,435
438,400,435
439,399,435
440,400,435
441,400,435
442,400,434
443,400,434
444,401,434
445,401,434
446,401,434
447,401,433
448,401,433
449,402,433
450,402,433
451,402,432
452,402,432
453,402,432
454,403,432
455,403,431
456,403,431
457,403,431
458,403,430
459,404,430
460,404,430
461,404,429
462,404,429
463,404,429
464,405,428
465,405,428
466,405,427
467,405,427
468,405,426
469,406,426
470,406,425
471,406,424
472,406,423
473,406,423
474,407,421
475,407,420
476,409,418
476,409,417
0,66
406,472,474
405,467,474
404,462,474
403,457,473
402,452,473
401,447,473
400,442,472
399,439,472
398,440,472
397,440,471
396,441,471
395,441,471
394,442,471
393,442,470
392,442,470
391,443,470
390,443,469
389,444,469
388,444,469
387,444,469
386,444,468
385,445,468
384,445,468
383,445,468
382,446,467
381,446,467
380,446,467
379,446,467
378,447,467
377,447,466
376,447,466
375,447,466
374,448,466
373,448,466
372,448,465
371,448,465
370,448,465
369,449,465
368,449,465
367,449,465
366,449,464
365,449,464
364,450,464
363,450,464
362,450,464
361,450,464
360,450,463
359,451,463
358,451,463
357,451,463
356,451,463
355,451,463
354,452,462
353,452,462
352,452,462
351,452,462
350,452,462
349,452,462
348,453,462
347,453,461
346,453,461
345,453,461
344,453,460
343,454,460
342,454,459
341,455,458
0,0
0,110
273,360,360
274,356,366
275,355,369
276,355,371
277,355,374
278,355,376
279,355,378
280,355,380
281,355,382
282,355,383
283,355,385
284,356,386
285,356,387
286,356,388
287,356,389
288,357,389
289,357,390
290,357,390
291,357,390
292,357,390
293,357,389
294,357,389
295,357,388
296,356,387
297,356,386
298,356,385
299,356,384
300,356,383
301,355,382
302,355,382
303,354,381
304,354,380
305,354,379
306,353,378
307,353,378
308,353,377
309,352,376
310,352,375
311,351,375
312,351,374
313,350,373
314,350,372
315,350,372
316,349,371
317,349,370
318,348,369
319,348,369
320,347,368
321,346,367
322,346,366
323,345,366
324,345,365
325,344,364
326,343,364
327,343,363
328,342,362
329,341,361
330,341,361
331,340,360
332,339,359
333,339,359
334,338,358
335,337,357
336,337,356
337,336,356
338,335,355
339,334,354
340,334,354
341,333,353
342,332,352
343,331,352
344,330,351
345,329,350
346,328,350
347,327,349
348,326,348
349,325,348
350,324,347
351,323,347
352,321,347
353,320,346
354,319,346
355,318,345
356,316,344
357,315,344
358,314,343
359,313,343
360,313,342
361,312,342
362,311,341
363,310,341
364,310,340
365,310,339
366,310,339
367,310,338
368,310,338
369,310,337
370,311,337
371,312,336
372,312,336
373,313,335
374,314,335
375,315,334
376,316,333
377,317,333
378,318,332
379,320,332
380,321,331
381,323,330
382,326,326
1,90
331,380,380
332,378,379
333,376,378
334,374,378
335,373,377
336,371,376
337,369,376
338,367,375
339,365,375
340,364,374
341,362,374
342,360,373
343,358,372
344,356,372
345,354,372
346,353,371
347,352,371
348,352,370
349,352,370
350,352,369
351,352,369
352,352,368
353,351,368
354,351,368
355,351,367
356,351,367
357,350,366
358,350,366
359,350,366
360,350,365
361,349,365
362,349,364
363,349,364
364,349,364
365,349,363
366,348,363
367,348,363
368,348,362
369,348,362
370,347,362
371,347,361
372,347,361
373,347,361
374,346,360
375,346,360
376,346,360
377,346,359
378,346,359
379,345,359
380,345,358
381,345,358
382,345,358
383,345,357
384,344,357
385,344,357
386,344,356
387,344,356
388,344,356
389,343,355
390,343,355
391,343,355
392,343,355
393,343,354
394,343,354
395,342,354
396,342,353
397,342,353
398,342,353
399,342,352
400,341,352
401,341,352
402,341,352
403,341,351
404,341,351
405,341,351
406,340,351
407,340,350
408,340,350
409,340,349
410,340,349
411,340,349
412,340,348
413,340,348
414,339,347
415,339,347
416,339,346
417,339,345
418,339,344
419,340,343
420,340,341
0,0
0,56
316,394,396
317,393,399
318,393,400
319,392,402
320,392,403
321,392,404
322,392,405
323,392,406
324,393,408
325,393,409
326,393,410
327,394,411
328,394,412
329,395,413
330,395,414
331,396,415
332,396,416
333,397,417
334,397,418
335,398,419
336,398,420
337,399,421
338,399,422
339,400,423
340,400,424
341,401,424
342,401,425
343,402,426
344,402,426
345,403,427
346,403,427
347,404,428
348,404,428
349,405,428
350,405,429
351,406,429
352,406,429
353,407,429
354,407,429
355,408,429
356,408,429
357,409,429
358,409,429
359,410,429
360,410,428
361,411,428
362,411,428
363,412,428
364,412,427
365,412,427
366,413,427
367,414,426
368,415,425
369,416,424
370,417,423
371,420,420
0,0
