1,204
110,119,121
111,118,122
112,118,123
113,117,123
114,117,124
115,116,124
116,116,125
117,116,125
118,116,126
119,115,126
120,115,127
121,115,127
122,115,128
123,115,128
124,115,129
125,114,129
126,114,129
127,114,130
128,114,130
129,114,130
130,114,130
131,114,131
132,113,131
133,113,131
134,113,131
135,113,132
136,113,132
137,113,132
138,113,132
139,112,132
140,112,132
141,112,132
142,112,132
143,112,133
144,112,133
145,111,133
146,111,133
147,111,133
148,111,133
149,111,133
150,111,133
151,110,133
152,110,132
153,110,132
154,110,132
155,110,132
156,110,132
157,109,132
158,109,132
159,109,131
160,109,131
161,109,131
162,109,131
163,108,130
164,108,130
165,108,130
166,108,130
167,107,129
168,107,129
169,107,129
170,107,129
171,107,128
172,107,128
173,106,128
174,106,128
175,106,127
176,106,127
177,105,127
178,105,127
179,105,127
180,105,126
181,105,126
182,104,126
183,104,126
184,104,125
185,104,125
186,103,125
187,103,125
188,103,124
189,103,124
190,102,124
191,102,124
192,102,123
193,102,123
194,101,123
195,101,123
196,101,122
197,101,122
198,100,122
199,100,122
200,100,122
201,99,121
202,99,121
203,99,121
204,99,121
205,98,120
206,98,120
207,98,120
208,98,120
209,97,119
210,97,119
211,97,119
212,96,119
213,96,118
214,96,118
215,95,118
216,95,118
217,95,117
218,95,117
219,94,117
220,94,117
221,94,117
222,93,116
223,93,116
224,93,116
225,92,116
226,92,115
227,92,115
228,92,115
229,91,115
230,91,114
231,91,114
232,90,114
233,90,114
234,90,113
235,89,113
236,89,113
237,89,113
238,88,112
239,88,112
240,88,112
241,87,112
242,87,112
243,87,111
244,86,111
245,86,111
246,86,110
247,85,110
248,85,110
249,84,110
250,84,109
251,84,109
252,83,109
253,83,109
254,83,109
255,82,108
256,82,108
257,82,108
258,81,108
259,81,107
260,80,107
261,80,107
262,80,107
263,79,106
264,79,106
265,79,106
266,78,106
267,78,105
268,77,105
269,77,105
270,77,105
271,77,104
272,76,104
273,76,104
274,76,104
275,76,103
276,75,103
277,75,103
278,75,103
279,75,102
280,75,102
281,75,102
282,75,102
283,75,101
284,75,101
285,75,101
286,74,100
287,75,100
288,75,100
289,75,100
290,75,99
291,75,99
292,75,99
293,75,98
294,76,98
295,76,98
296,76,98
297,76,97
298,77,97
299,77,97
300,77,96
301,77,96
302,78,96
303,78,95
304,78,95
305,79,95
306,79,94
307,80,94
308,80,94
309,81,93
310,81,93
311,82,92
312,83,91
313,85,89
0,0
0,191
34,200,200
35,192,210
36,188,217
37,186,220
38,184,222
39,183,223
40,182,224
41,182,225
42,182,226
43,183,227
44,183,227
45,184,227
46,185,227
47,185,228
48,186,228
49,188,228
50,189,228
51,190,228
52,191,229
53,193,229
54,194,229
55,195,230
56,196,230
57,197,230
58,198,231
59,199,231
60,200,231
61,201,232
62,202,232
63,203,233
64,204,233
65,205,233
66,205,234
67,206,234
68,207,235
69,208,235
70,208,236
71,209,236
72,210,237
73,210,237
74,211,238
75,212,238
76,212,239
77,213,239
78,214,240
79,215,240
80,215,241
81,216,241
82,217,242
83,217,243
84,218,243
85,219,244
86,219,244
87,220,245
88,221,246
89,221,246
90,222,247
91,223,247
92,224,248
93,224,249
94,225,249
95,226,250
96,226,251
97,227,251
98,228,252
99,229,253
100,229,254
101,230,254
102,231,255
103,231,256
104,232,256
105,233,257
106,234,258
107,235,259
108,235,260
109,236,260
110,237,261
111,238,262
112,238,263
113,239,264
114,240,264
115,241,265
116,242,266
117,242,267
118,243,268
119,244,269
120,245,269
121,246,270
122,246,271
123,247,272
124,248,273
125,249,274
126,250,275
127,251,276
128,251,277
129,252,278
130,253,279
131,254,280
132,255,281
133,256,281
134,256,282
135,257,283
136,258,284
137,259,285
138,260,286
139,261,287
140,262,289
141,263,290
142,264,291
143,264,292
144,265,293
145,266,294
146,267,295
147,268,296
148,269,297
149,270,298
150,271,299
151,272,301
152,273,302
153,274,303
154,275,304
155,276,306
156,277,307
157,278,308
158,279,310
159,280,311
160,281,312
161,282,314
162,283,315
163,284,317
164,285,318
165,286,320
166,287,321
167,288,323
168,290,325
169,291,327
170,292,328
171,293,330
172,294,332
173,295,334
174,297,336
175,298,339
176,299,341
177,300,343
178,302,346
179,303,349
180,304,352
181,305,355
182,307,360
183,308,364
183,308,364
183,380,380
184,309,370
184,370,382
184,309,382
185,311,385
186,312,388
187,314,391
188,315,394
189,317,397
190,318,400
191,320,402
192,321,405
193,323,408
194,325,411
195,326,414
196,328,417
197,330,418
198,332,418
199,334,419
200,335,419
201,337,420
202,339,420
203,341,420
204,343,421
205,346,421
206,348,421
207,350,421
208,353,421
209,355,421
210,358,421
211,361,421
212,364,421
213,367,420
214,371,420
215,374,419
216,378,419
217,383,417
218,389,416
219,397,412
220,405,405
0,66
196,417,417
195,414,417
194,411,417
193,408,416
192,405,416
191,402,416
190,399,415
189,397,415
188,394,415
187,391,414
186,388,414
185,385,414
184,382,413
183,380,413
182,381,413
181,382,413
180,382,412
179,383,412
178,384,412
177,384,411
176,385,411
175,385,411
174,386,411
173,386,410
172,386,410
171,387,410
170,387,410
169,388,409
168,388,409
167,388,409
166,389,409
165,389,409
164,389,408
163,390,408
162,390,408
161,390,408
160,391,407
159,391,407
158,391,407
157,392,407
156,392,407
155,392,406
154,393,406
153,393,406
152,393,406
151,393,405
150,394,405
149,394,405
148,394,405
147,395,404
146,395,404
145,395,404
144,395,404
143,395,404
142,396,403
141,396,403
140,396,403
139,397,403
138,397,403
137,397,403
136,397,402
135,397,402
134,397,402
133,398,402
132,398,401
131,399,401
0,0
0,45
39,296,300
40,293,308
41,292,313
42,292,318
43,292,323
44,292,327
45,292,330
46,292,333
47,293,336
48,293,338
49,294,340
50,294,342
51,296,343
52,297,344
53,298,345
54,299,346
55,300,347
56,302,348
57,303,348
58,304,349
59,306,349
60,308,349
61,309,350
62,311,350
63,312,351
64,313,351
65,315,351
66,316,352
67,318,352
68,319,352
69,320,352
70,322,352
71,323,352
72,324,352
73,326,352
74,327,352
75,328,352
76,330,352
77,331,352
78,332,351
79,334,351
80,335,350
81,337,349
82,339,348
83,343,343
0,0
0,75
141,213,219
142,211,222
143,210,225
144,210,227
145,210,229
146,210,231
147,210,233
148,210,234
149,211,236
150,211,237
151,211,238
152,211,239
153,211,241
154,211,242
155,210,243
156,210,243
157,210,244
158,209,245
159,208,246
160,208,246
161,207,246
162,207,247
163,206,247
164,205,246
165,205,246
166,204,245
167,204,244
168,203,243
169,202,241
170,202,238
171,201,237
172,200,235
173,200,233
174,199,232
175,198,230
176,198,229
177,197,228
178,196,226
179,196,225
180,195,224
181,194,223
182,193,221
183,192,220
184,192,218
185,191,217
186,190,216
187,189,214
188,188,213
189,187,212
190,187,210
191,186,209
192,185,208
193,184,206
194,183,205
195,182,204
196,182,203
197,181,201
198,180,200
199,179,198
200,178,197
201,178,195
202,177,194
203,176,192
204,175,191
205,174,189
206,173,188
207,172,186
208,172,184
209,171,183
210,170,181
211,170,180
212,170,178
213,170,176
214,170,175
215,171,171
0,0
1,161
159,224,227
160,223,228
161,222,228
162,222,229
163,221,229
164,221,230
165,220,230
166,220,230
167,220,231
168,220,231
169,220,231
170,219,232
171,219,232
172,219,232
173,219,232
174,219,232
175,219,233
176,218,233
177,218,233
178,218,233
179,218,233
180,217,233
181,217,233
182,217,233
183,217,232
184,217,232
185,216,232
186,216,231
187,216,231
188,216,230
189,215,229
190,215,229
191,215,228
192,215,228
193,214,228
194,214,227
195,214,227
196,214,227
197,213,226
198,213,226
199,213,226
200,212,225
201,212,225
202,212,225
203,212,224
204,211,224
205,211,224
206,211,223
207,211,223
208,210,223
209,210,222
210,210,222
211,209,222
212,209,221
213,209,221
214,209,221
215,208,221
216,208,220
217,208,220
218,207,220
219,207,220
220,207,219
221,207,219
222,206,219
223,206,218
224,206,218
225,206,218
226,205,218
227,205,217
228,205,217
229,205,217
230,204,217
231,204,217
232,204,216
233,204,216
234,203,216
235,203,216
236,203,215
237,203,215
238,202,215
239,202,215
240,202,215
241,202,214
242,201,214
243,201,214
244,201,214
245,201,213
246,200,213
247,200,213
248,200,213
249,200,213
250,199,212
251,199,212
252,199,212
253,199,212
254,198,212
255,198,211
256,198,211
257,198,211
258,197,211
259,197,211
260,197,211
261,197,210
262,197,210
263,196,210
264,196,210
265,196,210
266,195,210
267,195,209
268,195,209
269,195,209
270,194,209
271,194,209
272,194,209
273,194,209
274,193,209
275,193,209
276,193,209
277,192,209
278,192,209
279,192,209
280,191,209
281,191,209
282,191,209
283,190,209
284,190,209
285,190,209
286,189,209
287,189,209
288,189,209
289,189,209
290,189,209
291,189,209
292,189,209
293,189,209
294,190,209
295,190,209
296,190,209
297,190,209
298,191,209
299,191,209
300,191,210
301,192,210
302,192,210
303,193,210
304,193,210
305,194,210
306,194,210
307,195,210
308,195,210
309,196,210
310,196,210
311,197,210
312,197,210
313,198,210
314,199,210
315,199,210
316,200,210
317,201,211
318,202,209
319,204,208
0,96
209,285,285
210,286,300
211,287,317
212,287,316
213,288,315
214,288,314
215,288,314
216,288,313
217,288,313
218,288,313
219,288,312
220,288,312
221,288,311
222,288,311
223,288,311
224,288,311
225,288,310
226,288,310
227,288,310
228,287,310
229,287,310
230,287,309
231,287,309
232,287,309
233,287,309
234,287,308
235,286,308
236,286,308
237,286,308
238,286,308
239,286,307
240,285,307
241,285,307
242,285,307
243,285,307
244,285,307
245,284,306
246,284,306
247,284,306
248,284,306
249,283,306
250,283,306
251,283,305
252,283,305
253,283,305
254,282,305
255,282,305
256,282,304
257,282,304
258,282,304
259,281,304
260,281,304
261,281,304
262,281,303
263,281,303
264,281,303
265,280,303
266,280,303
267,280,303
268,280,302
269,280,302
270,280,302
271,279,302
272,279,301
273,279,301
274,279,301
275,279,300
276,279,300
277,278,300
278,278,300
279,278,299
280,278,299
281,278,298
282,278,298
283,278,297
284,277,297
285,277,297
286,277,296
287,277,296
288,277,295
289,277,294
290,276,294
291,276,293
292,276,292
293,276,292
294,276,291
295,276,290
296,275,289
297,275,288
298,275,288
299,275,287
300,275,286
301,275,285
302,276,284
303,277,282
304,279,279
1,45
282,257,259
281,259,265
280,262,271
279,264,277
278,265,284
277,266,290
276,267,296
275,267,301
274,267,300
273,267,299
272,267,297
271,267,296
270,267,295
269,267,294
268,267,293
267,267,291
266,267,291
265,267,289
264,267,288
263,267,287
262,267,286
261,267,285
260,266,284
259,266,284
258,266,283
257,266,282
256,266,281
255,266,280
254,266,279
253,266,278
252,265,278
251,265,277
250,265,276
249,265,276
248,265,275
247,265,274
246,265,274
245,265,273
244,264,272
243,264,271
242,264,270
241,264,269
240,265,268
239,265,267
239,265,267
0,0
0,33
235,204,205
236,203,210
237,202,213
238,202,216
239,202,219
240,202,221
241,202,224
242,202,226
243,203,227
244,204,229
245,204,230
246,205,231
247,206,232
248,207,233
249,208,234
250,208,235
251,209,235
252,210,235
253,211,236
254,212,236
255,213,236
256,213,236
257,214,236
258,215,236
259,216,236
260,217,236
261,218,236
262,219,236
263,220,236
264,222,235
265,223,234
266,225,233
267,229,229
0,0
0,149
203,154,162
204,153,165
205,152,168
206,151,171
207,151,173
208,151,175
209,151,176
210,151,178
211,152,179
212,152,181
213,153,182
214,154,183
215,154,184
216,154,185
217,155,185
218,155,186
219,155,187
220,156,187
221,156,187
222,156,188
223,156,188
224,157,188
225,157,188
226,157,188
227,157,188
228,157,188
229,158,188
230,158,188
231,158,187
232,158,187
233,158,187
234,158,186
235,158,186
236,158,186
237,158,186
238,158,185
239,158,185
240,158,185
241,158,185
242,158,184
243,158,184
244,158,184
245,158,184
246,158,184
247,158,184
248,158,184
249,158,183
250,158,183
251,158,183
252,158,183
253,158,183
254,158,183
255,158,183
256,158,183
257,158,183
258,158,183
259,158,183
260,158,183
261,158,183
262,158,183
263,158,183
264,158,183
265,158,183
266,158,183
267,158,182
268,158,182
269,158,182
270,158,182
271,158,182
272,158,182
273,158,182
274,158,182
275,158,182
276,158,182
277,158,182
278,158,182
279,158,182
280,158,182
281,158,182
282,158,182
283,158,182
284,158,182
285,158,182
286,158,182
287,158,182
288,158,182
289,158,182
290,158,182
291,158,182
292,158,182
293,158,182
294,158,182
295,158,182
296,158,182
297,158,182
298,158,182
299,158,182
300,158,182
301,158,182
302,158,182
303,158,182
304,158,182
305,158,182
306,157,182
307,157,182
308,157,182
309,157,182
310,157,182
311,157,183
312,157,183
313,157,183
314,156,184
315,156,185
316,156,186
316,156,186
316,197,197
317,156,189
317,189,197
317,156,197
318,156,196
319,156,195
320,155,195
321,155,194
322,155,193
323,155,193
324,155,192
325,154,191
326,154,191
327,154,190
328,154,189
329,154,189
330,154,188
331,154,187
332,154,187
333,154,186
334,155,185
335,155,185
336,155,184
337,156,183
338,156,183
339,157,182
340,158,181
341,159,181
342,160,180
343,161,179
344,162,179
345,164,177
346,167,175
347,169,169
1,178
179,343,344
180,342,343
181,340,342
182,339,342
183,337,341
184,336,341
185,334,340
186,333,340
187,331,340
188,330,339
189,328,339
190,327,338
191,325,338
192,324,338
193,322,337
194,321,337
195,319,337
196,318,336
197,317,336
198,317,336
199,317,335
200,316,335
201,316,335
202,316,334
203,316,334
204,316,334
205,316,333
206,315,333
207,315,333
208,315,333
209,315,332
210,315,332
211,315,332
212,315,332
213,315,331
214,314,331
215,314,331
216,314,331
217,314,330
218,314,330
219,314,330
220,313,330
221,313,329
222,313,329
223,313,329
224,313,329
225,313,328
226,313,328
227,313,328
228,312,328
229,312,328
230,312,327
231,312,327
232,312,327
233,312,327
234,312,327
235,311,326
236,311,326
237,311,326
238,311,326
239,311,326
240,311,325
241,311,325
242,311,325
243,310,325
244,310,325
245,310,324
246,310,324
247,310,324
248,310,324
249,310,324
250,309,324
251,309,323
252,309,323
253,309,323
254,309,323
255,309,323
256,309,323
257,309,322
258,309,322
259,308,322
260,308,322
261,308,322
262,308,322
263,308,321
264,308,321
265,308,321
266,308,321
267,307,321
268,307,321
269,307,321
270,307,321
271,307,320
272,307,320
273,307,320
274,307,320
275,307,320
276,306,320
277,306,320
278,306,320
279,306,320
280,306,319
281,306,319
282,306,319
283,306,319
284,306,319
285,306,319
286,305,319
287,305,319
288,305,319
289,305,319
290,305,318
291,305,318
292,305,318
293,305,318
294,305,318
295,305,318
296,305,318
297,305,318
298,305,318
299,304,318
300,304,318
301,304,318
302,304,318
303,304,317
304,304,317
305,304,317
306,304,317
307,304,317
308,303,317
309,303,317
310,303,317
311,303,317
312,303,317
313,303,317
314,303,317
315,303,317
316,302,317
317,302,317
318,302,317
319,302,317
320,302,317
321,302,317
322,301,317
323,301,317
324,301,316
325,301,316
326,301,316
327,301,316
328,300,316
329,300,316
330,300,316
331,300,316
332,299,316
333,299,316
334,299,316
335,299,316
336,298,316
337,298,316
338,298,316
339,298,316
340,297,316
341,297,316
342,297,316
343,296,316
344,296,316
345,296,315
346,296,313
347,295,311
348,295,309
349,295,307
350,294,305
351,294,302
352,294,300
353,293,298
354,293,296
355,293,294
356,292,292
0,178
289,367,367
290,361,375
291,358,379
292,356,381
293,355,383
294,355,385
295,354,387
296,354,389
297,353,390
298,353,392
299,352,393
300,352,395
301,351,396
302,351,397
303,350,399
304,350,400
305,349,401
306,349,402
307,348,403
308,348,404
309,347,406
310,347,406
311,346,407
312,346,408
313,346,409
314,345,410
315,345,410
316,344,410
317,360,411
318,362,411
319,364,411
320,366,411
321,367,411
322,368,411
323,368,411
324,369,410
325,369,410
326,369,410
327,369,409
328,370,409
329,370,408
330,370,408
331,370,407
332,370,407
333,370,406
334,370,405
335,370,405
336,369,404
337,369,404
338,369,403
339,369,403
340,369,402
341,369,402
342,368,401
343,368,401
344,368,400
345,368,400
346,367,400
347,367,399
348,367,399
349,367,399
350,366,398
351,366,398
352,366,398
353,366,397
354,366,397
355,366,397
356,365,396
357,365,396
358,365,396
359,365,396
360,365,395
361,365,395
362,365,395
363,364,395
364,364,395
365,364,394
366,364,394
367,364,394
368,364,394
369,363,394
370,363,394
371,363,393
372,363,393
373,363,393
374,362,393
375,362,393
376,362,393
377,362,392
378,362,392
379,362,392
380,361,392
381,361,392
382,361,392
383,361,391
384,361,391
385,360,391
386,360,391
387,360,391
388,360,391
389,360,390
390,359,390
391,359,390
392,359,390
393,358,390
394,358,389
395,358,389
396,358,389
397,357,389
398,357,389
399,357,388
400,356,388
401,356,388
402,355,388
403,355,388
404,354,387
405,354,387
406,354,387
407,353,387
408,352,387
409,352,386
410,351,386
411,350,386
412,350,386
413,348,386
414,347,386
415,345,385
416,333,385
417,333,385
418,333,385
419,333,384
420,333,384
421,333,384
422,333,384
423,333,383
424,333,383
425,333,383
426,333,382
427,333,382
428,334,382
429,334,382
430,334,381
431,334,381
432,334,381
433,334,380
434,334,380
435,334,379
436,334,379
437,334,379
438,334,378
439,334,378
440,334,377
441,334,377
442,335,376
443,335,376
444,335,375
445,335,374
446,335,374
447,335,373
448,335,372
449,335,372
450,335,371
451,335,369
452,335,368
453,335,367
454,335,366
455,335,365
456,336,363
457,336,362
458,336,361
459,336,359
460,336,358
461,336,357
462,337,355
463,338,353
464,338,352
465,340,350
466,342,347
1,45
336,455,460
335,440,459
334,426,457
333,416,456
332,416,454
331,416,453
330,416,451
329,415,450
328,415,448
327,415,447
326,414,446
325,414,445
324,414,443
323,414,442
322,413,441
321,413,440
320,413,439
319,413,438
318,412,437
317,412,435
316,412,434
315,411,433
314,411,432
313,411,431
312,411,430
311,411,429
310,410,428
309,410,427
308,410,426
307,409,425
306,409,424
305,409,423
304,409,422
303,408,421
302,408,420
301,408,419
300,408,418
299,407,417
298,407,417
297,406,416
296,407,415
295,407,414
294,407,413
293,407,411
292,408,410
0,0
1,132
77,378,381
78,376,383
79,376,385
80,375,386
81,375,387
82,375,388
83,375,389
84,375,389
85,375,390
86,375,391
87,374,391
88,374,392
89,374,392
90,374,393
91,374,394
92,374,394
93,374,395
94,374,395
95,374,396
96,374,396
97,374,397
98,374,397
99,374,397
100,374,398
101,374,398
102,374,398
103,374,399
104,374,399
105,374,399
106,374,399
107,374,399
108,374,399
109,373,400
110,373,400
111,373,400
112,373,399
113,373,399
114,373,399
115,373,399
116,373,399
117,373,398
118,373,398
119,373,398
120,372,397
121,372,397
122,372,397
123,372,396
124,372,396
125,372,396
126,372,396
127,372,395
128,371,395
129,371,395
130,371,395
131,371,395
132,371,394
133,371,394
134,371,394
135,371,394
136,370,393
137,370,393
138,370,393
139,370,393
140,370,393
141,370,392
142,370,392
143,369,392
144,369,392
145,369,392
146,369,391
147,369,391
148,369,391
149,369,391
150,368,390
151,368,390
152,368,390
153,368,390
154,368,390
155,368,389
156,368,389
157,367,389
158,367,389
159,367,389
160,367,389
161,367,388
162,367,388
163,367,388
164,367,388
165,366,388
166,366,388
167,366,387
168,366,387
169,366,387
170,366,387
171,366,387
172,366,387
173,365,387
174,365,386
175,365,386
176,365,386
177,365,386
178,365,386
179,365,386
180,365,386
181,365,385
182,364,385
183,364,385
184,364,385
185,364,385
186,364,385
187,364,385
188,364,385
189,363,384
190,364,384
191,365,384
192,366,384
193,367,384
194,369,384
195,370,384
196,371,384
197,372,384
198,373,384
199,374,383
200,375,383
201,376,383
202,378,381
202,377,383
203,378,383
204,379,383
205,380,383
206,381,383
207,382,383
1,146
190,363,365
191,363,366
192,363,367
193,363,368
194,363,369
195,363,370
196,363,371
197,362,372
198,362,373
199,362,374
200,362,375
201,362,376
202,362,377
203,362,378
204,362,380
205,361,381
206,361,382
207,361,383
208,361,383
209,361,382
210,361,382
211,361,382
212,360,382
213,360,382
214,360,382
215,360,382
216,360,382
217,360,382
218,360,382
219,360,382
220,359,382
221,359,382
222,359,381
223,359,381
224,359,381
225,359,381
226,359,381
227,359,381
228,358,381
229,358,381
230,358,381
231,358,381
232,358,381
233,358,380
234,358,380
235,358,380
236,357,380
237,357,380
238,357,380
239,357,380
240,357,380
241,357,380
242,357,380
243,356,380
244,356,380
245,356,379
246,356,379
247,356,379
248,356,379
249,356,379
250,355,379
251,355,379
252,355,379
253,355,379
254,355,379
255,355,379
256,354,379
257,354,379
258,354,379
259,354,379
260,354,379
261,354,379
262,353,379
263,353,379
264,353,379
265,353,379
266,353,379
267,352,379
268,352,379
269,352,379
270,352,379
271,352,379
272,352,379
273,351,379
274,351,379
275,351,379
276,351,379
277,351,379
278,350,379
279,350,379
280,350,379
281,350,379
282,349,379
283,349,379
284,349,379
285,349,379
286,348,379
287,348,379
288,348,379
289,348,379
290,348,379
291,347,379
292,348,379
293,348,379
294,348,379
295,348,379
296,348,379
297,348,379
298,348,379
299,348,379
300,349,379
301,349,379
302,349,379
303,349,379
304,350,379
305,350,379
306,351,379
307,351,379
308,351,379
309,352,379
310,352,379
311,353,379
312,353,379
313,354,379
314,354,379
315,355,380
316,355,380
317,356,380
318,357,380
319,357,380
320,358,380
321,358,380
322,359,380
323,360,380
324,361,380
325,361,380
326,362,381
327,363,380
328,364,380
329,365,380
330,366,380
331,367,379
332,368,379
333,369,378
334,370,377
335,373,376
0,0
