1,205
145,116,119
146,116,120
147,115,120
148,115,121
149,115,122
150,114,122
151,114,123
152,114,123
153,114,124
154,114,125
155,113,125
156,113,125
157,113,126
158,113,126
159,113,127
160,113,127
161,113,127
162,113,128
163,113,128
164,113,128
165,113,129
166,113,129
167,113,129
168,113,129
169,112,130
170,112,130
171,112,130
172,112,130
173,112,130
174,112,130
175,112,130
176,112,130
177,112,131
178,112,131
179,112,131
180,112,131
181,111,131
182,111,131
183,111,130
184,111,130
185,111,130
186,111,130
187,111,130
188,111,130
189,111,130
190,111,130
191,110,130
192,110,129
193,110,129
194,110,129
195,110,129
196,110,129
197,110,129
198,110,128
199,110,128
200,109,128
201,109,128
202,109,128
203,109,128
204,109,127
205,109,127
206,108,127
207,108,127
208,108,127
209,108,126
210,108,126
211,108,126
212,108,126
213,108,126
214,107,126
215,107,126
216,107,125
217,107,125
218,107,125
219,107,125
220,106,125
221,106,125
222,106,124
223,106,124
224,106,124
225,106,124
226,105,124
227,105,123
228,105,123
229,105,123
230,105,123
231,105,123
232,104,123
233,104,122
234,104,122
235,104,122
236,104,122
237,103,122
238,103,122
239,103,121
240,103,121
241,103,121
242,102,121
243,102,121
244,102,121
245,102,120
246,102,120
247,101,120
248,101,120
249,101,120
250,101,120
251,100,119
252,100,119
253,100,119
254,100,119
255,99,119
256,99,119
257,99,118
258,99,118
259,99,118
260,98,118
261,98,118
262,98,118
263,98,117
264,97,117
265,97,117
266,97,117
267,97,117
268,96,117
269,96,116
270,96,116
271,96,116
272,95,116
273,95,116
274,95,116
275,95,115
276,94,115
277,94,115
278,94,115
279,94,115
280,93,114
281,93,114
282,93,114
283,93,114
284,92,114
285,92,114
286,92,114
287,91,113
288,91,113
289,91,113
290,91,113
291,90,113
292,90,112
293,90,112
294,89,112
295,89,112
296,89,112
297,89,112
298,88,111
299,88,111
300,88,111
301,87,111
302,87,111
303,87,111
304,87,110
305,86,110
306,86,110
307,86,110
308,85,110
309,85,109
310,85,109
311,84,109
312,84,109
313,84,109
314,84,108
315,84,108
316,84,108
317,84,108
318,83,108
319,83,108
320,83,107
321,83,107
322,83,107
323,83,107
324,83,107
325,83,106
326,83,106
327,83,106
328,83,106
329,83,105
330,83,105
331,84,105
332,84,105
333,85,105
334,85,104
335,85,104
336,85,104
337,86,104
338,86,103
339,86,103
340,87,103
341,87,102
342,88,102
343,88,102
344,89,102
345,89,101
346,90,101
347,91,100
348,92,99
349,93,98
0,0
1,195
147,172,174
148,171,175
149,171,176
150,171,177
151,170,178
152,170,179
153,170,179
154,170,180
155,170,181
156,170,182
157,169,182
158,169,183
159,169,184
160,169,185
161,169,185
162,169,186
163,169,186
164,169,187
165,169,187
166,168,187
167,168,188
168,168,188
169,168,188
170,168,188
171,168,188
172,168,188
173,168,188
174,168,188
175,168,188
176,167,187
177,167,187
178,167,187
179,167,187
180,167,187
181,167,186
182,167,186
183,167,186
184,167,186
185,167,186
186,166,185
187,166,185
188,166,185
189,166,185
190,166,185
191,166,185
192,166,184
193,166,184
194,166,184
195,166,184
196,166,184
197,165,183
198,165,183
199,165,183
200,165,183
201,165,183
202,165,183
203,165,182
204,165,182
205,165,182
206,165,182
207,164,182
208,164,181
209,164,181
210,164,181
211,164,181
212,164,181
213,164,181
214,164,180
215,163,180
216,163,180
217,163,180
218,163,180
219,163,180
220,163,179
221,163,179
222,162,179
223,162,179
224,162,179
225,162,179
226,162,178
227,162,178
228,162,178
229,161,178
230,161,178
231,161,178
232,161,177
233,161,177
234,161,177
235,160,177
236,160,177
237,160,177
238,160,177
239,160,176
240,159,176
241,159,176
242,159,176
243,159,176
244,159,176
245,159,176
246,158,175
247,158,175
248,158,175
249,158,175
250,158,175
251,157,175
252,157,174
253,157,174
254,157,174
255,157,174
256,156,174
257,156,174
258,156,174
259,156,174
260,156,173
261,155,173
262,155,173
263,155,173
264,155,173
265,154,173
266,154,173
267,154,172
268,154,172
269,154,172
270,153,172
271,153,172
272,153,172
273,153,172
274,153,171
275,152,171
276,152,171
277,152,171
278,152,171
279,151,171
280,151,171
281,151,171
282,151,170
283,150,170
284,150,170
285,150,170
286,150,170
287,150,170
288,149,170
289,149,170
290,149,169
291,149,169
292,148,169
293,148,169
294,148,169
295,148,169
296,148,169
297,147,169
298,147,168
299,147,168
300,147,168
301,146,168
302,146,168
303,146,168
304,146,168
305,145,168
306,145,167
307,145,167
308,145,167
309,145,167
310,145,167
311,144,167
312,144,167
313,144,167
314,144,167
315,144,166
316,144,166
317,145,166
318,145,166
319,145,166
320,145,166
321,145,166
322,146,166
323,146,165
324,146,165
325,147,165
326,147,165
327,147,165
328,148,165
329,148,165
330,149,165
331,149,165
332,150,165
333,150,165
334,151,165
335,151,165
336,152,164
337,152,164
338,153,164
339,153,163
340,154,162
341,155,160
0,0
0,188
37,233,233
38,228,239
39,226,243
40,225,246
41,224,249
42,223,251
43,223,253
44,223,255
45,223,257
46,223,259
47,223,260
48,223,262
49,224,264
50,224,265
51,225,266
52,225,268
53,226,269
54,227,270
55,227,271
56,228,272
57,228,272
58,229,273
59,229,273
60,230,273
61,230,273
62,230,272
63,231,272
64,231,272
65,231,272
66,232,272
67,232,271
68,232,271
69,233,271
70,233,271
71,233,270
72,233,270
73,234,270
74,234,270
75,234,269
76,234,269
77,235,269
78,235,269
79,235,269
80,235,268
81,235,268
82,235,268
83,236,268
84,236,268
85,236,268
86,236,268
87,236,268
88,236,267
89,236,267
90,237,267
91,237,267
92,237,267
93,237,267
94,237,267
95,237,267
96,237,267
97,237,267
98,237,267
99,238,266
100,238,266
101,238,266
102,238,266
103,238,266
104,238,266
105,238,266
106,238,266
107,238,266
108,238,266
109,238,266
110,238,266
111,238,266
112,238,266
113,238,265
114,239,265
115,239,265
116,239,265
117,239,265
118,239,265
119,239,265
120,239,265
121,239,265
122,239,265
123,239,265
124,239,265
125,239,265
126,239,265
127,239,264
128,239,264
129,239,264
130,239,264
131,239,264
132,239,264
133,239,264
134,239,264
135,239,264
136,239,264
137,239,264
138,239,264
139,239,264
140,239,264
141,239,264
142,239,263
143,239,263
144,239,263
145,239,263
146,239,263
147,239,263
148,239,263
149,239,263
150,239,263
151,239,263
152,239,263
153,239,263
154,239,263
155,239,263
156,239,263
157,239,263
158,239,262
159,239,262
160,239,262
161,239,262
162,239,262
163,239,262
164,239,262
165,239,262
166,239,262
167,239,262
168,239,262
169,239,262
170,239,262
171,239,262
172,239,261
173,239,261
174,239,261
175,239,261
176,239,261
177,239,261
178,239,261
179,239,261
180,239,261
181,239,261
182,239,261
183,239,261
184,239,261
185,239,261
186,239,261
187,239,260
188,239,260
189,239,260
190,239,260
191,239,260
192,239,260
193,239,260
194,239,260
195,239,260
196,239,260
197,239,260
198,239,260
199,239,260
200,239,260
201,239,259
202,239,259
203,239,259
204,239,259
205,239,259
206,239,259
207,239,259
208,239,259
209,239,259
210,239,259
211,239,259
212,239,259
213,239,259
214,239,259
215,239,259
216,239,258
217,238,258
218,238,258
219,238,258
220,238,254
221,238,250
222,238,247
223,238,243
224,238,240
0,0
1,380
63,238,242
64,238,244
65,238,245
66,237,246
67,237,247
68,237,248
69,237,248
70,236,249
71,236,250
72,236,251
73,236,251
74,236,252
75,236,253
76,236,253
77,236,254
78,235,254
79,235,255
80,235,255
81,235,255
82,235,256
83,235,256
84,235,256
85,235,257
86,234,257
87,234,257
88,234,257
89,234,257
90,234,257
91,234,258
92,234,258
93,234,258
94,233,258
95,233,259
96,233,258
97,233,258
98,233,258
99,233,258
100,233,258
101,233,257
102,232,257
103,232,257
104,232,257
105,232,257
106,232,257
107,232,256
108,232,256
109,231,256
110,231,255
111,231,255
112,231,255
113,231,255
114,231,254
115,231,254
116,231,254
117,230,254
118,230,253
119,230,253
120,230,253
121,230,253
122,230,252
123,230,252
124,230,252
125,229,251
126,229,251
127,229,251
128,229,251
129,229,251
130,229,250
131,229,250
132,228,250
133,228,250
134,228,249
135,228,249
136,228,249
137,228,249
138,228,248
139,228,248
140,228,248
141,227,248
142,227,247
143,227,247
144,227,247
145,227,247
146,227,247
147,227,246
148,226,246
149,226,246
150,226,246
151,226,245
152,226,245
153,226,245
154,226,245
155,226,245
156,225,244
157,225,244
158,225,244
159,225,244
160,225,244
161,225,243
162,225,243
163,225,243
164,224,243
165,224,243
166,224,242
167,224,242
168,224,242
169,224,242
170,224,242
171,223,241
172,223,241
173,223,241
174,223,241
175,223,241
176,223,240
177,223,240
178,223,240
179,222,240
180,222,240
181,222,240
182,222,239
183,222,239
184,222,239
185,222,239
186,221,239
187,221,238
188,221,238
189,221,238
190,221,238
191,221,238
192,221,238
193,220,237
194,220,237
195,220,237
196,220,237
197,220,237
198,220,237
199,220,236
200,220,236
201,219,236
202,219,236
203,219,236
204,219,236
205,219,236
206,219,235
207,219,235
208,218,235
209,218,235
210,218,235
211,218,235
212,218,234
213,218,234
214,218,234
215,217,234
216,217,234
217,217,234
218,217,234
219,217,233
220,217,233
221,217,233
222,216,233
223,216,233
224,216,233
225,216,233
226,216,232
227,216,232
228,216,232
229,215,232
230,215,232
231,215,232
232,215,232
233,215,232
234,215,231
235,215,231
236,215,231
237,214,231
238,214,231
239,214,231
240,214,231
241,214,231
242,214,230
243,214,230
244,213,230
245,213,230
246,213,230
247,213,230
248,213,230
249,213,230
250,213,229
251,212,229
252,212,229
253,212,229
254,212,229
255,212,229
256,212,229
257,211,229
258,211,229
259,211,228
260,211,228
261,211,228
262,211,228
263,211,228
264,210,228
265,210,228
266,210,228
267,210,228
268,210,228
269,210,228
270,210,227
271,209,227
272,209,227
273,209,227
274,209,227
275,209,227
276,209,227
277,209,227
278,208,227
279,208,227
280,208,227
281,208,227
282,208,226
283,208,226
284,207,226
285,207,226
286,207,226
287,207,226
288,207,226
289,207,226
290,207,226
291,206,226
292,206,226
293,206,226
294,206,226
295,206,226
296,206,226
297,205,225
298,205,225
299,205,225
300,205,225
301,205,225
302,205,225
303,204,225
304,204,225
305,204,225
306,204,225
307,204,225
308,204,225
309,203,225
310,203,225
311,203,225
312,203,225
313,203,225
314,203,225
315,202,224
316,202,224
317,202,224
318,202,224
319,202,224
320,202,224
321,201,224
322,201,224
323,201,224
324,201,224
325,201,224
326,201,224
327,200,224
328,200,224
329,200,224
330,200,224
331,200,224
332,200,224
333,199,224
334,199,224
335,199,224
336,199,224
337,199,224
338,199,224
339,198,224
340,198,224
341,198,224
342,198,224
343,198,224
344,197,224
345,197,224
346,197,224
347,197,224
348,197,224
349,197,224
350,196,224
351,196,224
352,196,224
353,196,224
354,196,224
355,195,224
356,195,224
357,195,224
358,195,224
359,195,224
360,194,224
361,194,224
362,194,224
363,194,224
364,194,224
365,193,224
366,193,224
367,193,224
368,193,224
369,193,224
370,192,224
371,192,224
372,192,224
373,192,224
374,192,224
375,191,224
376,191,224
377,191,224
378,191,224
379,191,224
380,190,224
381,190,224
382,190,224
383,190,224
384,190,224
385,189,224
386,189,224
387,189,224
388,189,224
389,189,224
390,188,224
391,188,224
392,188,224
393,188,224
394,188,224
395,188,224
396,188,224
397,188,224
398,188,224
399,188,224
400,188,223
401,189,223
402,189,223
403,189,223
404,189,223
405,189,223
406,190,223
407,190,223
408,190,223
409,190,223
410,191,223
411,191,223
412,192,223
413,192,223
414,192,223
415,193,223
416,193,223
417,194,223
418,194,223
419,195,223
420,195,223
421,196,223
422,196,223
423,197,223
424,198,223
425,198,223
426,199,223
427,200,223
428,200,223
429,201,223
430,202,223
431,202,223
432,203,223
433,204,223
434,205,222
435,206,222
436,206,222
437,207,222
438,208,221
439,209,221
440,211,220
441,212,219
442,214,218
0,0
0,177
231,209,215
232,207,220
233,206,223
234,206,226
235,206,228
236,206,230
237,206,231
238,206,233
239,206,234
240,206,236
241,206,237
242,206,238
243,206,239
244,206,240
245,206,241
246,206,241
247,206,242
248,206,243
249,205,243
250,205,243
251,205,244
252,205,244
253,205,244
254,204,244
255,204,243
256,204,243
257,204,242
258,203,241
259,203,240
260,203,239
261,203,238
262,202,238
263,202,237
264,202,236
265,201,236
266,201,235
267,201,234
268,200,234
269,200,233
270,200,232
271,199,232
272,199,231
273,199,230
274,198,230
275,198,229
276,197,229
277,197,228
278,197,227
279,196,227
280,196,226
281,195,225
282,195,225
283,194,224
284,194,223
285,193,223
286,193,222
287,192,222
288,192,221
289,192,220
290,191,220
291,190,219
292,190,218
293,189,218
294,189,217
295,188,216
296,188,216
297,187,215
298,187,214
299,186,214
300,185,213
301,185,212
302,184,212
303,184,211
304,183,210
305,183,210
306,182,209
307,181,208
308,181,207
309,180,207
310,179,206
311,179,205
312,178,205
313,177,204
314,177,203
315,176,202
316,175,202
317,175,201
318,174,200
319,173,200
320,173,199
321,172,198
322,171,197
323,171,196
324,170,196
325,169,195
326,168,194
327,168,193
328,167,193
329,166,192
330,165,191
331,165,190
332,164,189
333,163,189
334,162,188
335,161,187
336,161,186
337,160,185
338,159,184
339,158,184
340,157,183
341,157,182
342,156,181
343,155,180
344,154,179
345,153,179
346,152,178
347,151,177
348,150,176
349,149,175
350,148,174
351,148,173
352,147,172
353,146,171
354,145,170
355,144,169
356,143,168
357,142,167
358,141,166
359,140,165
360,139,164
361,138,164
362,137,162
363,136,161
364,135,160
365,134,159
366,133,158
367,132,157
368,131,156
369,130,155
370,129,154
371,127,153
372,126,151
373,125,150
374,124,149
375,123,148
376,122,146
377,121,145
378,120,144
379,119,142
380,118,141
381,117,140
382,116,138
383,115,137
384,114,135
385,112,134
386,111,132
387,110,131
388,109,129
389,108,128
390,107,126
391,106,125
392,105,123
393,104,122
394,103,120
395,101,118
396,100,116
397,99,115
398,98,113
399,97,111
400,96,109
401,95,107
402,94,105
403,93,103
404,91,101
405,91,99
406,92,96
407,93,93
0,0
1,97
199,281,284
200,281,285
201,280,286
202,280,287
203,279,287
204,279,288
205,279,289
206,279,289
207,278,290
208,278,290
209,278,290
210,278,291
211,278,291
212,278,291
213,278,291
214,278,292
215,278,292
216,277,292
217,277,292
218,277,292
219,277,293
220,277,292
221,277,292
222,277,292
223,277,292
224,277,292
225,277,292
226,276,292
227,276,292
228,276,291
229,276,291
230,276,291
231,276,291
232,276,291
233,276,290
234,275,290
235,275,290
236,275,290
237,275,290
238,275,289
239,275,289
240,275,289
241,274,289
242,274,289
243,274,288
244,274,288
245,274,288
246,274,288
247,274,288
248,273,288
249,273,287
250,273,287
251,273,287
252,273,287
253,272,287
254,272,286
255,272,286
256,272,286
257,271,286
258,271,286
259,271,286
260,271,285
261,271,285
262,270,285
263,270,285
264,270,285
265,270,285
266,269,284
267,269,284
268,269,284
269,268,284
270,268,284
271,268,283
272,268,283
273,267,283
274,267,283
275,267,283
276,266,283
277,266,282
278,266,282
279,265,282
280,265,282
281,265,282
282,264,282
283,264,281
284,264,281
285,263,281
286,263,281
287,263,281
288,262,281
289,262,280
290,261,280
291,261,280
292,260,275
293,260,271
294,260,266
295,259,262
0,204
257,303,303
258,299,310
259,295,313
260,295,316
261,295,318
262,295,320
263,294,322
264,294,324
265,294,325
266,294,327
267,293,328
268,293,330
269,293,331
270,293,332
271,293,333
272,292,335
273,292,336
274,292,337
275,292,338
276,291,339
277,291,340
278,291,341
279,291,341
280,291,342
280,291,294
280,294,342
281,290,290
281,297,342
281,297,342
282,297,342
283,298,343
284,298,343
285,298,342
286,299,342
287,299,341
288,299,341
289,299,340
290,298,339
291,298,337
292,298,336
293,298,335
294,298,334
295,298,333
296,298,332
297,298,331
298,297,330
299,297,330
300,297,329
301,297,329
302,296,328
303,296,327
304,296,327
305,296,326
306,296,326
307,295,325
308,295,325
309,295,325
310,294,324
311,294,324
312,294,323
313,293,323
314,293,323
315,293,322
316,293,322
317,292,322
318,292,321
319,292,321
320,291,320
321,291,320
322,291,320
323,290,319
324,290,319
325,289,318
326,289,318
327,289,318
328,288,317
329,288,317
330,288,316
331,287,316
332,287,315
333,286,315
334,286,314
335,286,314
336,285,314
337,285,313
338,284,313
339,284,312
340,284,312
341,283,311
342,283,311
343,282,310
344,282,310
345,281,309
346,281,309
347,280,308
348,280,308
349,279,307
350,279,306
351,278,306
352,277,306
353,277,305
354,276,304
355,276,304
356,275,303
357,274,303
358,274,302
359,273,302
360,272,301
361,272,300
362,271,300
363,270,299
364,270,298
365,269,298
366,268,297
367,267,297
368,267,296
369,266,295
370,265,295
371,264,294
372,263,293
373,263,293
374,262,292
375,261,291
376,260,290
377,259,290
378,258,289
379,257,288
380,256,287
381,255,287
382,254,286
383,253,285
384,252,284
385,251,284
386,250,283
387,249,282
388,248,281
389,247,280
390,245,279
391,244,279
392,243,278
393,242,277
394,241,276
395,239,275
396,238,274
397,237,273
398,236,272
399,234,271
400,233,270
401,231,269
402,230,268
403,228,267
404,227,266
405,225,265
406,223,264
407,222,262
408,220,261
409,218,260
410,216,259
411,214,258
412,213,256
413,210,255
414,208,254
415,206,253
416,204,251
417,202,250
418,199,248
419,197,247
420,194,245
421,192,244
422,189,242
423,187,241
424,184,239
425,181,237
426,178,236
427,176,234
428,172,232
429,170,230
430,167,228
431,163,226
432,160,224
433,157,222
434,153,220
435,150,217
436,146,215
437,143,212
438,139,209
439,135,206
440,131,203
441,127,200
442,123,196
443,119,193
444,115,189
445,111,185
446,107,180
447,103,176
448,99,171
449,98,166
450,98,160
451,98,154
452,99,148
453,100,140
454,103,133
455,108,123
456,116,116
0,0
1,271
182,308,309
183,307,310
184,306,311
185,306,312
186,306,313
187,306,314
188,306,314
189,305,315
190,305,316
191,305,316
192,305,317
193,305,318
194,305,318
195,305,319
196,305,320
197,305,320
198,305,321
199,305,322
200,306,322
201,306,323
202,306,324
203,306,325
204,307,325
205,307,326
206,307,327
207,308,328
208,308,329
209,309,329
210,310,330
211,310,331
212,311,332
213,312,333
214,312,334
215,313,334
216,314,336
217,315,336
218,315,337
219,316,338
220,317,339
221,318,340
222,319,341
223,320,342
224,321,343
225,322,344
226,323,345
227,324,346
228,325,347
229,326,348
230,327,349
231,328,350
232,329,351
233,330,352
234,331,353
235,332,354
236,333,355
237,334,356
238,335,357
239,336,358
240,337,359
241,338,360
242,339,361
243,340,362
244,341,363
245,342,364
246,343,365
247,344,366
248,345,367
249,346,369
250,347,370
251,347,371
252,348,372
253,349,373
254,350,374
255,351,375
256,352,376
257,353,377
258,354,378
259,355,379
260,356,380
261,357,382
262,358,383
263,359,384
264,359,385
265,360,386
266,361,387
267,362,388
268,363,389
269,364,390
270,365,392
271,366,392
272,367,394
273,367,395
274,368,396
275,369,397
276,370,398
277,371,399
278,372,400
279,372,401
280,373,402
281,374,403
282,375,404
283,376,405
284,377,406
285,377,407
286,378,408
287,379,409
288,380,410
289,381,411
290,381,412
291,382,413
292,383,415
293,384,416
294,385,417
295,385,418
296,386,418
297,387,419
298,388,420
299,388,421
300,389,422
301,390,423
302,390,424
303,391,425
304,392,426
305,392,427
306,393,428
307,394,429
308,395,430
309,395,431
310,396,432
311,396,433
312,397,434
313,398,434
314,398,435
315,399,436
316,400,437
317,400,438
318,401,439
319,401,440
320,402,441
321,403,442
322,403,443
323,404,443
324,404,444
325,405,445
326,406,446
327,406,447
328,407,448
329,407,449
330,408,450
331,408,450
332,409,451
333,409,452
334,410,453
335,410,454
336,411,455
337,411,455
338,412,456
339,412,457
340,413,457
341,413,458
342,414,458
343,414,458
344,415,459
345,415,459
346,416,459
347,416,460
348,417,460
349,417,460
350,418,461
351,418,461
352,418,461
353,419,461
354,419,461
355,420,461
356,420,461
357,420,462
358,421,462
359,421,462
360,422,462
361,422,462
362,422,462
363,423,462
364,423,462
365,424,462
366,424,462
367,424,462
368,424,462
369,425,462
370,425,462
371,425,462
372,425,462
373,426,463
374,426,462
375,426,462
376,426,462
377,427,462
378,427,462
379,427,462
380,428,462
381,428,462
382,428,462
383,428,462
384,429,462
385,429,462
386,429,462
387,429,462
388,430,461
389,430,461
390,430,461
391,430,461
392,431,461
393,431,461
394,431,461
395,431,461
396,432,461
397,432,461
398,432,461
399,433,461
400,433,461
401,433,461
402,433,461
403,434,461
404,434,460
405,434,460
406,434,460
407,435,460
408,435,460
409,435,460
410,435,460
411,436,460
412,436,460
413,436,459
414,436,459
415,437,459
416,437,459
417,437,459
418,437,459
419,438,459
420,438,458
421,438,458
422,439,458
423,439,458
424,439,458
425,439,458
426,440,458
427,440,457
428,440,457
429,440,457
430,441,457
431,441,457
432,441,456
433,441,456
434,442,456
435,442,456
436,442,456
437,443,455
438,443,455
439,443,455
440,443,455
441,444,454
442,444,454
443,444,454
444,445,454
445,445,453
446,445,453
447,446,453
448,446,452
449,446,452
450,447,451
451,448,451
452,448,450
0,0
